0 0.648438 0.746528 0.045313 0.072500
0 0.894531 0.477431 0.018125 0.052361
0 0.932617 0.515625 0.020391 0.036250
0 0.687500 0.631944 0.027187 0.056389
0 0.890625 0.881944 0.036250 0.088611
0 0.876953 0.670139 0.022656 0.064444
0 0.701172 0.730903 0.036250 0.068472
0 0.514648 0.677083 0.052109 0.128889
0 0.645508 0.914931 0.047578 0.092639
0 0.991211 0.435764 0.015859 0.036250
0 0.875977 0.559028 0.020391 0.040278
0 0.814453 0.633681 0.022656 0.052361
0 0.930664 0.456597 0.015859 0.036250
0 0.903320 0.538194 0.020391 0.048333
0 0.967773 0.489583 0.024922 0.056389
0 0.868164 0.782986 0.029453 0.076528
0 0.790039 0.803819 0.033984 0.084583
0 0.786133 0.972014 0.043047 0.055972
0 0.763672 0.508681 0.022656 0.036250
0 0.850586 0.631738 0.020391 0.047855
0 0.846495 0.659853 0.010901 0.015807
0 0.836914 0.589971 0.024922 0.031511
0 0.835205 0.615885 0.011895 0.021146
0 0.873047 0.420139 0.013594 0.040278
0 0.985313 0.555556 0.029375 0.048333
0 0.889648 0.593750 0.020391 0.032222
