0 0.836914 0.262153 0.024922 0.028194
0 0.561523 0.420139 0.029453 0.072500
0 0.970703 0.279514 0.036250 0.036250
0 0.807617 0.250000 0.020391 0.032222
0 0.236328 0.404514 0.040781 0.068472
0 0.006328 0.498264 0.012656 0.044306
0 0.149414 0.394097 0.029453 0.084583
0 0.015625 0.319444 0.022656 0.056389
0 0.905273 0.399306 0.056641 0.120833
0 0.229492 0.538194 0.070234 0.088611
0 0.085938 0.553819 0.086094 0.092639
0 0.853516 0.380208 0.063438 0.084583
0 0.692383 0.355903 0.043047 0.044306
0 0.093750 0.399306 0.027188 0.072500
0 0.902344 0.421875 0.049844 0.068472
0 0.185547 0.373264 0.045312 0.068472
0 0.325195 0.510417 0.052109 0.104722
0 0.065430 0.467014 0.065703 0.068472
0 0.048828 0.296875 0.027188 0.036250
0 0.652344 0.366319 0.049844 0.052361
0 0.961914 0.355903 0.056641 0.068472
0 0.588867 0.446181 0.052109 0.084583
0 0.404297 0.418403 0.040781 0.076528
0 0.343750 0.505208 0.099688 0.124861
0 0.109375 0.656250 0.049844 0.104722
0 0.165039 0.675347 0.079297 0.124861
