0 0.611328 0.454861 0.058906 0.056389
0 0.186523 0.380208 0.043047 0.052361
0 0.080078 0.421875 0.027188 0.068472
0 0.989258 0.364583 0.020391 0.080556
0 0.230469 0.486111 0.072500 0.072500
0 0.294922 0.444444 0.063438 0.056389
0 0.812500 0.342014 0.049844 0.044306
0 0.005273 0.484375 0.010547 0.068472
0 0.517578 0.310764 0.027187 0.036250
0 0.368164 0.473958 0.056641 0.060417
0 0.155273 0.482639 0.056641 0.064444
0 0.599609 0.296875 0.013594 0.036250
0 0.897461 0.277778 0.029453 0.032222
0 0.199219 0.465278 0.040781 0.064444
