0 0.892578 0.272569 0.027187 0.044306
0 0.722656 0.234375 0.027187 0.036250
0 0.589844 0.305556 0.022656 0.048333
0 0.801758 0.388889 0.047578 0.040278
0 0.048828 0.404514 0.027188 0.068472
0 0.049570 0.812500 0.099141 0.185278
0 0.161133 0.592014 0.101953 0.140972
0 0.268555 0.489583 0.029453 0.056389
0 0.236328 0.493056 0.031719 0.072500
0 0.121094 0.381944 0.022656 0.056389
0 0.125977 0.550347 0.079297 0.084583
0 0.900391 0.413194 0.058906 0.056389
0 0.147461 0.375000 0.020391 0.064444
0 0.018555 0.418403 0.029453 0.068472
0 0.586914 0.425347 0.056641 0.052361
0 0.526367 0.458333 0.052109 0.056389
0 0.565430 0.305556 0.020391 0.048333
0 0.861328 0.265625 0.027187 0.036250
0 0.183594 0.381944 0.049844 0.048333
