0 0.465820 0.626736 0.043047 0.068472
0 0.117188 0.295139 0.027187 0.032222
0 0.402344 0.699653 0.049844 0.100694
0 0.845703 0.957014 0.049844 0.085972
0 0.455078 0.964514 0.040781 0.070972
0 0.411133 0.951389 0.029453 0.097222
0 0.039062 0.370169 0.018125 0.037126
0 0.279297 0.381944 0.013594 0.048333
0 0.129883 0.522569 0.029453 0.092639
0 0.271484 0.236111 0.009062 0.032222
0 0.437500 0.586806 0.027188 0.096667
0 0.864258 0.788194 0.065703 0.153056
0 0.809570 0.760417 0.052109 0.112778
0 0.070312 0.743056 0.036250 0.120833
0 0.240234 0.451389 0.022656 0.048333
0 0.065430 0.295139 0.020391 0.040278
0 0.237305 0.546875 0.029453 0.076528
0 0.328125 0.282986 0.009062 0.036250
0 0.689453 0.975694 0.040781 0.048333
0 0.318359 0.296875 0.013594 0.036250
0 0.750000 0.508681 0.031719 0.092639
0 0.176758 0.579861 0.024922 0.088611
0 0.299805 0.338542 0.015859 0.044306
0 0.943359 0.945764 0.058906 0.108472
0 0.251953 0.244792 0.009062 0.036250
0 0.108398 0.368056 0.020391 0.056389
0 0.094727 0.383681 0.020391 0.060417
0 0.554688 0.612847 0.040781 0.084583
0 0.309570 0.277778 0.011328 0.040278
0 0.721680 0.734375 0.006797 0.036250
0 0.729492 0.786458 0.156328 0.229583
0 0.323184 0.331597 0.646367 0.663194
0 0.611328 0.668403 0.072500 0.140972
0 0.223633 0.260417 0.011328 0.040278
0 0.027344 0.295139 0.022656 0.040278
0 0.514648 0.598958 0.047578 0.052361
0 0.500977 0.923264 0.052109 0.153472
0 0.474609 0.279514 0.013594 0.036250
0 0.707031 0.560764 0.022656 0.108750
0 0.183594 0.381944 0.049844 0.056389
0 0.153320 0.793403 0.033984 0.140972
