0 0.281250 0.324653 0.013594 0.044306
0 0.021484 0.295139 0.018125 0.040278
0 0.374023 0.262153 0.011328 0.028194
0 0.500000 0.302083 0.013594 0.048333
0 0.161133 0.357639 0.029453 0.072500
0 0.308594 0.305556 0.009062 0.048333
0 0.790039 0.446181 0.047578 0.060417
0 0.256836 0.234375 0.015859 0.036250
0 0.756836 0.444444 0.029453 0.056389
0 0.318359 0.265625 0.013594 0.036250
0 0.130859 0.437500 0.058906 0.064444
0 0.230469 0.258681 0.013594 0.036250
0 0.344727 0.390625 0.043047 0.068472
0 0.295898 0.275174 0.006797 0.018125
0 0.295288 0.292752 0.005381 0.013594
0 0.294922 0.401042 0.049844 0.052361
0 0.368164 0.302083 0.011328 0.048333
0 0.183594 0.378472 0.049844 0.048333
0 0.130859 0.411458 0.058906 0.060417
0 0.719727 0.477431 0.020391 0.060417
0 0.385742 0.319444 0.015859 0.056389
0 0.358398 0.508681 0.033984 0.052361
0 0.464844 0.230903 0.009062 0.028194
0 0.289062 0.951389 0.077031 0.097222
