0 0.830078 0.282986 0.040781 0.052361
0 0.460938 0.538194 0.058906 0.080556
0 0.699219 0.413194 0.054375 0.056389
0 0.553711 0.399306 0.043047 0.056389
0 0.018555 0.420139 0.029453 0.072500
0 0.057617 0.293403 0.024922 0.036250
0 0.849609 0.411458 0.058906 0.052361
0 0.500977 0.470486 0.047578 0.068472
0 0.895508 0.352431 0.047578 0.052361
0 0.274414 0.545139 0.070234 0.080556
0 0.088867 0.565972 0.092891 0.088611
0 0.133789 0.399306 0.020391 0.072500
0 0.063477 0.730903 0.115547 0.140972
0 0.874023 0.262153 0.029453 0.036250
0 0.674805 0.364583 0.043047 0.056389
0 0.932617 0.324653 0.038516 0.068472
0 0.580078 0.420139 0.040781 0.048333
0 0.592773 0.496528 0.056641 0.080556
0 0.656250 0.449653 0.040781 0.068472
0 0.521484 0.303819 0.022656 0.052361
0 0.730469 0.352431 0.027187 0.052361
0 0.162109 0.388889 0.027187 0.064444
