0 0.249023 0.597222 0.029453 0.048333
0 0.567383 0.291667 0.011328 0.032222
0 0.355469 0.675347 0.027188 0.084583
0 0.394531 0.342014 0.013594 0.060417
0 0.816406 0.260417 0.022656 0.032222
0 0.389648 0.430556 0.020391 0.056389
0 0.745117 0.329861 0.038516 0.040278
0 0.289062 0.586806 0.018125 0.120833
0 0.274414 0.296875 0.011328 0.036250
0 0.361328 0.973889 0.072500 0.052222
0 0.041016 0.335069 0.036250 0.044306
0 0.339844 0.250000 0.009062 0.040278
0 0.228516 0.501736 0.013594 0.092639
0 0.358398 0.571181 0.020391 0.060417
0 0.427734 0.442708 0.022656 0.052361
0 0.348633 0.256944 0.011328 0.024167
0 0.412109 0.413194 0.013594 0.056389
0 0.163086 0.288194 0.020391 0.056389
0 0.045898 0.899306 0.047578 0.161111
0 0.277344 0.850694 0.036250 0.128889
0 0.118164 0.810764 0.043047 0.100694
0 0.376953 0.291667 0.009062 0.040278
0 0.105469 0.300347 0.027188 0.036250
0 0.183594 0.378472 0.049844 0.048333
0 0.250000 0.696181 0.027188 0.132917
0 0.385742 0.390625 0.015859 0.044306
0 0.479492 0.260417 0.011328 0.032222
0 0.262695 0.428819 0.015859 0.052361
0 0.113281 0.966389 0.058906 0.067222
0 0.433594 0.510417 0.022656 0.088611
0 0.383789 0.493056 0.020391 0.096667
0 0.636719 0.548611 0.027187 0.104722
0 0.411133 0.553819 0.024922 0.052361
0 0.367188 0.454861 0.018125 0.056389
0 0.359375 0.810764 0.036250 0.108750
0 0.080078 0.302083 0.027188 0.048333
0 0.435547 0.307292 0.013594 0.036250
0 0.424805 0.730903 0.029453 0.100694
0 0.392578 0.309028 0.013594 0.040278
0 0.474609 0.500000 0.031719 0.032222
0 0.445312 0.234375 0.009062 0.036250
0 0.176758 0.774306 0.033984 0.128889
0 0.283203 0.484375 0.018125 0.076528
0 0.359375 0.220486 0.009062 0.020139
0 0.239258 0.966389 0.047578 0.067222
