0 0.708008 0.421875 0.047578 0.068472
0 0.827148 0.364583 0.052109 0.048333
0 0.057617 0.319444 0.020391 0.048333
0 0.131836 0.317708 0.015859 0.020139
0 0.374023 0.411458 0.043047 0.060417
0 0.450195 0.368056 0.043047 0.048333
0 0.145508 0.286458 0.020391 0.052361
0 0.039062 0.352431 0.036250 0.052361
0 0.284180 0.432292 0.052109 0.052361
0 0.101562 0.305556 0.022656 0.048333
0 0.014648 0.293403 0.020391 0.044306
0 0.848633 0.270833 0.024922 0.024167
0 0.848633 0.263889 0.024922 0.040278
0 0.770508 0.413194 0.061172 0.056389
0 0.626953 0.435764 0.049844 0.060417
0 0.401367 0.381944 0.033984 0.048333
0 0.392578 0.468750 0.058906 0.080556
0 0.801758 0.269097 0.020391 0.036250
0 0.490234 0.453125 0.063438 0.068472
0 0.771484 0.250000 0.022656 0.032222
0 0.754883 0.381944 0.043047 0.088611
