0 0.931641 0.277778 0.022656 0.040278
0 0.778320 0.348958 0.043047 0.052361
0 0.873047 0.265625 0.027187 0.036250
0 0.034180 0.430556 0.033984 0.056389
0 0.296875 0.428819 0.040781 0.044306
0 0.271484 0.451389 0.018125 0.024167
0 0.537109 0.307292 0.013594 0.036250
0 0.006328 0.435764 0.012656 0.068472
0 0.967773 0.317708 0.043047 0.044306
0 0.460938 0.402778 0.045312 0.064444
0 0.470703 0.565972 0.049844 0.120833
0 0.118164 0.498264 0.070234 0.068472
0 0.145508 0.383681 0.020391 0.060417
0 0.855469 0.263889 0.027187 0.032222
0 0.624023 0.371528 0.029453 0.064444
0 0.991211 0.279514 0.015859 0.036250
0 0.551758 0.300347 0.020391 0.036250
0 0.792969 0.248264 0.027187 0.036250
0 0.183594 0.380208 0.049844 0.052361
0 0.908203 0.293403 0.031719 0.036250
