0 0.086914 0.406250 0.024922 0.072500
0 0.368164 0.538194 0.056641 0.088611
0 0.595703 0.409722 0.036250 0.048333
0 0.765625 0.397569 0.018125 0.020139
0 0.734375 0.394097 0.036250 0.052361
0 0.766602 0.432292 0.056641 0.068472
0 0.065430 0.413194 0.020391 0.064444
0 0.724609 0.475694 0.027187 0.088611
0 0.477539 0.546875 0.052109 0.076528
0 0.108398 0.402778 0.020391 0.064444
0 0.621094 0.921875 0.009062 0.044306
0 0.659180 0.940278 0.047578 0.119444
0 0.009492 0.425347 0.018984 0.060417
0 0.242188 0.583333 0.072500 0.080556
0 0.030273 0.427083 0.029453 0.048333
0 0.025313 0.802083 0.050625 0.096667
0 0.629883 0.428819 0.047578 0.052361
0 0.644531 0.500000 0.036250 0.072500
0 0.671875 0.541667 0.022656 0.080556
0 0.569336 0.461806 0.052109 0.072500
0 0.365234 0.475694 0.063438 0.064444
0 0.680664 0.397569 0.043047 0.052361
0 0.663086 0.387153 0.020391 0.028194
0 0.639648 0.390625 0.033984 0.036250
0 0.240234 0.463542 0.063438 0.068472
0 0.214844 0.717014 0.095156 0.140972
