0 0.271484 0.987847 0.036250 0.020139
0 0.232422 0.973889 0.022656 0.052222
0 0.286133 0.954861 0.011328 0.016111
0 0.684570 0.524306 0.038516 0.072500
0 0.442383 0.878472 0.083828 0.169167
0 0.493164 0.513889 0.015859 0.048333
0 0.389648 0.413194 0.020391 0.056389
0 0.123047 0.303819 0.027187 0.044306
0 0.737305 0.803819 0.083828 0.165139
0 0.876953 0.951389 0.063438 0.097222
0 0.827148 0.921875 0.047578 0.140972
0 0.684570 0.597222 0.038516 0.120833
0 0.249023 0.486111 0.015859 0.072500
0 0.440430 0.972014 0.038516 0.055972
0 0.397461 0.958889 0.038516 0.082222
0 0.658203 0.546875 0.036250 0.108750
0 0.146484 0.546875 0.022656 0.076528
0 0.338867 0.642361 0.033984 0.112778
0 0.087891 0.385417 0.027188 0.056389
0 0.402344 0.663194 0.036250 0.120833
0 0.104492 0.317708 0.011328 0.012083
0 0.108398 0.344444 0.020391 0.030611
0 0.078125 0.550347 0.022656 0.084583
0 0.335938 0.496528 0.027188 0.080556
0 0.027344 0.340278 0.018125 0.064444
0 0.320312 0.741319 0.049844 0.124861
0 0.474609 0.796875 0.045312 0.181250
0 0.802734 0.784722 0.095156 0.169167
0 0.134766 0.642361 0.022656 0.104722
0 0.227539 0.468750 0.020391 0.072500
0 0.309570 0.437500 0.020391 0.072500
0 0.050781 0.402778 0.022656 0.064444
0 0.139648 0.343750 0.020391 0.072500
0 0.304688 0.574653 0.027188 0.100694
0 0.264648 0.621528 0.033984 0.112778
0 0.794922 0.958889 0.049844 0.082222
0 0.737305 0.938403 0.056641 0.123194
0 0.750977 0.654514 0.065703 0.108750
0 0.683594 0.720486 0.036250 0.140972
0 0.142578 0.458333 0.018125 0.080556
0 0.602539 0.640625 0.052109 0.108750
0 0.288086 0.475694 0.020391 0.056389
0 0.183594 0.380208 0.049844 0.052361
0 0.093750 0.470486 0.027188 0.068472
0 0.033203 0.483472 0.058906 0.966944
0 0.087891 0.940139 0.049844 0.119722
0 0.054688 0.303819 0.027188 0.052361
0 0.966328 0.934514 0.067344 0.130972
0 0.543945 0.605903 0.043047 0.108750
0 0.490234 0.685764 0.049844 0.100694
0 0.791992 0.602431 0.056641 0.084583
0 0.542969 0.777778 0.086094 0.136944
0 0.657227 0.923403 0.101953 0.153194
0 0.636719 0.800347 0.027187 0.108750
0 0.680664 0.829861 0.043047 0.185278
0 0.627930 0.732639 0.006797 0.024167
0 0.371094 0.588542 0.022656 0.092639
0 0.228516 0.326389 0.013594 0.040278
0 0.061523 0.335069 0.015859 0.052361
0 0.578125 0.925278 0.108750 0.149444
0 0.272461 0.527778 0.020391 0.080556
0 0.246094 0.873264 0.054375 0.140972
