0 0.474609 0.597222 0.027188 0.096667
0 0.100586 0.482639 0.020391 0.072500
0 0.018984 0.467014 0.037969 0.084583
0 0.945312 0.272569 0.049844 0.044306
0 0.160156 0.359375 0.013594 0.068472
0 0.898438 0.930903 0.058906 0.138194
0 0.844727 0.888889 0.033984 0.136944
0 0.879883 0.734375 0.011328 0.036250
0 0.823242 0.723958 0.056641 0.092639
0 0.314453 0.668403 0.036250 0.116806
0 0.251953 0.458333 0.022656 0.056389
0 0.333984 0.957014 0.081562 0.085972
0 0.274414 0.604167 0.029453 0.088611
0 0.362305 0.725694 0.043047 0.096667
0 0.407227 0.744792 0.033984 0.108750
0 0.146484 0.371528 0.022656 0.064444
0 0.068359 0.741319 0.040781 0.124861
0 0.246094 0.564236 0.022656 0.076528
0 0.214844 0.418403 0.022656 0.044306
0 0.340820 0.597222 0.033984 0.072500
0 0.125977 0.364583 0.020391 0.056389
0 0.946289 0.819444 0.079297 0.153056
0 0.290039 0.788194 0.006797 0.016111
0 0.317383 0.781250 0.043047 0.104722
0 0.510742 0.732639 0.056641 0.104722
0 0.883789 0.812500 0.033984 0.072500
0 0.835938 0.793403 0.040781 0.100694
0 0.261719 0.668403 0.027188 0.100694
0 0.433594 0.850694 0.063438 0.128889
0 0.197266 0.487847 0.022656 0.084583
0 0.295898 0.522569 0.020391 0.092639
0 0.989258 0.281250 0.020391 0.040278
0 0.190430 0.640625 0.033984 0.108750
0 0.713867 0.965278 0.020391 0.064444
0 0.758789 0.949514 0.065703 0.100972
0 0.399414 0.597222 0.024922 0.072500
0 0.037109 0.519097 0.027188 0.084583
0 0.135742 0.493056 0.015859 0.056389
0 0.721680 0.684028 0.047578 0.112778
0 0.694336 0.656250 0.015859 0.072500
0 0.146484 0.567708 0.022656 0.092639
0 0.171875 0.949514 0.063437 0.100972
0 0.388672 0.508681 0.022656 0.052361
0 0.645508 0.833333 0.052109 0.136944
0 0.602539 0.779514 0.052109 0.100694
0 0.376953 0.897569 0.063438 0.165139
0 0.453125 0.718750 0.036250 0.112778
0 0.557617 0.918403 0.006797 0.028194
0 0.591797 0.942153 0.040781 0.115694
0 0.432617 0.543403 0.033984 0.068472
0 0.647461 0.708333 0.020391 0.048333
0 0.677734 0.732639 0.049844 0.145000
0 0.161133 0.765625 0.029453 0.108750
0 0.224609 0.842014 0.013594 0.036250
0 0.251953 0.871528 0.036250 0.153056
0 0.937500 0.756944 0.027187 0.088611
0 0.771484 0.741319 0.036250 0.092639
0 0.725586 0.734375 0.029453 0.076528
