0 0.287109 0.574653 0.040781 0.076528
0 0.083008 0.319444 0.033984 0.056389
0 0.598633 0.437500 0.043047 0.064444
0 0.224609 0.407986 0.054375 0.076528
0 0.346680 0.491319 0.065703 0.084583
0 0.140625 0.295139 0.022656 0.032222
0 0.024414 0.600694 0.043047 0.056389
0 0.028320 0.302083 0.020391 0.048333
0 0.901367 0.420139 0.065703 0.072500
0 0.261719 0.522569 0.013594 0.052361
0 0.223633 0.538194 0.029453 0.088611
0 0.174805 0.487847 0.029453 0.060417
0 0.142578 0.486111 0.031719 0.080556
0 0.499023 0.427083 0.043047 0.080556
0 0.077148 0.529514 0.092891 0.076528
0 0.694336 0.409722 0.052109 0.056389
0 0.012656 0.461806 0.025313 0.056389
0 0.535156 0.425347 0.036250 0.084583
0 0.068359 0.402778 0.027188 0.072500
0 0.439453 0.453125 0.054375 0.068472
0 0.346680 0.598958 0.065703 0.092639
0 0.114258 0.711806 0.111016 0.128889
0 0.649414 0.395833 0.043047 0.056389
