0 0.845703 0.239583 0.022656 0.024167
0 0.355469 0.258681 0.013594 0.036250
0 0.211914 0.435764 0.056641 0.068472
0 0.022148 0.463542 0.044297 0.052361
0 0.058594 0.302083 0.022656 0.048333
0 0.940430 0.364583 0.065703 0.048333
0 0.293945 0.388889 0.024922 0.064444
0 0.069336 0.463542 0.065703 0.076528
0 0.244141 0.236111 0.013594 0.032222
0 0.152344 0.421875 0.067969 0.076528
0 0.236328 0.406250 0.027187 0.080556
0 0.867188 0.255208 0.027187 0.044306
0 0.298828 0.265625 0.013594 0.036250
0 0.141602 0.284722 0.015859 0.048333
0 0.989258 0.251736 0.020391 0.036250
0 0.887695 0.402778 0.056641 0.040278
0 0.758789 0.236111 0.020391 0.032222
0 0.199219 0.500000 0.072500 0.104722
