0 0.361328 0.317708 0.013594 0.044306
0 0.065430 0.381944 0.033984 0.056389
0 0.264648 0.333333 0.020391 0.048333
0 0.246094 0.407986 0.063438 0.068472
0 0.146484 0.395833 0.022656 0.048333
0 0.774414 0.388889 0.056641 0.064444
0 0.006328 0.505208 0.012656 0.084583
0 0.079102 0.446181 0.070234 0.060417
0 0.324219 0.315972 0.013594 0.048333
0 0.162109 0.375000 0.027187 0.040278
0 0.304688 0.319444 0.013594 0.056389
0 0.280273 0.326389 0.015859 0.040278
0 0.109375 0.380208 0.036250 0.060417
0 0.992188 0.248264 0.013594 0.036250
0 0.458008 0.512153 0.061172 0.076528
0 0.339844 0.315972 0.018125 0.048333
0 0.226562 0.248264 0.018125 0.036250
0 0.342773 0.531250 0.056641 0.080556
0 0.092773 0.258681 0.029453 0.052361
0 0.343750 0.236111 0.013594 0.032222
0 0.122070 0.467014 0.065703 0.068472
0 0.386719 0.303819 0.013594 0.028194
0 0.839844 0.253472 0.036250 0.048333
0 0.177734 0.500000 0.067969 0.072500
0 0.109531 0.247222 0.219062 0.494444
