0 0.097656 0.399306 0.036250 0.072500
0 0.610352 0.204861 0.015859 0.032222
0 0.052734 0.328125 0.022656 0.044306
0 0.183594 0.430556 0.049844 0.056389
0 0.058594 0.407986 0.022656 0.076528
0 0.242188 0.475694 0.027188 0.048333
0 0.214844 0.470486 0.036250 0.068472
0 0.345703 0.460069 0.036250 0.084583
0 0.315430 0.460069 0.033984 0.092639
0 0.403320 0.395833 0.043047 0.048333
0 0.045898 0.500000 0.079297 0.072500
0 0.186523 0.378472 0.043047 0.048333
0 0.983203 0.397569 0.033594 0.092639
0 0.142578 0.494792 0.072500 0.068472
0 0.408203 0.467014 0.049844 0.060417
0 0.371094 0.515625 0.063438 0.068472
0 0.474609 0.593750 0.045312 0.104722
0 0.013711 0.569444 0.027422 0.056389
0 0.055664 0.560764 0.056641 0.076528
0 0.233398 0.336806 0.020391 0.048333
0 0.128906 0.322917 0.013594 0.032222
0 0.264648 0.428819 0.052109 0.052361
0 0.108398 0.317708 0.020391 0.044306
0 0.118164 0.439236 0.061172 0.068472
0 0.926758 0.321181 0.033984 0.052361
0 0.005273 0.407986 0.010547 0.068472
0 0.081055 0.319444 0.015859 0.056389
0 0.128906 0.380208 0.027187 0.060417
0 0.024414 0.414931 0.024922 0.060417
0 0.024414 0.293403 0.015859 0.044306
0 0.985313 0.321181 0.029375 0.052361
0 0.865234 0.414931 0.049844 0.052361
0 0.468750 0.496528 0.058906 0.080556
0 0.133789 0.274306 0.020391 0.048333
0 0.332031 0.477431 0.063438 0.060417
0 0.495117 0.444444 0.033984 0.056389
0 0.942383 0.305556 0.029453 0.048333
