0 0.485605 0.150799 0.971211 0.301597
0 0.876953 0.272569 0.036250 0.020139
0 0.060547 0.288194 0.027188 0.024167
0 0.352539 0.286458 0.006797 0.028194
0 0.315430 0.236111 0.006797 0.032222
0 0.287109 0.253472 0.013594 0.024167
0 0.136719 0.378472 0.027187 0.048333
0 0.327148 0.404514 0.020391 0.068472
0 0.496094 0.371528 0.022656 0.072500
0 0.302734 0.239583 0.009062 0.024167
0 0.115234 0.296875 0.022656 0.036250
0 0.117188 0.588542 0.027187 0.108750
0 0.717773 0.840278 0.120078 0.145000
0 0.684570 0.782986 0.020391 0.020139
0 0.268555 0.267361 0.011328 0.032222
0 0.162109 0.616319 0.027187 0.060417
0 0.183594 0.380208 0.049844 0.052361
0 0.174805 0.460069 0.029453 0.084583
0 0.306641 0.300347 0.013594 0.036250
0 0.221680 0.421875 0.020391 0.068472
0 0.150391 0.958889 0.072500 0.082222
0 0.711914 0.321181 0.029453 0.052361
0 0.505859 0.569444 0.040781 0.136944
0 0.295898 0.276042 0.006797 0.036250
0 0.342773 0.300347 0.011328 0.036250
0 0.389648 0.565972 0.024922 0.096667
0 0.343750 0.505208 0.027188 0.060417
0 0.746094 0.473958 0.022656 0.052361
0 0.162109 0.753472 0.031719 0.120833
