0 0.887695 0.392361 0.065703 0.104722
0 0.086914 0.387153 0.029453 0.076528
0 0.087891 0.303819 0.018125 0.052361
0 0.012656 0.421875 0.025313 0.068472
0 0.757812 0.982639 0.049844 0.032222
0 0.706055 0.951389 0.029453 0.097222
0 0.016602 0.305556 0.015859 0.048333
0 0.887695 0.406250 0.065703 0.072500
0 0.814453 0.260417 0.022656 0.032222
0 0.437500 0.324653 0.027188 0.044306
0 0.012656 0.699653 0.025313 0.100694
0 0.062500 0.682292 0.058906 0.092639
0 0.151367 0.519097 0.079297 0.084583
0 0.186523 0.378472 0.043047 0.048333
0 0.111328 0.387153 0.027188 0.068472
0 0.740234 0.406250 0.049844 0.072500
0 0.067383 0.395833 0.029453 0.080556
0 0.639648 0.418403 0.061172 0.068472
0 0.986328 0.333333 0.027187 0.056389
0 0.040039 0.305556 0.020391 0.048333
0 0.796875 0.418403 0.049844 0.076528
