0 0.107422 0.352431 0.022656 0.060417
0 0.227539 0.762153 0.052109 0.140972
0 0.274414 0.732639 0.029453 0.096667
0 0.616211 0.486111 0.052109 0.088611
0 0.397461 0.315972 0.020391 0.048333
0 0.018984 0.342014 0.037969 0.060417
0 0.084961 0.388889 0.020391 0.072500
0 0.006328 0.458333 0.012656 0.088611
0 0.142578 0.269097 0.027187 0.052361
0 0.050781 0.310764 0.027188 0.044306
0 0.043945 0.439236 0.070234 0.076528
0 0.092773 0.253472 0.029453 0.048333
0 0.083008 0.312500 0.024922 0.040278
0 0.302734 0.329861 0.022656 0.056389
0 0.417969 0.315972 0.013594 0.048333
0 0.523438 0.355903 0.040781 0.068472
0 0.379883 0.315972 0.015859 0.048333
0 0.276367 0.442708 0.020391 0.052361
0 0.537109 0.303819 0.013594 0.052361
