0 0.044922 0.324653 0.036250 0.044306
0 0.315430 0.435764 0.020391 0.068472
0 0.009492 0.411458 0.018984 0.060417
0 0.117188 0.418403 0.072500 0.068472
0 0.656250 0.755208 0.040781 0.124861
0 0.626953 0.722222 0.022656 0.096667
0 0.917969 0.434028 0.013594 0.032222
0 0.896484 0.427083 0.036250 0.048333
0 0.597656 0.673611 0.049844 0.112778
0 0.058594 0.595486 0.081563 0.108750
0 0.189453 0.553819 0.049844 0.092639
0 0.813477 0.430556 0.052109 0.088611
0 0.109375 0.501736 0.067969 0.092639
0 0.049805 0.432292 0.070234 0.052361
0 0.569336 0.592014 0.043047 0.076528
0 0.390625 0.446181 0.036250 0.060417
0 0.328125 0.484375 0.049844 0.108750
0 0.665039 0.456597 0.047578 0.052361
0 0.274414 0.473958 0.056641 0.060417
