0 0.482422 0.465278 0.049844 0.080556
0 0.706055 0.239583 0.015859 0.024167
0 0.589844 0.288194 0.022656 0.056389
0 0.463867 0.395833 0.033984 0.056389
0 0.086914 0.510417 0.056641 0.056389
0 0.490234 0.413194 0.049844 0.056389
0 0.795898 0.437500 0.052109 0.064444
0 0.562500 0.430556 0.045313 0.056389
0 0.029531 0.498264 0.059063 0.076528
0 0.908203 0.428819 0.063438 0.052361
0 0.572266 0.501736 0.049844 0.068472
0 0.534180 0.569444 0.052109 0.088611
0 0.043242 0.569444 0.086484 0.088611
0 0.392578 0.402778 0.040781 0.040278
0 0.132812 0.496528 0.067969 0.064444
0 0.745117 0.571181 0.024922 0.084583
0 0.808594 0.380208 0.049844 0.052361
0 0.408203 0.482639 0.049844 0.032222
0 0.114258 0.404514 0.033984 0.068472
0 0.605469 0.390625 0.058906 0.076528
0 0.869141 0.375000 0.058906 0.072500
0 0.643555 0.553819 0.029453 0.084583
0 0.536133 0.381944 0.043047 0.056389
0 0.717773 0.461806 0.043047 0.072500
0 0.767578 0.375000 0.045313 0.040278
