0 0.163086 0.293403 0.020391 0.068472
0 0.414062 0.286458 0.009062 0.028194
0 0.273438 0.250000 0.013594 0.040278
0 0.051758 0.329861 0.033984 0.040278
0 0.322266 0.506944 0.022656 0.088611
0 0.383065 0.710069 0.040197 0.116806
0 0.645508 0.881944 0.006797 0.008056
0 0.645508 0.905382 0.006797 0.034236
0 0.696289 0.917778 0.052109 0.164444
0 0.629883 0.850694 0.029453 0.056389
0 0.505859 0.654514 0.040781 0.060417
0 0.682617 0.805556 0.020391 0.024167
0 0.364316 0.424271 0.728633 0.848542
0 0.635742 0.803819 0.015859 0.084583
0 0.127930 0.637153 0.024922 0.100694
0 0.309570 0.456597 0.020391 0.052361
0 0.122070 0.288194 0.020391 0.048333
0 0.969492 0.920139 0.061016 0.112778
0 0.970703 0.848958 0.022656 0.020139
0 0.329102 0.699653 0.043047 0.140972
0 0.458008 0.684028 0.047578 0.112778
0 0.289062 0.536458 0.022656 0.084583
0 0.496094 0.945764 0.063438 0.108472
0 0.240234 0.263889 0.022656 0.040278
0 0.352539 0.303819 0.006797 0.044306
0 0.393555 0.314236 0.011328 0.052361
0 0.323242 0.468750 0.029453 0.072500
0 0.260742 0.357639 0.015859 0.040278
0 0.258789 0.553819 0.020391 0.092639
0 0.568359 0.694444 0.013594 0.048333
0 0.572266 0.663194 0.009062 0.008056
0 0.598633 0.684028 0.029453 0.104722
0 0.358398 0.267361 0.011328 0.032222
0 0.181641 0.380208 0.045312 0.052361
0 0.006328 0.796875 0.012656 0.108750
0 0.551758 0.836806 0.065703 0.120833
0 0.581055 0.934514 0.047578 0.130972
0 0.379883 0.388889 0.015859 0.048333
0 0.415039 0.406250 0.020391 0.040278
0 0.436523 0.776042 0.029453 0.108750
0 0.096680 0.262153 0.033984 0.036250
0 0.590820 0.798611 0.052109 0.161111
0 0.568359 0.204861 0.013594 0.032222
0 0.380859 0.328125 0.013594 0.036250
0 0.540039 0.626736 0.020391 0.108750
0 0.514648 0.894097 0.052109 0.157083
0 0.605469 0.215278 0.013594 0.032222
0 0.407227 0.199653 0.006797 0.028194
0 0.415039 0.842014 0.065703 0.181250
