0 0.795898 0.381944 0.065703 0.056389
0 0.185547 0.631944 0.027187 0.088611
0 0.607422 0.465278 0.022656 0.072500
0 0.305664 0.923264 0.043047 0.153472
0 0.040039 0.447917 0.020391 0.056389
0 0.370117 0.461806 0.020391 0.056389
0 0.415039 0.586806 0.020391 0.096667
0 0.242188 0.649306 0.027188 0.088611
0 0.161133 0.420139 0.015859 0.048333
0 0.523438 0.550347 0.027187 0.084583
0 0.026367 0.600694 0.033984 0.120833
0 0.089844 0.760417 0.045313 0.088611
0 0.276367 0.689236 0.033984 0.076528
0 0.175527 0.343924 0.351055 0.687847
0 0.347656 0.633681 0.027188 0.092639
0 0.016875 0.713542 0.033750 0.124861
0 0.095703 0.423611 0.022656 0.056389
0 0.960000 0.756944 0.080000 0.128889
0 0.218750 0.873264 0.058906 0.140972
0 0.464844 0.890625 0.036250 0.108750
0 0.487305 0.763889 0.043047 0.145000
0 0.439453 0.520833 0.022656 0.088611
0 0.125977 0.381944 0.020391 0.056389
0 0.088867 0.585069 0.033984 0.084583
0 0.152344 0.737847 0.036250 0.108750
0 0.636719 0.930556 0.027187 0.096667
0 0.682617 0.934514 0.052109 0.130972
0 0.631836 0.868056 0.015859 0.024167
0 0.301758 0.536458 0.020391 0.084583
0 0.146484 0.440972 0.022656 0.072500
0 0.342773 0.500000 0.029453 0.104722
0 0.338867 0.727431 0.038516 0.092639
0 0.121094 0.527778 0.022656 0.072500
0 0.046875 0.949514 0.077031 0.100972
0 0.451172 0.664931 0.036250 0.092639
0 0.577148 0.473958 0.020391 0.052361
0 0.863281 0.366319 0.036250 0.060417
0 0.662109 0.779570 0.040781 0.140842
0 0.573242 0.970486 0.043047 0.052361
0 0.533203 0.824653 0.022656 0.068472
0 0.574219 0.852431 0.045313 0.157083
0 0.364258 0.581597 0.033984 0.100694
0 0.231445 0.345486 0.015859 0.052361
0 0.392578 0.842014 0.054375 0.140972
0 0.474609 0.618056 0.027188 0.056389
0 0.548828 0.673611 0.027187 0.104722
0 0.099609 0.928819 0.040781 0.132917
0 0.711914 0.435764 0.024922 0.068472
0 0.132812 0.869792 0.054375 0.140972
