0 0.756836 0.315972 0.015859 0.048333
0 0.139648 0.277778 0.020391 0.040278
0 0.980469 0.248264 0.027187 0.036250
0 0.218750 0.439236 0.027187 0.068472
0 0.041016 0.402778 0.022656 0.072500
0 0.316406 0.381944 0.013594 0.056389
0 0.311523 0.239583 0.011328 0.024167
0 0.257812 0.371528 0.009062 0.032222
0 0.105469 0.277778 0.018125 0.040278
0 0.432617 0.842014 0.079297 0.140972
0 0.121094 0.611111 0.036250 0.112778
0 0.281250 0.326389 0.013594 0.032222
0 0.310547 0.305556 0.013594 0.048333
0 0.199219 0.352431 0.045312 0.052361
0 0.174805 0.524306 0.029453 0.088611
0 0.127930 0.404514 0.020391 0.076528
0 0.068359 0.454861 0.027188 0.072500
0 0.102539 0.904514 0.052109 0.181250
0 0.531250 0.623264 0.045313 0.068472
0 0.301758 0.269097 0.011328 0.036250
0 0.524414 0.921528 0.101953 0.156944
0 0.252930 0.232639 0.020391 0.040278
0 0.341797 0.779514 0.058906 0.108750
0 0.376953 0.489583 0.022656 0.056389
0 0.272461 0.402778 0.020391 0.064444
0 0.274414 0.217014 0.011328 0.036250
