0 0.277344 0.482639 0.063438 0.072500
0 0.384766 0.317708 0.009062 0.044306
0 0.344727 0.322917 0.020391 0.040278
0 0.309570 0.315972 0.020391 0.048333
0 0.020508 0.326389 0.024922 0.040278
0 0.042969 0.378472 0.040781 0.048333
0 0.792969 0.406250 0.054375 0.064444
0 0.404297 0.317708 0.013594 0.044306
0 0.009492 0.543403 0.018984 0.100694
0 0.048828 0.310764 0.027188 0.036250
0 0.180664 0.460069 0.070234 0.060417
0 0.527344 0.425347 0.054375 0.060417
0 0.855469 0.406250 0.027187 0.040278
0 0.083984 0.501736 0.077031 0.068472
0 0.145508 0.390625 0.020391 0.068472
0 0.924805 0.380208 0.029453 0.052361
0 0.118164 0.416667 0.015859 0.040278
0 0.633789 0.434028 0.052109 0.080556
0 0.286133 0.260417 0.011328 0.032222
0 0.091797 0.262153 0.027188 0.036250
0 0.449219 0.309028 0.013594 0.040278
0 0.688477 0.413194 0.052109 0.056389
0 0.595703 0.298611 0.009062 0.040278
0 0.267578 0.305556 0.013594 0.016111
0 0.264648 0.335069 0.020391 0.052361
