0 0.463867 0.446181 0.047578 0.060417
0 0.140625 0.388889 0.022656 0.064444
0 0.895508 0.333333 0.052109 0.048333
0 0.033594 0.590278 0.067187 0.064444
0 0.268555 0.555556 0.070234 0.072500
0 0.186523 0.515625 0.070234 0.076528
0 0.331055 0.435764 0.029453 0.044306
0 0.091797 0.532986 0.086094 0.076528
0 0.531250 0.395833 0.045313 0.048333
0 0.183594 0.381944 0.049844 0.048333
0 0.105469 0.413194 0.027188 0.048333
0 0.012656 0.857639 0.025313 0.112778
0 0.614258 0.484375 0.047578 0.068472
0 0.352539 0.456597 0.052109 0.060417
0 0.499023 0.513889 0.056641 0.072500
0 0.655273 0.366319 0.043047 0.052361
0 0.245117 0.675347 0.092891 0.124861
