0 0.379883 0.656250 0.029453 0.104722
0 0.468750 0.725694 0.027188 0.128889
0 0.359375 0.725694 0.036250 0.056389
0 0.605469 0.739583 0.027187 0.088611
0 0.161133 0.296875 0.015859 0.036250
0 0.024414 0.581597 0.029453 0.052361
0 0.270508 0.536458 0.020391 0.084583
0 0.185547 0.598958 0.027187 0.092639
0 0.839844 0.848958 0.108750 0.165139
0 0.344727 0.435764 0.020391 0.068472
0 0.026367 0.697917 0.038516 0.112778
0 0.192383 0.446181 0.029453 0.060417
0 0.300781 0.543403 0.022656 0.044306
0 0.146484 0.673611 0.022656 0.112778
0 0.233398 0.435764 0.020391 0.036250
0 0.429688 0.578125 0.027188 0.100694
0 0.180664 0.381944 0.043047 0.056389
0 0.321289 0.626736 0.020391 0.076528
0 0.989258 0.362847 0.020391 0.052361
0 0.339844 0.545139 0.022656 0.072500
0 0.198242 0.506944 0.029453 0.080556
0 0.318359 0.515625 0.027188 0.068472
0 0.802734 0.951389 0.063438 0.097222
0 0.135742 0.579861 0.029453 0.072500
0 0.018984 0.956597 0.037969 0.084583
0 0.145508 0.293403 0.020391 0.036250
0 0.567383 0.750000 0.043047 0.104722
0 0.388672 0.586806 0.022656 0.072500
0 0.412109 0.694444 0.027188 0.088611
0 0.618164 0.871528 0.097422 0.145000
0 0.672852 0.852431 0.065703 0.124861
0 0.230469 0.722222 0.027187 0.120833
0 0.234375 0.527778 0.022656 0.080556
0 0.279297 0.741319 0.027188 0.124861
0 0.711914 0.736111 0.043047 0.088611
