0 0.355469 0.743056 0.045312 0.128889
0 0.339844 0.255208 0.009062 0.028194
0 0.818359 0.743056 0.040781 0.120833
0 0.821289 0.256944 0.020391 0.024167
0 0.295898 0.201389 0.006797 0.032222
0 0.817383 0.746528 0.043047 0.112778
0 0.774414 0.692708 0.011328 0.020139
0 0.376953 0.281250 0.009062 0.032222
0 0.352539 0.230903 0.006797 0.028194
0 0.830078 0.381944 0.040781 0.080556
0 0.039062 0.361111 0.018125 0.056389
0 0.165879 0.139757 0.331758 0.251736
0 0.321289 0.267361 0.006797 0.032222
0 0.138672 0.265625 0.022656 0.036250
0 0.436523 0.710069 0.043047 0.173194
0 0.627930 0.875000 0.020391 0.032222
0 0.662109 0.880208 0.072500 0.173194
0 0.275391 0.243056 0.013594 0.024167
0 0.301758 0.394097 0.020391 0.060417
0 0.250977 0.413194 0.020391 0.056389
0 0.284180 0.375000 0.020391 0.064444
0 0.153320 0.279514 0.020391 0.036250
0 0.095703 0.300347 0.022656 0.036250
0 0.852539 0.263889 0.020391 0.032222
0 0.959961 0.361111 0.015859 0.032222
0 0.947049 0.364969 0.013090 0.023272
0 0.614258 0.930764 0.092891 0.138472
0 0.445312 0.239583 0.009062 0.024167
0 0.227539 0.673611 0.020391 0.056389
0 0.771484 0.343750 0.036250 0.064444
0 0.327148 0.196181 0.006797 0.020139
