0 0.875000 0.272569 0.027187 0.044306
0 0.442383 0.394097 0.043047 0.052361
0 0.983203 0.281250 0.033594 0.040278
0 0.151367 0.279514 0.020391 0.036250
0 0.745117 0.430556 0.052109 0.056389
0 0.492188 0.399306 0.045313 0.056389
0 0.333008 0.406250 0.038516 0.064444
0 0.033203 0.411458 0.031719 0.052361
0 0.256836 0.500000 0.029453 0.072500
0 0.290039 0.484375 0.020391 0.076528
0 0.125977 0.381944 0.029453 0.056389
0 0.857422 0.263889 0.022656 0.032222
0 0.128906 0.286458 0.022656 0.044306
0 0.807617 0.413194 0.024922 0.056389
0 0.032695 0.625000 0.065391 0.080556
0 0.067383 0.381944 0.029453 0.056389
0 0.905273 0.397569 0.043047 0.052361
0 0.196289 0.559028 0.079297 0.080556
0 0.356445 0.425347 0.056641 0.060417
0 0.106445 0.302083 0.029453 0.048333
0 0.391602 0.383681 0.056641 0.060417
0 0.864258 0.359375 0.047578 0.044306
0 0.093750 0.392361 0.027188 0.072500
0 0.027422 0.500000 0.054844 0.072500
0 0.900391 0.269097 0.027187 0.036250
0 0.745117 0.364583 0.038516 0.056389
0 0.443359 0.468750 0.040781 0.072500
0 0.594727 0.453125 0.043047 0.068472
0 0.626953 0.373264 0.036250 0.076528
0 0.615234 0.498264 0.049844 0.068472
0 0.680664 0.414931 0.043047 0.060417
0 0.604492 0.312500 0.011328 0.040278
0 0.507812 0.508681 0.049844 0.084583
0 0.098633 0.701389 0.101953 0.136944
0 0.985313 0.357639 0.029375 0.048333
