0 0.158203 0.434028 0.036250 0.064444
0 0.246094 0.243056 0.009062 0.024167
0 0.260742 0.437500 0.047578 0.064444
0 0.043945 0.468750 0.070234 0.072500
0 0.240234 0.342014 0.022656 0.060417
0 0.254883 0.494792 0.029453 0.052361
0 0.221680 0.501736 0.033984 0.076528
0 0.016875 0.539931 0.033750 0.052361
0 0.292969 0.407986 0.027188 0.068472
0 0.049805 0.314236 0.029453 0.052361
0 0.353516 0.467014 0.049844 0.060417
0 0.391602 0.529514 0.056641 0.076528
0 0.059570 0.553819 0.092891 0.092639
0 0.318359 0.427083 0.058906 0.088611
0 0.096680 0.390625 0.020391 0.068472
0 0.187500 0.465278 0.058906 0.064444
0 0.437500 0.434028 0.027188 0.064444
0 0.138672 0.387153 0.018125 0.044306
0 0.412109 0.395833 0.040781 0.048333
0 0.464844 0.467014 0.049844 0.068472
0 0.230469 0.256944 0.013594 0.024167
0 0.313477 0.538194 0.065703 0.088611
0 0.139648 0.267361 0.020391 0.040278
0 0.521484 0.420139 0.049844 0.048333
0 0.121094 0.602431 0.081562 0.084583
0 0.083984 0.746528 0.108750 0.136944
0 0.255859 0.333333 0.013594 0.048333
0 0.304688 0.234375 0.013594 0.036250
