0 0.472656 0.571181 0.027188 0.092639
0 0.375000 0.917639 0.072500 0.164722
0 0.524414 0.560764 0.024922 0.100694
0 0.112305 0.295139 0.029453 0.040278
0 0.363281 0.300347 0.009062 0.036250
0 0.545898 0.548611 0.020391 0.104722
0 0.975820 0.973889 0.048359 0.052222
0 0.898438 0.949653 0.072500 0.100694
0 0.248047 0.251736 0.013594 0.036250
0 0.033203 0.321181 0.022656 0.060417
0 0.255859 0.248264 0.013594 0.036250
0 0.183594 0.381944 0.049844 0.056389
0 0.821289 0.911458 0.006797 0.028194
0 0.802734 0.894097 0.022656 0.020139
0 0.771484 0.833333 0.022656 0.048333
0 0.801758 0.848958 0.038516 0.084583
0 0.738281 0.809028 0.022656 0.064444
0 0.629883 0.727431 0.043047 0.084583
0 0.146484 0.281250 0.022656 0.040278
0 0.193359 0.789702 0.040781 0.132387
0 0.768555 0.961806 0.015859 0.072500
0 0.740234 0.911458 0.022656 0.132917
0 0.771484 0.848958 0.009062 0.012083
0 0.805664 0.899028 0.043047 0.201944
0 0.739258 0.810764 0.020391 0.060417
0 0.041016 0.288194 0.022656 0.048333
0 0.958945 0.862847 0.082109 0.124861
0 0.321289 0.793403 0.047578 0.140972
0 0.504883 0.675347 0.043047 0.084583
0 0.908203 0.857639 0.054375 0.145000
0 0.849609 0.831597 0.058906 0.132917
0 0.304688 0.656250 0.027188 0.112778
0 0.654956 0.820312 0.074028 0.155069
0 0.310547 0.279514 0.013594 0.036250
0 0.383789 0.265625 0.006797 0.036250
0 0.346680 0.401042 0.020391 0.076528
0 0.768555 0.946181 0.015859 0.036250
0 0.768555 0.977431 0.015859 0.036250
0 0.805664 0.945903 0.043047 0.108194
0 0.740234 0.914931 0.022656 0.132917
0 0.699219 0.677083 0.045313 0.096667
0 0.272461 0.473958 0.020391 0.060417
0 0.235352 0.611111 0.029453 0.112778
0 0.117520 0.304549 0.235039 0.609097
0 0.321289 0.298611 0.006797 0.032222
0 0.586914 0.651042 0.029453 0.124861
0 0.899414 0.383681 0.029453 0.052361
0 0.568359 0.706597 0.045313 0.084583
0 0.295898 0.531250 0.020391 0.072500
0 0.261719 0.864583 0.045312 0.136944
