0 0.877955 0.263434 0.038456 0.039222
0 0.855167 0.274306 0.012893 0.016111
0 0.898438 0.355903 0.054375 0.044306
0 0.045898 0.402778 0.020391 0.072500
0 0.249023 0.430556 0.056641 0.056389
0 0.311523 0.442708 0.043047 0.052361
0 0.415039 0.406250 0.033984 0.064444
0 0.277344 0.501736 0.063438 0.124861
0 0.382812 0.480903 0.054375 0.068472
0 0.564453 0.407986 0.036250 0.076528
0 0.208008 0.550347 0.065703 0.108750
0 0.093750 0.317708 0.027188 0.052361
0 0.120117 0.381944 0.020391 0.056389
0 0.152344 0.475694 0.063437 0.080556
0 0.596680 0.373264 0.033984 0.036250
0 0.873047 0.427083 0.045313 0.048333
0 0.146484 0.371528 0.022656 0.072500
0 0.042969 0.510417 0.072500 0.072500
0 0.035859 0.621528 0.071719 0.112778
0 0.955078 0.277778 0.045313 0.064444
0 0.430664 0.428819 0.043047 0.052361
0 0.592773 0.460069 0.056641 0.060417
0 0.659180 0.373264 0.047578 0.068472
0 0.563477 0.305556 0.020391 0.048333
0 0.108398 0.618056 0.061172 0.096667
0 0.803711 0.250000 0.043047 0.032222
0 0.183594 0.381944 0.049844 0.056389
0 0.991211 0.312500 0.015859 0.040278
