0 0.121094 0.378472 0.022656 0.048333
0 0.074219 0.303819 0.027188 0.044306
0 0.439453 0.703125 0.036250 0.149028
0 0.567383 0.949514 0.088359 0.100972
0 0.240234 0.699653 0.036250 0.108750
0 0.009492 0.555556 0.018984 0.088611
0 0.136719 0.482639 0.027187 0.072500
0 0.336914 0.701389 0.043047 0.153056
0 0.245117 0.335069 0.020391 0.052361
0 0.020039 0.795139 0.040078 0.112778
0 0.717773 0.960069 0.047578 0.076528
0 0.788086 0.949653 0.056641 0.100694
0 0.055664 0.331597 0.029453 0.044306
0 0.901367 0.917778 0.092891 0.164444
0 0.531250 0.861111 0.040781 0.104722
0 0.408203 0.923264 0.049844 0.153472
0 0.370117 0.862847 0.006797 0.012083
0 0.184570 0.809028 0.038516 0.145000
0 0.134766 0.758681 0.036250 0.124861
0 0.179688 0.560764 0.027187 0.108750
0 0.166016 0.618056 0.022656 0.096667
0 0.267578 0.949653 0.072500 0.100694
0 0.855469 0.962639 0.031719 0.074722
0 0.181641 0.380208 0.045312 0.052361
0 0.083008 0.425347 0.020391 0.060417
0 0.049805 0.940278 0.043047 0.119444
0 0.093750 0.770833 0.040781 0.080556
0 0.141602 0.303819 0.015859 0.044306
0 0.339844 0.949653 0.081562 0.100694
0 0.033203 0.342014 0.036250 0.068472
0 0.655273 0.940278 0.056641 0.119444
0 0.598633 0.880208 0.029453 0.060417
0 0.080078 0.880208 0.072500 0.157083
0 0.720703 0.451389 0.022656 0.072500
0 0.159180 0.966389 0.047578 0.067222
