0 0.568359 0.309028 0.013594 0.040278
0 0.028320 0.303819 0.020391 0.044306
0 0.270508 0.380208 0.020391 0.060417
0 0.183594 0.380208 0.049844 0.052361
0 0.423828 0.364583 0.013594 0.056389
0 0.803711 0.605903 0.052109 0.100694
0 0.137695 0.262153 0.024922 0.044306
0 0.809570 0.439236 0.029453 0.076528
0 0.230469 0.265625 0.013594 0.036250
0 0.389648 0.248264 0.006797 0.036250
0 0.299805 0.392361 0.015859 0.072500
0 0.309570 0.442708 0.020391 0.060417
0 0.252930 0.510417 0.020391 0.088611
0 0.102539 0.293403 0.020391 0.044306
0 0.068359 0.324653 0.027188 0.036250
0 0.993164 0.392113 0.011328 0.015536
0 0.992188 0.427180 0.013594 0.064221
0 0.768555 0.611033 0.043047 0.080374
0 0.443359 0.319444 0.013594 0.048333
0 0.351562 0.465278 0.018125 0.064444
0 0.243926 0.137153 0.487852 0.269861
0 0.256836 0.633681 0.029453 0.124861
0 0.340820 0.833333 0.033984 0.088611
