0 0.040039 0.342014 0.020391 0.044306
0 0.064453 0.413194 0.022656 0.080556
0 0.274414 0.467014 0.061172 0.068472
0 0.338867 0.427083 0.052109 0.056389
0 0.696289 0.439236 0.052109 0.052361
0 0.415039 0.397569 0.047578 0.044306
0 0.065430 0.338542 0.020391 0.068472
0 0.397461 0.498264 0.070234 0.076528
0 0.518555 0.465278 0.043047 0.064444
0 0.033750 0.468750 0.067500 0.064444
0 0.108398 0.394097 0.020391 0.084583
0 0.151367 0.371528 0.020391 0.064444
0 0.136719 0.383681 0.013594 0.060417
0 0.606445 0.388889 0.024922 0.048333
0 0.088867 0.406250 0.020391 0.072500
0 0.626953 0.427083 0.049844 0.056389
0 0.277344 0.552083 0.081562 0.088611
0 0.042969 0.279514 0.027188 0.036250
0 0.072266 0.538194 0.086094 0.088611
0 0.670898 0.361111 0.038516 0.040278
0 0.183594 0.381944 0.049844 0.048333
0 0.153320 0.279514 0.020391 0.036250
