0 0.927734 0.277778 0.036250 0.032222
0 0.096680 0.576389 0.047578 0.072500
0 0.423828 0.364583 0.013594 0.048333
0 0.518555 0.366319 0.011328 0.052361
0 0.471680 0.381944 0.020391 0.056389
0 0.848633 0.263889 0.029453 0.032222
0 0.030273 0.605903 0.043047 0.100694
0 0.126953 0.522569 0.022656 0.124861
0 0.717773 0.569444 0.043047 0.088611
0 0.395508 0.383681 0.020391 0.060417
0 0.018984 0.654514 0.037969 0.084583
0 0.201172 0.442708 0.022656 0.052361
0 0.370117 0.460069 0.020391 0.052361
0 0.389648 0.586806 0.047578 0.088611
0 0.218750 0.512153 0.027187 0.076528
0 0.367188 0.670139 0.072500 0.104722
0 0.336914 0.380208 0.015859 0.060417
0 0.496094 0.366319 0.018125 0.052361
0 0.315430 0.428819 0.024922 0.052361
0 0.814453 0.381944 0.049844 0.056389
0 0.086914 0.463542 0.015859 0.068472
0 0.152344 0.484375 0.022656 0.076528
0 0.167969 0.592014 0.027187 0.084583
0 0.275391 0.368056 0.018125 0.048333
0 0.080078 0.737847 0.072500 0.108750
0 0.887695 0.279514 0.029453 0.036250
0 0.545898 0.442708 0.020391 0.060417
0 0.440430 0.395833 0.020391 0.080556
0 0.625000 0.715278 0.072500 0.136944
0 0.350605 0.351424 0.701211 0.702847
0 0.617188 0.414931 0.018125 0.060417
0 0.763672 0.342014 0.036250 0.036250
0 0.574219 0.366319 0.013594 0.052361
0 0.214844 0.711806 0.063437 0.120833
