0 0.261719 0.529514 0.027188 0.068472
0 0.098633 0.319444 0.029453 0.056389
0 0.357422 0.298611 0.009062 0.040278
0 0.702148 0.348958 0.020391 0.052361
0 0.271484 0.236111 0.018125 0.032222
0 0.286133 0.255208 0.011328 0.028194
0 0.246094 0.595486 0.022656 0.036250
0 0.027344 0.354167 0.036250 0.056389
0 0.267578 0.368056 0.013594 0.048333
0 0.196289 0.482639 0.020391 0.072500
0 0.223633 0.256944 0.011328 0.040278
0 0.183594 0.380208 0.049844 0.052361
0 0.121094 0.293403 0.022656 0.036250
0 0.236328 0.255208 0.013594 0.028194
0 0.969492 0.744792 0.061016 0.124861
0 0.252930 0.470486 0.020391 0.052361
0 0.078125 0.895833 0.036250 0.161111
0 0.960938 0.972222 0.040781 0.048333
0 0.880859 0.972014 0.058906 0.055972
0 0.311523 0.310764 0.015859 0.036250
0 0.787109 0.388889 0.040781 0.064444
0 0.301758 0.277778 0.006797 0.032222
0 0.670898 0.348958 0.038516 0.052361
0 0.311523 0.253472 0.015859 0.024167
0 0.905273 0.420139 0.056641 0.072500
0 0.906250 0.748264 0.117813 0.140972
0 0.335862 0.291132 0.013419 0.014872
0 0.338867 0.312963 0.020391 0.031148
0 0.295898 0.536458 0.020391 0.084583
0 0.030273 0.279514 0.024922 0.036250
0 0.351562 0.340278 0.018125 0.040278
0 0.121094 0.763889 0.036250 0.145000
0 0.746094 0.355903 0.036250 0.068472
0 0.333008 0.250000 0.006797 0.032222
0 0.214844 0.564236 0.022656 0.076528
