0 0.646484 0.383681 0.036250 0.052361
0 0.243164 0.725694 0.101953 0.128889
0 0.027344 0.420139 0.022656 0.072500
0 0.208984 0.567708 0.049844 0.084583
0 0.067383 0.526042 0.070234 0.068472
0 0.321289 0.534722 0.020391 0.048333
0 0.289062 0.553819 0.036250 0.092639
0 0.352539 0.470486 0.052109 0.068472
0 0.749023 0.453125 0.056641 0.068472
0 0.464844 0.427083 0.049844 0.048333
0 0.833984 0.250000 0.022656 0.040278
0 0.014766 0.510417 0.029531 0.056389
0 0.154297 0.368056 0.027187 0.048333
0 0.076172 0.390625 0.022656 0.068472
0 0.181641 0.703125 0.086094 0.108750
0 0.475586 0.489583 0.043047 0.064444
0 0.440430 0.625000 0.065703 0.104722
0 0.042031 0.365347 0.084062 0.730694
0 0.037109 0.699653 0.045313 0.116806
0 0.095703 0.671875 0.049844 0.100694
0 0.183594 0.380208 0.036250 0.052361
0 0.123047 0.534722 0.086094 0.072500
0 0.165039 0.482639 0.033984 0.064444
0 0.510742 0.442708 0.043047 0.052361
0 0.568359 0.453125 0.058906 0.068472
0 0.648438 0.546875 0.027187 0.108750
0 0.390625 0.427083 0.049844 0.056389
0 0.056641 0.310764 0.022656 0.036250
0 0.645508 0.453125 0.024922 0.068472
0 0.527344 0.383681 0.036250 0.036250
0 0.717773 0.411458 0.047578 0.060417
0 0.217773 0.451389 0.061172 0.064444
