0 0.889648 0.279514 0.033984 0.036250
0 0.436523 0.392361 0.043047 0.040278
0 0.139648 0.387153 0.033984 0.068472
0 0.042969 0.324653 0.027188 0.044306
0 0.912109 0.269097 0.027187 0.036250
0 0.185547 0.380208 0.045312 0.052361
0 0.095703 0.407986 0.022656 0.068472
0 0.277344 0.416667 0.049844 0.056389
0 0.744141 0.399306 0.054375 0.056389
0 0.077148 0.286458 0.033984 0.052361
0 0.014648 0.432292 0.020391 0.068472
0 0.555664 0.515625 0.029453 0.076528
0 0.361328 0.314236 0.013594 0.052361
0 0.325195 0.399306 0.043047 0.048333
0 0.037109 0.418403 0.027188 0.068472
0 0.733398 0.368056 0.052109 0.048333
0 0.872070 0.413194 0.052109 0.064444
0 0.707031 0.234375 0.022656 0.036250
0 0.074219 0.414931 0.027188 0.084583
0 0.626953 0.418403 0.036250 0.044306
0 0.595703 0.449653 0.049844 0.052361
0 0.567383 0.562500 0.056641 0.072500
0 0.665039 0.453125 0.052109 0.076528
0 0.599609 0.296875 0.013594 0.036250
0 0.860352 0.295139 0.029453 0.040278
0 0.666992 0.364583 0.043047 0.048333
0 0.087891 0.546875 0.086094 0.076528
0 0.824219 0.335069 0.045313 0.052361
