0 0.230469 0.644097 0.027187 0.108750
0 0.266602 0.940139 0.056641 0.119722
0 0.023438 0.326389 0.031719 0.040278
0 0.676758 0.690972 0.092891 0.120833
0 0.884766 0.888889 0.122344 0.217500
0 0.355469 0.520833 0.040781 0.120833
0 0.027344 0.755208 0.036250 0.124861
0 0.226562 0.303819 0.018125 0.052361
0 0.056641 0.310764 0.018125 0.076528
0 0.291016 0.722222 0.049844 0.120833
0 0.824219 0.392361 0.054375 0.072500
0 0.458984 0.531250 0.036250 0.072500
0 0.808594 0.774306 0.108750 0.145000
0 0.392578 0.553819 0.040781 0.052361
0 0.423828 0.531250 0.040781 0.072500
0 0.199219 0.915903 0.040781 0.168194
0 0.173828 0.842014 0.013594 0.012083
0 0.264648 0.524306 0.033984 0.120833
