0 0.440430 0.413194 0.047578 0.056389
0 0.587891 0.288194 0.027187 0.056389
0 0.018555 0.434028 0.029453 0.064444
0 0.051758 0.600694 0.033984 0.056389
0 0.012656 0.597222 0.025313 0.072500
0 0.141602 0.381944 0.015859 0.056389
0 0.978984 0.348958 0.042031 0.044306
0 0.200195 0.680556 0.088359 0.128889
0 0.115234 0.404514 0.022656 0.068472
0 0.215820 0.536458 0.079297 0.084583
0 0.310547 0.451389 0.058906 0.064444
0 0.153320 0.524306 0.079297 0.088611
0 0.531250 0.397569 0.040781 0.052361
0 0.186523 0.380208 0.043047 0.052361
0 0.081055 0.407986 0.029453 0.068472
0 0.507812 0.467014 0.049844 0.068472
0 0.352539 0.500000 0.065703 0.072500
0 0.112305 0.795139 0.115547 0.145000
0 0.841797 0.281250 0.027187 0.040278
