0 0.956055 0.282986 0.043047 0.036250
0 0.065430 0.329861 0.033984 0.056389
0 0.049805 0.319444 0.029453 0.048333
0 0.077148 0.288194 0.020391 0.056389
0 0.902344 0.333333 0.036250 0.056389
0 0.150391 0.380208 0.013594 0.052361
0 0.283203 0.630208 0.077031 0.100694
0 0.130859 0.350694 0.013594 0.056389
0 0.074219 0.362847 0.013594 0.060417
0 0.173828 0.276042 0.013594 0.052361
0 0.867188 0.397569 0.045313 0.052361
0 0.039023 0.557292 0.078047 0.092639
0 0.031250 0.281250 0.027188 0.040278
0 0.978984 0.371528 0.042031 0.064444
0 0.884766 0.269097 0.022656 0.028194
0 0.483398 0.463542 0.038516 0.068472
0 0.309570 0.460069 0.065703 0.060417
0 0.986328 0.272569 0.027187 0.052361
0 0.114258 0.302083 0.024922 0.048333
0 0.123047 0.395833 0.027187 0.056389
0 0.580078 0.383681 0.040781 0.052361
0 0.095703 0.394097 0.022656 0.060417
0 0.814453 0.350694 0.036250 0.056389
0 0.777344 0.425347 0.049844 0.052361
0 0.382812 0.407986 0.049844 0.068472
0 0.147461 0.267361 0.020391 0.032222
0 0.411133 0.437500 0.056641 0.056389
0 0.591797 0.526042 0.040781 0.092639
0 0.611328 0.357639 0.031719 0.040278
0 0.183594 0.381944 0.049844 0.056389
0 0.152344 0.621528 0.081562 0.112778
