0 0.908203 0.265625 0.031719 0.036250
0 0.078125 0.312500 0.022656 0.040278
0 0.559570 0.440972 0.052109 0.056389
0 0.518555 0.326389 0.029453 0.040278
0 0.548828 0.302083 0.013594 0.048333
0 0.095703 0.406250 0.022656 0.072500
0 0.276367 0.496528 0.065703 0.072500
0 0.127930 0.395833 0.020391 0.056389
0 0.335938 0.453125 0.054375 0.068472
0 0.908203 0.394097 0.036250 0.052361
0 0.120117 0.284722 0.020391 0.032222
0 0.012656 0.538194 0.025313 0.056389
0 0.405273 0.588542 0.070234 0.068472
0 0.511719 0.480903 0.045313 0.076528
0 0.065430 0.505208 0.079297 0.060417
0 0.166992 0.475694 0.070234 0.056389
0 0.061523 0.467014 0.083828 0.068472
0 0.358398 0.307292 0.020391 0.052361
0 0.986328 0.373264 0.027187 0.036250
0 0.132812 0.465278 0.036250 0.064444
0 0.382812 0.404514 0.049844 0.068472
0 0.093750 0.262153 0.027188 0.036250
0 0.580078 0.385417 0.040781 0.040278
