0 0.261719 0.432292 0.045312 0.052361
0 0.510742 0.302083 0.015859 0.048333
0 0.529297 0.302083 0.013594 0.048333
0 0.701172 0.446181 0.049844 0.084583
0 0.016875 0.529514 0.033750 0.068472
0 0.195312 0.586806 0.022656 0.024167
0 0.236328 0.578125 0.013594 0.036250
0 0.543945 0.484375 0.056641 0.068472
0 0.052734 0.538194 0.081563 0.064444
0 0.430664 0.312500 0.011328 0.040278
0 0.287109 0.539931 0.058906 0.084583
0 0.331055 0.473958 0.056641 0.060417
0 0.216797 0.477431 0.058906 0.052361
0 0.670898 0.586806 0.033984 0.088611
0 0.749023 0.423611 0.047578 0.056389
0 0.543945 0.300347 0.015859 0.036250
0 0.600586 0.418403 0.043047 0.068472
0 0.395508 0.439236 0.052109 0.068472
0 0.118164 0.500000 0.070234 0.072500
0 0.486328 0.402778 0.040781 0.064444
0 0.338867 0.560764 0.061172 0.100694
0 0.437500 0.468750 0.058906 0.072500
0 0.524414 0.420139 0.056641 0.072500
0 0.561523 0.298611 0.015859 0.040278
0 0.589844 0.524306 0.049844 0.072500
0 0.624023 0.444444 0.047578 0.088611
0 0.156250 0.585069 0.072500 0.092639
