0 0.208984 0.519097 0.022656 0.084583
0 0.889648 0.237847 0.020391 0.036250
0 0.484375 0.397569 0.049844 0.052361
0 0.305664 0.942014 0.070234 0.115972
0 0.335938 0.880208 0.013594 0.020139
0 0.139648 0.383681 0.020391 0.060417
0 0.757812 0.600694 0.063438 0.088611
0 0.392578 0.251736 0.013594 0.036250
0 0.139648 0.293403 0.020391 0.044306
0 0.045898 0.774306 0.038516 0.128889
0 0.306641 0.328125 0.013594 0.044306
0 0.071289 0.296875 0.020391 0.036250
0 0.276367 0.796875 0.033984 0.140972
0 0.183594 0.380208 0.049844 0.052361
0 0.392578 0.315972 0.013594 0.048333
0 0.283203 0.559028 0.036250 0.064444
0 0.636719 0.409722 0.045313 0.056389
0 0.333984 0.637153 0.036250 0.100694
0 0.431641 0.315972 0.013594 0.048333
0 0.415039 0.409722 0.038516 0.048333
0 0.361328 0.748264 0.040781 0.132917
0 0.398438 0.598958 0.027188 0.092639
0 0.092773 0.255208 0.029453 0.052361
0 0.509487 0.289311 0.008415 0.018700
0 0.510742 0.312596 0.011328 0.031998
0 0.171875 0.796875 0.036250 0.140972
0 0.758789 0.248264 0.020391 0.036250
0 0.673828 0.397569 0.031719 0.052361
