0 0.047852 0.328125 0.029453 0.044306
0 0.446289 0.413194 0.033984 0.048333
0 0.301758 0.597222 0.079297 0.096667
0 0.305664 0.536458 0.015859 0.020139
0 0.051758 0.475694 0.065703 0.056389
0 0.715820 0.439236 0.052109 0.068472
0 0.180664 0.310764 0.015859 0.044306
0 0.095703 0.305556 0.022656 0.048333
0 0.797852 0.446181 0.043047 0.060417
0 0.915039 0.411458 0.006797 0.012083
0 0.214844 0.513889 0.108750 0.096667
0 0.499023 0.508681 0.056641 0.084583
0 0.098633 0.505208 0.083828 0.084583
0 0.267578 0.317708 0.013594 0.052361
0 0.983398 0.248264 0.020391 0.044306
0 0.140625 0.381944 0.022656 0.056389
0 0.642578 0.423611 0.027187 0.072500
0 0.358398 0.506944 0.033984 0.056389
0 0.118164 0.381944 0.029453 0.056389
0 0.026367 0.439236 0.052734 0.068472
0 0.016875 0.560764 0.033750 0.068472
0 0.536133 0.460069 0.043047 0.060417
0 0.483398 0.475694 0.038516 0.064444
0 0.672852 0.482639 0.029453 0.104722
0 0.586914 0.508681 0.056641 0.084583
0 0.248843 0.242798 0.010909 0.015514
0 0.249023 0.257083 0.015859 0.015789
0 0.403320 0.487847 0.052109 0.060417
0 0.583984 0.760417 0.036250 0.128889
0 0.580078 0.373264 0.040781 0.044306
0 0.880859 0.265625 0.027187 0.036250
0 0.245117 0.333333 0.033984 0.064444
0 0.267578 0.253472 0.013594 0.048333
