0 0.224609 0.888889 0.045312 0.153056
0 0.233398 0.515625 0.020391 0.068472
0 0.180664 0.732639 0.029453 0.112778
0 0.530273 0.663194 0.029453 0.120833
0 0.145508 0.413194 0.020391 0.056389
0 0.676758 0.786458 0.011328 0.012083
0 0.714844 0.842014 0.049844 0.140972
0 0.328125 0.625000 0.036250 0.112778
0 0.821289 0.970486 0.047578 0.052361
0 0.883789 0.961806 0.047578 0.072500
0 0.633789 0.526042 0.033984 0.092639
0 0.527344 0.840278 0.036250 0.136944
0 0.548828 0.465552 0.027187 0.057025
0 0.552368 0.505425 0.009912 0.019635
0 0.304688 0.569444 0.027188 0.088611
0 0.169922 0.623264 0.022656 0.068472
0 0.395508 0.690972 0.038516 0.120833
0 0.869141 0.890625 0.027187 0.036250
0 0.814453 0.890625 0.063438 0.116806
0 0.020508 0.581597 0.024922 0.084583
0 0.560547 0.630208 0.031719 0.092639
0 0.738281 0.795139 0.049844 0.153056
0 0.096680 0.690972 0.033984 0.120833
0 0.286133 0.480903 0.024922 0.068472
0 0.339844 0.560764 0.022656 0.076528
0 0.027344 0.350694 0.036250 0.048333
0 0.317383 0.703125 0.029453 0.108750
0 0.494141 0.751736 0.058906 0.140972
0 0.267578 0.668403 0.027188 0.108750
0 0.479492 0.951389 0.043047 0.072500
0 0.434570 0.930556 0.029453 0.120833
0 0.112305 0.857639 0.061172 0.120833
0 0.417969 0.538194 0.027188 0.088611
0 0.098633 0.513889 0.029453 0.072500
0 0.206055 0.585069 0.029453 0.092639
0 0.365234 0.543403 0.022656 0.076528
0 0.358398 0.932639 0.052109 0.134722
0 0.541992 0.296875 0.011328 0.044306
0 0.049805 0.600694 0.029453 0.096667
0 0.988281 0.980903 0.022656 0.028194
0 0.938477 0.951389 0.065703 0.096667
0 0.475586 0.616319 0.029453 0.092639
0 0.150391 0.975694 0.049844 0.048333
0 0.094316 0.500000 0.188633 1.000000
0 0.883789 0.414931 0.052109 0.060417
0 0.621094 0.723958 0.063438 0.116806
0 0.667969 0.900764 0.104219 0.198472
0 0.443359 0.623264 0.027188 0.116806
0 0.536133 0.736111 0.015859 0.032222
0 0.564453 0.748264 0.036250 0.132917
0 0.597656 0.586806 0.027187 0.096667
0 0.250000 0.585069 0.027188 0.092639
0 0.298828 0.899306 0.040781 0.161111
0 0.896484 0.694444 0.036250 0.088611
0 0.645508 0.687500 0.047578 0.145000
0 0.237305 0.748264 0.029453 0.108750
