0 0.345703 0.520833 0.049844 0.048333
0 0.081055 0.407986 0.029453 0.068472
0 0.699219 0.236111 0.013594 0.032222
0 0.733398 0.758681 0.033984 0.092639
0 0.217773 0.480903 0.061172 0.068472
0 0.203125 0.468750 0.095156 0.080556
0 0.034180 0.489583 0.047578 0.056389
0 0.270508 0.527778 0.065703 0.080556
0 0.345703 0.505208 0.049844 0.084583
0 0.742188 0.244792 0.040781 0.036250
0 0.142578 0.380208 0.027187 0.084583
0 0.057617 0.406250 0.020391 0.064444
0 0.815430 0.338542 0.033984 0.036250
0 0.411133 0.583333 0.070234 0.088611
0 0.528320 0.559028 0.033984 0.072500
0 0.111328 0.395833 0.031719 0.088611
0 0.090820 0.501736 0.020391 0.036250
0 0.075195 0.534722 0.015859 0.048333
0 0.124023 0.491319 0.029453 0.084583
0 0.307617 0.439236 0.065703 0.068472
0 0.181641 0.463542 0.045312 0.076528
0 0.580078 0.414931 0.040781 0.052361
0 0.181641 0.378472 0.045312 0.048333
0 0.026367 0.539931 0.052734 0.060417
0 0.003164 0.701389 0.006328 0.032222
0 0.035156 0.694444 0.045313 0.088611
0 0.461914 0.460069 0.043047 0.060417
0 0.546875 0.373264 0.022656 0.036250
0 0.555664 0.468750 0.043047 0.064444
0 0.949219 0.281250 0.027187 0.040278
0 0.507812 0.501736 0.036250 0.076528
0 0.430664 0.399306 0.061172 0.056389
0 0.599609 0.508681 0.045313 0.084583
0 0.537109 0.303819 0.013594 0.052361
0 0.079102 0.607639 0.070234 0.104722
0 0.138672 0.623264 0.095156 0.108750
0 0.673828 0.368056 0.072500 0.048333
