0 0.833984 0.255208 0.022656 0.028194
0 0.401367 0.368056 0.033984 0.048333
0 0.095703 0.395833 0.022656 0.048333
0 0.015820 0.477431 0.031641 0.060417
0 0.664062 0.501736 0.022656 0.044306
0 0.153320 0.366319 0.020391 0.052361
0 0.119141 0.362847 0.013594 0.052361
0 0.281250 0.800347 0.045312 0.060417
0 0.898438 0.411458 0.072500 0.084583
0 0.392578 0.657986 0.045312 0.076528
0 0.096680 0.467014 0.092891 0.116806
0 0.271484 0.381944 0.036250 0.048333
0 0.137695 0.388889 0.015859 0.072500
0 0.174805 0.420139 0.056641 0.072500
0 0.066406 0.328125 0.027188 0.036250
0 0.655273 0.437500 0.043047 0.072500
0 0.281250 0.772569 0.045312 0.132917
