0 0.928711 0.491319 0.020391 0.052361
0 0.595703 0.473958 0.022656 0.020139
0 0.471680 0.539931 0.020391 0.060417
0 0.490234 0.831597 0.063438 0.132917
0 0.907227 0.343750 0.024922 0.032222
0 0.796875 0.904514 0.036250 0.100694
0 0.985313 0.557292 0.029375 0.052361
0 0.624023 0.982639 0.056641 0.032222
0 0.651367 0.937500 0.006797 0.040278
0 0.690430 0.901042 0.033984 0.092639
0 0.486328 0.380208 0.013594 0.044306
0 0.680664 0.416667 0.015859 0.040278
0 0.994280 0.444196 0.008739 0.015536
0 0.993164 0.460258 0.011328 0.019701
0 0.889648 0.513889 0.020391 0.040278
0 0.862305 0.565972 0.015859 0.048333
0 0.864258 0.781250 0.038516 0.104722
0 0.794922 0.362847 0.022656 0.036250
0 0.333008 0.475694 0.033984 0.056389
0 0.031250 0.454861 0.040781 0.056389
0 0.895508 0.585069 0.020391 0.052361
0 0.584961 0.607639 0.020391 0.048333
0 0.478516 0.966389 0.049844 0.067222
0 0.522461 0.949514 0.029453 0.100972
