0 0.820312 0.253472 0.022656 0.024167
0 0.360352 0.465278 0.015859 0.064444
0 0.286133 0.328125 0.011328 0.036250
0 0.365234 0.857639 0.049844 0.153056
0 0.127930 0.293403 0.024922 0.044306
0 0.379883 0.263889 0.011328 0.032222
0 0.242188 0.248264 0.013594 0.036250
0 0.369141 0.390625 0.013594 0.036250
0 0.255859 0.250000 0.013594 0.032222
0 0.492188 0.296875 0.013594 0.036250
0 0.062500 0.310764 0.027188 0.060417
0 0.298828 0.359375 0.013594 0.044306
0 0.296875 0.279514 0.009062 0.036250
0 0.842773 0.786458 0.088359 0.157083
0 0.342773 0.328125 0.011328 0.036250
0 0.312500 0.302083 0.013594 0.048333
0 0.337891 0.611111 0.027188 0.104722
0 0.405273 0.536458 0.024922 0.092639
0 0.274414 0.480903 0.015859 0.076528
0 0.371094 0.322917 0.009062 0.040278
0 0.152344 0.295139 0.022656 0.040278
0 0.287109 0.407986 0.013594 0.052361
0 0.327148 0.435764 0.020391 0.060417
0 0.325195 0.378472 0.015859 0.048333
0 0.345703 0.284722 0.009062 0.024167
0 0.238281 0.312500 0.009062 0.040278
0 0.183594 0.380208 0.049844 0.052361
0 0.256836 0.796875 0.029453 0.149028
0 0.980039 0.947778 0.039922 0.104444
0 0.380859 0.420139 0.013594 0.048333
0 0.433594 0.968264 0.077031 0.063472
0 0.254023 0.499271 0.508047 0.998542
0 0.356445 0.237847 0.006797 0.012083
0 0.357422 0.251736 0.004531 0.020139
0 0.349609 0.392361 0.013594 0.040278
0 0.502930 0.899306 0.065703 0.169167
0 0.441406 0.631944 0.022656 0.088611
0 0.449219 0.279514 0.013594 0.036250
0 0.744141 0.331597 0.036250 0.036250
0 0.636719 0.348958 0.013594 0.052361
0 0.417969 0.723958 0.045312 0.124861
0 0.856445 0.276042 0.029453 0.036250
0 0.342773 0.539931 0.024922 0.052361
