0 0.924805 0.281250 0.043047 0.040278
0 0.368164 0.538194 0.056641 0.088611
0 0.052734 0.413194 0.036250 0.056389
0 0.572266 0.362847 0.049844 0.052361
0 0.842773 0.279514 0.029453 0.036250
0 0.018984 0.423611 0.037969 0.088611
0 0.633789 0.355903 0.047578 0.044306
0 0.136719 0.381944 0.027187 0.056389
0 0.980039 0.435764 0.039922 0.036250
0 0.065430 0.524306 0.079297 0.072500
0 0.590820 0.286458 0.020391 0.052361
0 0.374023 0.375000 0.043047 0.072500
0 0.078125 0.406250 0.036250 0.072500
0 0.189453 0.506944 0.077031 0.088611
0 0.020508 0.432292 0.033984 0.068472
0 0.790039 0.350694 0.047578 0.056389
0 0.112305 0.402778 0.029453 0.064444
0 0.980078 0.293403 0.017219 0.028194
0 0.993292 0.295936 0.011031 0.030373
0 0.080078 0.482639 0.031719 0.032222
0 0.043945 0.500000 0.043047 0.072500
0 0.698242 0.381944 0.043047 0.048333
0 0.461914 0.477431 0.043047 0.060417
0 0.742188 0.375000 0.045313 0.040278
0 0.801758 0.262153 0.020391 0.028194
0 0.681641 0.362847 0.022656 0.036250
0 0.161133 0.652778 0.088359 0.112778
