0 0.879883 0.265625 0.029453 0.036250
0 0.385742 0.470486 0.015859 0.068472
0 0.096680 0.296875 0.020391 0.036250
0 0.248047 0.248264 0.013594 0.036250
0 0.598633 0.513889 0.029453 0.040278
0 0.412109 0.397569 0.013594 0.052361
0 0.696289 0.940139 0.106484 0.119722
0 0.359375 0.359375 0.009062 0.044306
0 0.310547 0.298611 0.013594 0.040278
0 0.223633 0.255208 0.011328 0.044306
0 0.375000 0.267361 0.013594 0.032222
0 0.130859 0.272569 0.031719 0.044306
0 0.049805 0.335069 0.029453 0.052361
0 0.318359 0.545139 0.018125 0.072500
0 0.434570 0.477431 0.020391 0.060417
0 0.183594 0.380208 0.049844 0.052361
0 0.338867 0.224877 0.006797 0.014216
0 0.339844 0.238766 0.004531 0.018007
0 0.141602 0.296875 0.015859 0.036250
0 0.113281 0.307292 0.022656 0.052361
0 0.833008 0.251736 0.020391 0.036250
0 0.358398 0.234375 0.006797 0.028194
0 0.386719 0.352431 0.013594 0.052361
0 0.504883 0.527778 0.029453 0.032222
0 0.551758 0.520833 0.020391 0.080556
0 0.473633 0.241319 0.011328 0.028194
0 0.740234 0.329861 0.027187 0.032222
0 0.466797 0.555556 0.027188 0.096667
0 0.336914 0.355903 0.015859 0.044306
0 0.345703 0.696181 0.049844 0.124861
