0 0.958008 0.279514 0.033984 0.036250
0 0.564453 0.324653 0.022656 0.036250
0 0.786133 0.966389 0.043047 0.067222
0 0.280273 0.482639 0.029453 0.072500
0 0.012656 0.432292 0.025313 0.076528
0 0.804688 0.420139 0.099687 0.112778
0 0.006328 0.651042 0.012656 0.076528
0 0.211914 0.529514 0.061172 0.076528
0 0.463867 0.430556 0.047578 0.056389
0 0.183594 0.381944 0.049844 0.048333
0 0.121094 0.605903 0.081562 0.100694
0 0.542969 0.378472 0.045313 0.048333
0 0.623047 0.210069 0.013594 0.028194
0 0.068359 0.435764 0.040781 0.036250
0 0.026367 0.751736 0.052734 0.149028
0 0.789062 0.435764 0.063438 0.076528
0 0.429688 0.401042 0.045312 0.052361
