0 0.427734 0.605903 0.022656 0.100694
0 0.126953 0.380208 0.018125 0.052361
0 0.526367 0.486111 0.020391 0.072500
0 0.387695 0.703125 0.029453 0.108750
0 0.375977 0.407986 0.020391 0.068472
0 0.886719 0.267361 0.031719 0.032222
0 0.743164 0.955139 0.074766 0.089722
0 0.452148 0.957014 0.079297 0.085972
0 0.095703 0.505208 0.022656 0.060417
0 0.295898 0.567708 0.020391 0.084583
0 0.128906 0.520833 0.022656 0.088611
0 0.105469 0.463542 0.018125 0.068472
0 0.196289 0.545139 0.020391 0.072500
0 0.146484 0.296875 0.022656 0.036250
0 0.155273 0.684028 0.024922 0.112778
0 0.055664 0.347222 0.015859 0.048333
0 0.995117 0.975694 0.006797 0.016111
0 0.977539 0.953125 0.024922 0.036250
0 0.923828 0.914931 0.045313 0.092639
0 0.339844 0.656250 0.036250 0.104722
0 0.456055 0.809028 0.056641 0.145000
0 0.514648 0.751736 0.033984 0.124861
0 0.295898 0.484375 0.020391 0.044306
0 0.313477 0.409722 0.020391 0.056389
0 0.361328 0.461806 0.013594 0.056389
0 0.541016 0.579861 0.022656 0.072500
0 0.258789 0.467014 0.020391 0.076528
0 0.273438 0.649306 0.027188 0.088611
0 0.587891 0.654514 0.027187 0.108750
0 0.352539 0.534722 0.020391 0.072500
0 0.371094 0.814236 0.036250 0.140972
0 0.826172 0.923264 0.077031 0.153472
0 0.766602 0.887153 0.056641 0.116806
0 0.183594 0.380208 0.049844 0.052361
0 0.367188 0.604167 0.027188 0.088611
0 0.375977 0.472222 0.020391 0.072500
0 0.119141 0.871528 0.036250 0.153056
0 0.901367 0.973889 0.052109 0.052222
0 0.467773 0.586806 0.024922 0.088611
0 0.389648 0.552083 0.020391 0.096667
0 0.428711 0.541667 0.024922 0.056389
0 0.019531 0.322917 0.036250 0.056389
0 0.502930 0.506944 0.020391 0.056389
0 0.578125 0.817708 0.081562 0.189306
0 0.633789 0.789931 0.079297 0.165139
0 0.424805 0.396875 0.015859 0.026583
0 0.423270 0.420635 0.012299 0.023016
0 0.639648 0.501736 0.020391 0.068472
0 0.276367 0.527778 0.020391 0.072500
0 0.245117 0.711806 0.033984 0.120833
0 0.923828 0.914931 0.045313 0.092639
