0 0.437500 0.326389 0.027188 0.040278
0 0.033203 0.395833 0.022656 0.056389
0 0.278320 0.451389 0.033984 0.072500
0 0.012656 0.420139 0.025313 0.064444
0 0.183594 0.381944 0.049844 0.056389
0 0.302734 0.494792 0.063438 0.076528
0 0.783203 0.437500 0.063438 0.104722
0 0.456055 0.388889 0.043047 0.048333
0 0.085938 0.295139 0.027188 0.040278
0 0.006328 0.513889 0.012656 0.064444
0 0.868164 0.406250 0.056641 0.064444
0 0.189453 0.579861 0.090625 0.104722
0 0.320312 0.423611 0.022656 0.040278
0 0.077148 0.468750 0.065703 0.064444
0 0.555664 0.475694 0.056641 0.064444
0 0.976562 0.309028 0.036250 0.040278
0 0.724609 0.444444 0.072500 0.088611
0 0.458984 0.434028 0.022656 0.032222
0 0.430664 0.437500 0.029453 0.064444
0 0.436523 0.494792 0.056641 0.076528
0 0.135742 0.539931 0.083828 0.084583
