0 0.080078 0.406250 0.031719 0.072500
0 0.436523 0.562500 0.056641 0.080556
0 0.711914 0.421875 0.056641 0.068472
0 0.490234 0.430556 0.049844 0.056389
0 0.054688 0.388889 0.027188 0.072500
0 0.036133 0.477431 0.015859 0.036250
0 0.079102 0.456597 0.029453 0.052361
0 0.112305 0.397569 0.029453 0.084583
0 0.433594 0.303819 0.022656 0.052361
0 0.036133 0.302083 0.015859 0.048333
0 0.006328 0.432292 0.012656 0.068472
0 0.199219 0.467014 0.058906 0.068472
0 0.057617 0.498264 0.079297 0.068472
0 0.318359 0.416667 0.045312 0.040278
0 0.729492 0.758681 0.029453 0.084583
0 0.385742 0.427083 0.043047 0.048333
0 0.736328 0.399306 0.027187 0.048333
0 0.142578 0.392361 0.027187 0.056389
0 0.140625 0.463542 0.063437 0.068472
0 0.917969 0.416667 0.027187 0.040278
0 0.183594 0.380208 0.040781 0.052361
0 0.403320 0.520833 0.033984 0.080556
0 0.030273 0.402778 0.038516 0.080556
0 0.005273 0.855903 0.010547 0.044306
0 0.047852 0.812500 0.056641 0.104722
0 0.777344 0.347222 0.031719 0.048333
0 0.012656 0.319444 0.025313 0.056389
0 0.605469 0.451389 0.054375 0.072500
0 0.983203 0.350694 0.033594 0.088611
0 0.803711 0.416667 0.065703 0.088611
0 0.524414 0.461806 0.056641 0.056389
0 0.063477 0.295139 0.020391 0.048333
0 0.537109 0.307292 0.013594 0.052361
0 0.664062 0.416667 0.049844 0.056389
0 0.490234 0.567708 0.049844 0.092639
