0 0.208984 0.498264 0.022656 0.068472
0 0.101562 0.368056 0.022656 0.048333
0 0.150391 0.649306 0.027187 0.088611
0 0.759766 0.315972 0.022656 0.048333
0 0.467773 0.489583 0.024922 0.088611
0 0.989258 0.250000 0.020391 0.032222
0 0.375977 0.536458 0.029453 0.092639
0 0.791016 0.644097 0.095156 0.084583
0 0.250000 0.489583 0.027188 0.064444
0 0.176758 0.319444 0.020391 0.048333
0 0.396484 0.964514 0.063438 0.070972
0 0.353516 0.960069 0.022656 0.060417
0 0.033203 0.428819 0.022656 0.060417
0 0.142578 0.538194 0.027187 0.056389
0 0.283203 0.555556 0.031719 0.096667
0 0.108398 0.408753 0.020391 0.070252
0 0.124023 0.435764 0.024922 0.068472
0 0.329102 0.583333 0.056641 0.080556
0 0.825195 0.847222 0.115547 0.265833
0 0.430664 0.600694 0.056641 0.088611
0 0.151367 0.380208 0.020391 0.060417
0 0.052734 0.342014 0.022656 0.036250
0 0.289062 0.789931 0.036250 0.132917
0 0.383789 0.758681 0.006797 0.020139
0 0.409180 0.810764 0.047578 0.157083
0 0.202148 0.357639 0.047578 0.040278
0 0.097656 0.296875 0.027188 0.036250
0 0.307617 0.513889 0.020391 0.072500
0 0.222656 0.597222 0.027187 0.120833
0 0.493164 0.572917 0.056641 0.112778
0 0.272461 0.407986 0.020391 0.068472
0 0.083984 0.519097 0.022656 0.084583
0 0.044922 0.279514 0.013594 0.036250
0 0.892578 0.248264 0.027187 0.036250
0 0.960938 0.956597 0.072500 0.084583
0 0.480469 0.859375 0.054375 0.140972
0 0.137695 0.260417 0.015859 0.040278
0 0.027344 0.302083 0.022656 0.048333
0 0.537109 0.987847 0.045313 0.020139
0 0.489258 0.964514 0.033984 0.070972
0 0.665039 0.647569 0.047578 0.116806
0 0.145508 0.821181 0.033984 0.132917
0 0.211914 0.920139 0.056641 0.145000
0 0.576172 0.957014 0.036250 0.085972
