0 0.161133 0.925347 0.043047 0.132917
0 0.280273 0.887153 0.056641 0.149028
0 0.520508 0.557292 0.020391 0.084583
0 0.039062 0.486111 0.022656 0.072500
0 0.823242 0.968264 0.043047 0.063472
0 0.602539 0.555978 0.020391 0.049313
0 0.600135 0.583333 0.019345 0.024167
0 0.893555 0.696181 0.043047 0.124861
0 0.841797 0.656250 0.013594 0.040278
0 0.540039 0.498264 0.020391 0.068472
0 0.208008 0.583333 0.020391 0.088611
0 0.089844 0.628472 0.022656 0.096667
0 0.876953 0.788194 0.049844 0.120833
0 0.833984 0.732639 0.022656 0.072500
0 0.055664 0.784722 0.043047 0.120833
0 0.226562 0.506944 0.018125 0.048333
0 0.196289 0.486111 0.020391 0.072500
0 0.102539 0.366319 0.033984 0.052361
0 0.879883 0.795139 0.043047 0.112778
0 0.198242 0.802083 0.056641 0.120833
0 0.232422 0.623264 0.022656 0.084583
0 0.465820 0.779514 0.052109 0.116806
0 0.135742 0.798611 0.043047 0.104722
0 0.237305 0.468750 0.029453 0.064444
0 0.272461 0.465278 0.020391 0.072500
0 0.275391 0.576389 0.027188 0.064444
0 0.184570 0.380208 0.047578 0.052361
0 0.168945 0.631944 0.029453 0.088611
0 0.284180 0.527778 0.020391 0.064444
0 0.010547 0.644097 0.021094 0.108750
0 0.282227 0.740688 0.043047 0.050896
0 0.136719 0.555556 0.027187 0.088611
0 0.905273 0.416667 0.056641 0.072500
0 0.469727 0.656250 0.033984 0.072500
0 0.893555 0.696181 0.043047 0.124861
0 0.660156 0.753472 0.049844 0.096667
0 0.512695 0.673611 0.029453 0.072500
0 0.137695 0.680556 0.029453 0.088611
0 0.605469 0.668403 0.027187 0.076528
0 0.374023 0.852431 0.043047 0.157083
0 0.585938 0.949653 0.045313 0.100694
0 0.540039 0.942708 0.033984 0.084583
0 0.474609 0.942153 0.072500 0.115694
