0 0.926758 0.361111 0.047578 0.040278
0 0.232480 0.336424 0.464961 0.672847
0 0.453125 0.654514 0.049844 0.116806
0 0.169922 0.777778 0.081562 0.136944
0 0.305664 0.824653 0.043047 0.140972
0 0.581055 0.446181 0.029453 0.060417
0 0.915039 0.286458 0.024922 0.044306
0 0.483398 0.531250 0.033984 0.104722
0 0.771484 0.623264 0.036250 0.140972
0 0.318359 0.961806 0.058906 0.072500
0 0.277344 0.956597 0.022656 0.084583
0 0.060547 0.526042 0.027188 0.092639
0 0.317383 0.538194 0.029453 0.088611
0 0.083984 0.684028 0.049844 0.112778
0 0.335938 0.647569 0.054375 0.116806
0 0.833984 0.911458 0.063438 0.165139
0 0.777344 0.866319 0.049844 0.116806
0 0.558594 0.522569 0.022656 0.052361
0 0.501953 0.447917 0.018125 0.072500
0 0.077148 0.390625 0.020391 0.028194
0 0.043945 0.772569 0.043047 0.116806
0 0.025391 0.435764 0.027188 0.068472
0 0.835938 0.284722 0.027187 0.048333
0 0.259766 0.625000 0.049844 0.104722
0 0.576172 0.819444 0.049844 0.136944
0 0.313477 0.465278 0.020391 0.040278
0 0.282227 0.465278 0.020391 0.064444
0 0.186523 0.380208 0.043047 0.052361
0 0.983203 0.279514 0.033594 0.036250
0 0.574219 0.357639 0.013594 0.048333
0 0.136719 0.517361 0.027187 0.088611
0 0.724609 0.987847 0.031719 0.012083
0 0.665039 0.975694 0.038516 0.048333
0 0.398438 0.513889 0.027188 0.096667
0 0.764648 0.578125 0.052109 0.076528
0 0.091797 0.500000 0.027188 0.072500
0 0.237305 0.538194 0.029453 0.088611
0 0.188477 0.701389 0.038516 0.104722
0 0.527344 0.484375 0.022656 0.076528
0 0.664062 0.975694 0.036250 0.048333
0 0.609375 0.696181 0.063438 0.132917
0 0.174805 0.552083 0.029453 0.048333
0 0.037109 0.592014 0.027188 0.100694
0 0.147461 0.975694 0.056641 0.048333
0 0.097656 0.960069 0.013594 0.052361
0 0.515625 0.593750 0.022656 0.080556
0 0.874023 0.416667 0.043047 0.056389
0 0.025313 0.972222 0.050625 0.048333
0 0.601562 0.588542 0.036250 0.108750
0 0.552734 0.975694 0.049844 0.048333
0 0.507812 0.956597 0.036250 0.084583
0 0.358398 0.446181 0.020391 0.060417
0 0.686523 0.880208 0.101953 0.165139
0 0.376953 0.602431 0.049844 0.084583
0 0.348633 0.793403 0.043047 0.140972
0 0.427734 0.758681 0.036250 0.060417
0 0.399414 0.765625 0.024922 0.108750
0 0.036133 0.324653 0.029453 0.044306
0 0.557617 0.413194 0.020391 0.056389
0 0.540039 0.868056 0.079297 0.193333
0 0.655273 0.656250 0.043047 0.104722
0 0.165039 0.920139 0.052109 0.153056
0 0.124023 0.861111 0.011328 0.032222
0 0.756836 0.350694 0.043047 0.056389
0 0.420898 0.932292 0.006797 0.020139
0 0.408203 0.909722 0.018125 0.048333
0 0.452148 0.901042 0.047578 0.140972
0 0.683594 0.340278 0.036250 0.040278
0 0.293945 0.581597 0.043047 0.084583
0 0.919922 0.421875 0.022656 0.036250
0 0.983398 0.383681 0.020391 0.020139
0 0.705078 0.524306 0.040781 0.088611
