0 0.270508 0.562500 0.024922 0.104722
0 0.643555 0.519097 0.029453 0.092639
0 0.443359 0.397569 0.013594 0.060417
0 0.026367 0.446181 0.020391 0.060417
0 0.237305 0.437500 0.015859 0.064444
0 0.724609 0.850694 0.045313 0.153056
0 0.681641 0.815607 0.036250 0.119985
0 0.484375 0.574653 0.036250 0.100694
0 0.873047 0.897014 0.113281 0.205972
0 0.331055 0.602431 0.029453 0.084583
0 0.270508 0.491319 0.024922 0.052361
0 0.411133 0.873264 0.074766 0.149028
0 0.130859 0.619792 0.031719 0.108750
0 0.292969 0.659722 0.027188 0.096667
0 0.398438 0.677083 0.031719 0.120833
0 0.170898 0.439236 0.020391 0.068472
0 0.086914 0.375000 0.015859 0.064444
0 0.901367 0.774306 0.033984 0.088611
0 0.852539 0.762153 0.033984 0.100694
0 0.100586 0.739583 0.056641 0.128889
0 0.308594 0.482639 0.022656 0.072500
0 0.127930 0.467014 0.020391 0.076528
0 0.798828 0.957014 0.140469 0.085972
0 0.804688 0.772569 0.072500 0.116806
0 0.673828 0.704167 0.058906 0.106333
0 0.006328 0.522569 0.012656 0.060417
0 0.249023 0.640625 0.029453 0.108750
0 0.511719 0.503472 0.027187 0.088611
0 0.012695 0.244549 0.020391 0.489097
0 0.045898 0.467014 0.020391 0.060417
0 0.607422 0.664931 0.063438 0.092639
0 0.367188 0.579861 0.027188 0.112778
0 0.933594 0.871528 0.108750 0.153056
0 0.345703 0.482639 0.022656 0.072500
0 0.154297 0.524306 0.027187 0.088611
0 0.062500 0.515625 0.027188 0.068472
0 0.098633 0.888889 0.043047 0.177222
0 0.530273 0.692708 0.070234 0.132917
0 0.961914 0.809028 0.056641 0.136944
0 0.741211 0.798611 0.052109 0.145000
0 0.174805 0.694444 0.043047 0.128889
0 0.358398 0.800347 0.033984 0.157083
0 0.474609 0.819444 0.072500 0.136944
0 0.458008 0.663194 0.065703 0.153056
0 0.576172 0.598958 0.049844 0.084583
0 0.602539 0.803819 0.079297 0.165139
0 0.749023 0.696181 0.043047 0.124861
0 0.548828 0.958333 0.072500 0.080556
0 0.481445 0.957014 0.052109 0.085972
0 0.220703 0.562500 0.022656 0.080556
0 0.213867 0.772569 0.033984 0.124861
0 0.301758 0.418403 0.020391 0.044306
