0 0.362305 0.347222 0.015859 0.048333
0 0.247070 0.357639 0.020391 0.040278
0 0.094727 0.262153 0.033984 0.036250
0 0.989258 0.260417 0.020391 0.056389
0 0.798828 0.380208 0.027187 0.060417
0 0.971602 0.862847 0.056797 0.157083
0 0.924805 0.815972 0.056641 0.120833
0 0.153320 0.279514 0.020391 0.036250
0 0.280273 0.253472 0.011328 0.024167
0 0.139648 0.262153 0.020391 0.036250
0 0.877930 0.246528 0.024922 0.032222
0 0.426758 0.795139 0.052109 0.145000
0 0.244531 0.388924 0.489063 0.777847
0 0.108398 0.439236 0.020391 0.068472
0 0.319336 0.329861 0.006797 0.040278
0 0.885742 0.362847 0.056641 0.060417
0 0.714844 0.336806 0.036250 0.048333
0 0.906250 0.423611 0.054375 0.056389
0 0.351562 0.265625 0.009062 0.036250
0 0.935547 0.335069 0.045313 0.052361
0 0.838867 0.406250 0.065703 0.072500
0 0.264648 0.352431 0.011328 0.020139
0 0.263672 0.369792 0.009062 0.020139
0 0.349609 0.302083 0.013594 0.048333
0 0.372070 0.258681 0.006797 0.036250
0 0.844727 0.262153 0.020391 0.028194
0 0.770508 0.350694 0.038516 0.088611
0 0.792969 0.251736 0.027187 0.036250
0 0.261719 0.269097 0.013594 0.020139
