0 0.551758 0.319444 0.020391 0.048333
0 0.105469 0.350694 0.018125 0.056389
0 0.357422 0.319444 0.022656 0.048333
0 0.068359 0.303819 0.027188 0.052361
0 0.563477 0.364583 0.020391 0.056389
0 0.149414 0.281250 0.015859 0.032222
0 0.149414 0.378472 0.015859 0.048333
0 0.802734 0.718750 0.022656 0.072500
0 0.841797 0.718750 0.040781 0.104722
0 0.369141 0.265625 0.013594 0.036250
0 0.006328 0.848958 0.012656 0.100694
0 0.045898 0.295139 0.020391 0.040278
0 0.839844 0.630208 0.009062 0.020139
0 0.865234 0.664931 0.049844 0.124861
0 0.414062 0.670139 0.036250 0.145000
0 0.264648 0.642361 0.020391 0.104722
0 0.458008 0.781250 0.038516 0.072500
0 0.238809 0.403924 0.477617 0.807847
0 0.143555 0.633681 0.029453 0.092639
0 0.311523 0.319444 0.015859 0.048333
0 0.114258 0.293403 0.024922 0.036250
0 0.183594 0.381944 0.049844 0.048333
0 0.315430 0.472222 0.020391 0.072500
0 0.750000 0.413194 0.045313 0.056389
0 0.227539 0.482639 0.020391 0.072500
0 0.242188 0.576389 0.027188 0.096667
0 0.408203 0.968264 0.067969 0.063472
0 0.287109 0.317708 0.013594 0.044306
0 0.321289 0.605903 0.020391 0.100694
0 0.327148 0.319444 0.020391 0.056389
0 0.183594 0.980903 0.040781 0.028194
0 0.208008 0.946181 0.006797 0.020139
0 0.743164 0.597222 0.015859 0.048333
0 0.746094 0.645833 0.081562 0.169167
0 0.345703 0.390625 0.022656 0.068472
0 0.398438 0.560764 0.027188 0.084583
0 0.438477 0.895833 0.006797 0.048333
0 0.466797 0.925139 0.045312 0.149722
0 0.677734 0.559028 0.022656 0.040278
0 0.203125 0.796875 0.036250 0.140972
0 0.691406 0.335069 0.040781 0.052361
0 0.733398 0.241319 0.020391 0.028194
0 0.272461 0.427083 0.020391 0.064444
0 0.289062 0.909722 0.049844 0.161111
0 0.311523 0.819444 0.011328 0.016111
0 0.755859 0.543403 0.027187 0.044306
