0 0.792969 0.253472 0.027187 0.024167
0 0.514648 0.272569 0.006797 0.044306
0 0.183594 0.380208 0.049844 0.052361
0 0.368164 0.218750 0.011328 0.032222
0 0.337891 0.288194 0.013594 0.048333
0 0.985313 0.421875 0.029375 0.076528
0 0.293945 0.508681 0.015859 0.084583
0 0.396484 0.911458 0.063438 0.157083
0 0.365234 0.843750 0.022656 0.112778
0 0.227539 0.602431 0.020391 0.092639
0 0.292969 0.397569 0.013594 0.052361
0 0.267578 0.373264 0.027188 0.060417
0 0.058594 0.288194 0.022656 0.048333
0 0.915039 0.420139 0.038516 0.064444
0 0.275391 0.296875 0.013594 0.036250
0 0.357422 0.222222 0.009062 0.024167
0 0.926758 0.265625 0.020391 0.036250
0 0.387695 0.286458 0.015859 0.028194
0 0.358398 0.335069 0.020391 0.052361
0 0.364258 0.449653 0.020391 0.068472
0 0.461914 0.251736 0.011328 0.036250
0 0.754883 0.243056 0.015859 0.024167
