0 0.251953 0.348958 0.022656 0.044306
0 0.371094 0.473958 0.018125 0.060417
0 0.122070 0.423611 0.020391 0.056389
0 0.133789 0.281250 0.020391 0.040278
0 0.985313 0.949514 0.029375 0.100972
0 0.436523 0.718750 0.029453 0.064444
0 0.199219 0.472222 0.027187 0.072500
0 0.280273 0.342014 0.015859 0.036250
0 0.306641 0.357639 0.013594 0.040278
0 0.183594 0.380208 0.049844 0.052361
0 0.542969 0.923264 0.045313 0.153472
0 0.558594 0.845486 0.009062 0.020139
0 0.502930 0.881944 0.024922 0.128889
0 0.387695 0.394097 0.015859 0.060417
0 0.439453 0.866319 0.036250 0.165139
0 0.398438 0.340278 0.013594 0.064444
