0 0.430664 0.652778 0.029453 0.104722
0 0.203125 0.437500 0.022656 0.072500
0 0.052734 0.348958 0.036250 0.052361
0 0.706055 0.239583 0.029453 0.024167
0 0.142578 0.277778 0.018125 0.040278
0 0.413086 0.579861 0.020391 0.104722
0 0.522461 0.843750 0.079297 0.104722
0 0.429688 0.968264 0.072500 0.063472
0 0.463867 0.937500 0.006797 0.008056
0 0.401367 0.927083 0.020391 0.056389
0 0.251953 0.446181 0.022656 0.060417
0 0.096680 0.473958 0.020391 0.084583
0 0.388672 0.611111 0.022656 0.104722
0 0.114258 0.359375 0.020391 0.044306
0 0.687500 0.694444 0.086094 0.088611
0 0.310547 0.286458 0.013594 0.028194
0 0.096680 0.760417 0.033984 0.128889
0 0.585938 0.843750 0.054375 0.145000
0 0.250977 0.371528 0.020391 0.040278
0 0.370117 0.559028 0.020391 0.080556
0 0.010547 0.333333 0.021094 0.048333
0 0.234375 0.821181 0.036250 0.157083
0 0.808594 0.262153 0.022656 0.028194
0 0.227539 0.486111 0.020391 0.088611
0 0.413086 0.864583 0.070234 0.088611
0 0.466797 0.718750 0.040781 0.145000
0 0.330078 0.335069 0.013594 0.052361
0 0.224609 0.623264 0.027187 0.108750
0 0.030273 0.342014 0.029453 0.060417
0 0.121094 0.302083 0.022656 0.048333
0 0.543945 0.956597 0.088359 0.084583
0 0.157227 0.350694 0.020391 0.056389
0 0.248047 0.552083 0.027188 0.096667
0 0.432617 0.482639 0.020391 0.072500
0 0.298828 0.340278 0.013594 0.032222
0 0.271484 0.385417 0.022656 0.056389
0 0.083984 0.347222 0.036250 0.048333
0 0.850586 0.265625 0.020391 0.036250
0 0.474609 0.633681 0.027188 0.092639
0 0.018984 0.932778 0.037969 0.134444
0 0.283203 0.289931 0.009062 0.044306
0 0.989258 0.289931 0.020391 0.036250
0 0.544922 0.711806 0.049844 0.096667
0 0.354492 0.380208 0.015859 0.052361
0 0.388672 0.460069 0.022656 0.092639
0 0.327148 0.914931 0.006797 0.012083
0 0.337891 0.855903 0.058906 0.116806
0 0.412109 0.743056 0.040781 0.056389
0 0.489258 0.392361 0.020391 0.040278
0 0.593750 0.697917 0.058906 0.112778
0 0.151367 0.951389 0.047578 0.096667
0 0.689453 0.555556 0.049844 0.088611
0 0.425938 0.213472 0.851875 0.426944
