0 0.254883 0.548611 0.056641 0.088611
0 0.462891 0.366319 0.027188 0.052361
0 0.012656 0.407986 0.025313 0.052361
0 0.183594 0.413194 0.063437 0.056389
0 0.726562 0.562500 0.036250 0.072500
0 0.127930 0.284722 0.020391 0.048333
0 0.393555 0.442708 0.043047 0.116806
0 0.080078 0.517361 0.058906 0.104722
0 0.335938 0.465278 0.040781 0.072500
0 0.140625 0.468750 0.072500 0.072500
0 0.105469 0.397569 0.027188 0.052361
0 0.042969 0.467014 0.058906 0.068472
0 0.500977 0.376736 0.052109 0.068472
0 0.436523 0.380208 0.043047 0.052361
0 0.588867 0.685764 0.047578 0.108750
0 0.557617 0.661458 0.020391 0.084583
