0 0.542969 0.684028 0.027187 0.064444
0 0.503906 0.692708 0.036250 0.092639
0 0.042969 0.329861 0.027188 0.056389
0 0.006328 0.319444 0.012656 0.056389
0 0.983203 0.286458 0.033594 0.044306
0 0.444336 0.602431 0.043047 0.092639
0 0.930664 0.955139 0.056641 0.089722
0 0.851562 0.934653 0.063438 0.130694
0 0.305664 0.942014 0.097422 0.115972
0 0.125977 0.508681 0.038516 0.092639
0 0.177734 0.319444 0.022656 0.056389
0 0.267578 0.586806 0.040781 0.120833
0 0.173828 0.496528 0.058906 0.080556
0 0.790039 0.847222 0.065703 0.161111
0 0.736328 0.791667 0.054375 0.177222
0 0.699219 0.845486 0.072500 0.149028
0 0.060547 0.484375 0.027188 0.076528
0 0.139648 0.317708 0.020391 0.052361
0 0.327148 0.548611 0.065703 0.112778
0 0.069336 0.375000 0.015859 0.064444
0 0.324219 0.810764 0.054375 0.157083
0 0.460938 0.720486 0.072500 0.140972
0 0.620117 0.809028 0.079297 0.104722
0 0.183594 0.380208 0.049844 0.052361
0 0.314453 0.418403 0.018125 0.068472
0 0.339844 0.446181 0.022656 0.084583
0 0.071289 0.456597 0.020391 0.084583
0 0.108398 0.305556 0.024922 0.048333
0 0.325195 0.656250 0.020391 0.072500
0 0.358398 0.656250 0.038516 0.112778
0 0.103516 0.383681 0.022656 0.052361
0 0.677734 0.923403 0.122344 0.153194
0 0.290039 0.435764 0.020391 0.068472
0 0.147461 0.376736 0.020391 0.076528
0 0.155273 0.616319 0.029453 0.092639
0 0.264648 0.454861 0.020391 0.056389
0 0.851562 0.934653 0.063438 0.130694
0 0.114258 0.434028 0.020391 0.040278
0 0.098633 0.618056 0.029453 0.088611
0 0.140625 0.784722 0.081562 0.193333
0 0.544922 0.805556 0.095156 0.161111
0 0.622070 0.949514 0.106484 0.100972
0 0.059570 0.310764 0.029453 0.036250
0 0.484375 0.545139 0.036250 0.072500
0 0.449219 0.876736 0.086094 0.181250
0 0.171875 0.909722 0.063437 0.169167
0 0.638672 0.694444 0.063438 0.088611
0 0.203125 0.598958 0.036250 0.092639
