0 0.873047 0.265625 0.027187 0.036250
0 0.136719 0.480903 0.040781 0.076528
0 0.788086 0.251736 0.024922 0.036250
0 0.398438 0.642361 0.072500 0.112778
0 0.710938 0.383681 0.027187 0.052361
0 0.962891 0.348958 0.058906 0.052361
0 0.343750 0.416667 0.045312 0.056389
0 0.051758 0.480903 0.047578 0.068472
0 0.509766 0.373264 0.022656 0.036250
0 0.321289 0.520833 0.033984 0.088611
0 0.609375 0.475694 0.036250 0.064444
0 0.690430 0.392361 0.020391 0.040278
0 0.298828 0.461806 0.031719 0.048333
0 0.906250 0.425347 0.058906 0.052361
0 0.007324 0.290347 0.003398 0.580694
0 0.029531 0.550347 0.059063 0.108750
0 0.811523 0.256944 0.029453 0.048333
0 0.517578 0.447917 0.027187 0.056389
0 0.556641 0.486111 0.045313 0.072500
0 0.390625 0.387153 0.036250 0.044306
0 0.548828 0.303819 0.013594 0.052361
0 0.476562 0.574653 0.063438 0.108750
0 0.726562 0.239583 0.018125 0.024167
