0 0.389648 0.310764 0.020391 0.060417
0 0.020508 0.414931 0.024922 0.060417
0 0.723633 0.395833 0.056641 0.056389
0 0.511719 0.303819 0.013594 0.052361
0 0.089844 0.406250 0.031719 0.080556
0 0.124023 0.399306 0.029453 0.072500
0 0.807617 0.414931 0.038516 0.052361
0 0.111328 0.286458 0.027188 0.044306
0 0.009492 0.420139 0.018984 0.072500
0 0.912109 0.369792 0.027187 0.052361
0 0.208984 0.593750 0.077031 0.040278
0 0.498047 0.380208 0.031719 0.060417
0 0.183594 0.500000 0.063437 0.064444
0 0.115234 0.588542 0.090625 0.092639
0 0.238281 0.498264 0.072500 0.068472
0 0.157227 0.401042 0.020391 0.068472
0 0.692383 0.368056 0.043047 0.048333
0 0.431641 0.310764 0.013594 0.044306
0 0.049805 0.420139 0.043047 0.072500
0 0.040078 0.706597 0.080156 0.132917
0 0.936523 0.279514 0.029453 0.036250
0 0.865234 0.265625 0.022656 0.036250
0 0.326172 0.576389 0.077031 0.104722
0 0.830078 0.265625 0.027187 0.036250
0 0.185547 0.383681 0.045312 0.052361
0 0.776367 0.392361 0.047578 0.040278
