0 0.101562 0.298611 0.022656 0.040278
0 0.824219 0.376736 0.027187 0.036250
0 0.795898 0.376736 0.020391 0.052361
0 0.681641 0.889653 0.086094 0.220694
0 0.256836 0.512153 0.015859 0.076528
0 0.374023 0.588542 0.024922 0.092639
0 0.209277 0.293299 0.418555 0.586597
0 0.405273 0.552083 0.024922 0.088611
0 0.480469 0.557292 0.040781 0.076528
0 0.304688 0.342014 0.013594 0.036250
0 0.333984 0.442708 0.018125 0.052361
0 0.138672 0.258681 0.022656 0.036250
0 0.375000 0.720486 0.031719 0.140972
0 0.486328 0.699653 0.045313 0.116806
0 0.453125 0.826389 0.036250 0.145000
0 0.309570 0.730903 0.038516 0.149028
0 0.989258 0.255208 0.020391 0.044306
0 0.313477 0.519097 0.020391 0.084583
0 0.263672 0.329861 0.022656 0.040278
0 0.336914 0.225694 0.011328 0.024167
0 0.237305 0.343750 0.029453 0.072500
0 0.855469 0.265625 0.027187 0.036250
0 0.516602 0.640625 0.029453 0.108750
0 0.364258 0.479167 0.020391 0.088611
0 0.561523 0.795139 0.056641 0.145000
0 0.455078 0.399306 0.013594 0.056389
0 0.315430 0.748264 0.024922 0.108750
0 0.801758 0.265625 0.020391 0.036250
0 0.770508 0.343750 0.038516 0.072500
0 0.895508 0.272569 0.038516 0.052361
