0 0.599609 0.309028 0.013594 0.040278
0 0.730469 0.397569 0.054375 0.052361
0 0.936523 0.373264 0.043047 0.060417
0 0.065430 0.413194 0.033984 0.056389
0 0.274414 0.494792 0.070234 0.076528
0 0.012656 0.416667 0.025313 0.072500
0 0.973633 0.373264 0.043047 0.036250
0 0.331055 0.444444 0.056641 0.056389
0 0.964844 0.267361 0.022656 0.040278
0 0.146484 0.394097 0.022656 0.052361
0 0.044922 0.413194 0.022656 0.056389
0 0.883789 0.390625 0.065703 0.068472
0 0.639648 0.406250 0.033984 0.064444
0 0.088867 0.406250 0.020391 0.072500
0 0.677734 0.392361 0.049844 0.056389
0 0.208008 0.538194 0.079297 0.088611
0 0.246094 0.475694 0.049844 0.064444
