0 0.916016 0.293403 0.031719 0.028194
0 0.284180 0.782986 0.033984 0.140972
0 0.092773 0.312500 0.015859 0.040278
0 0.824219 0.263889 0.018125 0.032222
0 0.724609 0.703125 0.086094 0.173194
0 0.334961 0.578125 0.029453 0.108750
0 0.834961 0.966389 0.038516 0.067222
0 0.779297 0.956597 0.058906 0.084583
0 0.882812 0.664931 0.049844 0.084583
0 0.083008 0.546875 0.020391 0.076528
0 0.289062 0.611111 0.022656 0.104722
0 0.219727 0.437500 0.020391 0.072500
0 0.581055 0.826389 0.043047 0.145000
0 0.545898 0.782986 0.020391 0.108750
0 0.145508 0.803819 0.038516 0.132917
0 0.271484 0.522569 0.022656 0.052361
0 0.183594 0.381944 0.049844 0.048333
0 0.317383 0.687500 0.029453 0.112778
0 0.160156 0.607639 0.027187 0.104722
0 0.075781 0.302674 0.151562 0.605347
0 0.295898 0.510417 0.020391 0.072500
0 0.102539 0.460069 0.020391 0.052361
0 0.234375 0.482639 0.022656 0.072500
0 0.220703 0.685764 0.031719 0.132917
0 0.346680 0.940139 0.038516 0.119722
0 0.211914 0.578125 0.029453 0.068472
0 0.985313 0.774306 0.029375 0.120833
0 0.660156 0.725694 0.072500 0.128889
0 0.733398 0.966389 0.079297 0.067222
0 0.050781 0.317708 0.022656 0.052361
0 0.666016 0.921528 0.081562 0.156944
0 0.167969 0.951389 0.054375 0.097222
0 0.143555 0.914931 0.011328 0.012083
0 0.196289 0.895833 0.006797 0.016111
0 0.251953 0.590278 0.022656 0.104722
