0 0.815430 0.395833 0.065703 0.056389
0 0.159180 0.440972 0.020391 0.072500
0 0.611328 0.446181 0.013594 0.060417
0 0.362305 0.741319 0.070234 0.124861
0 0.100586 0.486111 0.029453 0.072500
0 0.024414 0.427083 0.015859 0.056389
0 0.389648 0.501736 0.020391 0.068472
0 0.879883 0.265625 0.029453 0.036250
0 0.160156 0.345486 0.013594 0.052361
0 0.293945 0.888889 0.074766 0.145000
0 0.048828 0.506944 0.027188 0.088611
0 0.124023 0.560764 0.043047 0.084583
0 0.777344 0.750000 0.095156 0.112778
0 0.561523 0.572917 0.029453 0.072500
0 0.130859 0.357639 0.013594 0.040278
0 0.061523 0.750000 0.029453 0.145000
0 0.133789 0.421875 0.020391 0.068472
0 0.319336 0.560764 0.033984 0.068472
0 0.045898 0.404514 0.020391 0.068472
0 0.934570 0.807292 0.106484 0.092639
0 0.845703 0.267361 0.031719 0.032222
0 0.511719 0.750000 0.045313 0.136944
0 0.446289 0.932778 0.092891 0.134444
0 0.271484 0.515625 0.018125 0.068472
0 0.417969 0.467014 0.013594 0.060417
0 0.292969 0.597222 0.045312 0.088611
0 0.114258 0.444444 0.020391 0.056389
0 0.804688 0.949653 0.040781 0.100694
0 0.747070 0.949653 0.052109 0.100694
0 0.626953 0.366319 0.009062 0.052361
0 0.257812 0.654514 0.036250 0.108750
0 0.850586 0.925278 0.065703 0.149444
0 0.273438 0.383681 0.018125 0.052361
0 0.333984 0.458333 0.018125 0.080556
0 0.095703 0.616319 0.036250 0.092639
0 0.055664 0.928889 0.088359 0.142222
0 0.027344 0.866319 0.009063 0.012083
0 0.022461 0.303819 0.020391 0.044306
0 0.965273 0.911458 0.069453 0.157083
0 0.545898 0.711806 0.033984 0.120833
0 0.683594 0.803819 0.095156 0.165139
0 0.568359 0.932639 0.058906 0.134722
0 0.515625 0.909722 0.036250 0.120833
0 0.173828 0.555556 0.027187 0.088611
0 0.615234 0.743056 0.036250 0.072500
0 0.580078 0.748264 0.027187 0.108750
0 0.322266 0.784722 0.049844 0.128889
0 0.287109 0.736111 0.013594 0.032222
0 0.452148 0.763889 0.033984 0.120833
0 0.099609 0.359375 0.013594 0.036250
0 0.589844 0.862847 0.022656 0.060417
0 0.638672 0.890625 0.081562 0.181250
0 0.239258 0.802083 0.038516 0.120833
0 0.740234 0.498264 0.036250 0.060417
0 0.601562 0.552083 0.022656 0.096667
0 0.203125 0.508681 0.022656 0.084583
0 0.185547 0.855903 0.013594 0.044306
0 0.088438 0.447049 0.176875 0.894097
0 0.210938 0.855903 0.045312 0.140972
0 0.677734 0.675347 0.054375 0.108750
0 0.208008 0.680556 0.065703 0.080556
