0 0.770508 0.248264 0.024922 0.036250
0 0.421875 0.359375 0.036250 0.036250
0 0.724609 0.375000 0.054375 0.064444
0 0.051758 0.404514 0.024922 0.068472
0 0.180664 0.348958 0.015859 0.060417
0 0.205078 0.467014 0.058906 0.060417
0 0.249023 0.434028 0.043047 0.064444
0 0.105469 0.390625 0.027188 0.068472
0 0.639648 0.413194 0.052109 0.064444
0 0.557617 0.397569 0.033984 0.052361
0 0.673828 0.440972 0.054375 0.072500
0 0.030273 0.295139 0.015859 0.040278
0 0.155273 0.437500 0.056641 0.064444
0 0.586914 0.380208 0.043047 0.052361
