0 0.470703 0.319444 0.009062 0.048333
0 0.717773 0.236111 0.029453 0.032222
0 0.029297 0.333333 0.027188 0.048333
0 0.314453 0.453125 0.018125 0.068472
0 0.183594 0.378472 0.049844 0.048333
0 0.348633 0.425347 0.015859 0.060417
0 0.389648 0.220486 0.006797 0.020139
0 0.087891 0.286458 0.022656 0.044306
0 0.284180 0.842014 0.033984 0.149028
0 0.526367 0.972014 0.061172 0.055972
0 0.505859 0.920139 0.013594 0.040278
0 0.199219 0.717014 0.027187 0.108750
0 0.279297 0.291667 0.013594 0.032222
0 0.345703 0.336806 0.018125 0.048333
0 0.280273 0.397569 0.015859 0.052361
0 0.352539 0.230903 0.006797 0.028194
0 0.879883 0.262153 0.029453 0.028194
0 0.423828 0.887153 0.058906 0.149028
0 0.527344 0.973889 0.063438 0.052222
0 0.355469 0.621528 0.027188 0.104722
0 0.382812 0.237847 0.009062 0.020139
0 0.778320 0.243056 0.020391 0.024167
0 0.743164 0.329861 0.029453 0.040278
