0 0.136719 0.765625 0.045312 0.108750
0 0.077148 0.404514 0.020391 0.068472
0 0.351504 0.475972 0.703008 0.951944
0 0.602539 0.881944 0.052109 0.128889
0 0.653320 0.835069 0.033984 0.124861
0 0.185547 0.467014 0.018125 0.068472
0 0.048828 0.545139 0.027188 0.072500
0 0.165039 0.477431 0.020391 0.052361
0 0.254883 0.645833 0.029453 0.096667
0 0.129883 0.310764 0.015859 0.036250
0 0.029297 0.602431 0.027188 0.052361
0 0.047852 0.340278 0.029453 0.040278
0 0.075195 0.685764 0.029453 0.076528
0 0.065430 0.592014 0.024922 0.060417
0 0.104492 0.303819 0.024922 0.052361
0 0.118164 0.560764 0.029453 0.100694
0 0.690430 0.989583 0.020391 0.008056
0 0.644531 0.932639 0.063438 0.134722
0 0.130859 0.347222 0.013594 0.056389
0 0.629883 0.614583 0.029453 0.064444
0 0.183594 0.383681 0.049844 0.052361
0 0.102539 0.380208 0.020391 0.052361
0 0.089844 0.491319 0.031719 0.084583
0 0.080078 0.296875 0.027188 0.036250
0 0.173828 0.319444 0.027187 0.056389
0 0.094727 0.637153 0.033984 0.100694
0 0.142578 0.286458 0.013594 0.052361
0 0.224609 0.814236 0.045312 0.140972
0 0.278320 0.769097 0.033984 0.052361
0 0.304648 0.484271 0.609297 0.968542
0 0.538086 0.897014 0.138203 0.205972
0 0.551758 0.964514 0.111016 0.070972
0 0.189453 0.871528 0.036250 0.153056
