0 0.702148 0.932639 0.092891 0.134722
0 0.105469 0.279514 0.027188 0.036250
0 0.794922 0.260417 0.022656 0.040278
0 0.560547 0.364583 0.013594 0.056389
0 0.064453 0.439236 0.022656 0.052361
0 0.240234 0.515625 0.022656 0.076528
0 0.227539 0.388889 0.020391 0.072500
0 0.077148 0.343750 0.020391 0.064444
0 0.506836 0.826389 0.092891 0.185278
0 0.497070 0.701389 0.020391 0.024167
0 0.214844 0.435764 0.022656 0.068472
0 0.217773 0.753472 0.029453 0.128889
0 0.047852 0.520833 0.029453 0.064444
0 0.237305 0.690972 0.029453 0.120833
0 0.181641 0.380208 0.045312 0.052361
0 0.187500 0.597222 0.027187 0.088611
0 0.618164 0.633681 0.029453 0.052361
0 0.592773 0.637153 0.015859 0.068472
0 0.007383 0.569444 0.014766 0.088611
0 0.133789 0.569444 0.020391 0.088611
0 0.279297 0.945764 0.040781 0.108472
0 0.261719 0.368056 0.013594 0.048333
0 0.255859 0.284722 0.013594 0.048333
0 0.058594 0.586806 0.022656 0.088611
0 0.059570 0.791534 0.038516 0.104415
0 0.049805 0.288194 0.029453 0.048333
0 0.833984 0.258681 0.022656 0.036250
0 0.514648 0.545139 0.033984 0.072500
0 0.626953 0.930903 0.040781 0.138194
0 0.577148 0.887153 0.020391 0.068472
0 0.388672 0.616319 0.022656 0.116806
0 0.231445 0.336806 0.015859 0.048333
0 0.426758 0.701389 0.024922 0.064444
0 0.467773 0.657986 0.029453 0.076528
0 0.605469 0.979167 0.045313 0.032222
0 0.573242 0.951389 0.029453 0.097222
0 0.581055 0.802083 0.043047 0.128889
0 0.112305 0.708333 0.029453 0.120833
0 0.548828 0.602431 0.027187 0.084583
0 0.189453 0.843750 0.036250 0.145000
0 0.992188 0.430556 0.013594 0.056389
