0 0.246094 0.972014 0.054375 0.055972
0 0.052734 0.312500 0.022656 0.040278
0 0.399414 0.397569 0.015859 0.044306
0 0.358398 0.272569 0.006797 0.028194
0 0.423828 0.902778 0.040781 0.153056
0 0.074219 0.335069 0.040781 0.052361
0 0.308594 0.355903 0.022656 0.044306
0 0.248047 0.262153 0.013594 0.028194
0 0.759766 0.833333 0.095156 0.193333
0 0.081055 0.296875 0.024922 0.036250
0 0.020508 0.368056 0.033984 0.056389
0 0.281250 0.300347 0.013594 0.036250
0 0.287109 0.385417 0.013594 0.056389
0 0.820312 0.763889 0.081562 0.120833
0 0.315430 0.555556 0.020391 0.096667
0 0.448242 0.635417 0.029453 0.112778
0 0.292969 0.428819 0.013594 0.052361
0 0.496094 0.715278 0.049844 0.112778
0 0.227539 0.569444 0.020391 0.088611
0 0.342773 0.397569 0.015859 0.060417
0 0.149414 0.284722 0.024922 0.048333
0 0.133789 0.321181 0.033984 0.052361
0 0.183594 0.378472 0.049844 0.048333
0 0.336914 0.333333 0.015859 0.048333
0 0.736328 0.687500 0.072500 0.145000
0 0.112305 0.298611 0.024922 0.040278
0 0.233398 0.486111 0.024922 0.056389
0 0.526367 0.451389 0.020391 0.040278
0 0.305664 0.310764 0.015859 0.036250
0 0.224609 0.265625 0.013594 0.036250
0 0.331055 0.267361 0.011328 0.040278
0 0.167969 0.315972 0.027187 0.048333
0 0.033203 0.291667 0.022656 0.032222
0 0.459961 0.508681 0.020391 0.084583
0 0.398438 0.482639 0.013594 0.072500
0 0.380859 0.362847 0.013594 0.052361
0 0.266602 0.267361 0.015859 0.032222
0 0.436523 0.789931 0.029453 0.132917
0 0.415039 0.529514 0.020391 0.076528
0 0.633789 0.848958 0.092891 0.189306
0 0.400391 0.326389 0.013594 0.040278
0 0.654297 0.694444 0.040781 0.128889
0 0.349609 0.293403 0.013594 0.036250
0 0.237305 0.753472 0.029453 0.128889
0 0.321289 0.230903 0.006797 0.028194
