0 0.123047 0.461806 0.031719 0.072500
0 0.029297 0.425347 0.027188 0.052361
0 0.970703 0.265625 0.036250 0.036250
0 0.871094 0.715278 0.022656 0.064444
0 0.812500 0.718750 0.027187 0.080556
0 0.177734 0.383681 0.036250 0.052361
0 0.489258 0.957014 0.047578 0.085972
0 0.430664 0.914931 0.029453 0.036250
0 0.271484 0.411458 0.022656 0.052361
0 0.070312 0.461806 0.049844 0.056389
0 0.976562 0.892361 0.036250 0.088611
0 0.565430 0.718750 0.052109 0.153056
0 0.037109 0.513889 0.072500 0.072500
0 0.433594 0.447917 0.036250 0.072500
0 0.289062 0.434028 0.049844 0.072500
0 0.333984 0.479167 0.036250 0.072500
0 0.147461 0.470486 0.065703 0.076528
0 0.003164 0.432292 0.006328 0.036250
0 0.198242 0.501736 0.056641 0.076528
0 0.632812 0.638889 0.036250 0.072500
0 0.877930 0.868056 0.124609 0.193333
0 0.617188 0.904514 0.040781 0.060417
0 0.677734 0.897569 0.022656 0.052361
0 0.356934 0.471424 0.713867 0.942847
0 0.089844 0.637153 0.077031 0.116806
0 0.489258 0.956597 0.047578 0.084583
0 0.765625 0.699653 0.036250 0.116806
