0 0.490234 0.413194 0.036250 0.056389
0 0.028320 0.342014 0.033984 0.044306
0 0.003164 0.361111 0.006328 0.040278
0 0.080078 0.453125 0.067969 0.068472
0 0.444336 0.473958 0.029453 0.084583
0 0.848633 0.956597 0.056641 0.084583
0 0.786133 0.904653 0.056641 0.190694
0 0.547852 0.413194 0.043047 0.048333
0 0.345703 0.366319 0.036250 0.052361
0 0.053711 0.324653 0.015859 0.044306
0 0.258789 0.404514 0.047578 0.076528
0 0.539062 0.694444 0.036250 0.136944
0 0.040078 0.486111 0.080156 0.104722
0 0.333984 0.493056 0.049844 0.128889
0 0.720703 0.930903 0.095156 0.138194
0 0.729492 0.835069 0.011328 0.020139
0 0.710938 0.867153 0.113281 0.265694
0 0.624023 0.758681 0.043047 0.132917
0 0.589844 0.732639 0.022656 0.080556
0 0.388672 0.467014 0.036250 0.060417
0 0.696289 0.812500 0.079297 0.145000
0 0.318359 0.421875 0.018125 0.036250
0 0.287109 0.437500 0.045312 0.072500
0 0.157227 0.578125 0.065703 0.108750
