0 0.098633 0.381944 0.029453 0.064444
0 0.264648 0.496528 0.065703 0.072500
0 0.080078 0.383681 0.027188 0.060417
0 0.159180 0.366319 0.020391 0.060417
0 0.683594 0.437500 0.018125 0.032222
0 0.666016 0.461806 0.049844 0.088611
0 0.055664 0.460069 0.061172 0.052361
0 0.202148 0.468750 0.065703 0.072500
0 0.168945 0.442708 0.043047 0.052361
0 0.127930 0.489583 0.065703 0.080556
0 0.139648 0.376736 0.020391 0.068472
0 0.121094 0.390625 0.022656 0.068472
0 0.641602 0.348958 0.029453 0.060417
0 0.921875 0.277778 0.036250 0.032222
0 0.302734 0.428819 0.049844 0.052361
0 0.157227 0.291667 0.020391 0.032222
0 0.298828 0.546875 0.031719 0.100694
0 0.493164 0.505208 0.056641 0.100694
0 0.305664 0.546875 0.047578 0.100694
0 0.785156 0.371528 0.027187 0.040278
