0 0.865234 0.265625 0.022656 0.036250
0 0.049805 0.303819 0.029453 0.052361
0 0.781250 0.574653 0.045313 0.108750
0 0.239258 0.420139 0.020391 0.064444
0 0.267578 0.883681 0.031719 0.165139
0 0.003164 0.369792 0.006328 0.036250
0 0.282227 0.529514 0.020391 0.076528
0 0.048828 0.421875 0.040781 0.068472
0 0.468750 0.578125 0.027188 0.108750
0 0.202148 0.673611 0.033984 0.112778
0 0.247070 0.348958 0.020391 0.060417
0 0.341797 0.336806 0.013594 0.048333
0 0.125000 0.302083 0.027187 0.048333
0 0.096680 0.298611 0.020391 0.040278
0 0.208984 0.505208 0.022656 0.084583
0 0.749023 0.329861 0.043047 0.040278
0 0.142578 0.310764 0.027187 0.036250
0 0.030273 0.298611 0.015859 0.040278
0 0.431641 0.487847 0.022656 0.060417
0 0.312500 0.326389 0.013594 0.040278
0 0.280273 0.723958 0.029453 0.124861
0 0.388672 0.447917 0.022656 0.056389
0 0.602539 0.196181 0.006797 0.020139
0 0.577148 0.199653 0.006797 0.028194
0 0.713867 0.234375 0.020391 0.036250
0 0.184570 0.380208 0.047578 0.052361
