0 0.186523 0.381944 0.043047 0.056389
0 0.877930 0.248264 0.020391 0.028194
0 0.605469 0.390625 0.027187 0.036250
0 0.776367 0.255208 0.020391 0.020139
0 0.663086 0.364583 0.029453 0.048333
0 0.083984 0.407986 0.022656 0.068472
0 0.308594 0.428819 0.049844 0.052361
0 0.422852 0.460069 0.065703 0.052361
0 0.719727 0.402778 0.052109 0.064444
0 0.139648 0.267361 0.020391 0.040278
0 0.879883 0.402778 0.043047 0.064444
0 0.244141 0.446181 0.058906 0.052361
0 0.478516 0.480903 0.049844 0.068472
0 0.547852 0.482639 0.056641 0.072500
0 0.018555 0.421875 0.029453 0.068472
0 0.086914 0.310764 0.029453 0.044306
0 0.165039 0.395833 0.047578 0.048333
0 0.128906 0.378472 0.022656 0.048333
0 0.695312 0.376736 0.036250 0.068472
0 0.327148 0.536458 0.038516 0.052361
0 0.109375 0.397569 0.036250 0.052361
0 0.050781 0.411458 0.022656 0.060417
0 0.003164 0.513889 0.006328 0.040278
0 0.916992 0.277778 0.029453 0.032222
0 0.614258 0.439236 0.052109 0.068472
0 0.436523 0.315972 0.015859 0.048333
0 0.593750 0.309028 0.013594 0.040278
0 0.040039 0.477431 0.033984 0.060417
0 0.081055 0.472222 0.029453 0.048333
0 0.818359 0.265625 0.027187 0.028194
0 0.247070 0.352431 0.038516 0.052361
0 0.057617 0.529514 0.092891 0.076528
0 0.770508 0.366319 0.047578 0.052361
