0 0.896484 0.262153 0.036250 0.044306
0 0.172852 0.388889 0.056641 0.040278
0 0.621094 0.217014 0.009062 0.036250
0 0.117188 0.305556 0.018125 0.048333
0 0.345703 0.315972 0.022656 0.048333
0 0.167969 0.239583 0.031719 0.024167
0 0.804688 0.265625 0.027187 0.036250
0 0.145840 0.130208 0.291680 0.253750
0 0.237305 0.355903 0.029453 0.044306
0 0.680664 0.430556 0.056641 0.096667
0 0.333984 0.236111 0.009062 0.040278
0 0.133789 0.279514 0.020391 0.036250
0 0.827148 0.355903 0.033984 0.036250
0 0.251953 0.637153 0.077031 0.100694
0 0.423828 0.460069 0.058906 0.060417
0 0.537109 0.500000 0.058906 0.072500
0 0.421875 0.281250 0.009062 0.040278
0 0.270508 0.487847 0.061172 0.092639
0 0.990234 0.255208 0.018125 0.044306
0 0.202148 0.453125 0.065703 0.076528
0 0.677734 0.453125 0.049844 0.044306
0 0.324219 0.315972 0.013594 0.048333
0 0.012656 0.472222 0.025313 0.048333
0 0.581055 0.447917 0.043047 0.072500
0 0.304688 0.319444 0.013594 0.048333
0 0.273438 0.506944 0.058906 0.056389
0 0.083984 0.404514 0.049844 0.036250
0 0.042969 0.428819 0.072500 0.052361
0 0.092773 0.255208 0.029453 0.052361
0 0.840820 0.241319 0.033984 0.028194
0 0.438477 0.423611 0.020391 0.040278
0 0.407227 0.416667 0.033984 0.072500
0 0.911133 0.272569 0.029453 0.052361
0 0.052734 0.522569 0.049844 0.092639
0 0.371094 0.409722 0.049844 0.048333
0 0.159551 0.116319 0.319102 0.205417
0 0.338867 0.654514 0.079297 0.108750
0 0.463867 0.548611 0.052109 0.088611
0 0.101562 0.550347 0.067969 0.060417
0 0.615234 0.411458 0.036250 0.052361
0 0.220703 0.722222 0.095156 0.120833
0 0.224609 0.651042 0.013594 0.004028
