0 0.383789 0.444444 0.020391 0.056389
0 0.411133 0.592014 0.024922 0.100694
0 0.012656 0.310764 0.025313 0.036250
0 0.358032 0.302517 0.005947 0.025174
0 0.358398 0.321506 0.006797 0.011328
0 0.402344 0.225694 0.009062 0.024167
0 0.379883 0.314236 0.011328 0.036250
0 0.347656 0.340278 0.013594 0.040278
0 0.054688 0.305422 0.013594 0.023857
0 0.051618 0.328373 0.011004 0.027619
0 0.147461 0.375000 0.020391 0.064444
0 0.067383 0.359375 0.015859 0.044306
0 0.663086 0.710069 0.056641 0.124861
0 0.263672 0.246528 0.009062 0.032222
0 0.396484 0.491319 0.018125 0.052361
0 0.455078 0.668403 0.027188 0.108750
0 0.572266 0.720486 0.049844 0.124861
0 0.589844 0.649306 0.009062 0.016111
0 0.311523 0.276042 0.011328 0.036250
0 0.291016 0.282986 0.009062 0.028194
0 0.183594 0.380208 0.049844 0.052361
0 0.392578 0.317708 0.013594 0.044306
0 0.512695 0.444444 0.015859 0.056389
0 0.368164 0.369792 0.015859 0.052361
0 0.423828 0.282986 0.013594 0.036250
0 0.233398 0.854167 0.033984 0.145000
0 0.806641 0.406250 0.045313 0.072500
