0 0.336914 0.605903 0.024922 0.068472
0 0.102539 0.538194 0.020391 0.056389
0 0.108398 0.366319 0.020391 0.052361
0 0.027344 0.336806 0.022656 0.048333
0 0.639648 0.456597 0.020391 0.084583
0 0.365234 0.472222 0.022656 0.048333
0 0.833984 0.375000 0.036250 0.072500
0 0.149414 0.524306 0.029453 0.088611
0 0.062500 0.520833 0.027188 0.080556
0 0.274414 0.501736 0.029453 0.076528
0 0.449219 0.390625 0.027188 0.076528
0 0.396484 0.359375 0.018125 0.036250
0 0.089844 0.272569 0.022656 0.052361
0 0.027344 0.803819 0.049844 0.132917
0 0.182617 0.376736 0.020391 0.068472
0 0.899414 0.409722 0.029453 0.048333
0 0.195312 0.715278 0.036250 0.136944
0 0.114258 0.666667 0.052109 0.104722
0 0.164062 0.430556 0.022656 0.072500
0 0.330078 0.385417 0.018125 0.056389
0 0.290039 0.442708 0.020391 0.052361
0 0.328125 0.498264 0.022656 0.060417
0 0.108398 0.437500 0.020391 0.072500
0 0.006328 0.451389 0.012656 0.072500
0 0.587891 0.298611 0.018125 0.040278
0 0.068359 0.430556 0.027188 0.056389
0 0.133789 0.420139 0.020391 0.072500
0 0.042969 0.581597 0.027188 0.108750
0 0.086914 0.923403 0.043047 0.153194
0 0.045898 0.274306 0.020391 0.056389
0 0.187500 0.251736 0.027187 0.052361
0 0.436523 0.491319 0.029453 0.052361
0 0.137695 0.605903 0.029453 0.100694
0 0.391602 0.427083 0.015859 0.048333
0 0.342773 0.430556 0.024922 0.072500
0 0.299805 0.703125 0.029453 0.108750
0 0.069336 0.288194 0.015859 0.048333
0 0.520508 0.321181 0.020391 0.052361
0 0.353516 0.845486 0.049844 0.149028
0 0.592773 0.406250 0.029453 0.072500
0 0.492188 0.317708 0.018125 0.060417
0 0.612305 0.355903 0.015859 0.068472
0 0.209961 0.588542 0.029453 0.092639
