0 0.745117 0.241319 0.020391 0.028194
0 0.439453 0.317708 0.009062 0.028194
0 0.371094 0.241319 0.009062 0.028194
0 0.383789 0.225694 0.006797 0.024167
0 0.978984 0.250000 0.042031 0.032222
0 0.778320 0.250000 0.020391 0.032222
0 0.287109 0.326389 0.013594 0.040278
0 0.277344 0.225694 0.009062 0.024167
0 0.027344 0.310764 0.022656 0.036250
0 0.105469 0.333333 0.027188 0.048333
0 0.130859 0.326389 0.027187 0.040278
0 0.877930 0.376736 0.052109 0.052361
0 0.003164 0.703125 0.006328 0.068472
0 0.145508 0.282986 0.020391 0.028194
0 0.468750 0.399306 0.045312 0.056389
0 0.324219 0.319444 0.013594 0.048333
0 0.209473 0.427083 0.030586 0.048333
0 0.183534 0.437923 0.017987 0.031240
0 0.049805 0.312500 0.029453 0.032222
0 0.474609 0.309028 0.013594 0.040278
0 0.074219 0.317708 0.027188 0.044306
0 0.883789 0.263889 0.020391 0.032222
0 0.358398 0.236111 0.006797 0.032222
0 0.769531 0.387153 0.049844 0.044306
0 0.501953 0.409722 0.049844 0.048333
0 0.151367 0.381944 0.033984 0.056389
0 0.391602 0.312500 0.015859 0.040278
0 0.413086 0.312500 0.015859 0.040278
0 0.405273 0.423611 0.056641 0.056389
0 0.094727 0.277778 0.038516 0.032222
0 0.239258 0.357639 0.020391 0.040278
0 0.166016 0.774306 0.063437 0.128889
0 0.218750 0.753472 0.045312 0.096667
0 0.993164 0.289931 0.011328 0.020139
