0 0.877930 0.276042 0.033984 0.036250
0 0.670898 0.381944 0.033984 0.056389
0 0.720703 0.453125 0.049844 0.100694
0 0.264648 0.460069 0.038516 0.052361
0 0.092773 0.482639 0.029453 0.072500
0 0.308594 0.487847 0.063438 0.092639
0 0.025313 0.607639 0.050625 0.112778
0 0.030273 0.282986 0.024922 0.036250
0 0.636719 0.460069 0.045313 0.052361
0 0.146484 0.387153 0.022656 0.068472
0 0.125000 0.498264 0.072500 0.068472
0 0.050781 0.517361 0.049844 0.072500
0 0.020039 0.802083 0.040078 0.096667
0 0.822266 0.421875 0.058906 0.068472
0 0.509766 0.482639 0.049844 0.072500
0 0.836914 0.265625 0.024922 0.036250
0 0.911133 0.277778 0.029453 0.040278
0 0.170898 0.449653 0.033984 0.068472
0 0.209692 0.597222 0.065078 0.088611
0 0.175781 0.545139 0.072500 0.072500
