0 0.839844 0.260417 0.022656 0.032222
0 0.362305 0.555556 0.061172 0.088611
0 0.408203 0.317708 0.018125 0.044306
0 0.355469 0.326389 0.013594 0.040278
0 0.424805 0.322917 0.015859 0.040278
0 0.023438 0.421875 0.027188 0.068472
0 0.133789 0.298611 0.020391 0.032222
0 0.045898 0.303819 0.020391 0.052361
0 0.874023 0.381944 0.056641 0.056389
0 0.101562 0.295139 0.036250 0.040278
0 0.126953 0.385417 0.022656 0.056389
0 0.625000 0.413194 0.040781 0.056389
0 0.074219 0.329861 0.027188 0.056389
0 0.520508 0.446181 0.038516 0.052361
0 0.985313 0.281250 0.029375 0.040278
0 0.487305 0.489583 0.056641 0.064444
0 0.054688 0.409722 0.027188 0.072500
0 0.802734 0.260417 0.022656 0.032222
0 0.149414 0.371528 0.029453 0.072500
