0 0.183594 0.380208 0.049844 0.052361
0 0.539062 0.366160 0.018125 0.027825
0 0.536940 0.392512 0.013200 0.031872
0 0.521484 0.480903 0.022656 0.068472
0 0.122070 0.413194 0.020391 0.056389
0 0.162109 0.336806 0.013594 0.056389
0 0.476562 0.609375 0.036250 0.108750
0 0.548828 0.975694 0.031719 0.048333
0 0.373047 0.868056 0.045312 0.161111
0 0.336914 0.843750 0.029453 0.112778
0 0.009492 0.421875 0.018984 0.068472
0 0.308594 0.517361 0.022656 0.056389
0 0.143555 0.539931 0.029453 0.092639
0 0.339844 0.534722 0.022656 0.096667
0 0.871094 0.930556 0.104219 0.128889
0 0.807617 0.881944 0.052109 0.128889
0 0.499023 0.539931 0.029453 0.092639
0 0.402344 0.435764 0.022656 0.068472
0 0.130859 0.366319 0.013594 0.052361
0 0.068359 0.750000 0.040781 0.136944
0 0.683594 0.923264 0.108750 0.153472
0 0.078125 0.371528 0.022656 0.064444
0 0.952148 0.932639 0.079297 0.134722
0 0.892578 0.887153 0.045313 0.100694
0 0.536133 0.802083 0.083828 0.161111
0 0.156250 0.812500 0.040781 0.145000
0 0.324219 0.477431 0.013594 0.060417
0 0.229492 0.711806 0.056641 0.120833
0 0.097656 0.493056 0.031719 0.048333
0 0.211914 0.607639 0.029453 0.072500
0 0.720703 0.652778 0.063438 0.112778
0 0.675781 0.576389 0.027187 0.072500
0 0.293945 0.439236 0.015859 0.076528
0 0.355469 0.430556 0.013594 0.056389
0 0.267578 0.675347 0.013594 0.060417
0 0.301758 0.692708 0.038516 0.124861
0 0.102539 0.614583 0.024922 0.096667
0 0.436523 0.562500 0.043047 0.104722
0 0.746094 0.906389 0.108750 0.187222
0 0.417969 0.487847 0.027188 0.060417
0 0.386719 0.574653 0.040781 0.100694
0 0.445312 0.678819 0.063438 0.124861
0 0.031250 0.322917 0.027188 0.040278
0 0.501953 0.873264 0.081562 0.140972
0 0.564453 0.710069 0.036250 0.124861
0 0.667935 0.562500 0.027109 0.064444
0 0.683594 0.592207 0.009062 0.035802
0 0.220703 0.453125 0.031719 0.076528
0 0.333008 0.413194 0.020391 0.056389
0 0.227539 0.942014 0.079297 0.115972
0 0.272461 0.413194 0.020391 0.064444
