0 0.881836 0.262153 0.029453 0.028194
0 0.108398 0.420139 0.020391 0.072500
0 0.747070 0.246528 0.024922 0.032222
0 0.217773 0.855903 0.056641 0.149028
0 0.049805 0.383681 0.029453 0.060417
0 0.339844 0.460069 0.022656 0.052361
0 0.948242 0.951389 0.061172 0.096667
0 0.883789 0.934653 0.052109 0.130694
0 0.158203 0.468750 0.022656 0.072500
0 0.287109 0.477431 0.027188 0.052361
0 0.009492 0.930903 0.018984 0.138194
0 0.898438 0.427083 0.072500 0.048333
0 0.132812 0.680556 0.036250 0.145000
0 0.065430 0.725694 0.038516 0.128889
0 0.235352 0.340278 0.015859 0.040278
0 0.251953 0.329861 0.018125 0.032222
0 0.069336 0.645833 0.029453 0.088611
0 0.099609 0.303819 0.027188 0.052361
0 0.315430 0.473958 0.024922 0.052361
0 0.124023 0.512153 0.029453 0.068472
0 0.762695 0.439236 0.056641 0.068472
0 0.065430 0.362847 0.020391 0.052361
0 0.312500 0.423611 0.027188 0.056389
0 0.153320 0.929028 0.101953 0.141944
0 0.152344 0.772569 0.036250 0.092639
0 0.018555 0.317708 0.029453 0.052361
0 0.362305 0.460069 0.029453 0.092639
0 0.061523 0.293403 0.015859 0.044306
0 0.531250 0.600694 0.040781 0.096667
0 0.230469 0.263889 0.013594 0.040278
0 0.098633 0.826389 0.043047 0.145000
0 0.076172 0.979167 0.009063 0.040278
0 0.111328 0.975694 0.058906 0.048333
0 0.805664 0.421875 0.043047 0.068472
