0 0.499023 0.281250 0.011328 0.032222
0 0.152344 0.496528 0.022656 0.080556
0 0.247070 0.493056 0.020391 0.056389
0 0.268555 0.465278 0.015859 0.064444
0 0.023438 0.381944 0.013594 0.056389
0 0.240234 0.263889 0.009062 0.032222
0 0.889648 0.696181 0.052109 0.092639
0 0.217773 0.621528 0.029453 0.064444
0 0.376953 0.949514 0.049844 0.100972
0 0.333984 0.934514 0.036250 0.130972
0 0.520508 0.781250 0.033984 0.104722
0 0.205078 0.560764 0.031719 0.060417
0 0.303711 0.291667 0.006797 0.032222
0 0.088867 0.319444 0.033984 0.056389
0 0.431641 0.276042 0.013594 0.036250
0 0.275391 0.279514 0.013594 0.036250
0 0.183594 0.380208 0.049844 0.052361
0 0.872070 0.263889 0.024922 0.032222
0 0.820312 0.637153 0.063438 0.116806
0 0.555664 0.751736 0.029453 0.036250
0 0.520508 0.779514 0.033984 0.108750
0 0.361328 0.317708 0.013594 0.052361
0 0.363281 0.279514 0.009062 0.036250
0 0.208008 0.748264 0.047578 0.140972
