0 0.179688 0.569444 0.027187 0.088611
0 0.484375 0.567708 0.022656 0.092639
0 0.071289 0.366319 0.020391 0.052361
0 0.061523 0.307292 0.024922 0.036250
0 0.967773 0.281250 0.043047 0.032222
0 0.131836 0.284722 0.015859 0.048333
0 0.881836 0.942014 0.129141 0.115972
0 0.157227 0.335069 0.020391 0.052361
0 0.414062 0.963542 0.022656 0.068472
0 0.466797 0.957014 0.054375 0.085972
0 0.058594 0.401042 0.018125 0.068472
0 0.114258 0.463542 0.020391 0.076528
0 0.308594 0.600694 0.036250 0.088611
0 0.233398 0.506944 0.020391 0.080556
0 0.849609 0.800347 0.031719 0.092639
0 0.799805 0.796875 0.056641 0.149028
0 0.286133 0.498264 0.015859 0.076528
0 0.760742 0.925278 0.061172 0.149444
0 0.703125 0.890625 0.049844 0.140972
0 0.380859 0.545139 0.027188 0.096667
0 0.039062 0.331597 0.018125 0.052361
0 0.930664 0.923264 0.056641 0.153472
0 0.852539 0.873264 0.038516 0.076528
0 0.311523 0.723958 0.056641 0.124861
0 0.799805 0.258681 0.015859 0.020139
0 0.625977 0.814236 0.052109 0.140972
0 0.571289 0.756944 0.020391 0.056389
0 0.314453 0.449653 0.018125 0.068472
0 0.321289 0.567708 0.024922 0.092639
0 0.181641 0.380208 0.045312 0.052361
0 0.122070 0.378472 0.020391 0.056389
0 0.259766 0.569444 0.022656 0.080556
0 0.349609 0.498264 0.013594 0.060417
0 0.349609 0.973889 0.045312 0.052222
0 0.313477 0.962639 0.020391 0.074722
0 0.197070 0.500000 0.394141 1.000000
0 0.264648 0.475694 0.020391 0.064444
0 0.352539 0.616319 0.020391 0.092639
0 0.075195 0.529514 0.015859 0.084583
0 0.770508 0.255208 0.020391 0.020139
0 0.021484 0.303819 0.022656 0.052361
0 0.907227 0.281250 0.033984 0.032222
0 0.986328 0.940139 0.027187 0.119722
0 0.520508 0.725694 0.038516 0.128889
0 0.520508 0.623264 0.033984 0.084583
0 0.773438 0.880208 0.040781 0.165139
0 0.423828 0.557292 0.027188 0.068472
0 0.676758 0.802083 0.038516 0.120833
0 0.642578 0.772569 0.027187 0.092639
0 0.419922 0.690972 0.049844 0.128889
0 0.484375 0.772569 0.063438 0.124861
0 0.095703 0.302083 0.022656 0.048333
0 0.464844 0.625000 0.036250 0.104722
0 0.532227 0.395833 0.020391 0.056389
0 0.612305 0.881944 0.056641 0.161111
0 0.571289 0.835069 0.033984 0.092639
0 0.117188 0.590278 0.031719 0.072500
0 0.534180 0.914028 0.106484 0.171944
0 0.242188 0.739583 0.086094 0.161111
0 0.809570 0.414931 0.038516 0.060417
