0 0.442383 0.659722 0.056641 0.072500
0 0.123047 0.420139 0.013594 0.040278
0 0.460938 0.857639 0.058906 0.145000
0 0.016875 0.340278 0.033750 0.064444
0 0.559570 0.560764 0.020391 0.100694
0 0.969727 0.279514 0.033984 0.036250
0 0.730469 0.802083 0.072500 0.120833
0 0.808594 0.414931 0.036250 0.060417
0 0.152344 0.288194 0.022656 0.056389
0 0.551758 0.977431 0.011328 0.036250
0 0.583008 0.972014 0.033984 0.055972
0 0.368164 0.513889 0.015859 0.072500
0 0.074219 0.569444 0.027188 0.088611
0 0.447266 0.625000 0.022656 0.064444
0 0.902344 0.937500 0.036250 0.104722
0 0.824219 0.895833 0.058906 0.193333
0 0.361328 0.388889 0.013594 0.040278
0 0.121094 0.291667 0.022656 0.040278
0 0.127930 0.381944 0.020391 0.056389
0 0.049805 0.315972 0.029453 0.048333
0 0.984258 0.861111 0.031484 0.104722
0 0.940430 0.803819 0.052109 0.124861
0 0.291992 0.873264 0.043047 0.181250
0 0.510742 0.703125 0.061172 0.108750
0 0.905273 0.701389 0.097422 0.112778
0 0.030273 0.843750 0.043047 0.145000
0 0.430664 0.562500 0.029453 0.064444
0 0.095703 0.317708 0.022656 0.028194
0 0.336914 0.710069 0.043047 0.124861
0 0.667969 0.704861 0.027187 0.112778
0 0.583984 0.685764 0.022656 0.068472
0 0.162109 0.315972 0.027187 0.048333
0 0.381836 0.487847 0.015859 0.084583
0 0.071289 0.397569 0.020391 0.052361
0 0.040039 0.527778 0.020391 0.064444
0 0.139648 0.982639 0.052109 0.032222
0 0.771484 0.914028 0.095156 0.171944
0 0.568359 0.772569 0.058906 0.124861
0 0.487305 0.600694 0.024922 0.080556
0 0.230469 0.265625 0.013594 0.036250
0 0.507812 0.793403 0.054375 0.140972
0 0.703125 0.945764 0.049844 0.108472
0 0.651367 0.917778 0.047578 0.164444
0 0.689453 0.835069 0.036250 0.092639
0 0.642578 0.821181 0.072500 0.132917
0 0.133789 0.836806 0.052109 0.096667
0 0.615234 0.675347 0.049844 0.092639
0 0.615234 0.938264 0.049844 0.123472
0 0.224609 0.973889 0.054375 0.052222
0 0.250977 0.927083 0.006797 0.016111
