0 0.539062 0.303819 0.018125 0.052361
0 0.268555 0.491319 0.070234 0.060417
0 0.690430 0.411458 0.052109 0.060417
0 0.397461 0.317708 0.020391 0.052361
0 0.018984 0.500000 0.037969 0.064444
0 0.060547 0.324653 0.027188 0.068472
0 0.818359 0.425347 0.027187 0.052361
0 0.398438 0.454861 0.054375 0.056389
0 0.092773 0.255208 0.029453 0.044306
0 0.084961 0.501736 0.079297 0.068472
0 0.054688 0.414931 0.027188 0.092639
0 0.133789 0.394097 0.038516 0.060417
0 0.182617 0.467014 0.065703 0.068472
0 0.583984 0.411458 0.049844 0.052361
0 0.095703 0.409722 0.022656 0.072500
0 0.903320 0.272569 0.033984 0.020139
0 0.283203 0.623264 0.077031 0.108750
0 0.523438 0.305556 0.013594 0.048333
0 0.795898 0.262153 0.020391 0.044306
0 0.072266 0.635417 0.095156 0.128889
