0 0.174805 0.500000 0.043047 0.072500
0 0.087891 0.305556 0.027188 0.048333
0 0.437500 0.310764 0.013594 0.036250
0 0.029297 0.293403 0.022656 0.044306
0 0.310547 0.298611 0.013594 0.040278
0 0.082031 0.390625 0.022656 0.068472
0 0.333008 0.515625 0.020391 0.068472
0 0.390625 0.506944 0.022656 0.080556
0 0.141602 0.267361 0.029453 0.056389
0 0.463867 0.500000 0.020391 0.072500
0 0.439453 0.640625 0.036250 0.108750
0 0.321289 0.258681 0.006797 0.036250
0 0.045898 0.284722 0.020391 0.048333
0 0.217773 0.473958 0.038516 0.092639
0 0.693359 0.359375 0.045313 0.044306
0 0.339844 0.248264 0.009062 0.036250
0 0.171875 0.923264 0.036250 0.153472
0 0.939453 0.272569 0.036250 0.044306
0 0.737305 0.428819 0.056641 0.052361
0 0.701172 0.411458 0.022656 0.052361
0 0.357422 0.279514 0.009062 0.036250
0 0.345703 0.612847 0.049844 0.124861
0 0.093750 0.262153 0.027188 0.036250
0 0.454102 0.215278 0.006797 0.032222
0 0.195312 0.609375 0.049844 0.100694
0 0.181641 0.380208 0.045312 0.052361
