0 0.444336 0.668403 0.038516 0.100694
0 0.173828 0.385417 0.027187 0.056389
0 0.774414 0.345486 0.043047 0.052361
0 0.329102 0.411458 0.015859 0.028194
0 0.328125 0.430556 0.013594 0.016111
0 0.295898 0.404514 0.020391 0.044306
0 0.809570 0.401042 0.020391 0.052361
0 0.839844 0.395833 0.022656 0.048333
0 0.039062 0.692708 0.036250 0.116806
0 0.194336 0.647569 0.043047 0.132917
0 0.253906 0.390625 0.013594 0.068472
0 0.253906 0.482639 0.022656 0.064444
0 0.190430 0.677083 0.020391 0.064444
0 0.193359 0.513889 0.027187 0.072500
0 0.801758 0.342014 0.020391 0.068472
0 0.549805 0.421875 0.015859 0.068472
0 0.879883 0.383681 0.029453 0.052361
0 0.696289 0.605903 0.047578 0.068472
0 0.349609 0.366319 0.013594 0.052361
0 0.562500 0.673611 0.027187 0.104722
0 0.539062 0.652778 0.018125 0.080556
0 0.466797 0.279514 0.013594 0.036250
0 0.117188 0.739583 0.031719 0.120833
0 0.226562 0.873264 0.036250 0.149028
