0 0.813477 0.255208 0.020391 0.028194
0 0.250000 0.522569 0.027188 0.084583
0 0.063477 0.284722 0.029453 0.048333
0 0.254883 0.236111 0.011328 0.032222
0 0.267578 0.684028 0.031719 0.145000
0 0.014648 0.291667 0.020391 0.040278
0 0.277344 0.397569 0.022656 0.052361
0 0.133789 0.293403 0.020391 0.044306
0 0.790039 0.420139 0.052109 0.104722
0 0.170098 0.129340 0.340195 0.243681
0 0.224609 0.253472 0.013594 0.048333
0 0.125977 0.288194 0.029453 0.048333
0 0.304688 0.279514 0.013594 0.036250
0 0.184570 0.380208 0.047578 0.052361
0 0.285156 0.293403 0.013594 0.036250
0 0.240234 0.451389 0.022656 0.072500
0 0.275391 0.265625 0.013594 0.028194
0 0.317383 0.262153 0.011328 0.036250
0 0.154297 0.298611 0.027187 0.040278
0 0.334961 0.348958 0.020391 0.044306
0 0.869141 0.263889 0.027187 0.032222
0 0.289062 0.461806 0.018125 0.088611
0 0.364258 0.254849 0.006797 0.011250
0 0.364640 0.271739 0.005910 0.022065
0 0.194336 0.480903 0.015859 0.068472
0 0.772461 0.239583 0.020391 0.024167
0 0.743164 0.328125 0.029453 0.036250
