0 0.372070 0.500000 0.020391 0.072500
0 0.433594 0.598958 0.022656 0.084583
0 0.436523 0.454861 0.015859 0.072500
0 0.395508 0.444444 0.020391 0.064444
0 0.723633 0.640625 0.029453 0.036250
0 0.685547 0.642361 0.027187 0.040278
0 0.769531 0.348958 0.036250 0.060417
0 0.286133 0.326389 0.011328 0.040278
0 0.346680 0.968264 0.033984 0.063472
0 0.289062 0.401042 0.018125 0.052361
0 0.249023 0.333333 0.015859 0.048333
0 0.084961 0.302083 0.020391 0.048333
0 0.305664 0.500000 0.029453 0.072500
0 0.436523 0.810764 0.029453 0.140972
0 0.098633 0.605903 0.024922 0.100694
0 0.278320 0.866319 0.033984 0.157083
0 0.322266 0.565972 0.022656 0.088611
0 0.184570 0.387153 0.047578 0.068472
0 0.784180 0.430556 0.047578 0.088611
0 0.220703 0.414931 0.022656 0.060417
0 0.246094 0.449653 0.022656 0.076528
0 0.130859 0.333333 0.027187 0.048333
0 0.213867 0.966389 0.052109 0.067222
0 0.483398 0.578125 0.033984 0.036250
0 0.426758 0.498264 0.020391 0.036250
0 0.580078 0.654514 0.072500 0.108750
0 0.343750 0.859375 0.040781 0.076528
0 0.109375 0.296875 0.022656 0.036250
0 0.458008 0.553819 0.024922 0.084583
0 0.180664 0.842014 0.029453 0.140972
0 0.747070 0.331597 0.029453 0.036250
0 0.855469 0.265625 0.027187 0.036250
0 0.271484 0.276042 0.018125 0.036250
