0 0.916992 0.272569 0.029453 0.052361
0 0.338867 0.437500 0.052109 0.072500
0 0.447266 0.439236 0.049844 0.068472
0 0.009492 0.512153 0.018984 0.100694
0 0.916992 0.375000 0.070234 0.072500
0 0.542969 0.449653 0.054375 0.068472
0 0.072266 0.555556 0.086094 0.072500
0 0.219727 0.498264 0.065703 0.076528
0 0.473633 0.364583 0.043047 0.048333
0 0.993164 0.298611 0.011328 0.040278
0 0.143555 0.480903 0.070234 0.076528
0 0.183594 0.381944 0.049844 0.056389
0 0.054688 0.479167 0.072500 0.088611
0 0.957031 0.272569 0.031719 0.052361
0 0.757812 0.411458 0.054375 0.084583
0 0.377930 0.420139 0.065703 0.072500
0 0.376953 0.501736 0.063438 0.076528
0 0.581055 0.409722 0.043047 0.056389
0 0.655273 0.446181 0.043047 0.060417
0 0.696289 0.411458 0.047578 0.052361
0 0.893555 0.272569 0.029453 0.044306
0 0.198242 0.456597 0.029453 0.060417
0 0.231445 0.446181 0.029453 0.052361
