0 0.530273 0.493056 0.043047 0.088611
0 0.758789 0.915764 0.111016 0.168472
0 0.449219 0.626736 0.045312 0.092639
0 0.706055 0.842014 0.043047 0.173194
0 0.429688 0.286458 0.013594 0.044306
0 0.107422 0.282986 0.018125 0.036250
0 0.052734 0.470486 0.022656 0.068472
0 0.626953 0.829861 0.049844 0.161111
0 0.229492 0.618056 0.029453 0.024167
0 0.159180 0.279514 0.020391 0.036250
0 0.405273 0.560764 0.029453 0.108750
0 0.284180 0.602431 0.020391 0.060417
0 0.612305 0.638889 0.029453 0.120833
0 0.574219 0.704861 0.058906 0.128889
0 0.524414 0.715278 0.043047 0.112778
0 0.498047 0.670139 0.013594 0.040278
0 0.557617 0.583333 0.033984 0.120833
