0 0.861328 0.265625 0.027187 0.028194
0 0.521484 0.343750 0.018125 0.064444
0 0.139648 0.590278 0.079297 0.072500
0 0.084961 0.531250 0.074766 0.072500
0 0.723633 0.694444 0.088359 0.128889
0 0.006328 0.701389 0.012656 0.120833
0 0.483398 0.852431 0.052109 0.157083
0 0.443359 0.819444 0.040781 0.120833
0 0.082031 0.743056 0.063438 0.120833
0 0.271484 0.380208 0.022656 0.052361
0 0.216797 0.694444 0.072500 0.128889
0 0.399414 0.335069 0.015859 0.044306
0 0.103516 0.645833 0.063437 0.128889
0 0.178711 0.380208 0.052109 0.052361
0 0.126953 0.439236 0.049844 0.068472
0 0.042969 0.626736 0.072500 0.108750
0 0.558594 0.345486 0.018125 0.068472
0 0.935547 0.277778 0.027187 0.040278
0 0.554688 0.756944 0.031719 0.088611
0 0.601562 0.774306 0.049844 0.128889
0 0.331055 0.678819 0.029453 0.084583
0 0.367188 0.685764 0.040781 0.108750
0 0.489258 0.640625 0.052109 0.108750
0 0.611328 0.345486 0.013594 0.052361
0 0.246094 0.473958 0.063438 0.060417
