0 0.090820 0.397569 0.033984 0.052361
0 0.304688 0.381944 0.040781 0.056389
0 0.758789 0.447917 0.065703 0.072500
0 0.037109 0.484375 0.072500 0.076528
0 0.236328 0.470486 0.040781 0.068472
0 0.092773 0.543403 0.056641 0.108750
0 0.177734 0.440972 0.049844 0.072500
0 0.648438 0.442708 0.045313 0.084583
0 0.686523 0.460069 0.043047 0.100694
0 0.395508 0.378472 0.020391 0.048333
0 0.364258 0.399306 0.047578 0.056389
0 0.619141 0.406250 0.045313 0.072500
0 0.273438 0.395833 0.054375 0.056389
0 0.720703 0.427083 0.036250 0.064444
