0 0.599609 0.305556 0.013594 0.048333
0 0.652344 0.480903 0.049844 0.068472
0 0.069336 0.413194 0.024922 0.056389
0 0.355469 0.423611 0.045312 0.056389
0 0.436523 0.413194 0.043047 0.048333
0 0.012656 0.418403 0.025313 0.076528
0 0.768555 0.446181 0.056641 0.052361
0 0.499023 0.536458 0.056641 0.084583
0 0.492188 0.315972 0.013594 0.048333
0 0.396484 0.430556 0.049844 0.048333
0 0.147461 0.392361 0.020391 0.056389
0 0.659180 0.397569 0.038516 0.044306
0 0.041992 0.413194 0.024922 0.056389
0 0.642578 0.373264 0.031719 0.036250
0 0.601562 0.407986 0.049844 0.052361
0 0.855469 0.378472 0.045313 0.056389
0 0.086914 0.402778 0.024922 0.064444
0 0.473633 0.394097 0.029453 0.052361
0 0.499023 0.427083 0.043047 0.048333
0 0.192383 0.531250 0.083828 0.072500
