0 0.730469 0.236111 0.027187 0.032222
0 0.341797 0.539931 0.027188 0.092639
0 0.108398 0.291667 0.020391 0.040278
0 0.354492 0.230903 0.011328 0.028194
0 0.389648 0.211806 0.006797 0.024167
0 0.986328 0.255208 0.027187 0.044306
0 0.449219 0.286458 0.013594 0.044306
0 0.852539 0.258681 0.020391 0.036250
0 0.879883 0.262153 0.029453 0.044306
0 0.058594 0.321181 0.036250 0.052361
0 0.152344 0.286458 0.018125 0.044306
0 0.012656 0.326389 0.025313 0.040278
0 0.902344 0.380208 0.031719 0.052361
0 0.417969 0.437500 0.018125 0.064444
0 0.298828 0.494792 0.013594 0.076528
0 0.324219 0.402778 0.013594 0.064444
0 0.665039 0.949514 0.111016 0.100972
0 0.335938 0.258681 0.013594 0.036250
0 0.168945 0.317708 0.015859 0.052361
0 0.125977 0.317708 0.020391 0.052361
0 0.524414 0.845486 0.070234 0.173194
0 0.358398 0.289931 0.006797 0.036250
0 0.429688 0.796875 0.040781 0.149028
0 0.183594 0.378472 0.049844 0.048333
0 0.933594 0.270833 0.049844 0.048333
0 0.264648 0.328125 0.011328 0.044306
