0 0.299805 0.607639 0.074766 0.104722
0 0.726562 0.453125 0.049844 0.068472
0 0.139648 0.383681 0.020391 0.052361
0 0.071289 0.404514 0.020391 0.076528
0 0.536133 0.442708 0.043047 0.052361
0 0.519531 0.460069 0.031719 0.020139
0 0.009492 0.418403 0.018984 0.076528
0 0.896484 0.399306 0.063438 0.088611
0 0.474609 0.564236 0.058906 0.092639
0 0.116211 0.661458 0.092891 0.116806
0 0.036133 0.397569 0.029453 0.092639
0 0.316406 0.515625 0.072500 0.068472
0 0.092773 0.395833 0.029453 0.064444
0 0.730469 0.385417 0.054375 0.056389
0 0.868164 0.369792 0.043047 0.068472
0 0.624023 0.451389 0.056641 0.064444
0 0.382812 0.437371 0.049844 0.039979
0 0.397461 0.529514 0.056641 0.076528
0 0.183594 0.381944 0.049844 0.048333
0 0.811523 0.414931 0.043047 0.060417
