0 0.497070 0.307292 0.038516 0.044306
0 0.973633 0.791667 0.011328 0.024167
0 0.992188 0.756944 0.013594 0.016111
0 0.943359 0.762153 0.072500 0.076528
0 0.986328 0.722222 0.027187 0.056389
0 0.180664 0.380208 0.043047 0.044306
0 0.230469 0.472222 0.045312 0.056389
0 0.009492 0.425347 0.018984 0.084583
0 0.074219 0.470486 0.072500 0.076528
0 0.311523 0.458333 0.056641 0.056389
0 0.743164 0.381944 0.056641 0.056389
0 0.105469 0.395833 0.027188 0.056389
0 0.077148 0.406250 0.033984 0.064444
0 0.033203 0.425347 0.049844 0.060417
0 0.958008 0.277778 0.033984 0.032222
0 0.336914 0.508681 0.043047 0.036250
0 0.425781 0.411458 0.049844 0.052361
0 0.433594 0.315972 0.036250 0.048333
0 0.677734 0.395833 0.036250 0.056389
0 0.808594 0.255208 0.022656 0.028194
0 0.148438 0.381944 0.027187 0.056389
