0 0.266602 0.921875 0.070234 0.100694
0 0.057617 0.453125 0.020391 0.068472
0 0.442383 0.612847 0.029453 0.084583
0 0.149414 0.605903 0.029453 0.100694
0 0.107422 0.350694 0.022656 0.056389
0 0.130859 0.649306 0.031719 0.088611
0 0.355469 0.781250 0.045312 0.136944
0 0.854492 0.951389 0.043047 0.097222
0 0.783203 0.940278 0.067969 0.119444
0 0.018984 0.701389 0.037969 0.136944
0 0.158203 0.520833 0.036250 0.080556
0 0.151367 0.437500 0.020391 0.064444
0 0.033203 0.512153 0.031719 0.036250
0 0.126953 0.406250 0.022656 0.072500
0 0.258789 0.475694 0.020391 0.064444
0 0.071289 0.515625 0.020391 0.076528
0 0.290039 0.791667 0.079297 0.161111
0 0.154297 0.788194 0.045312 0.128889
0 0.044922 0.586806 0.027188 0.096667
0 0.099609 0.456597 0.027188 0.084583
0 0.169922 0.685764 0.009062 0.036250
0 0.203125 0.701389 0.036250 0.112778
0 0.095703 0.571181 0.031719 0.092639
0 0.149414 0.921875 0.056641 0.140972
0 0.098633 0.899306 0.038516 0.128889
0 0.083984 0.812500 0.036250 0.104722
0 0.474609 0.793403 0.072500 0.140972
0 0.975820 0.289931 0.048359 0.052361
0 0.580078 0.843750 0.099687 0.145000
0 0.713867 0.958889 0.052109 0.082222
0 0.652344 0.942153 0.049844 0.115694
0 0.133789 0.293403 0.020391 0.036250
0 0.345703 0.925139 0.077031 0.149722
0 0.425781 0.875000 0.086094 0.145000
0 0.088867 0.300347 0.020391 0.036250
0 0.855469 0.295139 0.027187 0.040278
0 0.198242 0.586806 0.029453 0.088611
0 0.152344 0.348958 0.018125 0.060417
