0 0.875977 0.262153 0.029453 0.044306
0 0.254883 0.364583 0.015859 0.048333
0 0.092773 0.256944 0.029453 0.048333
0 0.021484 0.293403 0.022656 0.036250
0 0.352539 0.414931 0.052109 0.060417
0 0.749023 0.453125 0.056641 0.068472
0 0.480469 0.310764 0.013594 0.036250
0 0.462891 0.447917 0.049844 0.056389
0 0.321289 0.211806 0.006797 0.024167
0 0.270508 0.473958 0.065703 0.084583
0 0.310547 0.314236 0.027188 0.052361
0 0.095703 0.376736 0.036250 0.052361
0 0.858398 0.260417 0.020391 0.040278
0 0.964844 0.274306 0.049844 0.048333
0 0.352539 0.310764 0.020391 0.060417
0 0.364258 0.531250 0.065703 0.072500
0 0.400391 0.456597 0.049844 0.052361
0 0.414062 0.269097 0.009062 0.052361
0 0.662109 0.385417 0.040781 0.056389
0 0.287109 0.324653 0.013594 0.044306
0 0.245117 0.668403 0.079297 0.100694
0 0.755859 0.376736 0.045313 0.052361
