0 0.364258 0.458333 0.020391 0.056389
0 0.107422 0.298611 0.022656 0.040278
0 0.693359 0.232639 0.013594 0.040278
0 0.335938 0.333333 0.013594 0.048333
0 0.327148 0.277778 0.006797 0.040278
0 0.033203 0.333333 0.036250 0.056389
0 0.239258 0.250000 0.011328 0.032222
0 0.068359 0.291667 0.027188 0.040278
0 0.432617 0.772569 0.038516 0.116806
0 0.183594 0.378472 0.049844 0.048333
0 0.244141 0.460069 0.022656 0.060417
0 0.124023 0.303819 0.024922 0.052361
0 0.509766 0.437500 0.022656 0.072500
0 0.357422 0.225694 0.009062 0.024167
0 0.361328 0.361111 0.013594 0.040278
0 0.379883 0.666667 0.029453 0.112778
0 0.421875 0.914931 0.063438 0.157083
0 0.598633 0.217014 0.011328 0.028194
0 0.746094 0.329861 0.036250 0.040278
0 0.283343 0.333829 0.008739 0.009206
0 0.281250 0.356700 0.013594 0.026346
0 0.339844 0.222222 0.009062 0.024167
0 0.287109 0.722222 0.027188 0.120833
