0 0.367188 0.520833 0.013594 0.080556
0 0.349609 0.614583 0.027188 0.088611
0 0.400391 0.352431 0.013594 0.052361
0 0.380859 0.286458 0.013594 0.052361
0 0.399414 0.265625 0.011328 0.036250
0 0.246094 0.274306 0.009062 0.048333
0 0.373047 0.402778 0.013594 0.040278
0 0.358398 0.934028 0.006797 0.008056
0 0.330078 0.951389 0.072500 0.097222
0 0.066406 0.468750 0.022656 0.072500
0 0.142578 0.600694 0.027187 0.088611
0 0.938477 0.966389 0.038516 0.067222
0 0.844727 0.938264 0.043047 0.123472
0 0.092773 0.302083 0.029453 0.048333
0 0.419922 0.520833 0.022656 0.024167
0 0.208984 0.569444 0.022656 0.088611
0 0.114258 0.741319 0.033984 0.124861
0 0.336914 0.296875 0.015859 0.044306
0 0.136719 0.289931 0.013594 0.052361
0 0.295898 0.505208 0.020391 0.092639
0 0.180664 0.378472 0.043047 0.056389
0 0.842773 0.966389 0.043047 0.067222
0 0.271484 0.376736 0.018125 0.068472
0 0.185547 0.654514 0.027187 0.108750
0 0.157734 0.215278 0.315469 0.386667
0 0.275391 0.296875 0.013594 0.036250
0 0.118164 0.616319 0.029453 0.052361
0 0.453125 0.536458 0.022656 0.060417
0 0.484375 0.597222 0.036250 0.096667
0 0.364258 0.274306 0.006797 0.048333
0 0.574219 0.671875 0.045313 0.068472
0 0.174805 0.855903 0.056641 0.100694
0 0.082109 0.500000 0.164219 1.000000
0 0.186523 0.973889 0.043047 0.052222
0 0.082559 0.500000 0.165117 1.000000
0 0.664062 0.508681 0.045313 0.092639
0 0.294922 0.256944 0.009062 0.024167
