0 0.354492 0.446181 0.056641 0.052361
0 0.071289 0.413194 0.020391 0.088611
0 0.302734 0.513889 0.067969 0.120833
0 0.536133 0.383681 0.043047 0.052361
0 0.393555 0.390625 0.043047 0.036250
0 0.193359 0.444444 0.072500 0.088611
0 0.036133 0.414931 0.029453 0.084583
0 0.197266 0.477431 0.063437 0.060417
0 0.445312 0.435764 0.036250 0.036250
0 0.277344 0.444444 0.031719 0.056389
0 0.095703 0.411458 0.022656 0.060417
0 0.124023 0.517361 0.074766 0.072500
0 0.423828 0.407986 0.031719 0.052361
0 0.241973 0.204896 0.483945 0.409792
0 0.017578 0.435764 0.027188 0.076528
0 0.026367 0.614583 0.052734 0.064444
0 0.402344 0.461806 0.054375 0.056389
0 0.058594 0.562500 0.081563 0.072500
0 0.598633 0.298611 0.015859 0.032222
0 0.595703 0.355903 0.036250 0.044306
