0 0.163086 0.362847 0.020391 0.052361
0 0.030273 0.329861 0.029453 0.056389
0 0.423828 0.598958 0.027188 0.084583
0 0.689453 0.914028 0.095156 0.171944
0 0.833008 0.982639 0.038516 0.032222
0 0.771484 0.956597 0.049844 0.084583
0 0.458008 0.972014 0.052109 0.055972
0 0.396484 0.957014 0.036250 0.085972
0 0.115234 0.451389 0.022656 0.032222
0 0.112305 0.295139 0.015859 0.040278
0 0.374023 0.765625 0.043047 0.116806
0 0.397461 0.713542 0.043047 0.149028
0 0.838867 0.982639 0.052109 0.032222
0 0.775391 0.906528 0.086094 0.186944
0 0.447266 0.656250 0.049844 0.112778
0 0.061523 0.310764 0.043047 0.060417
0 0.009492 0.484375 0.018984 0.100694
0 0.147461 0.333333 0.020391 0.048333
0 0.964844 0.758681 0.049844 0.108750
0 0.468750 0.890625 0.040781 0.149028
0 0.541016 0.805556 0.063438 0.145000
0 0.052734 0.453125 0.022656 0.044306
0 0.037109 0.423611 0.013594 0.056389
0 0.295898 0.625000 0.020391 0.104722
0 0.119141 0.347222 0.031719 0.072500
0 0.199219 0.512153 0.031719 0.068472
0 0.292969 0.541667 0.027188 0.072500
0 0.247070 0.567708 0.020391 0.084583
0 0.348633 0.892361 0.056641 0.161111
0 0.939453 0.798611 0.067969 0.112778
0 0.096680 0.414931 0.020391 0.052361
0 0.473633 0.784722 0.029453 0.128889
0 0.359375 0.581597 0.036250 0.084583
0 0.139648 0.284722 0.020391 0.048333
0 0.624023 0.945903 0.070234 0.108194
0 0.660156 0.687500 0.049844 0.145000
0 0.183594 0.380208 0.049844 0.052361
0 0.299805 0.774306 0.038516 0.120833
