0 0.444336 0.637153 0.043047 0.044306
0 0.016875 0.362847 0.033750 0.060417
0 0.336914 0.336806 0.015859 0.056389
0 0.892578 0.267361 0.031719 0.032222
0 0.325195 0.480903 0.015859 0.068472
0 0.052734 0.493056 0.022656 0.072500
0 0.029297 0.678819 0.040781 0.092639
0 0.361328 0.607639 0.031719 0.064444
0 0.180664 0.380208 0.043047 0.052361
0 0.430664 0.437500 0.015859 0.064444
0 0.310547 0.321181 0.013594 0.020139
0 0.143555 0.317708 0.011328 0.052361
0 0.092773 0.295139 0.015859 0.048333
0 0.504883 0.687500 0.029453 0.064444
0 0.557617 0.774306 0.079297 0.161111
0 0.102539 0.668403 0.033984 0.108750
0 0.410156 0.373264 0.013594 0.036250
0 0.111328 0.321181 0.013594 0.052361
0 0.768555 0.913194 0.056641 0.088611
0 0.718750 0.871528 0.027187 0.064444
0 0.811523 0.414931 0.043047 0.060417
0 0.009492 0.623264 0.018984 0.108750
0 0.246094 0.342014 0.018125 0.036250
0 0.136719 0.607639 0.027187 0.104722
0 0.607422 0.720486 0.036250 0.108750
0 0.575195 0.692708 0.015859 0.052361
0 0.273438 0.347222 0.013594 0.048333
0 0.130859 0.378472 0.027187 0.048333
0 0.067383 0.538194 0.029453 0.088611
0 0.044922 0.940278 0.036250 0.119444
0 0.475586 0.640625 0.020391 0.068472
0 0.535156 0.671875 0.036250 0.068472
0 0.415039 0.508681 0.020391 0.084583
0 0.286133 0.295139 0.011328 0.040278
0 0.689453 0.789931 0.036250 0.124861
0 0.398438 0.663194 0.027188 0.056389
0 0.047852 0.302083 0.029453 0.048333
0 0.639648 0.831597 0.079297 0.140972
0 0.336914 0.303819 0.015859 0.044306
0 0.027344 0.802083 0.036250 0.120833
0 0.710938 0.435764 0.027187 0.036250
0 0.584961 0.607639 0.029453 0.112778
0 0.318359 0.281250 0.013594 0.040278
0 0.246094 0.335069 0.022656 0.060417
