0 0.896484 0.267361 0.022656 0.032222
0 0.092773 0.256944 0.029453 0.048333
0 0.364258 0.293403 0.006797 0.036250
0 0.845703 0.241319 0.022656 0.028194
0 0.905273 0.425347 0.056641 0.052361
0 0.905273 0.359375 0.056641 0.076528
0 0.073242 0.324653 0.029453 0.036250
0 0.716797 0.333333 0.040781 0.048333
0 0.372070 0.210069 0.006797 0.020139
0 0.877930 0.244792 0.020391 0.020139
0 0.785156 0.368056 0.027187 0.048333
0 0.139648 0.255208 0.020391 0.044306
0 0.895508 0.368056 0.033984 0.056389
0 0.327148 0.270833 0.006797 0.048333
0 0.342773 0.427083 0.015859 0.048333
0 0.351562 0.503472 0.018125 0.072500
0 0.313477 0.286458 0.006797 0.044306
0 0.280273 0.586806 0.024922 0.088611
0 0.316406 0.413194 0.013594 0.056389
0 0.302734 0.513889 0.022656 0.072500
0 0.798828 0.380208 0.027187 0.052361
0 0.864258 0.355903 0.033984 0.044306
0 0.364258 0.230903 0.006797 0.028194
0 0.975820 0.272569 0.048359 0.052361
0 0.833984 0.404514 0.049844 0.076528
0 0.399414 0.730903 0.029453 0.116806
0 0.415039 0.663194 0.006797 0.016111
0 0.427734 0.546875 0.022656 0.076528
0 0.509766 0.725694 0.049844 0.128889
0 0.288223 0.355174 0.576445 0.710347
0 0.768555 0.342014 0.029453 0.068472
0 0.317383 0.887153 0.043047 0.173194
