0 0.400391 0.616319 0.027188 0.092639
0 0.272461 0.739583 0.043047 0.064444
0 0.724609 0.371528 0.013594 0.032222
0 0.705078 0.362847 0.027187 0.052361
0 0.121094 0.289931 0.022656 0.052361
0 0.417969 0.557292 0.027188 0.092639
0 0.573242 0.758681 0.043047 0.052361
0 0.333008 0.593750 0.024922 0.080556
0 0.376953 0.796875 0.036250 0.108750
0 0.302734 0.553819 0.022656 0.084583
0 0.182617 0.644097 0.024922 0.108750
0 0.367188 0.692708 0.045312 0.100694
0 0.780273 0.913194 0.029453 0.064444
0 0.736328 0.850694 0.027187 0.088611
0 0.243027 0.290347 0.486055 0.580694
0 0.463867 0.567708 0.038516 0.084583
0 0.136719 0.265625 0.027187 0.044306
0 0.309570 0.855903 0.038516 0.100694
0 0.764648 0.513889 0.033984 0.072500
0 0.302734 0.578125 0.022656 0.140972
0 0.303711 0.340278 0.015859 0.072500
0 0.340820 0.414931 0.020391 0.052361
0 0.382812 0.310764 0.009062 0.036250
0 0.183594 0.380208 0.049844 0.052361
0 0.705078 0.866319 0.031719 0.044306
0 0.647461 0.826389 0.020391 0.024167
0 0.769531 0.416667 0.063438 0.056389
0 0.690430 0.336806 0.033984 0.056389
0 0.232422 0.503472 0.022656 0.072500
0 0.107422 0.925278 0.063437 0.149444
0 0.483398 0.654514 0.020391 0.084583
0 0.439453 0.539931 0.022656 0.084583
0 0.524414 0.649306 0.043047 0.120833
0 0.411133 0.484375 0.024922 0.036250
0 0.442383 0.722222 0.015859 0.048333
0 0.470703 0.710069 0.022656 0.052361
0 0.092773 0.253472 0.029453 0.048333
0 0.423828 0.447917 0.013594 0.040278
0 0.570312 0.758681 0.049844 0.052361
0 0.536133 0.734375 0.015859 0.036250
0 0.605469 0.701389 0.058906 0.120833
0 0.304688 0.460069 0.027188 0.052361
0 0.377930 0.211806 0.006797 0.024167
