0 0.143555 0.388889 0.029453 0.096667
0 0.362305 0.467014 0.070234 0.068472
0 0.537109 0.385417 0.040781 0.040278
0 0.686523 0.392361 0.043047 0.056389
0 0.021484 0.439236 0.036250 0.068472
0 0.095703 0.421875 0.036250 0.068472
0 0.439453 0.435764 0.049844 0.060417
0 0.772461 0.434028 0.056641 0.064444
0 0.113281 0.296875 0.022656 0.036250
0 0.025391 0.314236 0.027188 0.036250
0 0.808594 0.397569 0.036250 0.052361
0 0.062500 0.482639 0.072500 0.072500
0 0.208984 0.480903 0.067969 0.068472
0 0.480469 0.300347 0.013594 0.012083
0 0.479492 0.315972 0.011328 0.024167
0 0.290039 0.454861 0.033984 0.040278
0 0.261719 0.460069 0.027188 0.052361
0 0.583984 0.414931 0.049844 0.052361
0 0.283203 0.321181 0.018125 0.052361
0 0.109375 0.388889 0.022656 0.072500
0 0.020039 0.519097 0.040078 0.060417
0 0.500000 0.428819 0.045313 0.052361
0 0.633789 0.487847 0.052109 0.060417
0 0.660156 0.430556 0.027187 0.048333
0 0.533203 0.310764 0.022656 0.036250
0 0.742188 0.397569 0.045313 0.052361
0 0.527344 0.475694 0.054375 0.056389
