0 0.907227 0.277778 0.033984 0.032222
0 0.270508 0.423611 0.033984 0.056389
0 0.006328 0.328125 0.012656 0.044306
0 0.236328 0.380208 0.027187 0.060417
0 0.467773 0.413194 0.056641 0.056389
0 0.049805 0.333333 0.029453 0.056389
0 0.026816 0.160174 0.053633 0.320347
0 0.035859 0.513889 0.071719 0.096667
0 0.039062 0.600694 0.077031 0.096667
0 0.302734 0.442708 0.049844 0.084583
0 0.211914 0.442708 0.056641 0.084583
0 0.139648 0.388889 0.020391 0.072500
0 0.075195 0.456597 0.088359 0.092639
0 0.511719 0.421875 0.045313 0.068472
0 0.612305 0.670139 0.029453 0.072500
0 0.335938 0.498264 0.045312 0.132917
0 0.430664 0.508681 0.056641 0.092639
0 0.029297 0.286458 0.027188 0.052361
0 0.526367 0.784722 0.033984 0.145000
0 0.184570 0.380208 0.052109 0.052361
