0 0.595703 0.288194 0.022656 0.056389
0 0.409180 0.451389 0.052109 0.064444
0 0.554688 0.378472 0.040781 0.056389
0 0.007383 0.623264 0.014766 0.076528
0 0.924805 0.380208 0.043047 0.052361
0 0.121094 0.663194 0.095156 0.120833
0 0.028320 0.406250 0.020391 0.072500
0 0.812500 0.413194 0.045313 0.056389
0 0.121094 0.383681 0.022656 0.052361
0 0.923828 0.425347 0.027187 0.052361
0 0.096680 0.390625 0.020391 0.068472
0 0.058594 0.407986 0.018125 0.052361
0 0.561523 0.472222 0.056641 0.056389
0 0.715820 0.414931 0.052109 0.060417
0 0.183594 0.383681 0.049844 0.052361
