0 0.875000 0.265625 0.027187 0.036250
0 0.174805 0.383681 0.029453 0.052361
0 0.049805 0.312500 0.029453 0.040278
0 0.246094 0.371528 0.022656 0.032222
0 0.253906 0.263889 0.009062 0.040278
0 0.300781 0.263889 0.009062 0.032222
0 0.452148 0.416667 0.020391 0.056389
0 0.126953 0.293403 0.022656 0.044306
0 0.264648 0.326389 0.011328 0.032222
0 0.226562 0.262153 0.018125 0.028194
0 0.321289 0.373264 0.011328 0.036250
0 0.083984 0.281250 0.036250 0.040278
0 0.429688 0.491319 0.018125 0.092639
0 0.177734 0.296875 0.022656 0.036250
0 0.143555 0.635417 0.029453 0.112778
0 0.305664 0.310764 0.015859 0.060417
0 0.186523 0.437500 0.029453 0.064444
0 0.295898 0.345486 0.020391 0.052361
0 0.049805 0.475694 0.029453 0.080556
0 0.115234 0.303819 0.022656 0.052361
0 0.083008 0.907986 0.047578 0.173194
0 0.039062 0.289931 0.018125 0.036250
0 0.924805 0.276042 0.029453 0.036250
0 0.273438 0.272569 0.013594 0.044306
0 0.947266 0.279514 0.036250 0.036250
0 0.396484 0.421875 0.018125 0.044306
0 0.330078 0.496528 0.013594 0.064444
0 0.356445 0.395833 0.015859 0.056389
0 0.465820 0.600694 0.033984 0.056389
0 0.368164 0.281250 0.011328 0.040278
0 0.070312 0.710069 0.036250 0.092639
0 0.828125 0.267361 0.022656 0.040278
0 0.454102 0.352431 0.015859 0.052361
