0 0.397461 0.786458 0.020391 0.020139
0 0.368164 0.767361 0.043047 0.177222
0 0.102539 0.357639 0.015859 0.040278
0 0.371094 0.437500 0.022656 0.064444
0 0.088867 0.298611 0.020391 0.040278
0 0.143555 0.281250 0.015859 0.040278
0 0.530273 0.746528 0.038516 0.104722
0 0.399414 0.559028 0.024922 0.064444
0 0.255859 0.305556 0.013594 0.048333
0 0.064453 0.480903 0.022656 0.076528
0 0.194336 0.501736 0.029453 0.076528
0 0.118164 0.703125 0.029453 0.100694
0 0.907227 0.699653 0.079297 0.140972
0 0.420898 0.539931 0.020391 0.084583
0 0.348633 0.491319 0.015859 0.052361
0 0.183594 0.381944 0.049844 0.048333
0 0.146484 0.350694 0.018125 0.056389
0 0.338867 0.583333 0.020391 0.080556
0 0.056641 0.331597 0.013594 0.052361
0 0.991211 0.796875 0.015859 0.036250
0 0.895508 0.694444 0.006797 0.016111
0 0.899414 0.675347 0.011328 0.020139
0 0.942383 0.723958 0.083828 0.157083
0 0.884766 0.678819 0.022656 0.092639
0 0.409180 0.717014 0.033984 0.116806
0 0.411133 0.908264 0.088359 0.183472
0 0.483398 0.848958 0.079297 0.132917
0 0.321289 0.489583 0.020391 0.088611
0 0.114258 0.281250 0.020391 0.040278
0 0.114258 0.413194 0.020391 0.064444
0 0.177734 0.612847 0.022656 0.084583
0 0.656250 0.947639 0.040781 0.104722
0 0.602539 0.913889 0.052109 0.172222
0 0.223633 0.522569 0.024922 0.092639
0 0.215820 0.711806 0.033984 0.120833
0 0.321289 0.964514 0.079297 0.070972
0 0.334961 0.895833 0.006797 0.016111
0 0.284180 0.890625 0.079297 0.181250
0 0.027344 0.645833 0.036250 0.120833
0 0.056641 0.913194 0.045313 0.161111
0 0.053711 0.291667 0.029453 0.032222
0 0.871094 0.265625 0.022656 0.036250
0 0.458984 0.734375 0.036250 0.108750
0 0.583008 0.902778 0.006797 0.008056
0 0.558594 0.831597 0.077031 0.132917
0 0.379883 0.602431 0.029453 0.092639
0 0.226562 0.289931 0.018125 0.052361
0 0.526367 0.940278 0.092891 0.119444
0 0.385742 0.380208 0.015859 0.052361
0 0.137695 0.843750 0.043047 0.145000
0 0.458984 0.590278 0.022656 0.104722
0 0.221680 0.972014 0.052109 0.055972
0 0.185547 0.957014 0.027187 0.085972
0 0.992188 0.434028 0.013594 0.064444
