0 0.130859 0.388889 0.027187 0.064444
0 0.188477 0.383681 0.038516 0.052361
0 0.091797 0.406250 0.027188 0.072500
0 0.292969 0.465278 0.058906 0.064444
0 0.018555 0.420139 0.029453 0.072500
0 0.045898 0.402778 0.020391 0.072500
0 0.067383 0.421875 0.029453 0.068472
0 0.012656 0.592014 0.025313 0.108750
0 0.522461 0.305556 0.020391 0.048333
0 0.767578 0.248264 0.027187 0.036250
0 0.305664 0.538194 0.056641 0.056389
0 0.395508 0.442708 0.047578 0.060417
0 0.400391 0.531250 0.058906 0.072500
0 0.162109 0.387153 0.031719 0.068472
0 0.159180 0.597222 0.079297 0.096667
