0 0.177734 0.381944 0.036250 0.056389
0 0.911133 0.277778 0.029453 0.032222
0 0.009492 0.342014 0.018984 0.076528
0 0.549805 0.657986 0.056641 0.149028
0 0.888672 0.265625 0.022656 0.036250
0 0.231445 0.282986 0.015859 0.052361
0 0.102539 0.295139 0.033984 0.064444
0 0.629883 0.819444 0.056641 0.161111
0 0.588867 0.779514 0.033984 0.108750
0 0.186523 0.418403 0.043047 0.076528
0 0.083984 0.324653 0.036250 0.044306
0 0.980039 0.897569 0.039922 0.100694
0 0.374023 0.343750 0.029453 0.040278
0 0.714844 0.828125 0.095156 0.140972
0 0.111328 0.390625 0.027188 0.068472
0 0.858398 0.262153 0.033984 0.036250
0 0.811523 0.262153 0.029453 0.036250
0 0.905273 0.303819 0.043047 0.044306
0 0.261719 0.338542 0.027188 0.068472
