0 0.033203 0.317708 0.049844 0.060417
0 0.440430 0.366319 0.020391 0.052361
0 0.899414 0.272569 0.029453 0.044306
0 0.058594 0.406250 0.022656 0.072500
0 0.221680 0.395833 0.052109 0.048333
0 0.264648 0.477431 0.065703 0.084583
0 0.621094 0.484375 0.049844 0.076528
0 0.457031 0.397569 0.036250 0.052361
0 0.070312 0.342014 0.036250 0.068472
0 0.192383 0.598958 0.083828 0.092639
0 0.413086 0.468750 0.056641 0.072500
0 0.246094 0.458333 0.036250 0.064444
0 0.382812 0.590278 0.036250 0.072500
0 0.350586 0.600694 0.029453 0.096667
0 0.081055 0.543403 0.101953 0.108750
0 0.161133 0.279514 0.029453 0.036250
0 0.328125 0.473958 0.036250 0.060417
0 0.180664 0.381944 0.043047 0.056389
0 0.326172 0.366319 0.040781 0.052361
0 0.700195 0.390625 0.043047 0.044306
0 0.166992 0.458333 0.056641 0.080556
0 0.121094 0.685764 0.095156 0.108750
0 0.484375 0.437500 0.049844 0.072500
0 0.601562 0.366319 0.036250 0.052361
0 0.898438 0.303819 0.027187 0.020139
0 0.530273 0.491319 0.056641 0.084583
0 0.315430 0.564236 0.038516 0.076528
0 0.468750 0.309028 0.013594 0.040278
0 0.558594 0.435764 0.036250 0.076528
0 0.485352 0.585069 0.056641 0.100694
