0 0.154297 0.559028 0.040781 0.064444
0 0.589844 0.376736 0.018125 0.068472
0 0.065430 0.467014 0.024922 0.076528
0 0.452148 0.366319 0.020391 0.052361
0 0.829102 0.940278 0.070234 0.119444
0 0.757812 0.907986 0.063438 0.140972
0 0.517578 0.397569 0.013594 0.052361
0 0.244141 0.515625 0.036250 0.076528
0 0.083008 0.663194 0.047578 0.128889
0 0.287109 0.616319 0.045312 0.092639
0 0.475586 0.397569 0.020391 0.052361
0 0.395508 0.378472 0.020391 0.056389
0 0.088867 0.434028 0.033984 0.064444
0 0.033203 0.383681 0.022656 0.060417
0 0.206055 0.701389 0.043047 0.112778
0 0.192383 0.605903 0.043047 0.076528
0 0.551758 0.501736 0.033984 0.076528
0 0.020039 0.739583 0.040078 0.128889
0 0.284180 0.390625 0.020391 0.068472
0 0.333984 0.388889 0.018125 0.072500
0 0.178711 0.763889 0.079297 0.112778
0 0.136719 0.454861 0.027187 0.072500
0 0.601562 0.480903 0.022656 0.076528
0 0.104492 0.505208 0.029453 0.084583
0 0.026367 0.881944 0.052734 0.153056
0 0.552734 0.423611 0.022656 0.088611
0 0.501953 0.442708 0.022656 0.060417
0 0.373047 0.381944 0.013594 0.056389
0 0.385742 0.468750 0.020391 0.080556
0 0.379883 0.644097 0.056641 0.132917
0 0.611328 0.921528 0.058906 0.156944
0 0.557617 0.878472 0.038516 0.128889
0 0.423828 0.366319 0.013594 0.052361
0 0.416992 0.873264 0.101953 0.181250
0 0.202148 0.467014 0.033984 0.068472
0 0.170898 0.915764 0.097422 0.168472
0 0.642578 0.416667 0.013594 0.072500
