0 0.940430 0.286458 0.033984 0.052361
0 0.858398 0.277778 0.020391 0.040278
0 0.461914 0.862847 0.043047 0.124861
0 0.420898 0.847222 0.033984 0.096667
0 0.986328 0.282986 0.027187 0.052361
0 0.780273 0.989583 0.038516 0.016111
0 0.717773 0.968264 0.043047 0.063472
0 0.067383 0.463542 0.056641 0.068472
0 0.408203 0.678819 0.049844 0.116806
0 0.117188 0.477431 0.058906 0.060417
0 0.025313 0.506944 0.050625 0.064444
0 0.166992 0.425347 0.056641 0.092639
0 0.060547 0.302083 0.027188 0.048333
0 0.983203 0.434028 0.033594 0.064444
0 0.355469 0.772569 0.040781 0.124861
0 0.554688 0.864583 0.058906 0.120833
0 0.283203 0.803819 0.049844 0.165139
0 0.577148 0.571181 0.038516 0.052361
0 0.533203 0.607639 0.031719 0.112778
0 0.657227 0.916667 0.065703 0.161111
0 0.503906 0.803819 0.058906 0.165139
0 0.505859 0.477431 0.058906 0.084583
0 0.014648 0.298611 0.020391 0.040278
0 0.574219 0.453125 0.027187 0.076528
0 0.602539 0.940278 0.079297 0.119444
0 0.543945 0.463542 0.029453 0.068472
0 0.281250 0.966389 0.072500 0.067222
