0 0.898438 0.277778 0.009062 0.032222
0 0.913086 0.277778 0.024922 0.032222
0 0.012656 0.317708 0.025313 0.060417
0 0.043945 0.342014 0.029453 0.068472
0 0.106445 0.352431 0.015859 0.052361
0 0.331055 0.383681 0.029453 0.052361
0 0.142578 0.279514 0.027187 0.044306
0 0.003164 0.354167 0.006328 0.032222
0 0.083984 0.302083 0.022656 0.048333
0 0.200195 0.385417 0.088359 0.056389
0 0.117188 0.310764 0.027187 0.036250
0 0.086914 0.343750 0.029453 0.064444
0 0.308594 0.552083 0.022656 0.048333
0 0.183594 0.381944 0.049844 0.048333
0 0.145508 0.361111 0.020391 0.056389
0 0.167969 0.281250 0.027187 0.064444
0 0.189453 0.600694 0.022656 0.048333
0 0.630859 0.609375 0.040781 0.100694
0 0.287109 0.383681 0.040781 0.052361
0 0.373047 0.592014 0.045312 0.132917
0 0.133789 0.395833 0.020391 0.064444
0 0.832031 0.262153 0.022656 0.028194
0 0.409180 0.657986 0.033984 0.052361
0 0.195312 0.598958 0.036250 0.052361
