0 0.454102 0.657986 0.056641 0.108750
0 0.508789 0.725694 0.065703 0.120833
0 0.408203 0.746528 0.054375 0.136944
0 0.538086 0.505208 0.029453 0.084583
0 0.440430 0.440972 0.024922 0.072500
0 0.581055 0.553819 0.043047 0.092639
0 0.324219 0.546875 0.045312 0.076528
0 0.253906 0.366319 0.022656 0.060417
0 0.434570 0.938403 0.106484 0.123194
0 0.042969 0.552083 0.040781 0.088611
0 0.420898 0.545139 0.033984 0.104722
0 0.878906 0.868056 0.122344 0.193333
0 0.810547 0.928889 0.131406 0.142222
0 0.183594 0.381944 0.049844 0.056389
0 0.746094 0.940278 0.049844 0.119444
0 0.689453 0.904514 0.049844 0.132917
0 0.327148 0.649306 0.065703 0.128889
0 0.108398 0.810764 0.065703 0.140972
0 0.380859 0.352431 0.027188 0.060417
0 0.292969 0.449653 0.027188 0.068472
0 0.380859 0.552083 0.027188 0.088611
0 0.263672 0.565972 0.045312 0.096667
0 0.724609 0.680556 0.072500 0.120833
0 0.057617 0.440972 0.033984 0.072500
0 0.634766 0.597222 0.049844 0.072500
0 0.408203 0.439236 0.022656 0.052361
0 0.416445 0.500000 0.832891 1.000000
0 0.835938 0.947639 0.067969 0.104722
0 0.210938 0.508681 0.031719 0.084583
0 0.162109 0.522569 0.027187 0.092639
0 0.956055 0.968264 0.056641 0.063472
0 0.779297 0.810764 0.045313 0.108750
0 0.739258 0.781250 0.033984 0.104722
0 0.621094 0.779514 0.063438 0.140972
0 0.093750 0.295139 0.027188 0.040278
0 0.582031 0.923264 0.063438 0.153472
0 0.532227 0.875000 0.033984 0.145000
0 0.653320 0.710069 0.079297 0.124861
0 0.211914 0.664931 0.056641 0.124861
0 0.264648 0.756944 0.061172 0.128889
