0 0.336914 0.711806 0.043047 0.096667
0 0.190137 0.357847 0.380273 0.715694
0 0.115234 0.468750 0.036250 0.072500
0 0.249023 0.923611 0.029453 0.112778
0 0.290039 0.923264 0.061172 0.153472
0 0.006328 0.440972 0.012656 0.048333
0 0.474609 0.467014 0.027188 0.036250
0 0.143555 0.482639 0.056641 0.072500
0 0.062500 0.842014 0.027188 0.132917
0 0.336914 0.402778 0.029453 0.064444
0 0.049805 0.310764 0.029453 0.036250
0 0.783203 0.430556 0.049844 0.048333
0 0.204102 0.932639 0.043047 0.134722
0 0.129883 0.848958 0.043047 0.092639
0 0.081504 0.424271 0.163008 0.848542
0 0.177734 0.378472 0.063437 0.056389
0 0.268555 0.434028 0.043047 0.064444
0 0.302734 0.659722 0.022656 0.096667
0 0.125000 0.390625 0.027187 0.044306
0 0.308594 0.388889 0.036250 0.048333
0 0.677734 0.406250 0.063438 0.064444
0 0.081055 0.355903 0.029453 0.044306
0 0.196289 0.435764 0.047578 0.068472
0 0.155273 0.625000 0.029453 0.112778
0 0.622415 0.388889 0.019591 0.032222
0 0.602460 0.401042 0.024738 0.044306
0 0.030586 0.482639 0.061172 0.072500
0 0.041016 0.966389 0.049844 0.067222
0 0.880859 0.383681 0.045313 0.060417
0 0.595703 0.701389 0.063438 0.096667
0 0.095703 0.708333 0.031719 0.120833
0 0.352539 0.819444 0.052109 0.120833
0 0.455078 0.611111 0.027188 0.056389
0 0.025391 0.296875 0.027188 0.036250
0 0.536133 0.741319 0.056641 0.124861
0 0.658203 0.376736 0.036250 0.068472
0 0.162109 0.972014 0.058906 0.055972
0 0.717773 0.425347 0.056641 0.052361
