0 0.874023 0.262153 0.029453 0.028194
0 0.794922 0.352431 0.049844 0.052361
0 0.589844 0.335069 0.022656 0.028194
0 0.016875 0.475694 0.033750 0.088611
0 0.179688 0.453125 0.045312 0.068472
0 0.364258 0.399306 0.038516 0.056389
0 0.145508 0.395833 0.020391 0.056389
0 0.107422 0.383681 0.022656 0.052361
0 0.083984 0.402778 0.022656 0.072500
0 0.016875 0.494792 0.033750 0.036250
0 0.496094 0.381944 0.040781 0.056389
0 0.986328 0.284722 0.027187 0.048333
0 0.419922 0.397569 0.049844 0.052361
0 0.834961 0.263889 0.020391 0.032222
