0 0.073242 0.303819 0.029453 0.052361
0 0.260742 0.371528 0.015859 0.072500
0 0.325195 0.399306 0.015859 0.048333
0 0.455078 0.345486 0.013594 0.068472
0 0.075195 0.442708 0.015859 0.060417
0 0.134766 0.289931 0.022656 0.052361
0 0.039062 0.307292 0.036250 0.052361
0 0.975820 0.343750 0.048359 0.032222
0 0.290039 0.421875 0.020391 0.076528
0 0.386719 0.373264 0.013594 0.060417
0 0.109375 0.446181 0.022656 0.060417
0 0.095703 0.305556 0.022656 0.048333
0 0.196289 0.434028 0.020391 0.072500
0 0.074219 0.375000 0.018125 0.040278
0 0.158203 0.368056 0.018125 0.056389
0 0.146484 0.420139 0.022656 0.096667
0 0.767578 0.324653 0.045313 0.076528
0 0.130859 0.381944 0.013594 0.056389
0 0.107422 0.375000 0.022656 0.040278
0 0.945312 0.279514 0.036250 0.060417
0 0.436523 0.366319 0.015859 0.052361
0 0.989258 0.291667 0.020391 0.040278
0 0.354492 0.335069 0.015859 0.052361
0 0.518555 0.368056 0.015859 0.056389
0 0.133789 0.541667 0.065703 0.088611
