0 0.473633 0.446181 0.024922 0.060417
0 0.050781 0.413194 0.022656 0.056389
0 0.352539 0.366319 0.047578 0.044306
0 0.877930 0.411458 0.052109 0.052361
0 0.421875 0.957014 0.036250 0.085972
0 0.380859 0.951389 0.027188 0.097222
0 0.242188 0.413194 0.027188 0.056389
0 0.331055 0.741319 0.029453 0.124861
0 0.749023 0.468750 0.043047 0.064444
0 0.804688 0.442708 0.027187 0.060417
0 0.149414 0.826389 0.043047 0.145000
0 0.158203 0.348958 0.018125 0.060417
0 0.061523 0.296875 0.024922 0.036250
0 0.288086 0.805556 0.056641 0.120833
0 0.460938 0.840278 0.058906 0.153056
0 0.127930 0.444444 0.061172 0.056389
0 0.264648 0.503472 0.033984 0.088611
0 0.179688 0.413194 0.045312 0.064444
0 0.255859 0.725694 0.031719 0.128889
0 0.128066 0.357847 0.256133 0.715694
0 0.642578 0.984375 0.018125 0.028194
0 0.583984 0.982639 0.036250 0.032222
0 0.686523 0.461806 0.043047 0.056389
0 0.205078 0.704861 0.031719 0.104722
0 0.514648 0.678819 0.052109 0.116806
0 0.295898 0.378472 0.038516 0.048333
0 0.329102 0.951389 0.043047 0.097222
0 0.183359 0.483472 0.366719 0.966944
0 0.289120 0.930556 0.018258 0.096667
0 0.265625 0.326389 0.018125 0.040278
0 0.074219 0.411458 0.027188 0.060417
0 0.012695 0.300347 0.015859 0.052361
0 0.532227 0.611111 0.033984 0.104722
0 0.224609 0.255208 0.013594 0.028194
0 0.429688 0.894097 0.086094 0.181250
0 0.030273 0.307292 0.015859 0.052361
0 0.484375 0.598958 0.036250 0.084583
0 0.254023 0.291146 0.508047 0.582292
0 0.540039 0.928889 0.038516 0.142222
0 0.502930 0.890625 0.020391 0.108750
0 0.242188 0.880208 0.031719 0.132917
