0 0.027344 0.366319 0.036250 0.052361
0 0.524414 0.489583 0.015859 0.088611
0 0.500000 0.500000 1.000000 1.000000
0 0.978984 0.979167 0.042031 0.032222
0 0.912109 0.955139 0.058906 0.089722
0 0.668945 0.401042 0.015859 0.076528
0 0.321289 0.444444 0.024922 0.056389
0 0.105469 0.414931 0.027188 0.052361
0 0.829102 0.840278 0.101953 0.177222
0 0.798828 0.250000 0.027187 0.032222
0 0.138672 0.262153 0.022656 0.044306
0 0.048828 0.600694 0.027188 0.088611
0 0.991211 0.862847 0.015859 0.012083
0 0.500000 0.439549 1.000000 0.879097
0 0.942383 0.819444 0.083828 0.120833
0 0.414062 0.458333 0.018125 0.064444
0 0.397461 0.526042 0.020391 0.092639
0 0.102539 0.387153 0.020391 0.044306
0 0.284180 0.463542 0.033984 0.036250
0 0.802734 0.972014 0.022656 0.055972
0 0.721680 0.968264 0.033984 0.063472
0 0.432617 0.440972 0.020391 0.072500
0 0.040039 0.522569 0.047578 0.060417
0 0.429688 0.539931 0.027188 0.084583
0 0.181641 0.378472 0.045312 0.056389
0 0.101562 0.480903 0.022656 0.068472
0 0.048828 0.293403 0.013594 0.044306
0 0.989258 0.914931 0.020391 0.092639
0 0.818359 0.376736 0.027187 0.068472
0 0.689453 0.440972 0.022656 0.056389
0 0.880859 0.418403 0.040781 0.068472
0 0.402129 0.402049 0.804258 0.804097
0 0.786133 0.739583 0.029453 0.120833
0 0.749023 0.692708 0.015859 0.052361
0 0.453125 0.454861 0.022656 0.040278
0 0.697266 0.670139 0.058906 0.120833
0 0.356934 0.335347 0.713867 0.670694
0 0.358887 0.324097 0.717773 0.648194
0 0.448242 0.598958 0.043047 0.124861
0 0.091797 0.255208 0.027188 0.044306
0 0.554688 0.512153 0.018125 0.076528
0 0.674805 0.979167 0.038516 0.040278
0 0.621094 0.951389 0.036250 0.097222
0 0.710938 0.637153 0.027187 0.076528
0 0.200195 0.628472 0.029453 0.096667
0 0.715820 0.477431 0.033984 0.084583
0 0.549805 0.881944 0.043047 0.161111
0 0.120117 0.750000 0.065703 0.145000
0 0.357422 0.475694 0.022656 0.056389
