0 0.247070 0.741319 0.092891 0.132917
0 0.591797 0.303819 0.013594 0.028194
0 0.018984 0.513889 0.037969 0.040278
0 0.524414 0.310764 0.015859 0.036250
0 0.007383 0.536458 0.014766 0.060417
0 0.379883 0.413194 0.047578 0.056389
0 0.134766 0.381944 0.022656 0.056389
0 0.062500 0.475694 0.072500 0.064444
0 0.833984 0.375000 0.049844 0.064444
0 0.130859 0.522569 0.072500 0.084583
0 0.686523 0.366319 0.043047 0.044306
0 0.007383 0.866319 0.014766 0.124861
0 0.986328 0.432292 0.027187 0.052361
0 0.893555 0.425347 0.056641 0.060417
0 0.603516 0.397569 0.049844 0.044306
0 0.420898 0.373264 0.033984 0.060417
0 0.732422 0.359375 0.049844 0.036250
