0 0.227539 0.598958 0.020391 0.092639
0 0.464844 0.286458 0.009062 0.028194
0 0.377930 0.262153 0.006797 0.028194
0 0.711914 0.347222 0.043047 0.048333
0 0.349609 0.923264 0.058906 0.153472
0 0.326172 0.838542 0.009062 0.036250
0 0.087891 0.335069 0.027188 0.052361
0 0.295898 0.527778 0.020391 0.080556
0 0.318359 0.421875 0.013594 0.068472
0 0.265625 0.302083 0.009062 0.048333
0 0.310547 0.319444 0.013594 0.048333
0 0.345703 0.279514 0.009062 0.036250
0 0.292969 0.328125 0.013594 0.036250
0 0.331055 0.309028 0.011328 0.040278
0 0.255859 0.454861 0.013594 0.072500
0 0.183594 0.378472 0.049844 0.048333
0 0.203125 0.821181 0.036250 0.157083
0 0.354492 0.241319 0.011328 0.028194
0 0.312500 0.697917 0.027188 0.128889
0 0.452148 0.955139 0.065703 0.089722
0 0.210176 0.121319 0.420352 0.242639
0 0.767578 0.350694 0.040781 0.056389
