0 0.899414 0.293403 0.029453 0.028194
0 0.986328 0.272569 0.027187 0.052361
0 0.787109 0.406250 0.040781 0.064444
0 0.412109 0.420139 0.054375 0.064444
0 0.006328 0.435764 0.012656 0.068472
0 0.921875 0.430556 0.036250 0.048333
0 0.324219 0.421875 0.054375 0.068472
0 0.536133 0.302083 0.015859 0.048333
0 0.949219 0.286458 0.027187 0.044306
0 0.771484 0.372437 0.018125 0.034332
0 0.655273 0.376736 0.043047 0.052361
0 0.879883 0.420139 0.043047 0.064444
0 0.554688 0.373264 0.027187 0.036250
0 0.555664 0.470486 0.056641 0.068472
0 0.752930 0.442708 0.052109 0.060417
0 0.859375 0.274306 0.022656 0.048333
0 0.683594 0.373264 0.049844 0.036250
0 0.833008 0.366319 0.052109 0.044306
