0 0.141602 0.461806 0.061172 0.056389
0 0.378906 0.496528 0.058906 0.064444
0 0.463867 0.418403 0.047578 0.044306
0 0.805664 0.895833 0.061172 0.161111
0 0.754883 0.864583 0.043047 0.088611
0 0.727539 0.500000 0.024922 0.072500
0 0.321289 0.442708 0.052109 0.052361
0 0.281250 0.328125 0.013594 0.044306
0 0.109375 0.506944 0.036250 0.064444
0 0.398438 0.420139 0.031719 0.040278
0 0.139648 0.267361 0.020391 0.040278
0 0.668945 0.576389 0.029453 0.072500
0 0.016875 0.715278 0.033750 0.104722
0 0.264648 0.335069 0.020391 0.052361
0 0.039062 0.303819 0.018125 0.028194
0 0.201172 0.569444 0.067969 0.088611
0 0.424805 0.465278 0.056641 0.064444
0 0.278320 0.493056 0.052109 0.096667
0 0.593750 0.590278 0.027187 0.104722
0 0.056641 0.569444 0.086094 0.080556
0 0.102539 0.302083 0.020391 0.048333
0 0.181641 0.378472 0.045312 0.048333
0 0.189453 0.467014 0.049844 0.068472
0 0.240234 0.473958 0.067969 0.060417
0 0.102539 0.428819 0.061172 0.052361
0 0.487305 0.501736 0.043047 0.076528
0 0.298828 0.328125 0.013594 0.036250
0 0.670898 0.611111 0.033984 0.145000
0 0.516602 0.543403 0.038516 0.068472
0 0.621094 0.543403 0.036250 0.076528
0 0.527344 0.664931 0.031719 0.108750
0 0.426758 0.317708 0.020391 0.044306
0 0.721680 0.421875 0.052109 0.044306
0 0.561523 0.465278 0.043047 0.064444
0 0.129883 0.711806 0.056641 0.120833
0 0.170898 0.685764 0.020391 0.076528
