0 0.898438 0.277778 0.009062 0.032222
0 0.910156 0.277778 0.018125 0.032222
0 0.261719 0.684028 0.027188 0.072500
0 0.765625 0.250000 0.036250 0.032222
0 0.345703 0.704861 0.049844 0.112778
0 0.098633 0.315972 0.029453 0.048333
0 0.367188 0.281250 0.013594 0.040278
0 0.077148 0.302083 0.020391 0.056389
0 0.250000 0.248264 0.013594 0.036250
0 0.764648 0.559028 0.024922 0.104722
0 0.368164 0.366319 0.015859 0.052361
0 0.937500 0.782986 0.072500 0.140972
0 0.835938 0.265625 0.027187 0.036250
0 0.315430 0.435764 0.020391 0.060417
0 0.271484 0.239583 0.009062 0.024167
0 0.187500 0.536458 0.027187 0.084583
0 0.371094 0.574653 0.022656 0.100694
0 0.859375 0.687500 0.077031 0.153056
0 0.230469 0.251736 0.013594 0.036250
0 0.264648 0.319444 0.020391 0.048333
0 0.036133 0.293403 0.029453 0.036250
0 0.324219 0.595486 0.027188 0.076528
0 0.298828 0.324653 0.013594 0.044306
0 0.327148 0.314236 0.006797 0.020139
0 0.326172 0.338542 0.009062 0.036250
0 0.183594 0.380208 0.049844 0.052361
0 0.264648 0.439236 0.020391 0.068472
0 0.313477 0.388889 0.020391 0.040278
0 0.736328 0.475694 0.018125 0.056389
0 0.133789 0.302083 0.020391 0.048333
0 0.226562 0.967014 0.049844 0.060417
0 0.868164 0.263889 0.029453 0.032222
0 0.446289 0.567708 0.024922 0.092639
0 0.936523 0.272569 0.029453 0.028194
0 0.789062 0.600694 0.036250 0.080556
0 0.450195 0.770833 0.043047 0.128889
0 0.473633 0.951389 0.038516 0.097222
0 0.307617 0.538194 0.020391 0.056389
0 0.311523 0.234375 0.011328 0.028194
0 0.401367 0.833333 0.047578 0.153056
0 0.411133 0.659722 0.029453 0.096667
0 0.352539 0.319444 0.006797 0.048333
0 0.262695 0.847131 0.029453 0.152844
0 0.714844 0.442708 0.022656 0.044306
0 0.292969 0.359375 0.013594 0.036250
0 0.323242 0.925139 0.070234 0.149722
