0 0.831055 0.256944 0.015859 0.024167
0 0.376953 0.477431 0.018125 0.060417
0 0.321289 0.586806 0.020391 0.096667
0 0.058594 0.498264 0.022656 0.068472
0 0.183594 0.758681 0.036250 0.108750
0 0.248047 0.605903 0.027188 0.076528
0 0.715820 0.923264 0.065703 0.153472
0 0.662109 0.888889 0.040781 0.112778
0 0.138672 0.302083 0.022656 0.048333
0 0.268555 0.500000 0.015859 0.072500
0 0.958008 0.779514 0.047578 0.068472
0 0.902344 0.736111 0.022656 0.032222
0 0.317383 0.875000 0.043047 0.145000
0 0.271484 0.678819 0.022656 0.060417
0 0.436523 0.928889 0.043047 0.142222
0 0.386719 0.852431 0.013594 0.020139
0 0.386719 0.890625 0.013594 0.068472
0 0.512695 0.857639 0.079297 0.145000
0 0.264648 0.770833 0.033984 0.120833
0 0.353516 0.592014 0.022656 0.076528
0 0.348633 0.694444 0.029453 0.088611
0 0.455078 0.265625 0.013594 0.036250
0 0.181641 0.380208 0.045312 0.052361
0 0.360352 0.498264 0.015859 0.068472
0 0.809570 0.414931 0.038516 0.060417
0 0.218750 0.552083 0.027187 0.088611
0 0.302734 0.657986 0.022656 0.108750
0 0.604492 0.814236 0.029453 0.149028
0 0.851719 0.929514 0.036613 0.053972
0 0.869141 0.971528 0.013594 0.033833
0 0.802734 0.925139 0.049844 0.149722
0 0.197266 0.451389 0.022656 0.072500
0 0.180664 0.914028 0.043047 0.171944
0 0.051758 0.302083 0.020391 0.048333
0 0.463867 0.670139 0.033984 0.112778
0 0.396484 0.605903 0.022656 0.100694
0 0.339844 0.453125 0.022656 0.068472
0 0.946289 0.279514 0.033984 0.036250
0 0.229492 0.309028 0.011328 0.040278
0 0.344727 0.819444 0.033984 0.153056
0 0.427734 0.720486 0.022656 0.068472
0 0.085938 0.312500 0.027188 0.032222
0 0.430664 0.638889 0.029453 0.112778
0 0.551758 0.953125 0.020391 0.068472
0 0.600586 0.945764 0.065703 0.108472
0 0.546875 0.758681 0.031719 0.132917
0 0.770508 0.250000 0.020391 0.032222
0 0.290039 0.559028 0.020391 0.064444
0 0.282227 0.915764 0.065703 0.168472
0 0.670898 0.815972 0.020391 0.048333
0 0.686523 0.758681 0.011328 0.020139
0 0.731445 0.821181 0.043047 0.197361
