0 0.464844 0.689236 0.022656 0.068472
0 0.502930 0.822917 0.038516 0.112778
0 0.583984 0.534722 0.022656 0.072500
0 0.088867 0.293403 0.033984 0.036250
0 0.862305 0.262153 0.029453 0.028194
0 0.926758 0.925278 0.138203 0.149444
0 0.787109 0.368056 0.031719 0.072500
0 0.243164 0.279514 0.015859 0.044306
0 0.181641 0.380208 0.045312 0.052361
0 0.381836 0.538194 0.029453 0.088611
0 0.770508 0.789931 0.092891 0.157083
0 0.535156 0.526042 0.027187 0.068472
0 0.316406 0.428819 0.022656 0.052361
0 0.131836 0.286458 0.015859 0.052361
0 0.382812 0.793403 0.036250 0.140972
0 0.785156 0.250000 0.027187 0.032222
0 0.472656 0.956597 0.027188 0.084583
0 0.510742 0.945903 0.056641 0.108194
0 0.535156 0.796875 0.036250 0.140972
0 0.046875 0.904514 0.049844 0.157083
0 0.157227 0.303819 0.020391 0.052361
0 0.309570 0.489583 0.020391 0.048333
0 0.623047 0.559028 0.031719 0.064444
0 0.354492 0.435764 0.029453 0.060417
0 0.141602 0.583333 0.043047 0.056389
0 0.542969 0.593750 0.027187 0.080556
0 0.583984 0.546875 0.022656 0.044306
0 0.892578 0.418403 0.072500 0.068472
0 0.614258 0.966389 0.079297 0.067222
0 0.336914 0.579861 0.015859 0.104722
0 0.449219 0.763889 0.045312 0.096667
0 0.627930 0.916667 0.038516 0.112778
0 0.580078 0.897569 0.045313 0.124861
0 0.414062 0.394097 0.018125 0.052361
0 0.358398 0.501736 0.020391 0.068472
0 0.902344 0.687500 0.036250 0.072500
