0 0.126953 0.369792 0.022656 0.092639
0 0.402344 0.604167 0.022656 0.104722
0 0.101562 0.411458 0.018125 0.060417
0 0.114258 0.536458 0.024922 0.092639
0 0.364258 0.668403 0.033984 0.140972
0 0.649414 0.906250 0.043047 0.145000
0 0.612305 0.859375 0.029453 0.108750
0 0.251953 0.392361 0.022656 0.056389
0 0.942383 0.730903 0.061172 0.140972
0 0.890625 0.692708 0.022656 0.060417
0 0.290039 0.809028 0.038516 0.145000
0 0.836914 0.625000 0.043047 0.072500
0 0.540039 0.887153 0.079297 0.189306
0 0.155273 0.788194 0.029453 0.128889
0 0.323242 0.467014 0.015859 0.068472
0 0.489258 0.468750 0.020391 0.072500
0 0.134766 0.333333 0.022656 0.048333
0 0.183594 0.380208 0.049844 0.044306
0 0.697266 0.925347 0.009062 0.012083
0 0.711914 0.923611 0.015859 0.040278
0 0.746094 0.907986 0.049844 0.149028
0 0.699219 0.873264 0.027187 0.084583
0 0.618164 0.647569 0.043047 0.124861
0 0.129883 0.381944 0.015859 0.064444
0 0.304688 0.637153 0.027188 0.116806
0 0.368164 0.480903 0.015859 0.068472
0 0.450195 0.717014 0.043047 0.108750
0 0.023438 0.503472 0.027188 0.048333
0 0.029297 0.296875 0.027188 0.036250
0 0.543945 0.706597 0.029453 0.084583
0 0.593750 0.717014 0.058906 0.116806
0 0.905273 0.416667 0.056641 0.072500
0 0.528320 0.743056 0.052109 0.088611
0 0.453125 0.614583 0.036250 0.088611
0 0.458984 0.888889 0.049844 0.145000
0 0.781250 0.388889 0.027187 0.064444
0 0.341797 0.567708 0.027188 0.092639
0 0.379883 0.934514 0.074766 0.130972
0 0.666992 0.774306 0.043047 0.088611
