0 0.508789 0.625000 0.033984 0.104722
0 0.077148 0.388889 0.020391 0.064444
0 0.029297 0.420139 0.027188 0.072500
0 0.012656 0.612847 0.025313 0.108750
0 0.109375 0.782986 0.036250 0.076528
0 0.321289 0.750000 0.033984 0.104722
0 0.731445 0.885417 0.043047 0.161111
0 0.326172 0.493056 0.018125 0.048333
0 0.270508 0.500000 0.020391 0.072500
0 0.118164 0.380208 0.015859 0.052361
0 0.865234 0.840278 0.077031 0.112778
0 0.227539 0.873264 0.038516 0.149028
0 0.359375 0.809028 0.036250 0.104722
0 0.473633 0.938403 0.074766 0.123194
0 0.205078 0.498264 0.027187 0.068472
0 0.059570 0.758681 0.038516 0.084583
0 0.167969 0.770833 0.040781 0.128889
0 0.305664 0.607639 0.029453 0.072500
0 0.154297 0.616319 0.027187 0.092639
0 0.573242 0.647569 0.024922 0.084583
0 0.283203 0.565972 0.022656 0.072500
0 0.287109 0.972222 0.058906 0.048333
0 0.259766 0.796875 0.049844 0.140972
0 0.087891 0.699653 0.027188 0.116806
0 0.045898 0.915903 0.047578 0.168194
0 0.036133 0.293403 0.029453 0.036250
0 0.302734 0.494792 0.022656 0.068472
0 0.674805 0.917778 0.043047 0.164444
0 0.130859 0.701389 0.031719 0.096667
0 0.333984 0.560764 0.022656 0.068472
0 0.376953 0.595486 0.022656 0.068472
0 0.146484 0.333333 0.018125 0.048333
0 0.356445 0.927083 0.043047 0.120833
0 0.124023 0.899306 0.043047 0.128889
0 0.611328 0.611111 0.027187 0.056389
0 0.206055 0.602431 0.029453 0.092639
0 0.186523 0.951389 0.043047 0.097222
