0 0.356445 0.899306 0.043047 0.169167
0 0.088867 0.501736 0.020391 0.076528
0 0.090820 0.394097 0.020391 0.052361
0 0.976562 0.281250 0.036250 0.040278
0 0.548828 0.746528 0.072500 0.145000
0 0.321289 0.947639 0.079297 0.104722
0 0.267578 0.652778 0.027188 0.112778
0 0.154297 0.600694 0.027187 0.088611
0 0.192383 0.621528 0.029453 0.104722
0 0.385742 0.656250 0.029453 0.104722
0 0.540039 0.586806 0.033984 0.096667
0 0.395508 0.493056 0.020391 0.048333
0 0.138672 0.265625 0.022656 0.036250
0 0.183594 0.378472 0.049844 0.048333
0 0.318359 0.656250 0.027188 0.072500
0 0.243164 0.689236 0.029453 0.068472
0 0.524414 0.817708 0.043047 0.132917
0 0.070312 0.826389 0.063438 0.177222
0 0.281250 0.574653 0.027188 0.076528
0 0.308594 0.546875 0.022656 0.100694
0 0.254883 0.826389 0.056641 0.145000
0 0.396484 0.569444 0.022656 0.088611
0 0.108398 0.420139 0.020391 0.064444
0 0.611328 0.592014 0.027187 0.076528
0 0.007383 0.600694 0.014766 0.088611
0 0.643555 0.565972 0.029453 0.096667
0 0.312500 0.770833 0.027188 0.080556
0 0.339844 0.743056 0.036250 0.088611
0 0.057617 0.659722 0.033984 0.096667
0 0.913086 0.279514 0.015859 0.036250
0 0.458008 0.684028 0.033984 0.104722
0 0.964844 0.338542 0.022656 0.036250
0 0.348633 0.586806 0.024922 0.096667
0 0.347656 0.897569 0.063438 0.173194
0 0.198730 0.437674 0.397461 0.875347
0 0.433594 0.711806 0.081562 0.120833
0 0.020508 0.317708 0.033984 0.060417
0 0.455078 0.850694 0.027188 0.056389
0 0.500000 0.866319 0.072500 0.157083
0 0.189453 0.842014 0.063437 0.149028
0 0.564453 0.574653 0.022656 0.076528
0 0.811523 0.413194 0.043047 0.056389
0 0.245117 0.303819 0.020391 0.052361
0 0.152344 0.918403 0.095156 0.140972
0 0.992188 0.342014 0.013594 0.036250
