0 0.445312 0.814236 0.036250 0.140972
0 0.232480 0.403924 0.464961 0.807847
0 0.117188 0.291667 0.018125 0.032222
0 0.871094 0.263889 0.036250 0.032222
0 0.710938 0.912014 0.099687 0.175972
0 0.453125 0.980903 0.049844 0.036250
0 0.287109 0.394097 0.045312 0.052361
0 0.118164 0.477431 0.056641 0.052361
0 0.224609 0.423611 0.054375 0.072500
0 0.025391 0.296875 0.027188 0.036250
0 0.399414 0.913889 0.043047 0.172222
0 0.243164 0.468750 0.056641 0.064444
0 0.591797 0.609375 0.027187 0.100694
0 0.621094 0.649306 0.054375 0.096667
0 0.551758 0.590278 0.033984 0.064444
0 0.551758 0.694444 0.033984 0.056389
0 0.318359 0.938264 0.045312 0.123472
