0 0.190430 0.517361 0.020391 0.088611
0 0.095703 0.319444 0.022656 0.048333
0 0.041016 0.326389 0.018125 0.040278
0 0.402344 0.279514 0.009062 0.036250
0 0.753906 0.342014 0.045313 0.060417
0 0.281250 0.557292 0.027188 0.092639
0 0.289062 0.930764 0.045312 0.138472
0 0.250000 0.477431 0.027188 0.092639
0 0.295898 0.684028 0.033984 0.112778
0 0.321289 0.642361 0.020391 0.104722
0 0.692383 0.529514 0.043047 0.108750
0 0.392578 0.399306 0.018125 0.088611
0 0.295898 0.319444 0.011328 0.024167
0 0.051758 0.671875 0.033984 0.108750
0 0.180664 0.380208 0.043047 0.052361
0 0.059570 0.295139 0.020391 0.040278
0 0.270508 0.730903 0.020391 0.100694
0 0.238809 0.395347 0.477617 0.790694
0 0.417969 0.800347 0.072500 0.165139
0 0.464844 0.782986 0.009062 0.036250
0 0.493164 0.798611 0.043047 0.112778
0 0.110352 0.305556 0.015859 0.048333
0 0.208984 0.444444 0.022656 0.080556
0 0.220703 0.564236 0.022656 0.092639
0 0.552734 0.930764 0.049844 0.138472
0 0.511719 0.868056 0.013594 0.056389
0 0.274414 0.423611 0.015859 0.056389
0 0.006328 0.348958 0.012656 0.044306
0 0.501953 0.638889 0.036250 0.104722
0 0.337891 0.312500 0.013594 0.032222
0 0.165039 0.498264 0.020391 0.076528
0 0.079102 0.510417 0.029453 0.056389
0 0.014648 0.295139 0.020391 0.040278
0 0.429688 0.583333 0.027188 0.088611
0 0.516602 0.962639 0.029453 0.074722
0 0.467773 0.949514 0.043047 0.100972
0 0.133789 0.289931 0.020391 0.052361
0 0.337891 0.847222 0.058906 0.169167
0 0.388672 0.704861 0.049844 0.104722
0 0.091797 0.263889 0.027188 0.032222
0 0.386719 0.607639 0.027188 0.048333
0 0.396484 0.352431 0.022656 0.052361
0 0.160156 0.718750 0.036250 0.136944
0 0.518555 0.598958 0.029453 0.092639
0 0.234375 0.802083 0.036250 0.128889
