0 0.931641 0.279514 0.031719 0.028194
0 0.092773 0.451389 0.024922 0.072500
0 0.536133 0.659722 0.043047 0.072500
0 0.486328 0.565972 0.027188 0.096667
0 0.045898 0.342014 0.033984 0.060417
0 0.415039 0.505208 0.020391 0.060417
0 0.331055 0.675347 0.029453 0.092639
0 0.430664 0.951389 0.043047 0.097222
0 0.118164 0.309028 0.015859 0.040278
0 0.377930 0.699653 0.033984 0.116806
0 0.117188 0.397569 0.018125 0.052361
0 0.408203 0.637153 0.022656 0.100694
0 0.054688 0.657986 0.027188 0.108750
0 0.719727 0.888889 0.092891 0.177222
0 0.152344 0.361111 0.018125 0.056389
0 0.070312 0.317708 0.013594 0.044306
0 0.896484 0.901042 0.049844 0.149028
0 0.829102 0.873264 0.056641 0.108750
0 0.299805 0.888889 0.056641 0.169167
0 0.804688 0.682292 0.072500 0.181250
0 0.301758 0.741319 0.033984 0.092639
0 0.430664 0.871528 0.043047 0.153056
0 0.105469 0.796875 0.045312 0.140972
0 0.992188 0.267361 0.013594 0.032222
0 0.695312 0.966389 0.049844 0.067222
0 0.648438 0.949514 0.058906 0.100972
0 0.243164 0.605903 0.029453 0.100694
0 0.360352 0.503472 0.015859 0.072500
0 0.093750 0.262153 0.027188 0.036250
0 0.183594 0.381944 0.049844 0.048333
0 0.121094 0.500000 0.022656 0.072500
0 0.111328 0.595486 0.027188 0.092639
0 0.092773 0.949514 0.043047 0.100972
0 0.009492 0.326389 0.018984 0.064444
0 0.986328 0.968264 0.027187 0.063472
0 0.487305 0.699653 0.043047 0.116806
0 0.531250 0.779514 0.013594 0.036250
0 0.566406 0.809028 0.058906 0.136944
0 0.446289 0.598958 0.020391 0.092639
0 0.463867 0.828125 0.033984 0.108750
0 0.501953 0.456597 0.022656 0.084583
0 0.586914 0.940278 0.043047 0.119444
0 0.544922 0.904514 0.022656 0.084583
0 0.597656 0.756944 0.040781 0.128889
0 0.194336 0.859375 0.043047 0.149028
0 0.611328 0.677083 0.027187 0.120833
0 0.532227 0.957014 0.043047 0.085972
0 0.489258 0.938264 0.038516 0.123472
0 0.312500 0.564236 0.027188 0.092639
0 0.237305 0.942014 0.070234 0.115972
0 0.144941 0.473299 0.289883 0.946597
