0 0.133789 0.381944 0.033984 0.048333
0 0.033203 0.394097 0.022656 0.052361
0 0.012656 0.420139 0.025313 0.064444
0 0.183594 0.380208 0.049844 0.044306
0 0.030586 0.515625 0.061172 0.068472
0 0.708984 0.413194 0.049844 0.056389
0 0.580078 0.383681 0.045313 0.052361
0 0.830078 0.401042 0.045313 0.052361
0 0.205078 0.576389 0.040781 0.072500
0 0.243164 0.564236 0.029453 0.068472
0 0.063477 0.395833 0.024922 0.056389
0 0.111328 0.387153 0.027188 0.068472
0 0.086914 0.387153 0.029453 0.068472
0 0.023203 0.604167 0.046406 0.072500
0 0.531250 0.425347 0.045313 0.060417
0 0.639648 0.473958 0.052109 0.092639
0 0.383789 0.559028 0.065703 0.080556
0 0.018555 0.298611 0.015859 0.040278
0 0.583984 0.500000 0.049844 0.104722
0 0.616211 0.427083 0.043047 0.056389
0 0.129883 0.748264 0.115547 0.140972
