0 0.861328 0.262153 0.027187 0.036250
0 0.036133 0.427083 0.024922 0.056389
0 0.486328 0.583333 0.027188 0.080556
0 0.889648 0.270833 0.033984 0.048333
0 0.770508 0.250000 0.033984 0.032222
0 0.361328 0.612847 0.031719 0.092639
0 0.421875 0.957014 0.049844 0.085972
0 0.371094 0.951389 0.018125 0.096667
0 0.235645 0.489097 0.471289 0.978194
0 0.358398 0.451389 0.020391 0.072500
0 0.071289 0.657986 0.033984 0.108750
0 0.455078 0.642361 0.027188 0.112778
0 0.043945 0.776042 0.043047 0.124861
0 0.743164 0.957014 0.056641 0.085972
0 0.681641 0.940139 0.045313 0.119722
0 0.052734 0.364583 0.022656 0.056389
0 0.885742 0.927083 0.056641 0.128889
0 0.966328 0.928889 0.067344 0.142222
0 0.351562 0.774306 0.054375 0.145000
0 0.495117 0.725694 0.033984 0.128889
0 0.558594 0.843750 0.036250 0.136944
0 0.518555 0.772569 0.011328 0.020139
0 0.447266 0.460069 0.022656 0.044306
0 0.370117 0.529514 0.020391 0.068472
0 0.264648 0.265625 0.006797 0.036250
0 0.937500 0.272569 0.031719 0.044306
0 0.264648 0.585069 0.020391 0.092639
0 0.379883 0.484375 0.015859 0.076528
0 0.814453 0.413194 0.049844 0.056389
0 0.118164 0.383681 0.015859 0.036250
0 0.524414 0.684028 0.029453 0.104722
0 0.343750 0.407986 0.027188 0.076528
0 0.317383 0.505208 0.029453 0.052361
0 0.972656 0.925278 0.054688 0.149444
0 0.774414 0.949653 0.029453 0.100694
0 0.865234 0.934514 0.090625 0.130972
0 0.621094 0.836806 0.036250 0.096667
0 0.583008 0.807292 0.033984 0.108750
0 0.665039 0.973889 0.047578 0.052222
0 0.596680 0.957014 0.033984 0.085972
0 0.425781 0.498264 0.022656 0.068472
0 0.430664 0.762153 0.056641 0.149028
0 0.124023 0.281250 0.015859 0.032222
0 0.201172 0.814236 0.063437 0.149028
0 0.833984 0.262153 0.022656 0.036250
0 0.548828 0.630208 0.040781 0.092639
0 0.555664 0.913194 0.043047 0.161111
0 0.508789 0.873264 0.047578 0.140972
0 0.280273 0.966389 0.088359 0.067222
0 0.169043 0.497674 0.338086 0.995347
0 0.321289 0.270833 0.006797 0.048333
0 0.700195 0.848958 0.056641 0.116806
0 0.661133 0.821181 0.029453 0.108750
