0 0.147461 0.966389 0.065703 0.067222
0 0.406250 0.310764 0.013594 0.036250
0 0.074219 0.333333 0.027188 0.048333
0 0.363281 0.328125 0.009062 0.036250
0 0.446289 0.258681 0.006797 0.036250
0 0.618164 0.951389 0.056641 0.097222
0 0.562500 0.934028 0.027187 0.112778
0 0.326172 0.857639 0.063438 0.145000
0 0.044922 0.397480 0.018125 0.019931
0 0.047967 0.418550 0.015591 0.027853
0 0.249023 0.395833 0.015859 0.056389
0 0.095703 0.470486 0.022656 0.076528
0 0.261719 0.626736 0.027188 0.108750
0 0.318359 0.595486 0.013594 0.092639
0 0.380859 0.276042 0.013594 0.036250
0 0.111328 0.328125 0.027188 0.036250
0 0.040039 0.651042 0.052109 0.124861
0 0.412109 0.918403 0.058906 0.116806
0 0.277344 0.312500 0.009062 0.040278
0 0.325195 0.335069 0.015859 0.052361
0 0.278320 0.545139 0.020391 0.080556
0 0.087891 0.303819 0.036250 0.052361
0 0.127930 0.388889 0.020391 0.064444
0 0.199219 0.552083 0.027187 0.088611
0 0.499023 0.500000 0.029453 0.072500
0 0.783203 0.929028 0.049844 0.141944
0 0.349609 0.293403 0.013594 0.044306
0 0.070312 0.437500 0.022656 0.072500
0 0.052734 0.913194 0.036250 0.161111
0 0.048828 0.295139 0.027188 0.032222
0 0.432617 0.585069 0.020391 0.052361
0 0.702148 0.932639 0.124609 0.134722
0 0.324219 0.482639 0.018125 0.072500
0 0.244141 0.253472 0.013594 0.024167
0 0.311523 0.710069 0.029453 0.092639
0 0.159102 0.356771 0.318203 0.713542
0 0.364258 0.425347 0.011328 0.060417
0 0.080078 0.750000 0.040781 0.145000
0 0.676758 0.380208 0.020391 0.060417
0 0.583984 0.362847 0.018125 0.060417
0 0.183594 0.380208 0.049844 0.052361
0 0.376973 0.500000 0.753945 1.000000
0 0.664062 0.932639 0.036250 0.134722
