0 0.152344 0.538194 0.022656 0.088611
0 0.187500 0.677083 0.031719 0.120833
0 0.170898 0.616319 0.006797 0.012083
0 0.734375 0.722222 0.081562 0.161111
0 0.439453 0.652778 0.036250 0.104722
0 0.486328 0.451389 0.018125 0.064444
0 0.068359 0.527778 0.027188 0.080556
0 0.399414 0.684028 0.024922 0.104722
0 0.891602 0.859375 0.056641 0.108750
0 0.837891 0.829861 0.058906 0.112778
0 0.533203 0.647569 0.049844 0.092639
0 0.132812 0.302083 0.022656 0.048333
0 0.689453 0.928889 0.108750 0.142222
0 0.321289 0.522569 0.020391 0.084583
0 0.017578 0.324653 0.031719 0.068472
0 0.472656 0.777778 0.027188 0.136944
0 0.791016 0.717014 0.081562 0.140972
0 0.279297 0.630208 0.031719 0.084583
0 0.313477 0.465278 0.020391 0.040278
0 0.372070 0.472222 0.020391 0.056389
0 0.361328 0.567708 0.031719 0.084583
0 0.090820 0.335069 0.020391 0.052361
0 0.307617 0.569444 0.020391 0.088611
0 0.183594 0.380208 0.049844 0.052361
0 0.686523 0.945764 0.101953 0.108472
0 0.671875 0.739583 0.077031 0.128889
0 0.253906 0.493056 0.022656 0.088611
0 0.237305 0.586806 0.029453 0.088611
0 0.286133 0.480903 0.015859 0.076528
0 0.220703 0.524306 0.022656 0.072500
0 0.085938 0.428819 0.027188 0.060417
0 0.081055 0.704861 0.029453 0.112778
0 0.033145 0.347396 0.066289 0.694792
0 0.980039 0.873264 0.039922 0.132917
0 0.932617 0.836806 0.052109 0.096667
0 0.485352 0.685764 0.029453 0.116806
0 0.465820 0.973889 0.065703 0.052222
0 0.587891 0.743056 0.058906 0.128889
0 0.699219 0.869792 0.040781 0.076528
0 0.663086 0.848958 0.043047 0.100694
0 0.551758 0.788194 0.065703 0.161111
0 0.389648 0.793403 0.020391 0.140972
0 0.454102 0.829861 0.056641 0.112778
0 0.065430 0.309028 0.033984 0.040278
0 0.521484 0.916667 0.067969 0.112778
0 0.281250 0.782986 0.072500 0.140972
0 0.678711 0.397569 0.015859 0.052361
0 0.765625 0.560764 0.036250 0.084583
0 0.361328 0.899306 0.040781 0.161111
