0 0.115234 0.298611 0.036250 0.040278
0 0.180664 0.296875 0.015859 0.036250
0 0.042969 0.335069 0.027188 0.052361
0 0.108398 0.395833 0.020391 0.064444
0 0.818359 0.645833 0.072500 0.120833
0 0.024414 0.576389 0.024922 0.064444
0 0.083984 0.314236 0.018125 0.036250
0 0.185547 0.380208 0.045312 0.052361
0 0.049805 0.598958 0.043047 0.084583
0 0.164062 0.326389 0.018125 0.064444
0 0.146484 0.303819 0.022656 0.052361
0 0.149414 0.409722 0.056641 0.048333
0 0.235352 0.333333 0.015859 0.056389
0 0.790039 0.444444 0.047578 0.056389
0 0.272461 0.321181 0.020391 0.052361
0 0.251953 0.380208 0.022656 0.060417
0 0.045898 0.291667 0.020391 0.032222
0 0.290039 0.317708 0.020391 0.052361
0 0.339844 0.359375 0.031719 0.036250
0 0.295898 0.380208 0.033984 0.052361
0 0.174805 0.269097 0.015859 0.028194
0 0.330078 0.746528 0.040781 0.104722
0 0.396484 0.677083 0.036250 0.088611
0 0.064453 0.298611 0.022656 0.040278
0 0.593750 0.585069 0.040781 0.100694
0 0.048828 0.710069 0.040781 0.124861
0 0.308594 0.902778 0.036250 0.177222
0 0.742188 0.444444 0.045313 0.056389
