0 0.865234 0.279514 0.036250 0.036250
0 0.393555 0.463542 0.043047 0.076528
0 0.043945 0.305556 0.015859 0.048333
0 0.926758 0.279514 0.052109 0.036250
0 0.265625 0.395833 0.036250 0.048333
0 0.199219 0.418403 0.054375 0.068472
0 0.037109 0.477431 0.040781 0.060417
0 0.920898 0.343750 0.047578 0.040278
0 0.064453 0.296875 0.018125 0.036250
0 0.093750 0.296875 0.013594 0.036250
0 0.112305 0.555556 0.083828 0.096667
0 0.424805 0.484375 0.056641 0.076528
0 0.576172 0.444444 0.036250 0.080556
0 0.125568 0.501607 0.014913 0.019838
0 0.132812 0.523845 0.018125 0.017180
0 0.088867 0.524306 0.038516 0.088611
0 0.145508 0.449653 0.052109 0.068472
0 0.336914 0.383681 0.043047 0.052361
0 0.767578 0.342014 0.040781 0.044306
0 0.985313 0.366319 0.029375 0.052361
0 0.026367 0.609375 0.047578 0.076528
0 0.018555 0.298611 0.015859 0.032222
0 0.985313 0.324653 0.029375 0.068472
0 0.493164 0.473958 0.056641 0.052361
0 0.083008 0.475694 0.033984 0.056389
0 0.656250 0.347222 0.045313 0.048333
0 0.477539 0.559028 0.052109 0.104722
0 0.818359 0.272569 0.031719 0.044306
0 0.692383 0.361111 0.043047 0.040278
