0 0.331055 0.538194 0.029453 0.088611
0 0.352539 0.321181 0.020391 0.036250
0 0.364258 0.375000 0.020391 0.064444
0 0.500000 0.310764 0.013594 0.036250
0 0.251953 0.472222 0.022656 0.048333
0 0.284180 0.781250 0.052109 0.112778
0 0.162109 0.269097 0.013594 0.020139
0 0.163086 0.286458 0.015859 0.020139
0 0.102539 0.328125 0.020391 0.036250
0 0.802734 0.406250 0.049844 0.072500
0 0.417969 0.326389 0.013594 0.032222
0 0.105469 0.710069 0.027188 0.124861
0 0.105469 0.322917 0.013594 0.016111
0 0.141602 0.315972 0.029453 0.048333
0 0.076172 0.302083 0.022656 0.048333
0 0.240234 0.536458 0.022656 0.092639
0 0.370117 0.598958 0.033984 0.092639
0 0.314453 0.255208 0.009062 0.028194
0 0.265625 0.324653 0.022656 0.044306
0 0.180664 0.380208 0.043047 0.052361
0 0.310547 0.331597 0.027188 0.060417
0 0.007383 0.352431 0.014766 0.052361
0 0.237305 0.387153 0.015859 0.044306
0 0.190430 0.598958 0.020391 0.060417
0 0.345703 0.272569 0.009062 0.020139
0 0.193359 0.435764 0.027187 0.068472
0 0.157227 0.512153 0.020391 0.076528
0 0.380859 0.343750 0.013594 0.064444
0 0.208984 0.527778 0.022656 0.064444
0 0.336914 0.343750 0.015859 0.032222
0 0.345703 0.682292 0.049844 0.092639
0 0.309570 0.585069 0.020391 0.092639
0 0.021484 0.310764 0.022656 0.060417
0 0.439453 0.677083 0.049844 0.128889
0 0.471680 0.522569 0.020391 0.076528
0 0.368164 0.310764 0.015859 0.036250
0 0.180664 0.701389 0.029453 0.104722
0 0.527344 0.395833 0.018125 0.080556
0 0.225586 0.465278 0.020391 0.064444
0 0.179688 0.875000 0.013594 0.040278
0 0.210938 0.899306 0.040781 0.161111
0 0.301758 0.305556 0.020391 0.024167
