0 0.020508 0.352431 0.033984 0.052361
0 0.984258 0.277778 0.031484 0.040278
0 0.420898 0.390625 0.047578 0.036250
0 0.252930 0.463542 0.020391 0.036250
0 0.458984 0.964514 0.049844 0.070972
0 0.402344 0.963542 0.022656 0.068472
0 0.045898 0.392361 0.020391 0.040278
0 0.036133 0.784722 0.029453 0.096667
0 0.083984 0.760890 0.022656 0.073598
0 0.088469 0.809885 0.012251 0.030233
0 0.124023 0.288194 0.029453 0.048333
0 0.545898 0.467014 0.020391 0.076528
0 0.308594 0.310764 0.036250 0.060417
0 0.095703 0.289931 0.018125 0.036250
0 0.217773 0.522569 0.029453 0.084583
0 0.517578 0.907986 0.040781 0.165139
0 0.474609 0.864583 0.027188 0.128889
0 0.049805 0.897569 0.043047 0.173194
0 0.316406 0.708333 0.036250 0.153056
0 0.152344 0.710069 0.031719 0.116806
0 0.772461 0.364583 0.024922 0.056389
0 0.197266 0.500000 0.022656 0.072500
0 0.743164 0.380208 0.043047 0.044306
0 0.139648 0.366319 0.020391 0.052361
0 0.704102 0.347222 0.043047 0.056389
0 0.359375 0.795139 0.036250 0.145000
0 0.403320 0.850694 0.052109 0.096667
0 0.042969 0.312500 0.027188 0.040278
0 0.612305 0.665951 0.043047 0.095007
0 0.693359 0.232639 0.018125 0.032222
0 0.116211 0.923611 0.043047 0.112778
0 0.786133 0.251736 0.029453 0.036250
0 0.739258 0.246528 0.020391 0.032222
0 0.908203 0.279514 0.036250 0.036250
0 0.183594 0.380208 0.049844 0.052361
