0 0.540039 0.729167 0.047578 0.088611
0 0.202148 0.644097 0.033984 0.108750
0 0.077148 0.404514 0.020391 0.076528
0 0.481445 0.381944 0.015859 0.064444
0 0.562500 0.614583 0.027187 0.088611
0 0.494141 0.609375 0.022656 0.108750
0 0.894531 0.913194 0.081562 0.128889
0 0.667969 0.567708 0.031719 0.052361
0 0.321289 0.631944 0.020391 0.088611
0 0.156250 0.545139 0.027187 0.072500
0 0.791992 0.864583 0.029453 0.088611
0 0.744141 0.828125 0.031719 0.068472
0 0.824219 0.265625 0.027187 0.036250
0 0.655273 0.671875 0.043047 0.076528
0 0.092773 0.673611 0.024922 0.104722
0 0.228516 0.496528 0.022656 0.064444
0 0.411133 0.536458 0.024922 0.084583
0 0.064453 0.362847 0.022656 0.052361
0 0.283203 0.852431 0.009062 0.020139
0 0.298828 0.883681 0.054375 0.165139
0 0.321289 0.802083 0.006797 0.016111
0 0.871094 0.802083 0.063438 0.128889
0 0.484375 0.717014 0.036250 0.116806
0 0.838867 0.828125 0.047578 0.140972
0 0.392578 0.470486 0.027188 0.076528
0 0.369141 0.682292 0.036250 0.108750
0 0.275391 0.637153 0.027188 0.100694
0 0.748047 0.987847 0.013594 0.012083
0 0.717773 0.965278 0.024922 0.064444
0 0.784180 0.958889 0.038516 0.082222
0 0.458984 0.522569 0.022656 0.052361
0 0.754883 0.710069 0.083828 0.092639
0 0.133789 0.407986 0.020391 0.052361
0 0.248047 0.565972 0.027188 0.088611
0 0.395508 0.913194 0.079297 0.161111
0 0.856445 0.958889 0.043047 0.082222
0 0.801758 0.945903 0.047578 0.108194
0 0.181641 0.380208 0.045312 0.052361
0 0.211914 0.592014 0.029453 0.076528
0 0.102539 0.439236 0.020391 0.068472
0 0.202148 0.958333 0.020391 0.056389
0 0.237305 0.949514 0.043047 0.100972
0 0.139063 0.475972 0.278125 0.951944
0 0.874023 0.265625 0.029453 0.036250
0 0.799805 0.701389 0.070234 0.120833
0 0.592773 0.696181 0.056641 0.108750
0 0.909180 0.972014 0.033984 0.055972
0 0.661133 0.828125 0.129141 0.213472
0 0.443359 0.560764 0.027188 0.068472
0 0.231445 0.328125 0.015859 0.036250
0 0.440430 0.802083 0.038516 0.128889
0 0.122070 0.281250 0.020391 0.040278
0 0.574219 0.894097 0.099687 0.205417
0 0.497070 0.527778 0.020391 0.064444
0 0.697266 0.762153 0.049844 0.116806
0 0.515625 0.508681 0.022656 0.084583
0 0.192383 0.770833 0.043047 0.128889
0 0.624023 0.595486 0.029453 0.108750
0 0.518555 0.934514 0.088359 0.130972
0 0.277344 0.520833 0.018125 0.056389
