0 0.088867 0.326389 0.020391 0.048333
0 0.009492 0.326389 0.018984 0.040278
0 0.766602 0.421875 0.056641 0.068472
0 0.052734 0.388889 0.022656 0.064444
0 0.020508 0.407986 0.020391 0.052361
0 0.189453 0.467014 0.054375 0.068472
0 0.111328 0.387153 0.027188 0.068472
0 0.137695 0.289931 0.029453 0.052361
0 0.040039 0.326389 0.020391 0.040278
0 0.370117 0.522569 0.024922 0.052361
0 0.346680 0.520833 0.033984 0.088611
0 0.677734 0.456597 0.049844 0.084583
0 0.067383 0.425347 0.029453 0.084583
0 0.104492 0.305556 0.024922 0.048333
0 0.982148 0.276042 0.035703 0.052361
0 0.852539 0.387153 0.052109 0.068472
0 0.088867 0.404514 0.020391 0.068472
0 0.283203 0.324653 0.018125 0.044306
0 0.909180 0.420139 0.052109 0.064444
0 0.010547 0.524306 0.021094 0.056389
0 0.480469 0.305556 0.013594 0.048333
0 0.944336 0.350694 0.043047 0.056389
0 0.604492 0.407986 0.056641 0.068472
0 0.085938 0.255208 0.045313 0.052361
0 0.873047 0.296875 0.027187 0.036250
0 0.183594 0.381944 0.049844 0.056389
0 0.140625 0.498264 0.072500 0.068472
