0 0.802734 0.444444 0.022656 0.056389
0 0.745117 0.486111 0.033984 0.088611
0 0.270508 0.472222 0.047578 0.096667
0 0.788086 0.260417 0.020391 0.032222
0 0.010547 0.539931 0.021094 0.052361
0 0.225586 0.538194 0.052109 0.088611
0 0.070312 0.604167 0.077031 0.104722
0 0.152344 0.505208 0.077031 0.084583
0 0.039062 0.515625 0.067969 0.076528
0 0.324219 0.500000 0.045312 0.072500
0 0.030273 0.322917 0.029453 0.032222
0 0.428711 0.439236 0.056641 0.076528
0 0.541992 0.670139 0.043047 0.080556
0 0.687500 0.465278 0.054375 0.104722
0 0.991211 0.440972 0.015859 0.056389
0 0.770508 0.456597 0.024922 0.084583
