0 0.105469 0.685764 0.027188 0.108750
0 0.399414 0.748264 0.029453 0.116806
0 0.547852 0.541667 0.029453 0.088611
0 0.689453 0.743056 0.022656 0.048333
0 0.647461 0.750000 0.043047 0.104722
0 0.983203 0.954861 0.033594 0.088611
0 0.923828 0.930764 0.072500 0.138472
0 0.717773 0.453125 0.029453 0.036250
0 0.818359 0.770833 0.027187 0.056389
0 0.773438 0.769097 0.040781 0.084583
0 0.333984 0.505208 0.022656 0.084583
0 0.042969 0.529514 0.027188 0.068472
0 0.121094 0.569444 0.022656 0.088611
0 0.410156 0.583333 0.027188 0.088611
0 0.518555 0.527778 0.029453 0.080556
0 0.024414 0.718750 0.029453 0.112778
0 0.239258 0.430556 0.020391 0.048333
0 0.058594 0.335069 0.022656 0.052361
0 0.829102 0.819444 0.043047 0.161111
0 0.771484 0.769097 0.036250 0.084583
0 0.711914 0.239583 0.015859 0.024167
0 0.452148 0.680556 0.047578 0.048333
0 0.604492 0.848958 0.015859 0.052361
0 0.554688 0.875000 0.040781 0.145000
0 0.277344 0.796875 0.036250 0.140972
0 0.421875 0.559028 0.022656 0.080556
0 0.372070 0.593750 0.020391 0.080556
0 0.599609 0.975694 0.013594 0.016111
0 0.639648 0.955139 0.047578 0.089722
0 0.567383 0.598958 0.029453 0.084583
0 0.101562 0.545139 0.018125 0.072500
0 0.199219 0.677083 0.027187 0.120833
0 0.830078 0.843750 0.040781 0.104722
0 0.331055 0.763889 0.056641 0.136944
0 0.083008 0.942153 0.047578 0.115694
0 0.380859 0.421875 0.027188 0.044306
0 0.532227 0.774306 0.065703 0.128889
0 0.383789 0.506944 0.020391 0.080556
0 0.604492 0.699653 0.029453 0.116806
0 0.179688 0.777778 0.031719 0.104722
0 0.473633 0.824653 0.043047 0.149028
0 0.295898 0.498264 0.020391 0.036250
