0 0.361328 0.395833 0.013594 0.048333
0 0.548828 0.309028 0.013594 0.040278
0 0.104492 0.289931 0.029453 0.052361
0 0.390625 0.241319 0.009062 0.028194
0 0.315430 0.921875 0.006797 0.036250
0 0.355469 0.942014 0.045312 0.115972
0 0.318359 0.315972 0.013594 0.048333
0 0.186523 0.609375 0.029453 0.108750
0 0.838867 0.913194 0.065703 0.161111
0 0.774414 0.871528 0.029453 0.136944
0 0.341797 0.322917 0.013594 0.032222
0 0.142578 0.272569 0.027187 0.052361
0 0.299805 0.781250 0.043047 0.104722
0 0.417969 0.545139 0.027188 0.040278
0 0.206055 0.736111 0.029453 0.112778
0 0.296875 0.303819 0.009062 0.012083
0 0.296875 0.322917 0.009062 0.032222
0 0.384766 0.291667 0.009062 0.048333
0 0.316406 0.557292 0.022656 0.092639
0 0.264648 0.529514 0.020391 0.076528
0 0.407559 0.500000 0.815117 1.000000
0 0.683594 0.972014 0.036250 0.055972
0 0.255859 0.322917 0.013594 0.056389
0 0.348633 0.265625 0.011328 0.036250
0 0.236328 0.319444 0.013594 0.056389
0 0.183594 0.378472 0.049844 0.056389
0 0.427734 0.420139 0.022656 0.072500
0 0.978516 0.260417 0.022656 0.040278
0 0.686523 0.972014 0.029453 0.055972
0 0.229492 0.515625 0.011328 0.036250
0 0.700195 0.781250 0.088359 0.153056
0 0.371094 0.336806 0.018125 0.048333
0 0.721680 0.338542 0.047578 0.052361
0 0.789062 0.335069 0.036250 0.044306
