0 0.905273 0.265625 0.029453 0.036250
0 0.349609 0.524306 0.058906 0.088611
0 0.524414 0.305556 0.015859 0.048333
0 0.792969 0.373264 0.054375 0.044306
0 0.298828 0.350694 0.027188 0.056389
0 0.067383 0.390625 0.024922 0.068472
0 0.138672 0.258681 0.022656 0.052361
0 0.012656 0.421875 0.025313 0.068472
0 0.268555 0.364583 0.029453 0.056389
0 0.972656 0.335069 0.036250 0.044306
0 0.427734 0.496528 0.036250 0.064444
0 0.322266 0.401042 0.022656 0.068472
0 0.186523 0.380208 0.043047 0.052361
0 0.133789 0.383681 0.020391 0.060417
0 0.045898 0.404514 0.033984 0.076528
0 0.086914 0.295139 0.024922 0.040278
0 0.462891 0.536458 0.049844 0.116806
0 0.180664 0.621528 0.029453 0.064444
0 0.138672 0.633681 0.049844 0.092639
