0 0.286133 0.701389 0.024922 0.072500
0 0.340820 0.732639 0.033984 0.104722
0 0.174805 0.498264 0.029453 0.044306
0 0.279297 0.756944 0.040781 0.088611
0 0.368164 0.659722 0.029453 0.072500
0 0.353516 0.572917 0.022656 0.056389
0 0.338867 0.875000 0.033984 0.145000
0 0.160156 0.727431 0.036250 0.092639
0 0.172813 0.366146 0.345625 0.732292
0 0.317383 0.625000 0.029453 0.080556
0 0.654297 0.873264 0.104219 0.181250
0 0.234375 0.449653 0.022656 0.068472
0 0.113281 0.475694 0.022656 0.080556
0 0.230469 0.824653 0.045312 0.100694
0 0.393555 0.826389 0.029453 0.112778
0 0.074219 0.951389 0.045313 0.097222
0 0.166016 0.576389 0.022656 0.080556
0 0.183594 0.381944 0.049844 0.056389
0 0.194336 0.640625 0.043047 0.068472
0 0.241211 0.671875 0.029453 0.100694
0 0.264648 0.512153 0.020391 0.044306
0 0.124023 0.649306 0.029453 0.096667
0 0.929688 0.279514 0.031719 0.036250
0 0.009492 0.949514 0.018984 0.100972
0 0.420898 0.694444 0.020391 0.080556
0 0.457031 0.685764 0.022656 0.068472
0 0.717773 0.829861 0.056641 0.161111
0 0.403320 0.746528 0.033984 0.104722
0 0.490234 0.957014 0.108750 0.085972
0 0.239258 0.296875 0.020391 0.044306
0 0.102539 0.291667 0.020391 0.040278
0 0.398438 0.957014 0.054375 0.085972
0 0.137695 0.843750 0.043047 0.136944
0 0.272461 0.595486 0.029453 0.068472
0 0.199219 0.949514 0.072500 0.100972
0 0.246094 0.388889 0.022656 0.072500
