0 0.409180 0.894097 0.047578 0.165139
0 0.605469 0.595486 0.027187 0.108750
0 0.114258 0.338542 0.020391 0.052361
0 0.474609 0.553819 0.027188 0.084583
0 0.480469 0.626736 0.027188 0.092639
0 0.848633 0.887153 0.070234 0.173194
0 0.327148 0.588542 0.020391 0.092639
0 0.041992 0.630208 0.029453 0.100694
0 0.395508 0.677083 0.033984 0.120833
0 0.434570 0.642361 0.029453 0.104722
0 0.774414 0.881944 0.101953 0.161111
0 0.570312 0.717014 0.054375 0.076528
0 0.131836 0.279514 0.015859 0.044306
0 0.080078 0.678819 0.040781 0.116806
0 0.183594 0.381944 0.049844 0.048333
0 0.435547 0.564236 0.031719 0.068472
0 0.077148 0.342014 0.020391 0.060417
0 0.315430 0.817708 0.038516 0.132917
0 0.770508 0.250000 0.020391 0.032222
0 0.749023 0.774306 0.061172 0.088611
0 0.512695 0.802083 0.043047 0.153056
0 0.139648 0.743056 0.038516 0.128889
0 0.309570 0.371528 0.020391 0.064444
0 0.390625 0.567708 0.022656 0.060417
0 0.246094 0.642361 0.022656 0.104722
0 0.708008 0.973889 0.033984 0.052222
0 0.774414 0.966389 0.043047 0.067222
0 0.743164 0.883681 0.029453 0.052361
0 0.407227 0.456597 0.020391 0.084583
0 0.742188 0.572917 0.040781 0.088611
0 0.668945 0.638889 0.043047 0.104722
0 0.177734 0.560764 0.022656 0.108750
0 0.226562 0.453125 0.018125 0.068472
0 0.198242 0.630208 0.029453 0.092639
0 0.368164 0.494792 0.015859 0.068472
0 0.697266 0.236111 0.022656 0.032222
0 0.365234 0.711806 0.036250 0.120833
0 0.208984 0.479167 0.022656 0.072500
0 0.125000 0.616057 0.027187 0.092030
0 0.879883 0.852431 0.056641 0.157083
0 0.511719 0.628472 0.027187 0.120833
0 0.197266 0.972014 0.049844 0.055972
0 0.376953 0.430556 0.018125 0.056389
0 0.876953 0.670139 0.049844 0.072500
0 0.711914 0.810764 0.029453 0.140972
0 0.581055 0.822917 0.074766 0.161111
0 0.670898 0.840278 0.079297 0.209444
0 0.467773 0.852431 0.056641 0.157083
0 0.103516 0.307292 0.022656 0.036250
0 0.587891 0.671875 0.027187 0.108750
0 0.608398 0.949514 0.111016 0.100972
0 0.548828 0.552083 0.031719 0.080556
0 0.501953 0.500000 0.022656 0.072500
0 0.701172 0.531250 0.022656 0.072500
0 0.643555 0.670139 0.043047 0.104722
0 0.271484 0.498264 0.022656 0.068472
0 0.264648 0.923264 0.038516 0.153472
