0 0.895508 0.277778 0.024922 0.040278
0 0.177734 0.380208 0.036250 0.052361
0 0.308594 0.482639 0.049844 0.072500
0 0.015820 0.331597 0.031641 0.052361
0 0.230469 0.338542 0.013594 0.052361
0 0.041016 0.428819 0.049844 0.052361
0 0.770508 0.453125 0.047578 0.076528
0 0.142578 0.263889 0.027187 0.040278
0 0.023203 0.482639 0.046406 0.072500
0 0.040039 0.274306 0.033984 0.024167
0 0.211914 0.472222 0.061172 0.072500
0 0.416016 0.453125 0.049844 0.068472
0 0.540039 0.475694 0.047578 0.088611
0 0.314453 0.315972 0.022656 0.048333
0 0.133789 0.465278 0.065703 0.064444
0 0.093750 0.451389 0.045313 0.072500
0 0.118164 0.289931 0.029453 0.036250
0 0.106445 0.315972 0.029453 0.048333
0 0.194336 0.413194 0.052109 0.064444
0 0.007383 0.369792 0.014766 0.052361
0 0.248047 0.324653 0.013594 0.044306
0 0.018984 0.755208 0.037969 0.092639
0 0.571289 0.364583 0.047578 0.056389
0 0.482422 0.434028 0.049844 0.080556
0 0.850586 0.263889 0.029453 0.032222
0 0.524414 0.388889 0.043047 0.072500
