0 0.160156 0.281250 0.013594 0.032222
0 0.356445 0.842014 0.056641 0.149028
0 0.368164 0.267361 0.011328 0.032222
0 0.383789 0.251736 0.006797 0.036250
0 0.887695 0.955139 0.088359 0.089722
0 0.318359 0.324653 0.013594 0.036250
0 0.296875 0.321181 0.009062 0.036250
0 0.124023 0.375000 0.024922 0.064444
0 0.283203 0.229167 0.009062 0.032222
0 0.229492 0.260417 0.015859 0.040278
0 0.065430 0.296875 0.020391 0.036250
0 0.429688 0.701389 0.040781 0.145000
0 0.324219 0.248264 0.013594 0.036250
0 0.327148 0.576389 0.020391 0.096667
0 0.183594 0.381944 0.049844 0.048333
0 0.271484 0.248264 0.009062 0.036250
0 0.080078 0.321181 0.031719 0.052361
0 0.276367 0.966389 0.047578 0.067222
0 0.295898 0.913194 0.006797 0.016111
0 0.245117 0.945764 0.020391 0.108472
0 0.014648 0.288194 0.020391 0.048333
0 0.724609 0.923264 0.054375 0.153472
0 0.665039 0.895833 0.052109 0.153056
0 0.505859 0.805556 0.072500 0.161111
0 0.258789 0.638889 0.020391 0.072500
0 0.343750 0.298611 0.013594 0.032222
0 0.301758 0.229167 0.006797 0.032222
0 0.387695 0.762153 0.029453 0.140972
0 0.449219 0.248264 0.013594 0.036250
0 0.580078 0.915764 0.086094 0.168472
0 0.268555 0.750000 0.029453 0.145000
0 0.283203 0.328125 0.018125 0.036250
0 0.796875 0.435764 0.049844 0.076528
