0 0.247070 0.397569 0.020391 0.052361
0 0.589844 0.201389 0.009062 0.032222
0 0.111328 0.303819 0.027188 0.044306
0 0.580078 0.406250 0.018125 0.072500
0 0.393555 0.314236 0.015859 0.036250
0 0.166016 0.588542 0.022656 0.084583
0 0.809570 0.407986 0.052109 0.068472
0 0.293945 0.319444 0.015859 0.048333
0 0.037109 0.317708 0.027188 0.044306
0 0.170898 0.739583 0.033984 0.120833
0 0.265625 0.611111 0.022656 0.104722
0 0.307617 0.467014 0.020391 0.068472
0 0.267578 0.321181 0.013594 0.052361
0 0.233398 0.467014 0.020391 0.068472
0 0.517578 0.281250 0.013594 0.032222
0 0.336914 0.947639 0.056641 0.104722
0 0.312500 0.355903 0.013594 0.044306
0 0.287109 0.279514 0.013594 0.036250
0 0.346680 0.520833 0.020391 0.080556
0 0.183594 0.380208 0.049844 0.052361
0 0.598633 0.684028 0.029453 0.104722
0 0.505859 0.598958 0.058906 0.052361
0 0.383789 0.501736 0.020391 0.068472
0 0.407227 0.751736 0.020391 0.068472
0 0.432617 0.777778 0.033984 0.153056
0 0.501953 0.925278 0.049844 0.149444
0 0.456055 0.913194 0.043047 0.153056
0 0.358398 0.243056 0.006797 0.024167
0 0.589844 0.451389 0.022656 0.072500
0 0.393555 0.282986 0.011328 0.036250
0 0.768555 0.248264 0.015859 0.036250
0 0.284180 0.411458 0.020391 0.052361
