0 0.762695 0.246528 0.020391 0.032222
0 0.312500 0.569444 0.099688 0.088611
0 0.496094 0.373264 0.022656 0.060417
0 0.976562 0.281250 0.036250 0.032222
0 0.102539 0.289931 0.020391 0.052361
0 0.990234 0.295139 0.018125 0.032222
0 0.183594 0.343750 0.022656 0.064444
0 0.048828 0.404514 0.027188 0.068472
0 0.265625 0.496528 0.063438 0.072500
0 0.331055 0.475694 0.061172 0.056389
0 0.246094 0.449653 0.022656 0.068472
0 0.475586 0.552083 0.056641 0.096667
0 0.158203 0.631944 0.036250 0.088611
0 0.202148 0.623264 0.038516 0.076528
0 0.143555 0.303819 0.015859 0.052361
0 0.107422 0.387153 0.022656 0.068472
0 0.569336 0.887153 0.043047 0.173194
0 0.880859 0.279514 0.027187 0.036250
0 0.083008 0.394097 0.024922 0.060417
0 0.059570 0.388889 0.020391 0.072500
0 0.162109 0.373264 0.027187 0.060417
0 0.216797 0.546875 0.040781 0.044306
0 0.173828 0.546875 0.031719 0.068472
0 0.542969 0.467014 0.058906 0.068472
0 0.233398 0.722222 0.038516 0.120833
0 0.135742 0.381944 0.015859 0.056389
0 0.020508 0.406250 0.020391 0.072500
0 0.016602 0.291667 0.015859 0.032222
0 0.910156 0.274306 0.022656 0.024167
0 0.924805 0.274306 0.011328 0.024167
0 0.992188 0.368056 0.013594 0.032222
0 0.386719 0.395833 0.040781 0.056389
0 0.443359 0.512153 0.058906 0.076528
0 0.621094 0.451389 0.049844 0.072500
0 0.076172 0.567708 0.095156 0.084583
0 0.833984 0.265625 0.018125 0.028194
0 0.845703 0.265625 0.009062 0.028194
