0 0.882812 0.373264 0.049844 0.068472
0 0.375000 0.673611 0.045312 0.104722
0 0.162109 0.661458 0.040781 0.084583
0 0.493164 0.519097 0.029453 0.092639
0 0.021484 0.361111 0.022656 0.048333
0 0.095703 0.407986 0.022656 0.068472
0 0.048828 0.427083 0.027188 0.064444
0 0.970703 0.272569 0.036250 0.044306
0 0.073242 0.333333 0.029453 0.056389
0 0.406250 0.560764 0.027188 0.100694
0 0.270508 0.602431 0.033984 0.092639
0 0.343750 0.979167 0.031719 0.040278
0 0.338867 0.939236 0.033984 0.068472
0 0.281250 0.934653 0.040781 0.130694
0 0.005273 0.472222 0.010547 0.072500
0 0.108398 0.671875 0.033984 0.108750
0 0.318359 0.694444 0.040781 0.120833
0 0.792969 0.692708 0.077031 0.132917
0 0.548828 0.618056 0.040781 0.096667
0 0.050781 0.692708 0.036250 0.124861
0 0.201172 0.467014 0.022656 0.076528
0 0.146484 0.425347 0.022656 0.060417
0 0.059570 0.357639 0.020391 0.072500
0 0.935742 0.739583 0.128516 0.265833
0 0.777344 0.602431 0.018125 0.036250
0 0.808594 0.609375 0.022656 0.068472
0 0.249023 0.635417 0.024922 0.088611
0 0.447266 0.923403 0.095156 0.153194
0 0.552734 0.730903 0.063438 0.149028
0 0.264648 0.407986 0.020391 0.068472
0 0.284180 0.383681 0.020391 0.060417
0 0.130859 0.458333 0.027187 0.064444
0 0.732422 0.888889 0.063438 0.145000
0 0.683594 0.835069 0.036250 0.124861
0 0.736328 0.616319 0.058906 0.116806
0 0.114258 0.487847 0.020391 0.084583
0 0.214844 0.685764 0.022656 0.108750
0 0.440430 0.482639 0.020391 0.072500
0 0.322266 0.449653 0.022656 0.068472
0 0.167969 0.538194 0.027187 0.088611
0 0.089844 0.552083 0.049844 0.096667
0 0.077148 0.921528 0.065703 0.156944
0 0.053184 0.458021 0.106367 0.916042
0 0.730469 0.777778 0.013594 0.040278
0 0.767578 0.809028 0.058906 0.136944
0 0.637695 0.732639 0.043047 0.145000
0 0.605469 0.710069 0.027187 0.092639
0 0.316406 0.536458 0.036250 0.084583
0 0.138672 0.265625 0.022656 0.036250
0 0.333008 0.852254 0.038516 0.132507
0 0.450195 0.713542 0.079297 0.124861
0 0.398438 0.388889 0.013594 0.072500
0 0.705078 0.684028 0.072500 0.104722
0 0.236328 0.526042 0.040781 0.068472
0 0.166992 0.859375 0.047578 0.116806
0 0.211914 0.868056 0.056641 0.193333
0 0.183594 0.381944 0.049844 0.048333
0 0.271484 0.730903 0.049844 0.108750
