0 0.746094 0.248264 0.022656 0.028194
0 0.548828 0.303819 0.013594 0.060417
0 0.060547 0.315972 0.027188 0.048333
0 0.818359 0.262153 0.027187 0.028194
0 0.183594 0.381944 0.049844 0.048333
0 0.228516 0.404514 0.049844 0.044306
0 0.780273 0.795139 0.043047 0.112778
0 0.841797 0.814236 0.058906 0.165139
0 0.382812 0.248264 0.009062 0.036250
0 0.139648 0.262153 0.033984 0.044306
0 0.022148 0.501736 0.044297 0.108750
0 0.989258 0.406250 0.020391 0.072500
0 0.189453 0.468750 0.063437 0.072500
0 0.504883 0.420139 0.043047 0.072500
0 0.649414 0.470486 0.029453 0.076528
0 0.129883 0.467014 0.070234 0.068472
0 0.305664 0.434028 0.056641 0.080556
0 0.105469 0.350694 0.013594 0.056389
0 0.023203 0.524306 0.046406 0.056389
0 0.971680 0.277778 0.038516 0.032222
0 0.429688 0.428819 0.040781 0.084583
0 0.092773 0.256944 0.029453 0.048333
0 0.508789 0.908264 0.092891 0.183472
0 0.873047 0.263889 0.027187 0.032222
0 0.899414 0.276042 0.029453 0.036250
