0 0.505859 0.399306 0.027187 0.048333
0 0.270508 0.496528 0.033984 0.064444
0 0.031250 0.440972 0.040781 0.048333
0 0.181641 0.380208 0.040781 0.052361
0 0.111328 0.282986 0.027188 0.036250
0 0.771484 0.444444 0.063438 0.056389
0 0.102539 0.302083 0.020391 0.048333
0 0.379883 0.456597 0.029453 0.060417
0 0.083984 0.281250 0.036250 0.032222
0 0.883789 0.420139 0.052109 0.072500
0 0.395508 0.505208 0.033984 0.092639
0 0.564453 0.506944 0.063438 0.080556
0 0.051758 0.513889 0.065703 0.096667
0 0.326172 0.453125 0.049844 0.044306
0 0.092773 0.404514 0.029453 0.060417
0 0.058594 0.413194 0.018125 0.056389
0 0.149414 0.500000 0.056641 0.072500
0 0.553711 0.427083 0.052109 0.056389
0 0.020039 0.553819 0.040078 0.052361
0 0.659180 0.465278 0.065703 0.064444
0 0.365234 0.434028 0.036250 0.080556
0 0.304688 0.529514 0.072500 0.076528
0 0.474609 0.447917 0.045312 0.056389
0 0.682617 0.368056 0.033984 0.048333
0 0.222656 0.437500 0.049844 0.072500
0 0.189453 0.576389 0.067969 0.096667
