0 0.263672 0.434028 0.063438 0.072500
0 0.790039 0.250000 0.020391 0.032222
0 0.592773 0.296875 0.015859 0.036250
0 0.009492 0.427083 0.018984 0.080556
0 0.145508 0.380208 0.020391 0.060417
0 0.130859 0.387153 0.027187 0.044306
0 0.139648 0.270833 0.020391 0.048333
0 0.009492 0.529514 0.018984 0.108750
0 0.359375 0.407986 0.049844 0.052361
0 0.083008 0.513889 0.079297 0.096667
0 0.125000 0.309028 0.027187 0.032222
0 0.094727 0.387153 0.033984 0.068472
0 0.123047 0.461806 0.045312 0.056389
0 0.610352 0.328125 0.015859 0.036250
0 0.071289 0.394097 0.020391 0.060417
0 0.040039 0.407986 0.020391 0.076528
0 0.847656 0.262153 0.027187 0.028194
0 0.952148 0.355903 0.052109 0.044306
0 0.907227 0.414931 0.052109 0.060417
0 0.588867 0.427083 0.033984 0.056389
0 0.609375 0.989583 0.022656 0.016111
0 0.565430 0.958889 0.033984 0.082222
0 0.183594 0.383681 0.049844 0.052361
0 0.242188 0.239583 0.013594 0.024167
