0 0.217773 0.414931 0.038516 0.060417
0 0.529297 0.350694 0.040781 0.048333
0 0.020508 0.326389 0.033984 0.040278
0 0.375000 0.310764 0.013594 0.060417
0 0.736328 0.430556 0.054375 0.072500
0 0.408203 0.397569 0.049844 0.052361
0 0.855469 0.859375 0.131406 0.181250
0 0.304688 0.789931 0.040781 0.157083
0 0.351562 0.451389 0.067969 0.072500
0 0.492188 0.390625 0.040781 0.068472
0 0.396484 0.312500 0.018125 0.040278
0 0.129883 0.289931 0.015859 0.052361
0 0.261719 0.319444 0.013594 0.056389
0 0.059570 0.302083 0.020391 0.056389
0 0.975820 0.765625 0.048359 0.149028
0 0.239258 0.611111 0.065703 0.112778
0 0.442383 0.434028 0.043047 0.064444
0 0.236328 0.465278 0.058906 0.064444
0 0.382812 0.532986 0.049844 0.076528
0 0.095703 0.623264 0.081562 0.108750
0 0.093750 0.331597 0.013594 0.060417
0 0.054688 0.342014 0.018125 0.068472
0 0.460938 0.309028 0.013594 0.040278
0 0.166016 0.451389 0.063437 0.072500
0 0.283203 0.326389 0.018125 0.064444
0 0.181641 0.378472 0.045312 0.048333
0 0.005273 0.717014 0.010547 0.060417
0 0.040039 0.689236 0.052109 0.092639
0 0.791992 0.368056 0.029453 0.056389
0 0.510742 0.451389 0.061172 0.048333
0 0.615234 0.446181 0.049844 0.052361
0 0.481445 0.310764 0.015859 0.036250
0 0.572266 0.449653 0.049844 0.068472
