0 0.179688 0.961806 0.072500 0.072500
0 0.206055 0.437500 0.029453 0.072500
0 0.045898 0.343750 0.033984 0.040278
0 0.421875 0.496528 0.018125 0.032222
0 0.202148 0.703125 0.033984 0.068472
0 0.907227 0.938264 0.138203 0.123472
0 0.549805 0.522569 0.015859 0.092639
0 0.286133 0.961806 0.043047 0.072500
0 0.124023 0.654514 0.029453 0.108750
0 0.155273 0.692708 0.029453 0.084583
0 0.277344 0.522569 0.022656 0.084583
0 0.136719 0.453125 0.027187 0.076528
0 0.309570 0.506944 0.020391 0.088611
0 0.734375 0.833333 0.063438 0.080556
0 0.311523 0.291667 0.011328 0.040278
0 0.110352 0.305556 0.029453 0.048333
0 0.672852 0.755208 0.056641 0.124861
0 0.066406 0.817708 0.036250 0.084583
0 0.237305 0.411458 0.015859 0.060417
0 0.336914 0.413194 0.015859 0.056389
0 0.012695 0.314236 0.015859 0.036250
0 0.983203 0.756944 0.033594 0.120833
0 0.245117 0.645833 0.024922 0.096667
0 0.377930 0.538194 0.020391 0.096667
0 0.541016 0.656250 0.022656 0.104722
0 0.309570 0.333333 0.020391 0.048333
0 0.405273 0.465278 0.015859 0.064444
0 0.205078 0.590278 0.027187 0.080556
0 0.312500 0.413194 0.013594 0.056389
0 0.181641 0.380208 0.045312 0.052361
0 0.290039 0.470486 0.020391 0.052361
0 0.333008 0.527778 0.020391 0.088611
0 0.331055 0.364583 0.015859 0.056389
0 0.101562 0.940278 0.049844 0.119444
0 0.455078 0.508681 0.027188 0.084583
0 0.502930 0.614583 0.033984 0.096667
0 0.633789 0.746528 0.033984 0.080556
0 0.239258 0.272569 0.011328 0.028194
0 0.341797 0.315972 0.013594 0.048333
0 0.578125 0.654514 0.049844 0.181250
0 0.140625 0.796875 0.036250 0.140972
0 0.213867 0.826389 0.033984 0.145000
