0 0.845703 0.263889 0.036250 0.032222
0 0.396484 0.626736 0.022656 0.092639
0 0.394531 0.758681 0.036250 0.092639
0 0.430664 0.397569 0.015859 0.060417
0 0.679688 0.871528 0.045313 0.185278
0 0.737305 0.934653 0.056641 0.130694
0 0.534180 0.942153 0.092891 0.115694
0 0.256836 0.376736 0.015859 0.068472
0 0.401367 0.915764 0.079297 0.168472
0 0.040039 0.434028 0.020391 0.072500
0 0.318359 0.543403 0.027188 0.076528
0 0.189453 0.477431 0.022656 0.060417
0 0.185547 0.458333 0.031719 0.088611
0 0.343750 0.314236 0.013594 0.052361
0 0.145508 0.302083 0.020391 0.048333
0 0.378906 0.545139 0.022656 0.072500
0 0.362305 0.430556 0.015859 0.056389
0 0.134766 0.678819 0.049844 0.084583
0 0.233398 0.390625 0.020391 0.036250
0 0.350586 0.513889 0.020391 0.072500
0 0.020508 0.336806 0.033984 0.048333
0 0.912109 0.972014 0.031719 0.055972
0 0.842773 0.942014 0.043047 0.115972
0 0.329102 0.819444 0.043047 0.136944
0 0.772461 0.255208 0.020391 0.020139
0 0.771484 0.784722 0.022656 0.024167
0 0.726562 0.795139 0.036250 0.072500
0 0.430664 0.703125 0.043047 0.116806
0 0.480469 0.831597 0.086094 0.157083
0 0.308594 0.461806 0.022656 0.072500
0 0.096680 0.303819 0.033984 0.052361
0 0.802734 0.263889 0.022656 0.032222
0 0.397461 0.274306 0.015859 0.040278
0 0.267578 0.630208 0.031719 0.084583
0 0.338867 0.434028 0.020391 0.080556
0 0.154297 0.368056 0.027187 0.072500
0 0.317383 0.666667 0.029453 0.072500
0 0.383789 0.451389 0.020391 0.032222
0 0.781250 0.923264 0.086094 0.153472
0 0.534180 0.265625 0.006797 0.036250
0 0.374023 0.336806 0.015859 0.048333
0 0.358398 0.628472 0.020391 0.096667
0 0.124023 0.527778 0.024922 0.080556
0 0.458984 0.654514 0.036250 0.108750
0 0.012656 0.951389 0.025313 0.097222
0 0.494141 0.711806 0.045313 0.072500
0 0.549805 0.762153 0.061172 0.149028
0 0.236328 0.684028 0.027187 0.104722
0 0.306641 0.279514 0.013594 0.036250
0 0.612305 0.932778 0.056641 0.134444
0 0.560547 0.880208 0.013594 0.052361
0 0.628906 0.883681 0.045313 0.165139
0 0.408203 0.371528 0.022656 0.064444
0 0.593750 0.413800 0.013594 0.025572
0 0.591118 0.438104 0.012018 0.022766
0 0.261719 0.748264 0.027188 0.116806
