0 0.160156 0.281250 0.022656 0.032222
0 0.155273 0.628472 0.024922 0.096667
0 0.259766 0.241319 0.009062 0.020139
0 0.308594 0.335069 0.009062 0.052361
0 0.896484 0.972014 0.063438 0.055972
0 0.982148 0.966389 0.035703 0.067222
0 0.261719 0.434028 0.013594 0.072500
0 0.061523 0.387153 0.015859 0.068472
0 0.102539 0.546875 0.020391 0.076528
0 0.230469 0.255208 0.013594 0.028194
0 0.351562 0.312500 0.009062 0.040278
0 0.308594 0.263889 0.009062 0.032222
0 0.139648 0.298611 0.020391 0.040278
0 0.068359 0.649306 0.031719 0.128889
0 0.289062 0.317708 0.018125 0.044306
0 0.205078 0.737847 0.027187 0.132917
0 0.336914 0.630208 0.029453 0.132917
0 0.214844 0.593750 0.022656 0.104722
0 0.289062 0.362847 0.018125 0.060417
0 0.281250 0.583333 0.027188 0.096667
0 0.183594 0.380208 0.049844 0.052361
0 0.157227 0.532986 0.020391 0.068472
0 0.395508 0.203125 0.006797 0.028194
0 0.260742 0.385417 0.015859 0.040278
0 0.061523 0.513889 0.029453 0.072500
0 0.091797 0.925139 0.040781 0.149722
0 0.009492 0.321181 0.018984 0.060417
0 0.369141 0.368056 0.013594 0.048333
0 0.296875 0.279514 0.009062 0.036250
0 0.379883 0.704861 0.029453 0.112778
0 0.331055 0.277778 0.011328 0.032222
0 0.250000 0.248264 0.013594 0.036250
0 0.099609 0.310764 0.040781 0.036250
0 0.399414 0.881944 0.056641 0.088611
0 0.356445 0.230903 0.006797 0.028194
0 0.417969 0.687500 0.027188 0.112778
0 0.383789 0.217014 0.006797 0.028194
0 0.383789 0.333333 0.006797 0.048333
0 0.333984 0.940139 0.049844 0.119722
0 0.409180 0.201389 0.006797 0.024167
0 0.240234 0.857639 0.036250 0.153056
0 0.271484 0.239583 0.009062 0.024167
