0 0.234375 0.684028 0.095156 0.112778
0 0.226562 0.480903 0.036250 0.076528
0 0.265625 0.489583 0.049844 0.064444
0 0.036914 0.605903 0.073828 0.108750
0 0.057617 0.300347 0.020391 0.036250
0 0.189453 0.552083 0.049844 0.088611
0 0.389648 0.468750 0.052109 0.072500
0 0.139648 0.562500 0.006797 0.032222
0 0.106445 0.579861 0.056641 0.088611
0 0.181641 0.380208 0.045312 0.052361
0 0.125000 0.303819 0.031719 0.052361
0 0.301758 0.434028 0.033984 0.064444
0 0.190430 0.461806 0.020391 0.024167
0 0.167969 0.468750 0.027187 0.072500
0 0.132812 0.460069 0.027187 0.052361
0 0.104492 0.468750 0.038516 0.072500
0 0.012656 0.513889 0.025313 0.072500
0 0.046875 0.508681 0.036250 0.060417
0 0.052734 0.803819 0.105469 0.165139
0 0.541016 0.467014 0.049844 0.068472
0 0.010547 0.282986 0.021094 0.052361
0 0.586914 0.467014 0.043047 0.076528
0 0.770508 0.251736 0.020391 0.036250
