0 0.680664 0.364583 0.043047 0.048333
0 0.159180 0.458333 0.038516 0.048333
0 0.268555 0.442708 0.043047 0.044306
0 0.133789 0.404514 0.020391 0.068472
0 0.358398 0.449653 0.052109 0.076528
0 0.023203 0.545139 0.046406 0.064444
0 0.570312 0.494792 0.090625 0.092639
0 0.153320 0.380208 0.020391 0.052361
0 0.176758 0.489583 0.065703 0.080556
0 0.257812 0.359375 0.036250 0.044306
0 0.081055 0.487847 0.074766 0.060417
0 0.098633 0.411458 0.029453 0.052361
0 0.627930 0.406250 0.079297 0.072500
0 0.724609 0.354167 0.040781 0.056389
0 0.045898 0.605903 0.079297 0.100694
