0 0.805664 0.375000 0.056641 0.064444
0 0.858398 0.286458 0.020391 0.028194
0 0.083984 0.406250 0.022656 0.072500
0 0.255859 0.484375 0.058906 0.068472
0 0.436523 0.315972 0.015859 0.048333
0 0.020508 0.427083 0.020391 0.080556
0 0.068359 0.529514 0.086094 0.100694
0 0.165039 0.387153 0.047578 0.068472
0 0.108398 0.397569 0.033984 0.052361
0 0.595703 0.310764 0.018125 0.036250
0 0.048828 0.406250 0.027188 0.072500
0 0.833984 0.262153 0.022656 0.028194
0 0.902344 0.277778 0.031719 0.032222
0 0.428711 0.506944 0.052109 0.080556
0 0.476562 0.428819 0.049844 0.052361
0 0.470703 0.546875 0.063438 0.076528
0 0.530273 0.303819 0.015859 0.052361
0 0.771484 0.248264 0.022656 0.036250
0 0.790039 0.343750 0.038516 0.072500
