0 0.896484 0.277778 0.049844 0.040278
0 0.084961 0.404514 0.029453 0.076528
0 0.246094 0.465278 0.063438 0.064444
0 0.820312 0.395833 0.054375 0.056389
0 0.021484 0.428819 0.036250 0.084583
0 0.978984 0.329861 0.042031 0.040278
0 0.448242 0.487847 0.056641 0.060417
0 0.060547 0.420139 0.027188 0.072500
0 0.120117 0.399306 0.024922 0.048333
0 0.146484 0.395833 0.022656 0.056389
0 0.503906 0.423611 0.045313 0.040278
0 0.474609 0.458333 0.031719 0.056389
0 0.978984 0.321181 0.042031 0.060417
0 0.421875 0.440972 0.049844 0.056389
0 0.858398 0.270833 0.020391 0.024167
0 0.183594 0.380208 0.049844 0.052361
0 0.252930 0.612847 0.079297 0.092639
