0 0.389648 0.536458 0.061172 0.084583
0 0.596680 0.298611 0.020391 0.040278
0 0.407227 0.586806 0.065703 0.096667
0 0.633789 0.364583 0.052109 0.048333
0 0.245117 0.423611 0.052109 0.032222
0 0.035156 0.413194 0.031719 0.056389
0 0.702148 0.425347 0.052109 0.060417
0 0.058594 0.498264 0.022656 0.060417
0 0.181641 0.375000 0.045312 0.064444
0 0.458984 0.598958 0.049844 0.092639
0 0.083984 0.680556 0.095156 0.120833
0 0.125977 0.296875 0.020391 0.044306
0 0.257812 0.550347 0.063438 0.084583
0 0.136719 0.458333 0.027187 0.048333
0 0.106445 0.465278 0.029453 0.064444
0 0.992188 0.920139 0.013594 0.112778
0 0.457031 0.529514 0.036250 0.076528
0 0.555664 0.480903 0.056641 0.076528
0 0.312500 0.409722 0.045312 0.048333
0 0.627930 0.456597 0.052109 0.084583
0 0.080078 0.786458 0.058906 0.132917
0 0.136719 0.755208 0.054375 0.092639
