0 0.146484 0.383681 0.022656 0.084583
0 0.371094 0.364583 0.036250 0.048333
0 0.049805 0.286458 0.029453 0.044306
0 0.254883 0.397569 0.043047 0.052361
0 0.244141 0.258681 0.013594 0.036250
0 0.302734 0.581597 0.022656 0.084583
0 0.507812 0.597222 0.036250 0.096667
0 0.734375 0.913194 0.036250 0.120833
0 0.799805 0.912014 0.056641 0.175972
0 0.139648 0.279514 0.020391 0.036250
0 0.012656 0.418403 0.025313 0.068472
0 0.021484 0.291667 0.022656 0.040278
0 0.561523 0.711806 0.056641 0.145000
0 0.217773 0.755208 0.029453 0.132917
0 0.302734 0.366319 0.036250 0.052361
0 0.432617 0.460069 0.020391 0.060417
0 0.057617 0.395833 0.024922 0.056389
0 0.352539 0.604167 0.033984 0.088611
0 0.185547 0.381944 0.045312 0.048333
0 0.130859 0.380208 0.013594 0.060417
0 0.256836 0.631944 0.029453 0.096667
0 0.284180 0.876736 0.079297 0.108750
0 0.105469 0.376736 0.027188 0.068472
0 0.080078 0.392361 0.040781 0.056389
0 0.874023 0.982639 0.029453 0.032222
0 0.677734 0.842014 0.036250 0.140972
0 0.833984 0.263889 0.022656 0.032222
0 0.224609 0.265625 0.013594 0.044306
0 0.639648 0.897569 0.065703 0.165139
0 0.795898 0.260417 0.020391 0.032222
0 0.585938 0.585069 0.027187 0.092639
0 0.767578 0.246528 0.018125 0.032222
0 0.792969 0.442708 0.045313 0.084583
