0 0.375000 0.302083 0.027188 0.048333
0 0.696289 0.848958 0.120078 0.197361
0 0.473633 0.522569 0.029453 0.052361
0 0.839844 0.962639 0.077031 0.074722
0 0.770508 0.940139 0.065703 0.119722
0 0.755859 0.315972 0.018125 0.048333
0 0.071289 0.470486 0.020391 0.076528
0 0.208008 0.449653 0.024922 0.068472
0 0.358398 0.659722 0.038516 0.120833
0 0.152344 0.270833 0.022656 0.048333
0 0.027344 0.303819 0.036250 0.052361
0 0.430664 0.692708 0.056641 0.132917
0 0.355469 0.902778 0.027188 0.112778
0 0.395508 0.907986 0.052109 0.140972
0 0.080078 0.593750 0.027188 0.104722
0 0.096680 0.272569 0.020391 0.044306
0 0.314453 0.750000 0.036250 0.136944
0 0.150391 0.505208 0.027187 0.084583
0 0.201172 0.350694 0.049844 0.048333
0 0.079102 0.263889 0.015859 0.032222
0 0.239258 0.769097 0.024922 0.132917
0 0.279297 0.912153 0.040781 0.175694
0 0.801758 0.343750 0.020391 0.072500
