0 0.524414 0.303819 0.015859 0.052361
0 0.833984 0.256944 0.022656 0.048333
0 0.891602 0.265625 0.029453 0.036250
0 0.046875 0.407986 0.031719 0.076528
0 0.221680 0.484375 0.065703 0.068472
0 0.487305 0.307292 0.029453 0.036250
0 0.012656 0.421875 0.025313 0.076528
0 0.909180 0.381944 0.047578 0.056389
0 0.086914 0.397569 0.029453 0.092639
0 0.064453 0.388889 0.022656 0.072500
0 0.132812 0.380208 0.022656 0.052361
0 0.814453 0.255208 0.022656 0.044306
0 0.858398 0.265625 0.020391 0.036250
0 0.500977 0.493056 0.052109 0.080556
0 0.142578 0.262153 0.027187 0.036250
0 0.324219 0.543403 0.072500 0.076528
0 0.668945 0.366319 0.043047 0.052361
0 0.500977 0.567708 0.052109 0.092639
0 0.149414 0.605903 0.011328 0.004028
0 0.138672 0.644097 0.095156 0.124861
