0 0.889648 0.267361 0.038516 0.032222
0 0.604492 0.364583 0.043047 0.048333
0 0.631836 0.375000 0.029453 0.064444
0 0.790039 0.248264 0.020391 0.036250
0 0.730469 0.425347 0.054375 0.084583
0 0.220703 0.498264 0.067969 0.076528
0 0.291992 0.461806 0.015859 0.088611
0 0.015820 0.559028 0.031641 0.064444
0 0.906250 0.383681 0.058906 0.060417
0 0.662109 0.437500 0.054375 0.072500
0 0.399414 0.310764 0.029453 0.036250
0 0.080078 0.302083 0.027188 0.048333
0 0.170898 0.487847 0.052109 0.060417
0 0.197266 0.463542 0.009062 0.020139
0 0.102539 0.407986 0.033984 0.068472
0 0.040039 0.482639 0.061172 0.048333
0 0.936523 0.279514 0.029453 0.036250
0 0.443359 0.315972 0.013594 0.048333
0 0.531250 0.371528 0.027187 0.040278
0 0.096680 0.539931 0.033984 0.084583
0 0.104492 0.572917 0.029453 0.088611
0 0.145508 0.550347 0.047578 0.084583
