0 0.126953 0.942153 0.049844 0.115694
0 0.136719 0.506944 0.027187 0.056389
0 0.702148 0.409722 0.020391 0.048333
0 0.061523 0.333333 0.029453 0.048333
0 0.291992 0.381944 0.015859 0.056389
0 0.827148 0.258681 0.020391 0.036250
0 0.246094 0.538194 0.022656 0.080556
0 0.200195 0.973889 0.043047 0.052222
0 0.030273 0.585069 0.029453 0.092639
0 0.177734 0.451389 0.022656 0.072500
0 0.149414 0.281250 0.015859 0.040278
0 0.352539 0.472222 0.020391 0.072500
0 0.107422 0.328125 0.022656 0.044306
0 0.265625 0.498264 0.022656 0.076528
0 0.888672 0.782986 0.067969 0.124861
0 0.855469 0.743056 0.013594 0.048333
0 0.321289 0.541667 0.033984 0.088611
0 0.202148 0.616319 0.033984 0.092639
0 0.483398 0.912153 0.065703 0.175694
0 0.064453 0.868056 0.049844 0.161111
0 0.216797 0.421875 0.027187 0.068472
0 0.156250 0.732639 0.045312 0.080556
0 0.321289 0.425347 0.020391 0.060417
0 0.133789 0.395833 0.020391 0.048333
0 0.804688 0.625000 0.045313 0.072500
0 0.106445 0.576389 0.029453 0.096667
0 0.102539 0.376736 0.020391 0.068472
0 0.159180 0.350694 0.020391 0.056389
0 0.234375 0.649306 0.036250 0.088611
0 0.062500 0.678819 0.027188 0.116806
0 0.030273 0.303819 0.015859 0.052361
0 0.020039 0.968264 0.040078 0.063472
0 0.382812 0.522569 0.022656 0.092639
0 0.334961 0.506944 0.020391 0.088611
0 0.577148 0.930903 0.052109 0.138194
0 0.537109 0.888889 0.031719 0.112778
0 0.298828 0.454861 0.018125 0.040278
0 0.214844 0.727431 0.036250 0.132917
0 0.287109 0.598958 0.027188 0.100694
0 0.670898 0.777778 0.033984 0.112778
0 0.096680 0.727431 0.038516 0.157083
0 0.255859 0.340278 0.013594 0.040278
0 0.160156 0.857639 0.049844 0.136944
0 0.930664 0.717014 0.056641 0.108750
