0 0.089844 0.256944 0.031719 0.048333
0 0.446289 0.239583 0.006797 0.024167
0 0.403320 0.211806 0.006797 0.024167
0 0.441406 0.310764 0.013594 0.036250
0 0.774414 0.345486 0.043047 0.052361
0 0.304688 0.329861 0.013594 0.040278
0 0.130859 0.281250 0.027187 0.040278
0 0.291992 0.270833 0.011328 0.032222
0 0.174805 0.302083 0.029453 0.056389
0 0.798828 0.402778 0.058906 0.064444
0 0.237305 0.244792 0.015859 0.036250
0 0.309570 0.434028 0.020391 0.064444
0 0.173828 0.397569 0.027187 0.052361
0 0.279297 0.576389 0.027188 0.072500
0 0.339844 0.244792 0.009062 0.036250
0 0.282227 0.223958 0.006797 0.020139
0 0.479492 0.480903 0.015859 0.068472
0 0.875000 0.376736 0.045313 0.068472
0 0.736328 0.565972 0.040781 0.088611
0 0.501953 0.592014 0.022656 0.100694
0 0.307617 0.203125 0.006797 0.036250
0 0.743164 0.335069 0.029453 0.052361
0 0.585938 0.814236 0.045313 0.108750
0 0.357422 0.194444 0.009062 0.024167
