0 0.909180 0.265625 0.024922 0.036250
0 0.158203 0.399306 0.022656 0.072500
0 0.009492 0.427083 0.018984 0.088611
0 0.894531 0.409722 0.063438 0.056389
0 0.817383 0.423611 0.029453 0.040278
0 0.021484 0.407986 0.022656 0.076528
0 0.983203 0.428819 0.033594 0.052361
0 0.023203 0.574653 0.046406 0.068472
0 0.508789 0.296875 0.011328 0.044306
0 0.545898 0.303819 0.020391 0.052361
0 0.774414 0.366319 0.043047 0.052361
0 0.089844 0.407986 0.031719 0.076528
0 0.049805 0.421875 0.043047 0.068472
0 0.542969 0.465278 0.058906 0.064444
0 0.567383 0.303819 0.015859 0.044306
0 0.653320 0.425347 0.052109 0.060417
0 0.129883 0.404514 0.029453 0.068472
0 0.118164 0.711806 0.101953 0.128889
