0 0.242188 0.875000 0.040781 0.145000
0 0.015820 0.491319 0.031641 0.084583
0 0.108398 0.394097 0.020391 0.060417
0 0.992188 0.277778 0.013594 0.032222
0 0.546875 0.842014 0.049844 0.140972
0 0.507812 0.802083 0.009062 0.048333
0 0.308594 0.602431 0.022656 0.092639
0 0.964844 0.965278 0.063438 0.064444
0 0.117188 0.289931 0.018125 0.036250
0 0.224609 0.625000 0.027187 0.072500
0 0.083008 0.593750 0.033984 0.080556
0 0.125977 0.552083 0.029453 0.088611
0 0.290039 0.694444 0.020391 0.096667
0 0.073242 0.317708 0.029453 0.044306
0 0.054688 0.864583 0.045313 0.128889
0 0.202148 0.513889 0.024922 0.040278
0 0.221680 0.718750 0.033984 0.104722
0 0.463867 0.819444 0.047578 0.128889
0 0.439453 0.772569 0.004531 0.052361
0 0.197266 0.597222 0.022656 0.096667
0 0.619141 0.925278 0.086094 0.149444
0 0.162109 0.590278 0.027187 0.080556
0 0.178711 0.972222 0.065703 0.048333
0 0.180664 0.378472 0.043047 0.048333
0 0.070312 0.694444 0.036250 0.128889
0 0.952148 0.277778 0.033984 0.032222
0 0.392578 0.732639 0.040781 0.072500
0 0.015820 0.956597 0.031641 0.084583
0 0.174805 0.789931 0.043047 0.157083
0 0.273438 0.593750 0.027188 0.072500
0 0.276367 0.774306 0.033984 0.128889
0 0.126953 0.918403 0.049844 0.149028
0 0.848633 0.260417 0.029453 0.032222
0 0.071289 0.961806 0.006797 0.016111
0 0.099609 0.973889 0.058906 0.052222
0 0.596680 0.800347 0.079297 0.124861
