0 0.645508 0.409722 0.020391 0.048333
0 0.666992 0.399306 0.015859 0.048333
0 0.957891 0.887153 0.084219 0.149028
0 0.335938 0.279514 0.013594 0.036250
0 0.157227 0.281250 0.020391 0.040278
0 0.165039 0.281250 0.047578 0.040278
0 0.301758 0.208333 0.006797 0.024167
0 0.302734 0.279514 0.009062 0.036250
0 0.379883 0.248264 0.011328 0.036250
0 0.322266 0.227431 0.009062 0.020139
0 0.730469 0.392361 0.040781 0.072500
0 0.368164 0.315972 0.015859 0.048333
0 0.490234 0.401042 0.049844 0.052361
0 0.113281 0.298611 0.022656 0.032222
0 0.399414 0.314236 0.015859 0.036250
0 0.210176 0.106771 0.420352 0.207431
0 0.290039 0.223958 0.006797 0.020139
0 0.373047 0.276042 0.013594 0.036250
0 0.402344 0.270833 0.009062 0.048333
0 0.544922 0.366319 0.049844 0.052361
0 0.464844 0.383681 0.036250 0.052361
0 0.364258 0.218750 0.006797 0.032222
0 0.578125 0.409722 0.049844 0.056389
0 0.649414 0.446181 0.043047 0.060417
0 0.632812 0.383681 0.036250 0.060417
0 0.621094 0.204861 0.009062 0.032222
0 0.357422 0.269097 0.009062 0.036250
0 0.417969 0.401042 0.045312 0.052361
