0 0.329102 0.840278 0.006797 0.032222
0 0.358398 0.862847 0.052109 0.165139
0 0.102539 0.413194 0.020391 0.056389
0 0.415039 0.578125 0.020391 0.068472
0 0.006328 0.430556 0.012656 0.088611
0 0.517578 0.600694 0.027187 0.088611
0 0.911133 0.279514 0.029453 0.036250
0 0.154297 0.347222 0.013594 0.048333
0 0.483398 0.607639 0.020391 0.080556
0 0.319336 0.588542 0.024922 0.092639
0 0.276367 0.486111 0.020391 0.072500
0 0.278320 0.819444 0.043047 0.088611
0 0.598633 0.477431 0.029453 0.052361
0 0.033203 0.520833 0.022656 0.080556
0 0.236328 0.538194 0.027187 0.056389
0 0.170898 0.623264 0.024922 0.100694
0 0.114258 0.524306 0.020391 0.056389
0 0.193359 0.562500 0.027187 0.072500
0 0.901367 0.781250 0.097422 0.112778
0 0.845703 0.262153 0.022656 0.036250
0 0.270508 0.581597 0.024922 0.092639
0 0.068359 0.335069 0.013594 0.052361
0 0.279297 0.958889 0.045312 0.082222
0 0.511719 0.746528 0.040781 0.104722
0 0.856445 0.677083 0.074766 0.120833
0 0.286133 0.708333 0.029453 0.136944
0 0.493164 0.923264 0.083828 0.153472
0 0.437500 0.890625 0.027188 0.108750
0 0.152344 0.914931 0.049844 0.165139
0 0.304688 0.529514 0.027188 0.076528
0 0.215820 0.454861 0.020391 0.072500
0 0.371094 0.656250 0.036250 0.104722
0 0.125977 0.296875 0.020391 0.036250
0 0.210938 0.701389 0.040781 0.096667
0 0.726562 0.966389 0.049844 0.067222
0 0.401230 0.496597 0.802461 0.993194
0 0.680664 0.942153 0.029453 0.115694
0 0.363281 0.564236 0.022656 0.044306
0 0.761719 0.644097 0.058906 0.108750
0 0.401230 0.317674 0.802461 0.635347
0 0.242188 0.647569 0.027188 0.100694
0 0.749023 0.348958 0.029453 0.060417
0 0.543945 0.659722 0.043047 0.096667
0 0.265625 0.940972 0.009062 0.024167
0 0.148105 0.493646 0.296211 0.987292
0 0.313477 0.949514 0.038516 0.100972
0 0.953125 0.932778 0.090625 0.134444
0 0.500000 0.473299 1.000000 0.946597
0 0.630859 0.348958 0.013594 0.052361
0 0.252930 0.519097 0.020391 0.084583
0 0.181641 0.380208 0.045312 0.052361
0 0.409180 0.710069 0.047578 0.060417
0 0.356445 0.729167 0.056641 0.112778
0 0.148438 0.444444 0.013594 0.056389
0 0.120117 0.663194 0.033984 0.096667
0 0.042969 0.312500 0.027188 0.040278
0 0.875977 0.265625 0.029453 0.036250
0 0.042969 0.962639 0.058906 0.074722
0 0.243027 0.402847 0.486055 0.805694
0 0.482422 0.789931 0.049844 0.132917
0 0.540039 0.888889 0.079297 0.185278
0 0.399414 0.609375 0.029453 0.108750
0 0.425781 0.810764 0.036250 0.084583
0 0.398438 0.796875 0.013594 0.068472
0 0.452148 0.654514 0.052109 0.108750
0 0.610352 0.881944 0.079297 0.128889
0 0.611328 0.725694 0.045313 0.088611
0 0.221680 0.847222 0.047578 0.145000
0 0.689453 0.592014 0.049844 0.108750
