0 0.591797 0.303819 0.013594 0.028194
0 0.852539 0.255208 0.033984 0.044306
0 0.059570 0.413194 0.020391 0.064444
0 0.277344 0.395833 0.018125 0.048333
0 0.120117 0.395833 0.020391 0.056389
0 0.529297 0.314236 0.013594 0.036250
0 0.006328 0.420139 0.012656 0.080556
0 0.480469 0.331597 0.013594 0.052361
0 0.968750 0.277778 0.040781 0.040278
0 0.083984 0.394097 0.022656 0.052361
0 0.774414 0.348958 0.056641 0.060417
0 0.135742 0.383681 0.015859 0.052361
0 0.037109 0.425347 0.027188 0.060417
0 0.821289 0.352431 0.047578 0.052361
0 0.333008 0.388889 0.020391 0.072500
0 0.794922 0.262153 0.022656 0.044306
0 0.912109 0.274306 0.031719 0.048333
0 0.104492 0.690972 0.101953 0.120833
