0 0.038086 0.326389 0.029453 0.040278
0 0.131836 0.708333 0.029453 0.120833
0 0.351562 0.600694 0.022656 0.096667
0 0.183594 0.315972 0.018125 0.056389
0 0.091797 0.295139 0.027188 0.040278
0 0.380859 0.902778 0.086094 0.177222
0 0.416992 0.796875 0.043047 0.140972
0 0.213867 0.814236 0.033984 0.149028
0 0.328125 0.527778 0.022656 0.064444
0 0.118164 0.310764 0.029453 0.036250
0 0.159180 0.414931 0.052109 0.060417
0 0.731445 0.984375 0.056641 0.028194
0 0.152344 0.324653 0.022656 0.044306
0 0.183594 0.958889 0.040781 0.082222
0 0.427734 0.430556 0.036250 0.056389
0 0.331055 0.673611 0.029453 0.104722
0 0.243164 0.326389 0.029453 0.048333
