0 0.915039 0.269097 0.033984 0.036250
0 0.786133 0.250000 0.029453 0.032222
0 0.362305 0.892361 0.043047 0.185278
0 0.155273 0.375000 0.015859 0.040278
0 0.076172 0.421875 0.022656 0.068472
0 0.444336 0.473958 0.029453 0.084583
0 0.612305 0.362847 0.043047 0.052361
0 0.007383 0.513889 0.014766 0.064444
0 0.161133 0.321181 0.015859 0.052361
0 0.086914 0.302083 0.015859 0.056389
0 0.061523 0.600694 0.029453 0.056389
0 0.022148 0.616319 0.044297 0.092639
0 0.206055 0.484375 0.088359 0.076528
0 0.118164 0.303819 0.029453 0.052361
0 0.781250 0.381944 0.040781 0.064444
0 0.849609 0.265625 0.027187 0.028194
0 0.299805 0.324653 0.015859 0.044306
0 0.767578 0.458333 0.040781 0.080556
0 0.086914 0.538194 0.029453 0.056389
0 0.626953 0.538194 0.036250 0.088611
0 0.308594 0.449653 0.049844 0.076528
0 0.426758 0.628472 0.033984 0.096667
0 0.452148 0.609375 0.020391 0.076528
0 0.833984 0.343750 0.049844 0.064444
0 0.190430 0.493056 0.052109 0.056389
