0 0.302734 0.477431 0.022656 0.052361
0 0.283203 0.552083 0.031719 0.080556
0 0.092773 0.312500 0.029453 0.072500
0 0.161133 0.263889 0.015859 0.032222
0 0.045898 0.319444 0.033984 0.048333
0 0.150391 0.491319 0.027187 0.052361
0 0.120117 0.371528 0.020391 0.064444
0 0.265625 0.428819 0.022656 0.052361
0 0.269531 0.295139 0.013594 0.040278
0 0.751953 0.309028 0.022656 0.064444
0 0.133789 0.281250 0.020391 0.040278
0 0.162109 0.555556 0.027187 0.096667
0 0.214844 0.440972 0.022656 0.048333
0 0.054688 0.788194 0.040781 0.136944
0 0.324219 0.336806 0.013594 0.048333
0 0.287109 0.336806 0.013594 0.048333
0 0.145508 0.338542 0.020391 0.068472
0 0.188477 0.295139 0.020391 0.064444
0 0.268555 0.534722 0.029453 0.096667
0 0.109375 0.414931 0.022656 0.084583
0 0.068359 0.282986 0.013594 0.052361
0 0.301758 0.390625 0.020391 0.068472
0 0.310547 0.630208 0.027188 0.100694
0 0.097656 0.282986 0.027188 0.036250
0 0.371094 0.940972 0.009062 0.024167
0 0.406250 0.958889 0.086094 0.082222
0 0.105469 0.689236 0.027188 0.124861
0 0.199219 0.352431 0.045312 0.052361
