0 0.699219 0.234375 0.013594 0.036250
0 0.539062 0.590278 0.036250 0.104722
0 0.874023 0.949514 0.047578 0.100972
0 0.811523 0.925278 0.070234 0.149444
0 0.282227 0.177083 0.006797 0.024167
0 0.821289 0.388889 0.038516 0.072500
0 0.557617 0.972014 0.052109 0.055972
0 0.518555 0.951389 0.029453 0.097222
0 0.300781 0.296875 0.009062 0.036250
0 0.377930 0.484375 0.020391 0.068472
0 0.795898 0.263889 0.020391 0.032222
0 0.286133 0.211806 0.011328 0.024167
0 0.351562 0.425347 0.018125 0.060417
0 0.130859 0.250000 0.013594 0.040278
0 0.288086 0.552083 0.020391 0.088611
0 0.271484 0.232639 0.009062 0.032222
0 0.263672 0.236111 0.009062 0.032222
0 0.224609 0.251736 0.013594 0.036250
0 0.323242 0.451389 0.029453 0.064444
0 0.745117 0.328125 0.038516 0.028194
0 0.750977 0.734375 0.079297 0.140972
0 0.689453 0.777778 0.063438 0.136944
0 0.649414 0.748264 0.015859 0.060417
0 0.424805 0.756944 0.043047 0.128889
0 0.639648 0.900764 0.092891 0.198472
0 0.795898 0.347222 0.033984 0.048333
0 0.796875 0.380208 0.036250 0.052361
0 0.361328 0.779514 0.013594 0.036250
0 0.390625 0.807292 0.036250 0.140972
