0 0.277344 0.980903 0.036250 0.036250
0 0.183594 0.654514 0.036250 0.108750
0 0.386719 0.855903 0.086094 0.173194
0 0.501953 0.597222 0.049844 0.096667
0 0.754883 0.791667 0.101953 0.161111
0 0.901367 0.418403 0.065703 0.068472
0 0.923828 0.925139 0.086094 0.149722
0 0.865234 0.894097 0.067969 0.132917
0 0.115234 0.284722 0.022656 0.048333
0 0.701172 0.651042 0.063438 0.124861
0 0.899414 0.699653 0.088359 0.140972
0 0.017578 0.477431 0.027188 0.060417
0 0.295898 0.480903 0.020391 0.084583
0 0.091797 0.506944 0.027188 0.088611
0 0.290039 0.609375 0.033984 0.108750
0 0.379883 0.539931 0.029453 0.092639
0 0.268555 0.505208 0.029453 0.052361
0 0.141602 0.336806 0.015859 0.048333
0 0.045898 0.331597 0.020391 0.052361
0 0.972656 0.866319 0.054688 0.124861
0 0.264648 0.697917 0.038516 0.104722
0 0.830078 0.713542 0.072500 0.140972
0 0.559570 0.861111 0.052109 0.145000
0 0.508789 0.845486 0.033984 0.124861
0 0.564453 0.800347 0.049844 0.132917
0 0.511719 0.755208 0.013594 0.052361
0 0.257812 0.411458 0.022656 0.060417
0 0.183594 0.378472 0.049844 0.048333
0 0.148438 0.522569 0.040781 0.084583
0 0.336914 0.538194 0.029453 0.088611
0 0.102539 0.364583 0.020391 0.056389
0 0.860352 0.989583 0.029453 0.016111
0 0.787109 0.964514 0.054375 0.070972
0 0.003164 0.640625 0.006328 0.076528
0 0.080078 0.420139 0.013594 0.064444
0 0.215820 0.520833 0.033984 0.056389
0 0.621094 0.642361 0.049844 0.104722
0 0.467773 0.989583 0.029453 0.016111
0 0.408203 0.979167 0.031719 0.040278
0 0.093750 0.303819 0.027188 0.052361
0 0.381836 0.482639 0.029453 0.096667
0 0.016602 0.553819 0.029453 0.092639
0 0.067383 0.296875 0.029453 0.036250
0 0.007383 0.930903 0.014766 0.138194
0 0.805664 0.746528 0.043047 0.136944
0 0.629883 0.800347 0.083828 0.157083
0 0.697266 0.951389 0.054375 0.097222
0 0.637695 0.904514 0.029453 0.060417
0 0.429688 0.741319 0.072500 0.124861
0 0.454102 0.637153 0.056641 0.116806
0 0.530273 0.945764 0.101953 0.108472
0 0.683594 0.779514 0.054375 0.140972
0 0.472656 0.555556 0.027188 0.088611
0 0.135742 0.697917 0.056641 0.104722
0 0.555664 0.644097 0.043047 0.124861
0 0.105762 0.492569 0.211523 0.985139
0 0.226562 0.913194 0.063438 0.161111
