0 0.382812 0.729167 0.049844 0.128889
0 0.474609 0.550347 0.027188 0.084583
0 0.437500 0.366319 0.013594 0.052361
0 0.966797 0.279514 0.040781 0.036250
0 0.155273 0.274306 0.015859 0.048333
0 0.537109 0.776042 0.058906 0.124861
0 0.423828 0.550347 0.027188 0.052361
0 0.476562 0.795139 0.063438 0.104722
0 0.333008 0.493056 0.020391 0.072500
0 0.180195 0.500000 0.360391 1.000000
0 0.337891 0.904514 0.086094 0.173194
0 0.545898 0.404514 0.020391 0.060417
0 0.301758 0.557292 0.024922 0.076528
0 0.143555 0.500000 0.029453 0.072500
0 0.180664 0.300347 0.015859 0.052361
0 0.364258 0.621528 0.033984 0.080556
0 0.189453 0.567708 0.022656 0.084583
0 0.807617 0.921389 0.106484 0.157222
0 0.486328 0.482639 0.027188 0.072500
0 0.133789 0.279514 0.020391 0.036250
0 0.015820 0.751736 0.031641 0.149028
0 0.365234 0.534722 0.022656 0.048333
0 0.040039 0.293403 0.020391 0.036250
0 0.295898 0.758681 0.061172 0.124861
0 0.779297 0.248264 0.027187 0.028194
0 0.430664 0.684028 0.056641 0.104722
0 0.291992 0.611111 0.029453 0.088611
0 0.151367 0.881944 0.065703 0.161111
0 0.315430 0.421875 0.020391 0.068472
0 0.283203 0.434028 0.022656 0.064444
0 0.423828 0.425347 0.013594 0.036250
0 0.139648 0.720486 0.033984 0.092639
0 0.185547 0.461806 0.027187 0.056389
0 0.625000 0.989583 0.013594 0.008056
0 0.643555 0.967014 0.011328 0.028194
0 0.685547 0.957014 0.058906 0.085972
0 0.399414 0.439236 0.015859 0.052361
0 0.548828 0.609375 0.040781 0.108750
0 0.147461 0.435764 0.020391 0.068472
0 0.258789 0.555556 0.020391 0.088611
0 0.706055 0.857639 0.043047 0.169167
0 0.320312 0.703125 0.036250 0.116806
0 0.353516 0.401961 0.013594 0.022271
0 0.353085 0.429330 0.012594 0.027010
0 0.031250 0.545139 0.027188 0.072500
0 0.797852 0.397569 0.029453 0.052361
0 0.658203 0.809028 0.022656 0.040278
0 0.706055 0.857639 0.043047 0.169167
0 0.183594 0.381944 0.049844 0.048333
0 0.372070 0.454861 0.020391 0.072500
0 0.095703 0.293403 0.022656 0.036250
0 0.501953 0.625000 0.036250 0.104722
0 0.507812 0.922653 0.081562 0.154694
0 0.592773 0.708333 0.056641 0.120833
0 0.177734 0.647569 0.022656 0.116806
0 0.571289 0.482639 0.020391 0.072500
0 0.268555 0.385417 0.011328 0.024167
0 0.267578 0.407986 0.013594 0.028194
