0 0.190430 0.805556 0.038516 0.088611
0 0.913086 0.277778 0.029453 0.032222
0 0.448242 0.597222 0.029453 0.096667
0 0.183594 0.522569 0.022656 0.084583
0 0.104492 0.446181 0.015859 0.052361
0 0.407227 0.711806 0.052109 0.120833
0 0.354355 0.607492 0.011009 0.039937
0 0.362305 0.656401 0.029453 0.072150
0 0.583984 0.621528 0.036250 0.104722
0 0.301484 0.304549 0.602969 0.609097
0 0.027344 0.482639 0.022656 0.072500
0 0.437500 0.477431 0.027188 0.084583
0 0.367188 0.404514 0.027188 0.068472
0 0.958984 0.265625 0.036250 0.036250
0 0.704102 0.723958 0.074766 0.100694
0 0.486328 0.536458 0.027188 0.084583
0 0.433594 0.925139 0.095156 0.149722
0 0.245117 0.484375 0.020391 0.068472
0 0.074219 0.569444 0.027188 0.088611
0 0.411133 0.522569 0.029453 0.124861
0 0.020039 0.739583 0.040078 0.088611
0 0.152344 0.350694 0.018125 0.056389
0 0.282227 0.465278 0.020391 0.072500
0 0.065430 0.418403 0.020391 0.044306
0 0.940195 0.803819 0.119609 0.197361
0 0.248047 0.565972 0.027188 0.088611
0 0.561523 0.680556 0.070234 0.096667
0 0.315430 0.413194 0.020391 0.056389
0 0.405273 0.454861 0.015859 0.032222
0 0.120117 0.378472 0.020391 0.048333
0 0.313477 0.578125 0.038516 0.100694
0 0.213867 0.637153 0.047578 0.100694
0 0.736328 0.854167 0.113281 0.185278
0 0.723633 0.595486 0.043047 0.076528
0 0.379531 0.300799 0.759062 0.601597
0 0.006328 0.555556 0.012656 0.088611
0 0.006348 0.274271 0.010195 0.548542
0 0.082031 0.468750 0.022656 0.072500
0 0.523438 0.508681 0.031719 0.084583
0 0.858398 0.826389 0.111016 0.177222
0 0.181641 0.380208 0.045312 0.052361
0 0.139648 0.451389 0.020391 0.072500
0 0.125000 0.498264 0.027187 0.076528
0 0.023203 0.913889 0.046406 0.172222
0 0.089844 0.350694 0.018125 0.056389
0 0.896484 0.411458 0.063438 0.052361
0 0.580078 0.567708 0.040781 0.092639
0 0.889648 0.241319 0.020391 0.028194
0 0.153320 0.557292 0.033984 0.092639
0 0.392578 0.555556 0.027188 0.088611
0 0.139648 0.262153 0.033984 0.044306
0 0.092773 0.255208 0.029453 0.044306
0 0.584961 0.552083 0.024922 0.056389
0 0.623047 0.819444 0.086094 0.161111
0 0.581055 0.755208 0.011328 0.028194
0 0.478516 0.453125 0.027188 0.036250
0 0.737305 0.550347 0.029453 0.108750
0 0.647461 0.531250 0.029453 0.080556
0 0.571289 0.885417 0.092891 0.185278
0 0.214844 0.496528 0.031719 0.064444
0 0.155273 0.904514 0.083828 0.190972
0 0.774414 0.656250 0.074766 0.104722
0 0.287109 0.368056 0.013594 0.056389
