0 0.187500 0.513889 0.027187 0.072500
0 0.155273 0.588542 0.038516 0.068472
0 0.205078 0.843750 0.040781 0.145000
0 0.355469 0.315972 0.013594 0.048333
0 0.392578 0.303819 0.013594 0.044306
0 0.249023 0.236111 0.015859 0.032222
0 0.259766 0.472222 0.022656 0.072500
0 0.273438 0.230000 0.009062 0.018044
0 0.273438 0.242153 0.013594 0.010150
0 0.094727 0.545139 0.033984 0.104722
0 0.223633 0.574653 0.024922 0.068472
0 0.321289 0.281250 0.011328 0.040278
0 0.264648 0.406250 0.020391 0.064444
0 0.663086 0.803819 0.101953 0.157083
0 0.233398 0.262153 0.020391 0.036250
0 0.336914 0.418403 0.015859 0.068472
0 0.036133 0.321181 0.029453 0.052361
0 0.220703 0.729167 0.036250 0.104722
0 0.374023 0.585069 0.029453 0.084583
0 0.301758 0.958889 0.033984 0.082222
0 0.336914 0.957014 0.056641 0.085972
0 0.332031 0.319444 0.018125 0.048333
0 0.307617 0.418403 0.020391 0.044306
0 0.125977 0.288194 0.020391 0.048333
0 0.183594 0.380208 0.049844 0.052361
0 0.003164 0.404514 0.006328 0.076528
0 0.180664 0.305556 0.015859 0.048333
0 0.291016 0.303819 0.009062 0.052361
0 0.343750 0.310764 0.013594 0.036250
0 0.156250 0.473958 0.027187 0.060417
0 0.044922 0.911458 0.036250 0.165139
0 0.443359 0.526042 0.027188 0.052361
0 0.295898 0.269097 0.011328 0.036250
0 0.353516 0.435764 0.022656 0.068472
0 0.416992 0.314236 0.011328 0.036250
0 0.373047 0.321181 0.013594 0.036250
0 0.164062 0.671875 0.036250 0.149028
0 0.698242 0.359375 0.043047 0.036250
0 0.172852 0.940278 0.043047 0.119444
0 0.771484 0.406250 0.036250 0.072500
