0 0.149414 0.460069 0.056641 0.092639
0 0.117188 0.383681 0.027187 0.052361
0 0.589844 0.362847 0.036250 0.052361
0 0.421875 0.421875 0.063438 0.068472
0 0.771484 0.340278 0.036250 0.040278
0 0.232422 0.428819 0.049844 0.052361
0 0.038086 0.336806 0.029453 0.056389
0 0.104492 0.472222 0.043047 0.056389
0 0.295898 0.484375 0.065703 0.100694
0 0.760742 0.418403 0.056641 0.068472
0 0.540039 0.383681 0.052109 0.060417
0 0.416992 0.312500 0.015859 0.040278
0 0.057617 0.303819 0.020391 0.052361
0 0.015820 0.557292 0.031641 0.068472
0 0.181641 0.380208 0.045312 0.052361
0 0.211914 0.515625 0.056641 0.076528
0 0.338867 0.628472 0.079297 0.096667
0 0.621094 0.413194 0.049844 0.056389
0 0.108398 0.538194 0.033984 0.056389
0 0.062500 0.545139 0.045313 0.072500
0 0.162109 0.619792 0.086094 0.108750
0 0.095703 0.394097 0.022656 0.060417
0 0.109375 0.727431 0.108750 0.132917
0 0.026367 0.295139 0.020391 0.040278
0 0.798828 0.409722 0.040781 0.056389
0 0.087891 0.293403 0.027188 0.036250
0 0.393555 0.395833 0.043047 0.048333
0 0.159643 0.276042 0.014784 0.020139
0 0.157227 0.298385 0.015859 0.032748
0 0.358398 0.484375 0.052109 0.068472
0 0.713867 0.383681 0.052109 0.060417
0 0.711914 0.355903 0.056641 0.068472
0 0.142578 0.381944 0.027187 0.056389
