0 0.876953 0.267361 0.049844 0.032222
0 0.033203 0.296875 0.022656 0.036250
0 0.730469 0.435764 0.045313 0.068472
0 0.740234 0.243056 0.022656 0.024167
0 0.294082 0.259514 0.588164 0.519028
0 0.323242 0.319444 0.015859 0.048333
0 0.074219 0.303819 0.027188 0.044306
0 0.287109 0.413194 0.040781 0.064444
0 0.308594 0.230903 0.009062 0.028194
0 0.156250 0.362847 0.027187 0.060417
0 0.706055 0.854167 0.101953 0.185278
0 0.273438 0.241319 0.013594 0.020139
0 0.342773 0.315972 0.015859 0.048333
0 0.133789 0.276042 0.020391 0.052361
0 0.183594 0.380208 0.049844 0.052361
0 0.227539 0.250000 0.020391 0.032222
0 0.264648 0.317708 0.006797 0.020139
0 0.263672 0.340278 0.009062 0.032222
0 0.246094 0.342014 0.018125 0.044306
0 0.303711 0.317708 0.015859 0.052361
0 0.833008 0.260417 0.024922 0.040278
0 0.991211 0.446181 0.015859 0.036250
0 0.767578 0.423611 0.027187 0.064444
0 0.324219 0.538194 0.027188 0.088611
0 0.387695 0.421875 0.029453 0.068472
0 0.189453 0.621528 0.022656 0.104722
0 0.784180 0.250000 0.020391 0.032222
0 0.720703 0.236111 0.022656 0.032222
0 0.283203 0.324653 0.018125 0.044306
