0 0.024414 0.437500 0.029453 0.072500
0 0.146484 0.397569 0.022656 0.052361
0 0.120117 0.399306 0.024922 0.048333
0 0.007383 0.321181 0.014766 0.036250
0 0.973633 0.437500 0.015859 0.032222
0 0.929688 0.435764 0.013594 0.036250
0 0.029531 0.546875 0.059063 0.068472
0 0.265625 0.465278 0.063438 0.064444
0 0.142578 0.519097 0.072500 0.060417
0 0.683594 0.361111 0.040781 0.040278
0 0.083008 0.406250 0.033984 0.072500
0 0.183594 0.381944 0.049844 0.048333
0 0.061523 0.421875 0.029453 0.068472
0 0.992188 0.281250 0.013594 0.032222
0 0.302734 0.494792 0.063438 0.076528
0 0.058594 0.300347 0.018125 0.036250
0 0.433594 0.532986 0.063438 0.068472
0 0.050625 0.694444 0.101250 0.128889
0 0.170898 0.725694 0.106484 0.128889
