0 0.673828 0.465278 0.013594 0.040278
0 0.736328 0.467014 0.013594 0.036250
0 0.582031 0.817708 0.036250 0.084583
0 0.542969 0.614583 0.027187 0.056389
0 0.845703 0.678819 0.022656 0.060417
0 0.849609 0.385417 0.013594 0.040278
0 0.709961 0.737847 0.020391 0.084583
0 0.897461 0.590278 0.020391 0.040278
0 0.485352 0.790331 0.056641 0.083654
0 0.554688 0.710069 0.027187 0.084583
0 0.811523 0.828125 0.029453 0.076528
0 0.655273 0.498264 0.015859 0.036250
0 0.852539 0.583333 0.020391 0.048333
0 0.815430 0.619792 0.020391 0.052361
0 0.884766 0.821181 0.022656 0.084583
0 0.985313 0.555556 0.029375 0.048333
0 0.752930 0.763889 0.024922 0.072500
0 0.668945 0.539931 0.015859 0.036250
0 0.793945 0.715278 0.015859 0.064444
0 0.879883 0.515625 0.015859 0.020139
0 0.877930 0.534722 0.020391 0.024167
0 0.807617 0.545139 0.020391 0.040278
