0 0.901367 0.279514 0.033984 0.036250
0 0.825195 0.267361 0.029453 0.032222
0 0.929688 0.277778 0.031719 0.032222
0 0.849609 0.256944 0.031719 0.056389
0 0.727539 0.444444 0.038516 0.080556
0 0.792969 0.321181 0.022656 0.052361
0 0.016875 0.421875 0.033750 0.068472
0 0.288086 0.409722 0.043047 0.048333
0 0.092773 0.298611 0.024922 0.040278
0 0.919922 0.352431 0.049844 0.052361
0 0.243164 0.534722 0.070234 0.088611
0 0.266602 0.465278 0.029453 0.064444
0 0.055664 0.501736 0.088359 0.076528
0 0.968750 0.272569 0.040781 0.052361
0 0.132812 0.512153 0.077031 0.076528
0 0.005273 0.494792 0.010547 0.052361
0 0.165039 0.439236 0.061172 0.052361
0 0.611328 0.381944 0.040781 0.056389
0 0.185547 0.380208 0.045312 0.052361
0 0.496094 0.404514 0.036250 0.036250
0 0.558594 0.418403 0.049844 0.068472
0 0.417969 0.399306 0.027188 0.048333
0 0.386719 0.428819 0.045312 0.044306
0 0.342773 0.486111 0.061172 0.072500
0 0.443359 0.468750 0.104219 0.064444
0 0.020508 0.319444 0.033984 0.048333
0 0.564453 0.468750 0.049844 0.072500
0 0.548828 0.366319 0.040781 0.052361
0 0.643555 0.442708 0.065703 0.060417
0 0.105469 0.763889 0.054375 0.104722
0 0.155273 0.725694 0.043047 0.088611
0 0.865234 0.333333 0.049844 0.048333
0 0.214844 0.493056 0.054375 0.120833
