0 0.077148 0.303819 0.038516 0.052361
0 0.798828 0.411458 0.058906 0.060417
0 0.948242 0.376736 0.070234 0.068472
0 0.152344 0.371528 0.022656 0.064444
0 0.883789 0.383681 0.065703 0.052361
0 0.236328 0.243056 0.013594 0.024167
0 0.151367 0.279514 0.020391 0.060417
0 0.030273 0.411458 0.029453 0.084583
0 0.163086 0.296875 0.020391 0.036250
0 0.252930 0.442708 0.052109 0.052361
0 0.183594 0.378472 0.049844 0.048333
0 0.843750 0.387153 0.045313 0.044306
0 0.061523 0.404514 0.029453 0.068472
0 0.872070 0.265625 0.052109 0.044306
0 0.916016 0.286458 0.036250 0.044306
0 0.989258 0.397569 0.020391 0.052361
0 0.595703 0.411458 0.049844 0.060417
0 0.099609 0.395833 0.031719 0.080556
0 0.455078 0.484375 0.054375 0.068472
0 0.130859 0.623264 0.086094 0.108750
