0 0.352539 0.850694 0.052109 0.096667
0 0.180664 0.378472 0.043047 0.048333
0 0.415039 0.420139 0.020391 0.040278
0 0.421875 0.369792 0.009062 0.036250
0 0.159180 0.336806 0.020391 0.048333
0 0.551758 0.796875 0.079297 0.108750
0 0.461914 0.526042 0.024922 0.076528
0 0.648438 0.949653 0.099687 0.100694
0 0.471680 0.965278 0.047578 0.064444
0 0.439453 0.940139 0.022656 0.119722
0 0.537109 0.430556 0.013594 0.056389
0 0.125000 0.560764 0.027187 0.084583
0 0.179688 0.560764 0.027187 0.084583
0 0.230469 0.465278 0.027187 0.064444
0 0.424805 0.663194 0.029453 0.056389
0 0.456055 0.656250 0.029453 0.072500
0 0.236328 0.251736 0.013594 0.036250
0 0.341797 0.293403 0.013594 0.036250
0 0.319336 0.418403 0.015859 0.068472
0 0.576172 0.938264 0.077031 0.123472
0 0.529297 0.901042 0.040781 0.124861
0 0.242188 0.394097 0.018125 0.060417
0 0.421875 0.850694 0.063438 0.096667
0 0.250703 0.409271 0.501406 0.818542
0 0.479492 0.817708 0.056641 0.173194
0 0.310547 0.315972 0.013594 0.024167
0 0.415039 0.732639 0.038516 0.072500
0 0.211914 0.449653 0.015859 0.068472
0 0.217773 0.663194 0.029453 0.088611
0 0.351562 0.387153 0.018125 0.036250
0 0.092773 0.725694 0.043047 0.048333
0 0.275391 0.380208 0.013594 0.060417
0 0.274414 0.480903 0.015859 0.068472
0 0.298828 0.300347 0.013594 0.036250
0 0.104492 0.916667 0.043047 0.161111
0 0.835938 0.267361 0.027187 0.032222
0 0.411133 0.491319 0.015859 0.060417
0 0.308594 0.225694 0.009062 0.024167
0 0.439453 0.508681 0.022656 0.084583
0 0.487305 0.638889 0.015859 0.096667
0 0.193359 0.772569 0.040781 0.132917
0 0.876953 0.267361 0.027187 0.032222
0 0.234375 0.852431 0.036250 0.157083
