0 0.841797 0.255208 0.027187 0.044306
0 0.749023 0.378472 0.043047 0.048333
0 0.941406 0.286458 0.036250 0.028194
0 0.224609 0.470486 0.040781 0.068472
0 0.036133 0.421875 0.029453 0.068472
0 0.094727 0.463542 0.020391 0.036250
0 0.057617 0.472222 0.033984 0.072500
0 0.270508 0.456597 0.065703 0.052361
0 0.620117 0.354167 0.038516 0.056389
0 0.010547 0.430556 0.021094 0.048333
0 0.986645 0.430556 0.026453 0.056389
0 0.279297 0.541667 0.058906 0.088611
0 0.456055 0.413194 0.056641 0.088611
0 0.375000 0.640625 0.072500 0.108750
0 0.074219 0.512153 0.072500 0.068472
0 0.161133 0.397569 0.024922 0.052361
0 0.174805 0.512153 0.070234 0.076528
0 0.137695 0.399306 0.020391 0.056389
0 0.114258 0.404514 0.020391 0.068472
0 0.571289 0.302083 0.020391 0.048333
0 0.090820 0.397569 0.020391 0.052361
0 0.976562 0.289931 0.036250 0.036250
0 0.434570 0.380208 0.038516 0.052361
0 0.585938 0.383681 0.040781 0.052361
0 0.696289 0.442708 0.052109 0.052361
0 0.602539 0.317708 0.020391 0.044306
0 0.652344 0.383681 0.049844 0.052361
0 0.551048 0.289773 0.012976 0.011717
0 0.549805 0.309327 0.015859 0.031528
0 0.802734 0.262153 0.022656 0.028194
0 0.748047 0.241319 0.027187 0.044306
0 0.805664 0.347222 0.043047 0.048333
