0 0.095703 0.317708 0.018125 0.052361
0 0.369141 0.958889 0.058906 0.082222
0 0.033203 0.364583 0.036250 0.048333
0 0.261719 0.796875 0.013594 0.036250
0 0.299805 0.819444 0.056641 0.128889
0 0.893555 0.277778 0.029453 0.032222
0 0.068359 0.329861 0.013594 0.040278
0 0.902344 0.427083 0.063438 0.048333
0 0.398438 0.897569 0.040781 0.165139
0 0.206055 0.595486 0.029453 0.108750
0 0.129883 0.664931 0.029453 0.092639
0 0.128906 0.354167 0.022656 0.056389
0 0.245117 0.336806 0.020391 0.048333
0 0.146484 0.420139 0.018125 0.072500
0 0.193359 0.786458 0.027187 0.132917
0 0.183594 0.381944 0.049844 0.056389
0 0.074219 0.427083 0.027188 0.064444
0 0.112305 0.975694 0.056641 0.048333
0 0.224609 0.258681 0.013594 0.036250
0 0.548828 0.815972 0.040781 0.088611
0 0.037109 0.314236 0.027188 0.036250
0 0.496094 0.616319 0.036250 0.092639
0 0.501953 0.942153 0.036250 0.115694
0 0.553711 0.671875 0.029453 0.100694
0 0.254883 0.973889 0.056641 0.052222
0 0.280273 0.935764 0.011328 0.012083
