0 0.882812 0.265625 0.022656 0.036250
0 0.368164 0.477431 0.056641 0.084583
0 0.687500 0.465278 0.027187 0.072500
0 0.492188 0.571181 0.072500 0.124861
0 0.041992 0.559028 0.056641 0.064444
0 0.320312 0.538194 0.022656 0.016111
0 0.280273 0.550347 0.043047 0.084583
0 0.415039 0.447917 0.047578 0.056389
0 0.520508 0.435764 0.047578 0.060417
0 0.013184 0.290347 0.026055 0.580694
0 0.010547 0.545139 0.021094 0.072500
0 0.991211 0.411458 0.015859 0.060417
0 0.414062 0.664931 0.081562 0.132917
0 0.489258 0.644097 0.079297 0.108750
0 0.333008 0.404514 0.020391 0.036250
0 0.308594 0.409722 0.022656 0.056389
0 0.195312 0.444444 0.063437 0.048333
0 0.166016 0.520833 0.063437 0.080556
0 0.219727 0.500000 0.033984 0.072500
0 0.371094 0.414931 0.049844 0.060417
0 0.044297 0.711806 0.088594 0.096667
0 0.743164 0.458333 0.029453 0.080556
0 0.305664 0.609375 0.088359 0.140972
0 0.468750 0.453125 0.058906 0.068472
0 0.448242 0.380208 0.043047 0.060417
0 0.630859 0.465278 0.058906 0.064444
0 0.512695 0.350694 0.043047 0.056389
0 0.074219 0.564236 0.027188 0.068472
0 0.109375 0.562500 0.036250 0.072500
0 0.277344 0.550347 0.036250 0.084583
