0 0.911133 0.276042 0.029453 0.036250
0 0.767578 0.250000 0.027187 0.032222
0 0.336914 0.508681 0.061172 0.060417
0 0.538086 0.425347 0.043047 0.060417
0 0.466797 0.413194 0.045312 0.056389
0 0.504883 0.414931 0.043047 0.052361
0 0.009492 0.529514 0.018984 0.044306
0 0.041992 0.522569 0.029453 0.052361
0 0.304688 0.484375 0.031719 0.068472
0 0.090820 0.539931 0.079297 0.084583
0 0.780273 0.427083 0.056641 0.064444
0 0.406250 0.362847 0.040781 0.036250
0 0.020039 0.800347 0.040078 0.084583
0 0.041992 0.439236 0.029453 0.052361
0 0.271484 0.597222 0.077031 0.096667
0 0.559570 0.496528 0.052109 0.072500
0 0.377930 0.432292 0.052109 0.052361
0 0.477539 0.305556 0.020391 0.048333
0 0.201172 0.543403 0.077031 0.076528
0 0.598633 0.298611 0.015859 0.040278
0 0.136719 0.493056 0.045312 0.088611
0 0.351562 0.366319 0.036250 0.052361
0 0.937500 0.277778 0.027187 0.032222
0 0.699219 0.487847 0.045313 0.060417
0 0.607422 0.498264 0.049844 0.068472
0 0.425781 0.430556 0.049844 0.056389
0 0.405273 0.477431 0.056641 0.060417
0 0.674805 0.451389 0.043047 0.072500
0 0.090820 0.656250 0.092891 0.112778
0 0.855469 0.279514 0.027187 0.036250
0 0.056953 0.890625 0.113906 0.181250
