0 0.853516 0.265625 0.022656 0.036250
0 0.238945 0.171007 0.477891 0.324236
0 0.038086 0.342014 0.029453 0.060417
0 0.723633 0.437500 0.056641 0.064444
0 0.629883 0.440972 0.029453 0.056389
0 0.342773 0.529514 0.070234 0.076528
0 0.066406 0.567708 0.099688 0.092639
0 0.088867 0.413194 0.020391 0.056389
0 0.331055 0.480903 0.029453 0.068472
0 0.367188 0.458333 0.027188 0.048333
0 0.240234 0.486111 0.067969 0.072500
0 0.787109 0.381944 0.054375 0.056389
0 0.641602 0.440972 0.056641 0.056389
0 0.812500 0.437500 0.031719 0.064444
0 0.146484 0.392361 0.022656 0.040278
0 0.119141 0.399306 0.022656 0.048333
0 0.012656 0.670139 0.025313 0.136944
0 0.031250 0.307292 0.027188 0.036250
0 0.926758 0.295139 0.033984 0.040278
0 0.826172 0.366319 0.036250 0.052361
0 0.983203 0.296875 0.033594 0.036250
0 0.469727 0.468750 0.006797 0.032222
0 0.437500 0.480903 0.031719 0.068472
0 0.449219 0.515625 0.058906 0.076528
0 0.544922 0.524306 0.072500 0.088611
0 0.653320 0.468750 0.052109 0.064444
0 0.496094 0.586806 0.022656 0.120833
0 0.183594 0.380208 0.049844 0.052361
