0 0.403320 0.482639 0.020391 0.072500
0 0.271484 0.578125 0.022656 0.076528
0 0.802734 0.253472 0.022656 0.024167
0 0.354492 0.772569 0.029453 0.132917
0 0.201895 0.377674 0.403789 0.755347
0 0.417969 0.300347 0.013594 0.036250
0 0.616211 0.328125 0.015859 0.044306
0 0.238281 0.246528 0.009062 0.032222
0 0.548828 0.336806 0.013594 0.048333
0 0.756836 0.966389 0.043047 0.067222
0 0.926758 0.284722 0.033984 0.048333
0 0.061523 0.336806 0.015859 0.048333
0 0.240234 0.421875 0.022656 0.036250
0 0.385742 0.402778 0.015859 0.064444
0 0.386719 0.272569 0.013594 0.028194
0 0.308594 0.302083 0.009062 0.048333
0 0.081055 0.310764 0.029453 0.044306
0 0.449219 0.687500 0.027188 0.072500
0 0.486328 0.897569 0.040781 0.197361
0 0.583008 0.765625 0.079297 0.108750
0 0.285156 0.317708 0.013594 0.044306
0 0.367188 0.310764 0.013594 0.036250
0 0.255859 0.267361 0.013594 0.032222
0 0.321289 0.420139 0.020391 0.064444
0 0.983203 0.291667 0.033594 0.040278
0 0.436523 0.225694 0.011328 0.024167
0 0.277344 0.470486 0.022656 0.068472
0 0.586914 0.204861 0.011328 0.032222
0 0.356445 0.277778 0.015859 0.040278
0 0.337891 0.626736 0.027188 0.076528
0 0.183594 0.381944 0.049844 0.056389
0 0.206055 0.814236 0.029453 0.149028
0 0.855469 0.262153 0.013594 0.028194
0 0.843750 0.263889 0.013594 0.032222
0 0.875000 0.267361 0.027187 0.040278
0 0.805664 0.409722 0.029453 0.056389
0 0.620117 0.932778 0.111016 0.134444
0 0.309570 0.260417 0.006797 0.032222
0 0.045898 0.289931 0.020391 0.036250
0 0.534180 0.293403 0.006797 0.044306
0 0.746094 0.329861 0.036250 0.040278
0 0.715820 0.236111 0.020391 0.032222
