0 0.849609 0.267361 0.027187 0.032222
0 0.298828 0.756944 0.040781 0.136944
0 0.173262 0.372049 0.346523 0.744097
0 0.015820 0.342014 0.031641 0.076528
0 0.953125 0.289931 0.036250 0.036250
0 0.923828 0.932639 0.072500 0.134722
0 0.861328 0.901042 0.045313 0.149028
0 0.233398 0.338542 0.020391 0.052361
0 0.261719 0.406250 0.045312 0.072500
0 0.031250 0.388889 0.040781 0.072500
0 0.125977 0.440972 0.020391 0.048333
0 0.085938 0.440972 0.058906 0.048333
0 0.073242 0.434028 0.029453 0.064444
0 0.180664 0.378472 0.056641 0.048333
0 0.133789 0.381944 0.020391 0.056389
0 0.852539 0.802083 0.052109 0.080556
0 0.806641 0.765625 0.045313 0.108750
0 0.797852 0.258681 0.015859 0.036250
0 0.096680 0.444444 0.033984 0.048333
0 0.126953 0.440972 0.022656 0.048333
