0 0.461914 0.680556 0.029453 0.120833
0 0.415039 0.788194 0.047578 0.120833
0 0.015820 0.319444 0.031641 0.056389
0 0.353516 0.315972 0.013594 0.048333
0 0.495117 0.475694 0.020391 0.088611
0 0.314590 0.357847 0.629180 0.715694
0 0.598633 0.701389 0.056641 0.104722
0 0.476562 0.513889 0.018125 0.072500
0 0.045898 0.437500 0.033984 0.072500
0 0.311523 0.366319 0.015859 0.052361
0 0.102539 0.493056 0.033984 0.056389
0 0.686523 0.786458 0.056641 0.124861
0 0.659180 0.732639 0.020391 0.048333
0 0.380859 0.265625 0.013594 0.036250
0 0.010547 0.647569 0.021094 0.092639
0 0.180664 0.381944 0.043047 0.056389
0 0.407227 0.489583 0.020391 0.080556
0 0.043945 0.295139 0.015859 0.040278
0 0.859375 0.657986 0.063438 0.092639
0 0.357422 0.769097 0.049844 0.132917
0 0.203848 0.381146 0.407695 0.762292
0 0.258945 0.611111 0.020028 0.072500
0 0.105469 0.656250 0.027188 0.104722
0 0.312500 0.317708 0.013594 0.044306
0 0.084961 0.581597 0.024922 0.084583
0 0.086914 0.305556 0.029453 0.048333
0 0.317383 0.668403 0.029453 0.100694
0 0.109375 0.373264 0.022656 0.060417
0 0.371094 0.475694 0.022656 0.064444
0 0.440430 0.234375 0.006797 0.036250
0 0.146484 0.500000 0.022656 0.072500
0 0.126953 0.564236 0.022656 0.076528
0 0.068359 0.284722 0.027188 0.048333
0 0.527344 0.642361 0.031719 0.088611
0 0.027422 0.982639 0.054844 0.032222
0 0.648438 0.788194 0.040781 0.088611
0 0.412109 0.298611 0.013594 0.032222
0 0.224609 0.253472 0.013594 0.048333
0 0.445312 0.737847 0.036250 0.124861
0 0.011602 0.843750 0.023203 0.136944
0 0.561523 0.585069 0.029453 0.092639
0 0.455078 0.925139 0.054375 0.149722
0 0.415039 0.899306 0.033984 0.128889
0 0.278320 0.421875 0.020391 0.068472
0 0.057617 0.723958 0.033984 0.116806
