0 0.726562 0.461806 0.067969 0.096667
0 0.177734 0.380208 0.049844 0.052361
0 0.133789 0.381944 0.020391 0.056389
0 0.911133 0.420139 0.029453 0.064444
0 0.461914 0.427083 0.043047 0.048333
0 0.193359 0.486111 0.072500 0.056389
0 0.426758 0.402778 0.038516 0.064444
0 0.243164 0.427083 0.056641 0.056389
0 0.320312 0.439236 0.067969 0.068472
0 0.114258 0.387153 0.020391 0.044306
0 0.084961 0.395833 0.020391 0.064444
0 0.170898 0.451389 0.033984 0.072500
0 0.593750 0.427083 0.040781 0.048333
0 0.023203 0.543403 0.046406 0.076528
0 0.786133 0.458333 0.056641 0.088611
0 0.389648 0.437500 0.047578 0.064444
0 0.082031 0.531250 0.081563 0.104722
0 0.152344 0.565972 0.018125 0.056389
0 0.122070 0.585069 0.038516 0.092639
