0 0.975586 0.293403 0.029453 0.028194
0 0.089844 0.402778 0.022656 0.072500
0 0.740234 0.732639 0.063438 0.120833
0 0.777344 0.446181 0.049844 0.060417
0 0.228516 0.336806 0.013594 0.056389
0 0.055664 0.411458 0.029453 0.084583
0 0.027344 0.420139 0.022656 0.064444
0 0.034180 0.317708 0.033984 0.052361
0 0.075195 0.381944 0.015859 0.056389
0 0.098633 0.303819 0.029453 0.052361
0 0.111328 0.388889 0.027188 0.064444
0 0.077148 0.286458 0.020391 0.052361
0 0.667969 0.395833 0.054375 0.048333
0 0.520508 0.482639 0.038516 0.072500
0 0.138672 0.395833 0.022656 0.056389
0 0.389648 0.421875 0.052109 0.044306
0 0.646484 0.453125 0.049844 0.068472
0 0.699219 0.383681 0.027187 0.052361
0 0.180664 0.376736 0.043047 0.052361
0 0.205078 0.473958 0.067969 0.060417
