0 0.777344 0.250000 0.022656 0.032222
0 0.408203 0.774306 0.036250 0.128889
0 0.162109 0.505208 0.031719 0.052361
0 0.464844 0.609375 0.022656 0.108750
0 0.080078 0.324653 0.027188 0.036250
0 0.457031 0.559028 0.036250 0.104722
0 0.031250 0.350694 0.040781 0.056389
0 0.583008 0.748264 0.047578 0.108750
0 0.816406 0.413194 0.049844 0.056389
0 0.252930 0.430556 0.020391 0.056389
0 0.027344 0.699653 0.031719 0.100694
0 0.115234 0.602431 0.022656 0.092639
0 0.283203 0.786458 0.049844 0.124861
0 0.162109 0.607639 0.027187 0.104722
0 0.436523 0.656250 0.029453 0.112778
0 0.785156 0.925278 0.072500 0.149444
0 0.733398 0.875000 0.047578 0.104722
0 0.480469 0.642361 0.027188 0.088611
0 0.537109 0.682292 0.040781 0.140972
0 0.139648 0.267361 0.020391 0.032222
0 0.058594 0.831597 0.049844 0.157083
0 0.111328 0.322917 0.027188 0.040278
0 0.051758 0.305556 0.020391 0.048333
0 0.874023 0.828125 0.043047 0.116806
0 0.818359 0.835069 0.058906 0.157083
0 0.752930 0.796875 0.033984 0.100694
0 0.531250 0.814236 0.040781 0.116806
0 0.157227 0.814236 0.033984 0.149028
0 0.261719 0.359375 0.013594 0.044306
0 0.099609 0.296875 0.027188 0.036250
0 0.328125 0.762153 0.036250 0.116806
0 0.183594 0.380208 0.049844 0.052361
0 0.355469 0.319444 0.013594 0.056389
0 0.185547 0.670139 0.031719 0.104722
0 0.298828 0.293403 0.013594 0.028194
0 0.299805 0.918403 0.015859 0.044306
0 0.334961 0.928889 0.043047 0.142222
0 0.874023 0.826389 0.043047 0.120833
0 0.821289 0.840278 0.052109 0.145000
0 0.286133 0.291667 0.011328 0.040278
0 0.143555 0.966389 0.043047 0.067222
0 0.031250 0.296875 0.027188 0.036250
0 0.833008 0.262153 0.020391 0.028194
0 0.504883 0.734375 0.029453 0.108750
0 0.475586 0.788194 0.029453 0.088611
0 0.243164 0.803819 0.029453 0.092639
0 0.397461 0.203125 0.006797 0.028194
0 0.185547 0.331597 0.013594 0.052361
0 0.389648 0.592014 0.020391 0.076528
0 0.245117 0.269097 0.020391 0.036250
0 0.371094 0.859375 0.054375 0.108750
0 0.468750 0.897153 0.058906 0.205694
0 0.447266 0.293403 0.009062 0.044306
0 0.238281 0.921389 0.049844 0.157222
0 0.205078 0.871528 0.013594 0.145000
0 0.598633 0.685764 0.029453 0.108750
0 0.614258 0.217014 0.020391 0.036250
0 0.215820 0.442708 0.020391 0.060417
0 0.665039 0.776042 0.097422 0.149028
0 0.649414 0.692708 0.011328 0.020139
