0 0.109375 0.295139 0.022656 0.040278
0 0.249023 0.376736 0.029453 0.076528
0 0.180664 0.289931 0.015859 0.052361
0 0.015820 0.355903 0.031641 0.044306
0 0.061523 0.480903 0.029453 0.068472
0 0.184570 0.381944 0.047578 0.048333
0 0.077148 0.411458 0.024922 0.084583
0 0.337891 0.534722 0.027188 0.072500
0 0.236328 0.248264 0.018125 0.036250
0 0.814453 0.250000 0.022656 0.032222
0 0.811523 0.395833 0.043047 0.080556
0 0.034180 0.319444 0.020391 0.056389
0 0.409180 0.859375 0.065703 0.149028
0 0.018984 0.522569 0.037969 0.084583
0 0.133789 0.303819 0.020391 0.044306
0 0.083984 0.302083 0.022656 0.048333
0 0.096680 0.498264 0.033984 0.068472
0 0.230469 0.329861 0.013594 0.040278
0 0.786133 0.373264 0.029453 0.060417
0 0.069336 0.359375 0.015859 0.036250
0 0.117188 0.527778 0.027187 0.072500
0 0.458008 0.432292 0.020391 0.052361
0 0.477539 0.949514 0.079297 0.100972
0 0.736328 0.444444 0.027187 0.080556
0 0.074219 0.595486 0.027188 0.092639
0 0.101562 0.635417 0.036250 0.112778
