0 0.842773 0.263889 0.038516 0.040278
0 0.080078 0.397569 0.027188 0.052361
0 0.029297 0.366319 0.027188 0.052361
0 0.356445 0.423611 0.015859 0.072500
0 0.433594 0.598958 0.022656 0.060417
0 0.020508 0.413194 0.020391 0.056389
0 0.202148 0.451389 0.020391 0.072500
0 0.251953 0.538194 0.049844 0.128889
0 0.230469 0.286458 0.013594 0.044306
0 0.082031 0.307292 0.022656 0.036250
0 0.018555 0.519097 0.029453 0.084583
0 0.145508 0.376736 0.024922 0.068472
0 0.055664 0.328125 0.029453 0.036250
0 0.428711 0.788194 0.043047 0.088611
0 0.383789 0.848958 0.033984 0.157083
0 0.077148 0.630208 0.033984 0.092639
0 0.170898 0.333333 0.024922 0.048333
0 0.261719 0.555556 0.027188 0.088611
0 0.080078 0.463542 0.027188 0.068472
0 0.223633 0.404514 0.029453 0.100694
0 0.750000 0.539931 0.031719 0.084583
0 0.058594 0.425347 0.022656 0.060417
0 0.102539 0.498264 0.033984 0.076528
0 0.575195 0.588542 0.024922 0.092639
0 0.115234 0.286458 0.022656 0.044306
0 0.126953 0.399306 0.022656 0.072500
0 0.027344 0.293403 0.022656 0.036250
0 0.875000 0.265625 0.027187 0.028194
0 0.256836 0.298611 0.015859 0.032222
0 0.639648 0.774306 0.033984 0.088611
0 0.330078 0.770833 0.027188 0.128889
0 0.358398 0.701389 0.038516 0.096667
0 0.538086 0.962639 0.056641 0.074722
0 0.486328 0.940278 0.027188 0.119444
0 0.636719 0.692708 0.027187 0.060417
0 0.598633 0.680556 0.015859 0.056389
0 0.129883 0.887153 0.043047 0.149028
0 0.429688 0.940278 0.040781 0.119444
0 0.180664 0.385417 0.043047 0.072500
0 0.286133 0.828125 0.043047 0.140972
