0 0.025391 0.475694 0.027188 0.056389
0 0.068359 0.473958 0.027188 0.084583
0 0.127930 0.435764 0.020391 0.076528
0 0.417969 0.335455 0.013594 0.029090
0 0.416178 0.359954 0.009440 0.018796
0 0.989258 0.369792 0.020391 0.076528
0 0.311523 0.350694 0.015859 0.056389
0 0.115234 0.552083 0.049844 0.096667
0 0.115234 0.451389 0.022656 0.072500
0 0.155273 0.449653 0.029453 0.068472
0 0.605469 0.364583 0.013594 0.056389
0 0.036133 0.699653 0.070234 0.108750
0 0.551758 0.362847 0.020391 0.052361
0 0.327148 0.406250 0.020391 0.072500
0 0.464844 0.366319 0.018125 0.052361
0 0.039062 0.576389 0.036250 0.096667
