0 0.851562 0.267361 0.036250 0.032222
0 0.181641 0.381944 0.045312 0.048333
0 0.440430 0.539931 0.020391 0.084583
0 0.822266 0.949653 0.049844 0.100694
0 0.763672 0.932639 0.058906 0.134722
0 0.547852 0.915764 0.038516 0.168472
0 0.366211 0.614583 0.029453 0.064444
0 0.013672 0.595486 0.022656 0.092639
0 0.379883 0.779514 0.056641 0.132917
0 0.270508 0.414931 0.020391 0.052361
0 0.072266 0.317708 0.022656 0.060417
0 0.821289 0.861111 0.124609 0.249722
0 0.306641 0.826389 0.045312 0.145000
0 0.470703 0.769097 0.036250 0.132917
0 0.433594 0.840278 0.077031 0.153056
0 0.083008 0.966389 0.083828 0.067222
0 0.298828 0.322917 0.013594 0.032222
0 0.212891 0.522569 0.027187 0.084583
0 0.316406 0.595486 0.022656 0.108750
0 0.231445 0.482639 0.015859 0.072500
0 0.931909 0.277778 0.012970 0.032222
0 0.917734 0.278611 0.017581 0.030289
0 0.551758 0.769097 0.065703 0.157083
0 0.455078 0.730903 0.072500 0.221528
0 0.977539 0.288194 0.038516 0.048333
0 0.701172 0.791667 0.081562 0.161111
0 0.405273 0.572917 0.038516 0.088611
0 0.668945 0.940278 0.043047 0.119444
0 0.615234 0.923264 0.049844 0.153472
0 0.456055 0.295139 0.011328 0.032222
0 0.543945 0.915764 0.047578 0.168472
0 0.503906 0.850694 0.013594 0.064444
0 0.280273 0.964514 0.043047 0.070972
