0 0.822266 0.255208 0.022656 0.028194
0 0.170898 0.562500 0.020391 0.072500
0 0.183594 0.378472 0.049844 0.048333
0 0.123047 0.586806 0.027187 0.072500
0 0.246094 0.930903 0.063438 0.138194
0 0.108398 0.446181 0.020391 0.060417
0 0.383789 0.543403 0.020391 0.100694
0 0.258789 0.260417 0.011328 0.032222
0 0.342773 0.966389 0.047578 0.067222
0 0.040039 0.428819 0.020391 0.060417
0 0.277344 0.277778 0.009062 0.032222
0 0.129883 0.506944 0.029453 0.056389
0 0.793945 0.920139 0.056641 0.136944
0 0.739258 0.871528 0.047578 0.136944
0 0.153320 0.279514 0.020391 0.036250
0 0.265625 0.503472 0.022656 0.048333
0 0.007383 0.675347 0.014766 0.124861
0 0.171007 0.300926 0.007049 0.013426
0 0.172852 0.318730 0.011328 0.017770
0 0.383789 0.809028 0.047578 0.136944
0 0.292969 0.545139 0.027188 0.072500
0 0.304688 0.487847 0.018125 0.060417
0 0.083984 0.598958 0.036250 0.060417
0 0.247070 0.451389 0.020391 0.072500
0 0.188477 0.616319 0.029453 0.092639
0 0.283203 0.380208 0.022656 0.052361
0 0.321289 0.524306 0.020391 0.088611
0 0.152344 0.465278 0.022656 0.064444
0 0.031250 0.609375 0.027188 0.100694
0 0.151367 0.932778 0.052109 0.134444
0 0.043945 0.298611 0.015859 0.040278
0 0.711914 0.940139 0.056641 0.119722
0 0.659180 0.921875 0.033984 0.108750
0 0.161133 0.675347 0.043047 0.060417
0 0.540039 0.673611 0.052109 0.128889
0 0.301758 0.255208 0.006797 0.028194
0 0.124023 0.300347 0.024922 0.036250
0 0.379883 0.333333 0.011328 0.048333
0 0.170898 0.803819 0.033984 0.116806
0 0.480469 0.456597 0.013594 0.060417
0 0.416992 0.928889 0.079297 0.142222
0 0.433594 0.868056 0.009062 0.016111
0 0.186523 0.484375 0.024922 0.076528
0 0.804688 0.427083 0.027187 0.056389
