0 0.886719 0.279514 0.027187 0.036250
0 0.629883 0.359375 0.043047 0.036250
0 0.839844 0.366319 0.049844 0.052361
0 0.505859 0.381944 0.045313 0.048333
0 0.021484 0.425347 0.036250 0.092639
0 0.390625 0.411458 0.022656 0.044306
0 0.367188 0.411458 0.018125 0.052361
0 0.328125 0.397569 0.049844 0.052361
0 0.065430 0.312500 0.033984 0.040278
0 0.146484 0.281250 0.022656 0.032222
0 0.295898 0.451389 0.065703 0.072500
0 0.493164 0.467014 0.047578 0.068472
0 0.067383 0.493056 0.083828 0.096667
0 0.197266 0.439236 0.086094 0.076528
0 0.811523 0.347222 0.029453 0.056389
0 0.085938 0.406250 0.031719 0.072500
0 0.120117 0.451389 0.056641 0.040278
0 0.586914 0.385417 0.043047 0.048333
0 0.883789 0.407986 0.052109 0.068472
0 0.146484 0.397569 0.022656 0.052361
0 0.458320 0.145833 0.916641 0.273889
0 0.992188 0.425347 0.013594 0.084583
0 0.027344 0.534722 0.049844 0.072500
0 0.943359 0.281250 0.040781 0.040278
0 0.030273 0.307292 0.029453 0.052361
0 0.677734 0.786458 0.036250 0.132917
0 0.555664 0.302083 0.015859 0.048333
0 0.771484 0.454861 0.049844 0.072500
0 0.831055 0.262153 0.029453 0.028194
