0 0.596680 0.678819 0.065703 0.132917
0 0.583008 0.539931 0.038516 0.084583
0 0.449219 0.473958 0.027188 0.060417
0 0.964844 0.289931 0.049844 0.060417
0 0.364258 0.501736 0.020391 0.068472
0 0.474609 0.843750 0.058906 0.104722
0 0.025391 0.322917 0.027188 0.040278
0 0.298828 0.267361 0.013594 0.040278
0 0.405273 0.590278 0.029453 0.064444
0 0.449219 0.585069 0.027188 0.092639
0 0.831055 0.836806 0.101953 0.193333
0 0.842773 0.753472 0.029453 0.024167
0 0.136719 0.253472 0.027187 0.048333
0 0.402344 0.515625 0.022656 0.044306
0 0.051758 0.300347 0.024922 0.052361
0 0.860352 0.750000 0.043047 0.112778
0 0.800781 0.706597 0.022656 0.084583
0 0.402344 0.692708 0.036250 0.116806
0 0.283203 0.618056 0.036250 0.088611
0 0.306641 0.289931 0.013594 0.052361
0 0.470703 0.444444 0.022656 0.056389
0 0.171875 0.381944 0.036250 0.048333
0 0.090098 0.216424 0.180195 0.432847
0 0.203125 0.383681 0.063437 0.052361
0 0.779297 0.915764 0.145000 0.168472
0 0.370117 0.373264 0.020391 0.036250
0 0.761719 0.659722 0.058906 0.128889
0 0.074219 0.335069 0.027188 0.044306
0 0.287109 0.411458 0.013594 0.052361
0 0.316406 0.482639 0.022656 0.072500
0 0.609375 0.928819 0.022656 0.052361
0 0.648438 0.945764 0.054375 0.108472
0 0.640625 0.611111 0.036250 0.104722
0 0.397461 0.440972 0.020391 0.048333
0 0.398438 0.966389 0.058906 0.067222
0 0.693359 0.234375 0.013594 0.036250
0 0.469727 0.786458 0.079297 0.237639
0 0.784180 0.335069 0.047578 0.052361
0 0.818359 0.362847 0.040781 0.084583
0 0.802734 0.631944 0.049844 0.088611
0 0.380859 0.305556 0.013594 0.048333
0 0.722656 0.817708 0.086094 0.132917
0 0.608398 0.795139 0.020391 0.072500
0 0.639648 0.803819 0.038516 0.124861
0 0.332031 0.296875 0.013594 0.044306
0 0.540039 0.782986 0.061172 0.140972
0 0.534180 0.583333 0.033984 0.064444
0 0.683594 0.696181 0.077031 0.124861
0 0.734375 0.569444 0.036250 0.088611
0 0.318359 0.420139 0.018125 0.032222
0 0.402344 0.928889 0.067969 0.142222
0 0.861328 0.750000 0.040781 0.112778
0 0.347656 0.569444 0.027188 0.056389
