0 0.930664 0.282986 0.043047 0.036250
0 0.458984 0.531250 0.063438 0.080556
0 0.724609 0.444444 0.054375 0.056389
0 0.186523 0.378472 0.043047 0.048333
0 0.656250 0.394097 0.045313 0.052361
0 0.006328 0.434028 0.012656 0.064444
0 0.992188 0.442708 0.013594 0.052361
0 0.275391 0.670139 0.086094 0.112778
0 0.845703 0.263889 0.036250 0.032222
0 0.569336 0.468750 0.043047 0.072500
0 0.124023 0.678819 0.101953 0.116806
0 0.095703 0.402778 0.022656 0.064444
0 0.068359 0.395833 0.027188 0.080556
0 0.036133 0.414931 0.024922 0.052361
0 0.982148 0.296875 0.035703 0.036250
0 0.811523 0.437500 0.033984 0.072500
0 0.614258 0.500000 0.047578 0.072500
0 0.074219 0.303819 0.013594 0.044306
0 0.665039 0.444444 0.047578 0.080556
0 0.603516 0.309028 0.013594 0.040278
0 0.887695 0.267361 0.029453 0.032222
0 0.714844 0.366319 0.049844 0.052361
0 0.816406 0.262153 0.036250 0.028194
0 0.130859 0.392361 0.031719 0.056389
