0 0.834961 0.258681 0.020391 0.036250
0 0.200195 0.383681 0.088359 0.052361
0 0.122070 0.296875 0.020391 0.036250
0 0.369141 0.253472 0.013594 0.024167
0 0.328125 0.246528 0.009062 0.032222
0 0.244141 0.239583 0.013594 0.024167
0 0.429688 0.984375 0.031719 0.028194
0 0.381836 0.968264 0.015859 0.063472
0 0.443359 0.487847 0.013594 0.084583
0 0.046875 0.552083 0.036250 0.088611
0 0.253906 0.323413 0.013594 0.039127
0 0.234375 0.282986 0.009062 0.036250
0 0.146484 0.296875 0.022656 0.036250
0 0.432617 0.777778 0.038516 0.136944
0 0.279297 0.803819 0.045312 0.092639
0 0.293945 0.319444 0.015859 0.056389
0 0.251953 0.567708 0.022656 0.092639
0 0.260742 0.281250 0.015859 0.032222
0 0.186523 0.383681 0.056641 0.052361
0 0.026367 0.973889 0.052734 0.052222
0 0.814453 0.255208 0.022656 0.044306
0 0.875000 0.267361 0.027187 0.032222
0 0.573242 0.842014 0.083828 0.108750
0 0.495117 0.866319 0.079297 0.165139
0 0.502930 0.972014 0.065703 0.055972
0 0.458984 0.956597 0.018125 0.084583
0 0.358398 0.456597 0.020391 0.060417
0 0.315430 0.819444 0.006797 0.056389
0 0.345703 0.842014 0.036250 0.157083
0 0.409180 0.854167 0.038516 0.128889
0 0.379883 0.821181 0.011328 0.084583
0 0.589844 0.201389 0.009062 0.024167
0 0.274414 0.322917 0.015859 0.040278
0 0.281250 0.932778 0.040781 0.134444
