0 0.016875 0.347222 0.033750 0.048333
0 0.229492 0.392361 0.043047 0.056389
0 0.062500 0.519097 0.072500 0.084583
0 0.111328 0.307292 0.031719 0.036250
0 0.292969 0.468750 0.013594 0.008056
0 0.264648 0.491319 0.038516 0.060417
0 0.140625 0.428819 0.036250 0.052361
0 0.049805 0.321181 0.029453 0.052361
0 0.908203 0.418403 0.036250 0.068472
0 0.439453 0.467014 0.049844 0.068472
0 0.601562 0.435764 0.049844 0.068472
0 0.044297 0.586806 0.088594 0.088611
0 0.186523 0.380208 0.056641 0.052361
0 0.112305 0.473958 0.056641 0.060417
0 0.152344 0.501736 0.063437 0.068472
0 0.695312 0.689236 0.036250 0.140972
0 0.312500 0.387153 0.072500 0.044306
0 0.880859 0.281250 0.027187 0.040278
0 0.102539 0.381944 0.020391 0.080556
0 0.208984 0.519097 0.077031 0.084583
0 0.664062 0.442708 0.063438 0.060417
0 0.771484 0.250000 0.022656 0.032222
0 0.134766 0.380208 0.036250 0.052361
0 0.018984 0.756944 0.037969 0.088611
0 0.867188 0.265625 0.027187 0.036250
0 0.499023 0.425347 0.056641 0.060417
0 0.941406 0.279514 0.036250 0.036250
0 0.799805 0.437500 0.043047 0.064444
0 0.101562 0.333333 0.036250 0.056389
0 0.221621 0.227639 0.443242 0.455278
0 0.380859 0.430556 0.027188 0.056389
0 0.161133 0.286458 0.024922 0.052361
0 0.312500 0.543403 0.040781 0.044306
0 0.274414 0.545139 0.029453 0.072500
0 0.396484 0.468750 0.049844 0.072500
0 0.718750 0.437500 0.058906 0.064444
0 0.842773 0.253472 0.024922 0.024167
0 0.198242 0.604167 0.083828 0.104722
