0 0.116211 0.951389 0.043047 0.096667
0 0.856445 0.260417 0.052109 0.040278
0 0.165039 0.618056 0.024922 0.096667
0 0.355469 0.756944 0.027188 0.128889
0 0.069336 0.335069 0.029453 0.044306
0 0.236328 0.243056 0.018125 0.048333
0 0.752930 0.732639 0.079297 0.145000
0 0.859375 0.949514 0.063438 0.100972
0 0.803711 0.944444 0.052109 0.088611
0 0.290039 0.539931 0.020391 0.036250
0 0.136719 0.531250 0.040781 0.072500
0 0.334961 0.548611 0.020391 0.088611
0 0.493164 0.541667 0.043047 0.088611
0 0.115234 0.286458 0.022656 0.044306
0 0.293945 0.375000 0.015859 0.032222
0 0.399570 0.500000 0.799141 1.000000
0 0.761719 0.962639 0.040781 0.074722
0 0.702148 0.940139 0.065703 0.119722
0 0.141602 0.295139 0.015859 0.040278
0 0.372070 0.557292 0.020391 0.052361
0 0.009492 0.329861 0.018984 0.056389
0 0.865234 0.782986 0.095156 0.092639
0 0.289062 0.637153 0.018125 0.100694
0 0.237305 0.598958 0.029453 0.092639
0 0.459961 0.692708 0.065703 0.060417
0 0.587891 0.836806 0.086094 0.145000
0 0.284180 0.336806 0.020391 0.048333
0 0.376953 0.432292 0.018125 0.052361
0 0.343750 0.262153 0.013594 0.036250
0 0.183594 0.383681 0.049844 0.052361
0 0.700195 0.631944 0.056641 0.128889
0 0.262695 0.381944 0.015859 0.056389
0 0.197266 0.541667 0.022656 0.080556
0 0.064453 0.873264 0.036250 0.149028
0 0.487305 0.670139 0.029453 0.112778
0 0.287109 0.300347 0.013594 0.036250
0 0.305664 0.255208 0.011328 0.028194
0 0.399414 0.684028 0.029453 0.112778
0 0.049805 0.289931 0.029453 0.036250
0 0.420898 0.574653 0.020391 0.100694
0 0.120117 0.734375 0.024922 0.108750
0 0.618164 0.538194 0.029453 0.064444
0 0.298828 0.460069 0.013594 0.052361
0 0.321289 0.253472 0.006797 0.024167
