0 0.114258 0.951389 0.052109 0.097222
0 0.351562 0.659722 0.036250 0.056389
0 0.164062 0.605903 0.022656 0.076528
0 0.118164 0.774306 0.043047 0.120833
0 0.274414 0.876736 0.043047 0.149028
0 0.115234 0.390625 0.022656 0.068472
0 0.916992 0.272569 0.029453 0.044306
0 0.811523 0.414931 0.043047 0.060417
0 0.254883 0.630208 0.029453 0.060417
0 0.027344 0.600694 0.036250 0.056389
0 0.210938 0.534722 0.027187 0.096667
0 0.020508 0.723958 0.033984 0.092639
0 0.318359 0.508681 0.013594 0.084583
0 0.452148 0.512153 0.033984 0.076528
0 0.321289 0.241319 0.006797 0.028194
0 0.271484 0.506944 0.022656 0.080556
0 0.156250 0.347222 0.027187 0.056389
0 0.061523 0.293403 0.015859 0.044306
0 0.908203 0.696181 0.095156 0.124861
0 0.214844 0.887153 0.049844 0.100694
0 0.355469 0.730903 0.027188 0.149028
0 0.815430 0.614583 0.052109 0.120833
0 0.029531 0.887778 0.059063 0.224444
0 0.236328 0.444444 0.013594 0.088611
0 0.114258 0.288194 0.020391 0.056389
0 0.189453 0.645833 0.036250 0.080556
0 0.746094 0.973889 0.049844 0.052222
0 0.688477 0.968264 0.029453 0.063472
0 0.639648 0.575521 0.020391 0.038264
0 0.636133 0.604167 0.012234 0.016111
0 0.122070 0.567708 0.038516 0.060417
0 0.601562 0.585069 0.036250 0.084583
0 0.181641 0.380208 0.045312 0.052361
0 0.029531 0.934653 0.059063 0.130694
0 0.426758 0.494792 0.020391 0.036250
0 0.159180 0.708333 0.033984 0.096667
0 0.157598 0.471424 0.315195 0.942847
0 0.283203 0.789931 0.036250 0.157083
0 0.035156 0.317708 0.027188 0.044306
0 0.396484 0.932778 0.067969 0.134444
0 0.117188 0.857639 0.040781 0.072500
0 0.492188 0.496528 0.027187 0.072500
0 0.182617 0.957014 0.079297 0.085972
