0 0.351562 0.640625 0.022656 0.108750
0 0.328125 0.741319 0.036250 0.124861
0 0.289062 0.913194 0.049844 0.161111
0 0.351562 0.477431 0.018125 0.052361
0 0.324219 0.305556 0.013594 0.048333
0 0.406250 0.949514 0.040781 0.100972
0 0.743164 0.802083 0.056641 0.120833
0 0.237305 0.711806 0.029453 0.128889
0 0.267578 0.317708 0.013594 0.044306
0 0.166484 0.500000 0.332969 1.000000
0 0.277344 0.951389 0.063438 0.097222
0 0.040039 0.642361 0.038516 0.112778
0 0.204102 0.501736 0.029453 0.052361
0 0.271484 0.763889 0.036250 0.064444
0 0.729492 0.912153 0.115547 0.175694
0 0.314453 0.253472 0.018125 0.024167
0 0.227539 0.423611 0.020391 0.072500
0 0.386719 0.718750 0.040781 0.104722
0 0.092773 0.776042 0.038516 0.140972
0 0.292969 0.350694 0.013594 0.048333
0 0.183594 0.380208 0.049844 0.052361
0 0.205078 0.763889 0.027187 0.136944
0 0.495117 0.567708 0.033984 0.084583
0 0.280273 0.375000 0.015859 0.064444
0 0.324219 0.369792 0.018125 0.052361
0 0.118164 0.701389 0.029453 0.120833
0 0.371094 0.527778 0.022656 0.064444
0 0.160156 0.646752 0.027187 0.082688
0 0.338867 0.534722 0.020391 0.048333
0 0.101562 0.293403 0.022656 0.044306
0 0.505859 0.661458 0.027187 0.116806
0 0.182617 0.904514 0.061172 0.149028
0 0.464844 0.529514 0.022656 0.076528
0 0.195312 0.609375 0.036250 0.100694
0 0.243164 0.376736 0.015859 0.068472
