0 0.171875 0.984375 0.067969 0.028194
0 0.353516 0.635417 0.022656 0.088611
0 0.077148 0.317708 0.020391 0.052361
0 0.396484 0.378472 0.018125 0.048333
0 0.859375 0.263889 0.036250 0.024167
0 0.301758 0.381944 0.020391 0.056389
0 0.124023 0.411458 0.015859 0.060417
0 0.167969 0.239583 0.031719 0.024167
0 0.474609 0.451423 0.013594 0.032302
0 0.471122 0.484375 0.010033 0.020139
0 0.137695 0.263889 0.029453 0.040278
0 0.025391 0.312500 0.027188 0.040278
0 0.986328 0.425347 0.027187 0.084583
0 0.463867 0.644097 0.033984 0.108750
0 0.023438 0.873264 0.045313 0.108750
0 0.281250 0.633681 0.027188 0.092639
0 0.204102 0.538194 0.029453 0.080556
0 0.115234 0.309028 0.022656 0.032222
0 0.905273 0.420139 0.056641 0.064444
0 0.166016 0.303819 0.022656 0.044306
0 0.052734 0.347222 0.036250 0.048333
0 0.917969 0.277778 0.027187 0.040278
0 0.419922 0.633681 0.022656 0.060417
0 0.349609 0.338542 0.013594 0.052361
0 0.386719 0.675347 0.027188 0.036250
0 0.093750 0.262153 0.027188 0.036250
0 0.599609 0.293403 0.013594 0.028194
0 0.105469 0.772569 0.045312 0.124861
0 0.807617 0.255208 0.024922 0.044306
0 0.183594 0.380208 0.049844 0.052361
0 0.192383 0.835069 0.043047 0.124861
0 0.796875 0.387153 0.049844 0.076528
