0 0.852539 0.265625 0.020391 0.036250
0 0.603516 0.309028 0.013594 0.040278
0 0.988281 0.281250 0.022656 0.040278
0 0.779297 0.397569 0.058906 0.060417
0 0.185547 0.378472 0.045312 0.048333
0 0.961914 0.333333 0.056641 0.064444
0 0.006328 0.442708 0.012656 0.060417
0 0.174805 0.524306 0.070234 0.048333
0 0.142578 0.451389 0.054375 0.072500
0 0.095703 0.402778 0.022656 0.064444
0 0.875977 0.302083 0.029453 0.048333
0 0.066406 0.401042 0.036250 0.076528
0 0.036133 0.413194 0.029453 0.056389
0 0.936523 0.277778 0.029453 0.032222
0 0.474609 0.512153 0.058906 0.076528
0 0.125977 0.388889 0.029453 0.064444
