0 0.404297 0.770833 0.027188 0.128889
0 0.415039 0.696181 0.006797 0.012083
0 0.254883 0.447917 0.015859 0.072500
0 0.465820 0.421875 0.020391 0.068472
0 0.111328 0.310764 0.027188 0.036250
0 0.386719 0.380208 0.013594 0.060417
0 0.393555 0.272569 0.011328 0.044306
0 0.138672 0.262153 0.022656 0.044306
0 0.508789 0.862847 0.033984 0.092639
0 0.658203 0.598958 0.036250 0.044306
0 0.288086 0.446181 0.020391 0.060417
0 0.054688 0.616319 0.027188 0.100694
0 0.372070 0.427083 0.020391 0.056389
0 0.452148 0.381944 0.020391 0.056389
0 0.364258 0.220486 0.006797 0.020139
0 0.131836 0.281250 0.020391 0.032222
0 0.541016 0.831597 0.049844 0.157083
0 0.012656 0.335069 0.025313 0.052361
0 0.319336 0.810667 0.043047 0.132693
0 0.463867 0.715278 0.033984 0.104722
0 0.261719 0.562500 0.027188 0.072500
0 0.402344 0.934653 0.090625 0.130694
0 0.284180 0.366319 0.020391 0.052361
0 0.267578 0.390625 0.013594 0.068472
0 0.258789 0.723958 0.033984 0.124861
0 0.166016 0.352431 0.022656 0.060417
0 0.236328 0.395833 0.027187 0.056389
0 0.527344 0.605903 0.022656 0.068472
0 0.183594 0.381944 0.049844 0.048333
0 0.115234 0.578125 0.022656 0.100694
0 0.009492 0.897569 0.018984 0.165139
0 0.489258 0.489583 0.020391 0.056389
0 0.574219 0.770833 0.027187 0.136944
0 0.518555 0.685764 0.029453 0.108750
0 0.077148 0.286458 0.033984 0.028194
0 0.501953 0.968264 0.067969 0.063472
0 0.567383 0.602431 0.029453 0.092639
0 0.283203 0.923264 0.036250 0.153472
0 0.298828 0.317708 0.013594 0.044306
