0 0.459961 0.677083 0.056641 0.120833
0 0.414062 0.803819 0.063438 0.124861
0 0.081055 0.402778 0.015859 0.064444
0 0.846680 0.267361 0.020391 0.032222
0 0.546875 0.758681 0.036250 0.132917
0 0.255859 0.350694 0.013594 0.056389
0 0.533203 0.496528 0.022656 0.072500
0 0.187500 0.671875 0.027187 0.108750
0 0.146484 0.279514 0.022656 0.036250
0 0.089844 0.710069 0.036250 0.124861
0 0.242188 0.383681 0.027188 0.052361
0 0.399414 0.595486 0.029453 0.108750
0 0.054688 0.314236 0.027188 0.036250
0 0.770508 0.876736 0.052109 0.068472
0 0.828125 0.899028 0.063438 0.201944
0 0.277344 0.770833 0.036250 0.128889
0 0.489258 0.770833 0.006797 0.048333
0 0.510742 0.805556 0.043047 0.145000
0 0.264648 0.444444 0.020391 0.056389
0 0.464844 0.546875 0.022656 0.100694
0 0.177734 0.571181 0.022656 0.052361
0 0.291016 0.579861 0.022656 0.088611
0 0.099609 0.342014 0.013594 0.044306
0 0.330078 0.644097 0.040781 0.108750
0 0.183594 0.513889 0.022656 0.072500
0 0.280273 0.661458 0.029453 0.092639
0 0.686523 0.962639 0.024922 0.074722
0 0.746094 0.956597 0.095156 0.084583
0 0.302734 0.491319 0.022656 0.060417
0 0.125977 0.467014 0.020391 0.068472
0 0.217773 0.527778 0.024922 0.080556
0 0.574219 0.680556 0.027187 0.120833
0 0.395508 0.373264 0.020391 0.036250
0 0.311523 0.435764 0.015859 0.036250
0 0.536133 0.597222 0.029453 0.096667
0 0.271484 0.373264 0.018125 0.036250
0 0.817383 0.399306 0.043047 0.072500
0 0.671875 0.871528 0.081562 0.136944
0 0.436523 0.567708 0.029453 0.084583
0 0.231445 0.289931 0.015859 0.036250
0 0.592773 0.932778 0.056641 0.134444
0 0.546875 0.894097 0.036250 0.132917
0 0.634766 0.723958 0.049844 0.092639
0 0.524414 0.411458 0.015859 0.060417
0 0.601562 0.630208 0.022656 0.124861
0 0.271484 0.512153 0.022656 0.068472
0 0.246094 0.840278 0.049844 0.145000
