0 0.913086 0.279514 0.029453 0.036250
0 0.402344 0.685764 0.049844 0.108750
0 0.092773 0.256944 0.029453 0.048333
0 0.764648 0.741319 0.079297 0.124861
0 0.727539 0.680556 0.020391 0.048333
0 0.449219 0.317708 0.013594 0.052361
0 0.006328 0.291667 0.012656 0.040278
0 0.254883 0.236111 0.011328 0.032222
0 0.432617 0.421875 0.020391 0.068472
0 0.871094 0.921528 0.122344 0.156944
0 0.246094 0.362847 0.022656 0.060417
0 0.303711 0.244792 0.006797 0.036250
0 0.296875 0.454861 0.022656 0.072500
0 0.466797 0.581597 0.040781 0.108750
0 0.399414 0.437500 0.024922 0.040278
0 0.134766 0.256944 0.022656 0.048333
0 0.960000 0.750000 0.080000 0.153056
0 0.339844 0.703125 0.049844 0.140972
0 0.843750 0.267361 0.045313 0.040278
0 0.583008 0.675347 0.065703 0.124861
0 0.318359 0.824653 0.058906 0.140972
0 0.306641 0.262153 0.013594 0.036250
0 0.372070 0.388889 0.020391 0.072500
0 0.399414 0.513889 0.029453 0.072500
0 0.989258 0.250000 0.020391 0.040278
0 0.460938 0.305556 0.013594 0.056389
0 0.339844 0.552083 0.031719 0.088611
0 0.787109 0.381944 0.031719 0.056389
0 0.629883 0.605903 0.056641 0.100694
0 0.264648 0.418403 0.020391 0.076528
0 0.167969 0.239583 0.031719 0.024167
0 0.978984 0.945764 0.042031 0.108472
0 0.822266 0.395833 0.036250 0.056389
0 0.877930 0.246528 0.020391 0.032222
0 0.336914 0.260417 0.011328 0.032222
0 0.775391 0.942014 0.049844 0.115972
0 0.720703 0.915903 0.049844 0.168194
0 0.442383 0.803819 0.074766 0.197361
0 0.549805 0.592014 0.043047 0.076528
0 0.564453 0.796875 0.104219 0.140972
0 0.723633 0.753472 0.029453 0.096667
0 0.686523 0.741319 0.043047 0.092639
0 0.690430 0.524306 0.033984 0.088611
0 0.181387 0.234063 0.362773 0.468125
