0 0.931641 0.296875 0.027187 0.028194
0 0.366211 0.460069 0.052109 0.052361
0 0.708984 0.236111 0.022656 0.032222
0 0.976562 0.434028 0.022656 0.040278
0 0.922852 0.425347 0.029453 0.052361
0 0.584961 0.305556 0.020391 0.048333
0 0.041016 0.397569 0.036250 0.084583
0 0.167969 0.446181 0.027187 0.052361
0 0.138672 0.446181 0.022656 0.060417
0 0.428711 0.430556 0.052109 0.056389
0 0.032695 0.767361 0.065391 0.104722
0 0.865234 0.342014 0.022656 0.036250
0 0.461914 0.569444 0.056641 0.088611
0 0.317383 0.432292 0.061172 0.068472
0 0.247070 0.491319 0.020391 0.052361
0 0.224609 0.475694 0.013594 0.016111
0 0.121094 0.381944 0.022656 0.056389
0 0.812500 0.336806 0.031719 0.024167
0 0.076172 0.388889 0.036250 0.072500
0 0.464844 0.307292 0.022656 0.036250
0 0.139648 0.506944 0.079297 0.088611
0 0.565430 0.359375 0.033984 0.036250
0 0.183594 0.381944 0.049844 0.056389
0 0.147461 0.375000 0.020391 0.064444
0 0.036914 0.500000 0.073828 0.072500
0 0.007383 0.986111 0.014766 0.016111
0 0.052734 0.916667 0.067969 0.128889
0 0.886719 0.279514 0.027187 0.036250
0 0.529297 0.404514 0.045313 0.060417
0 0.968750 0.291667 0.045313 0.032222
0 0.574219 0.427083 0.045313 0.056389
0 0.598633 0.470486 0.043047 0.068472
0 0.287109 0.684028 0.058906 0.112778
0 0.328125 0.661458 0.022656 0.084583
0 0.468750 0.395833 0.045312 0.048333
0 0.706055 0.380208 0.043047 0.052361
