0 0.470703 0.460069 0.049844 0.060417
0 0.801758 0.251736 0.020391 0.036250
0 0.065430 0.416667 0.033984 0.072500
0 0.723633 0.430556 0.043047 0.056389
0 0.038086 0.437500 0.029453 0.064444
0 0.986328 0.428819 0.027187 0.052361
0 0.581055 0.373264 0.043047 0.044306
0 0.381836 0.460069 0.043047 0.052361
0 0.509766 0.387153 0.036250 0.044306
0 0.790039 0.361111 0.038516 0.056389
0 0.146484 0.388889 0.022656 0.064444
0 0.689453 0.368056 0.049844 0.056389
0 0.009492 0.845486 0.018984 0.181250
0 0.635742 0.407986 0.043047 0.052361
0 0.980039 0.328125 0.039922 0.068472
0 0.599609 0.427083 0.054375 0.056389
0 0.662109 0.468750 0.054375 0.072500
0 0.537109 0.397569 0.045313 0.052361
0 0.536133 0.430556 0.043047 0.056389
0 0.643555 0.355903 0.043047 0.036250
0 0.861328 0.265625 0.027187 0.028194
0 0.183594 0.380208 0.049844 0.052361
0 0.758789 0.388889 0.047578 0.048333
