0 0.091797 0.539931 0.027188 0.092639
0 0.593750 0.350694 0.013594 0.056389
0 0.051758 0.420139 0.020391 0.072500
0 0.663086 0.517361 0.038516 0.072500
0 0.501953 0.394097 0.018125 0.060417
0 0.753906 0.699653 0.058906 0.116806
0 0.714844 0.677083 0.031719 0.080556
0 0.025391 0.505208 0.027188 0.092639
0 0.307617 0.406250 0.020391 0.064444
0 0.021484 0.649306 0.036250 0.120833
0 0.209961 0.720486 0.065703 0.124861
0 0.496094 0.484375 0.036250 0.068472
0 0.334961 0.376736 0.020391 0.068472
0 0.074219 0.465278 0.027188 0.064444
0 0.392578 0.394097 0.013594 0.060417
0 0.088867 0.437500 0.020391 0.072500
0 0.152344 0.456597 0.022656 0.084583
0 0.130859 0.472222 0.027187 0.064444
0 0.642578 0.366319 0.013594 0.052361
0 0.574219 0.380208 0.013594 0.060417
0 0.284180 0.373264 0.020391 0.068472
0 0.196289 0.631944 0.052109 0.088611
0 0.018555 0.536458 0.029453 0.092639
0 0.025313 0.772569 0.050625 0.124861
0 0.559570 0.413194 0.020391 0.056389
0 0.443359 0.366319 0.013594 0.052361
0 0.476562 0.387153 0.018125 0.044306
0 0.007383 0.375000 0.014766 0.064444
0 0.542969 0.302083 0.013594 0.048333
0 0.603516 0.414931 0.022656 0.060417
0 0.199219 0.456597 0.013594 0.084583
0 0.224609 0.920139 0.045312 0.153056
0 0.180664 0.890625 0.029453 0.116806
