0 0.093750 0.279514 0.040781 0.060417
0 0.352539 0.276042 0.006797 0.036250
0 0.811523 0.406250 0.043047 0.072500
0 0.034180 0.322917 0.033984 0.040278
0 0.250977 0.600694 0.029453 0.088611
0 0.190430 0.380208 0.079297 0.052361
0 0.133789 0.255208 0.020391 0.044306
0 0.918945 0.416667 0.029453 0.072500
0 0.877930 0.246528 0.020391 0.032222
0 0.386719 0.592014 0.027188 0.108750
0 0.318359 0.269097 0.013594 0.036250
0 0.286133 0.387153 0.015859 0.076528
0 0.296875 0.451389 0.022656 0.072500
0 0.986328 0.435764 0.027187 0.068472
0 0.383789 0.220486 0.006797 0.036250
0 0.195312 0.685764 0.036250 0.108750
0 0.240234 0.800347 0.049844 0.157083
