0 0.424805 0.545139 0.029453 0.104722
0 0.474609 0.546875 0.031719 0.108750
0 0.265485 0.305556 0.008739 0.016111
0 0.267578 0.332465 0.013594 0.026181
0 0.258789 0.560764 0.024922 0.084583
0 0.527344 0.470486 0.018125 0.052361
0 0.051758 0.303819 0.011328 0.052361
0 0.386719 0.309028 0.013594 0.040278
0 0.417969 0.308549 0.013594 0.031111
0 0.417173 0.339249 0.011748 0.010442
0 0.327148 0.421875 0.020391 0.108750
0 0.143555 0.387153 0.029453 0.068472
0 0.355469 0.467014 0.027188 0.068472
0 0.271484 0.397569 0.049844 0.052361
0 0.861328 0.897153 0.117813 0.205694
0 0.026367 0.881944 0.052734 0.161111
0 0.911133 0.423611 0.056641 0.056389
0 0.554688 0.817708 0.040781 0.157083
0 0.341797 0.319444 0.013594 0.056389
0 0.290039 0.307292 0.006797 0.052361
0 0.903320 0.270833 0.033984 0.024167
0 0.674805 0.979167 0.029453 0.040278
0 0.617188 0.942708 0.018125 0.060417
0 0.695312 0.411458 0.049844 0.052361
0 0.321289 0.324653 0.011328 0.044306
0 0.299805 0.406250 0.043047 0.072500
0 0.372070 0.281250 0.011328 0.040278
0 0.243164 0.336806 0.015859 0.048333
0 0.183594 0.378472 0.049844 0.056389
0 0.976875 0.955139 0.046250 0.089722
0 0.118164 0.979167 0.043047 0.040278
0 0.713867 0.713542 0.020391 0.020139
0 0.714844 0.743056 0.022656 0.048333
0 0.363281 0.383681 0.036250 0.060417
0 0.306641 0.260417 0.013594 0.032222
0 0.483398 0.677083 0.033984 0.120833
0 0.527344 0.850694 0.077031 0.128889
0 0.624023 0.522569 0.029453 0.060417
0 0.217773 0.916667 0.015859 0.040278
0 0.245117 0.932639 0.052109 0.134722
0 0.326172 0.265625 0.009062 0.036250
0 0.673828 0.725694 0.013594 0.016111
0 0.712891 0.734375 0.027187 0.068472
