0 0.443359 0.342014 0.013594 0.044306
0 0.017578 0.390625 0.027188 0.068472
0 0.178711 0.434028 0.029453 0.064444
0 0.049805 0.435764 0.029453 0.068472
0 0.289062 0.434028 0.018125 0.064444
0 0.125977 0.407986 0.020391 0.052361
0 0.418945 0.357639 0.015859 0.040278
0 0.048828 0.383681 0.027188 0.052361
0 0.333984 0.538194 0.036250 0.088611
0 0.115234 0.489583 0.036250 0.056389
0 0.393555 0.340278 0.011328 0.040278
0 0.309570 0.399306 0.020391 0.072500
0 0.142578 0.420139 0.027187 0.072500
0 0.276367 0.350694 0.024922 0.056389
0 0.029531 0.532986 0.059063 0.108750
0 0.071289 0.307292 0.020391 0.068472
0 0.433594 0.399306 0.018125 0.056389
0 0.474609 0.355903 0.013594 0.044306
