0 0.183594 0.380208 0.049844 0.052361
0 0.462891 0.310764 0.013594 0.036250
0 0.067383 0.347222 0.029453 0.064444
0 0.429688 0.310764 0.013594 0.036250
0 0.373047 0.298611 0.013594 0.040278
0 0.392578 0.255208 0.013594 0.044306
0 0.004395 0.203125 0.003398 0.374583
0 0.411133 0.314236 0.011328 0.036250
0 0.277344 0.243056 0.018125 0.024167
0 0.478516 0.303819 0.013594 0.052361
0 0.051758 0.567708 0.020391 0.092639
0 0.097656 0.289931 0.027188 0.036250
0 0.608398 0.769097 0.033984 0.052361
0 0.578125 0.736111 0.009062 0.032222
0 0.248047 0.265625 0.013594 0.036250
0 0.347656 0.315972 0.013594 0.048333
0 0.028320 0.310764 0.020391 0.036250
0 0.179688 0.822917 0.040781 0.128889
0 0.402344 0.465278 0.036250 0.072500
0 0.490234 0.642361 0.036250 0.104722
0 0.308594 0.232639 0.009062 0.032222
0 0.158203 0.718750 0.036250 0.080556
0 0.208008 0.552083 0.020391 0.088611
0 0.146484 0.564236 0.036250 0.092639
0 0.327148 0.312500 0.006797 0.016111
0 0.326172 0.328125 0.009062 0.020139
0 0.440430 0.234375 0.006797 0.036250
0 0.128906 0.376736 0.022656 0.052361
0 0.267578 0.322917 0.013594 0.048333
0 0.304688 0.317708 0.013594 0.044306
0 0.058594 0.303819 0.022656 0.052361
0 0.149414 0.378472 0.024922 0.056389
0 0.077148 0.607639 0.033984 0.104722
0 0.061523 0.826389 0.043047 0.145000
0 0.363281 0.550347 0.036250 0.060417
0 0.443359 0.310764 0.013594 0.036250
0 0.486328 0.760259 0.013594 0.056023
0 0.511719 0.758681 0.027187 0.060417
0 0.112305 0.708333 0.029453 0.120833
0 0.159180 0.958333 0.052109 0.080556
0 0.535156 0.718750 0.036250 0.072500
