0 0.689453 0.420139 0.018125 0.032222
0 0.833008 0.421875 0.020391 0.036250
0 0.545898 0.562500 0.020391 0.032222
0 0.744141 0.442708 0.013594 0.044306
0 0.833008 0.600694 0.020391 0.056389
0 0.985313 0.555556 0.029375 0.048333
0 0.929688 0.498264 0.018125 0.036250
0 0.236328 0.704861 0.072500 0.104722
0 0.876953 0.494792 0.018125 0.036250
0 0.027344 0.470486 0.049844 0.092639
0 0.873047 0.425347 0.027187 0.036250
0 0.916992 0.421875 0.015859 0.036250
0 0.744141 0.536458 0.022656 0.044306
0 0.974609 0.473958 0.027187 0.044306
0 0.714844 0.618056 0.022656 0.048333
0 0.852539 0.553819 0.020391 0.044306
0 0.759766 0.453125 0.022656 0.036250
0 0.679688 0.980903 0.040781 0.036250
