0 0.009492 0.418403 0.018984 0.076528
0 0.971680 0.293403 0.033984 0.036250
0 0.758789 0.425347 0.079297 0.092639
0 0.542969 0.411458 0.054375 0.052361
0 0.277344 0.470486 0.063438 0.076528
0 0.027344 0.475694 0.049844 0.080556
0 0.359375 0.444444 0.049844 0.056389
0 0.605469 0.380208 0.045313 0.052361
0 0.026367 0.585069 0.052734 0.092639
0 0.139648 0.385417 0.020391 0.056389
0 0.595703 0.487847 0.049844 0.084583
0 0.153320 0.493056 0.065703 0.072500
0 0.822266 0.371528 0.049844 0.080556
0 0.905273 0.413194 0.056641 0.056389
0 0.183594 0.381944 0.049844 0.048333
0 0.105469 0.413194 0.027188 0.056389
0 0.799805 0.430556 0.043047 0.088611
0 0.270508 0.559028 0.065703 0.080556
0 0.510742 0.500000 0.056641 0.072500
0 0.705078 0.388889 0.040781 0.064444
0 0.683594 0.385417 0.090625 0.072500
0 0.124023 0.675347 0.097422 0.124861
