0 0.055664 0.437500 0.015859 0.072500
0 0.077148 0.803819 0.052109 0.132917
0 0.062500 0.689236 0.031719 0.068472
0 0.295898 0.925139 0.065703 0.149722
0 0.040039 0.421875 0.020391 0.068472
0 0.339844 0.479167 0.022656 0.056389
0 0.736328 0.982639 0.040781 0.032222
0 0.831055 0.964514 0.070234 0.070972
0 0.015820 0.503472 0.031641 0.072500
0 0.215820 0.442708 0.020391 0.052361
0 0.183594 0.440972 0.018125 0.048333
0 0.361328 0.552083 0.027188 0.128889
0 0.659180 0.854167 0.038516 0.056389
0 0.702148 0.878472 0.065703 0.169167
0 0.124023 0.289931 0.033984 0.052361
0 0.251953 0.444444 0.022656 0.056389
0 0.024414 0.732639 0.043047 0.120833
0 0.031250 0.340278 0.040781 0.040278
0 0.952617 0.789931 0.094766 0.197361
0 0.740234 0.246528 0.036250 0.032222
0 0.458984 0.756944 0.049844 0.128889
0 0.221680 0.763889 0.033984 0.120833
0 0.067383 0.315972 0.029453 0.048333
0 0.286133 0.402778 0.024922 0.072500
0 0.117188 0.730903 0.040781 0.108750
0 0.071563 0.355174 0.143125 0.710347
0 0.179688 0.380208 0.058906 0.052361
0 0.100586 0.390625 0.029453 0.060417
0 0.042969 0.300347 0.027188 0.052361
0 0.830078 0.964514 0.072500 0.070972
0 0.552734 0.786458 0.063438 0.116806
0 0.333008 0.826389 0.038516 0.120833
0 0.592773 0.850694 0.101953 0.161111
0 0.616211 0.750000 0.052109 0.112778
0 0.467773 0.848958 0.029453 0.092639
0 0.500000 0.869792 0.045313 0.149028
0 0.130859 0.912014 0.058906 0.175972
