0 0.338867 0.328125 0.015859 0.036250
0 0.342773 0.234375 0.011328 0.036250
0 0.314453 0.390625 0.018125 0.068472
0 0.272461 0.444444 0.020391 0.064444
0 0.185547 0.381944 0.045312 0.048333
0 0.068359 0.378472 0.013594 0.056389
0 0.269531 0.269097 0.013594 0.036250
0 0.809570 0.406250 0.052109 0.072500
0 0.054688 0.352431 0.013594 0.060417
0 0.877930 0.416667 0.038516 0.056389
0 0.344727 0.866319 0.006797 0.020139
0 0.371094 0.913194 0.054375 0.161111
0 0.343750 0.805556 0.013594 0.048333
0 0.143555 0.644097 0.029453 0.108750
0 0.318359 0.328125 0.013594 0.036250
0 0.298828 0.538194 0.018125 0.080556
0 0.223633 0.514437 0.024922 0.073772
0 0.168945 0.453125 0.015859 0.060417
0 0.131836 0.555556 0.029453 0.072500
0 0.371094 0.486111 0.022656 0.072500
0 0.033203 0.286458 0.022656 0.028194
0 0.505859 0.895833 0.058906 0.161111
0 0.369141 0.281250 0.013594 0.032222
0 0.384766 0.210069 0.009062 0.020139
0 0.171875 0.777778 0.036250 0.136944
0 0.291992 0.366319 0.011328 0.052361
0 0.271484 0.880208 0.036250 0.165139
