0 0.330078 0.475694 0.027188 0.056389
0 0.273438 0.619676 0.027188 0.068204
0 0.562500 0.274306 0.013594 0.048333
0 0.408203 0.598958 0.036250 0.100694
0 0.808594 0.387153 0.022656 0.068472
0 0.109375 0.302083 0.018125 0.048333
0 0.878906 0.246528 0.022656 0.032222
0 0.338867 0.414931 0.020391 0.060417
0 0.857422 0.915764 0.122344 0.168472
0 0.293945 0.210069 0.006797 0.020139
0 0.768555 0.348958 0.043047 0.044306
0 0.555664 0.427083 0.015859 0.048333
0 0.049805 0.340278 0.029453 0.040278
0 0.286133 0.494792 0.029453 0.076528
0 0.374023 0.508681 0.029453 0.084583
0 0.268555 0.428819 0.011328 0.060417
0 0.469727 0.520833 0.020391 0.088611
0 0.740234 0.697917 0.067969 0.177222
0 0.521484 0.479167 0.022656 0.056389
0 0.458984 0.277778 0.009062 0.032222
0 0.583008 0.571181 0.033984 0.092639
0 0.136719 0.255208 0.027187 0.044306
0 0.097656 0.291667 0.027188 0.056389
0 0.905273 0.880208 0.088359 0.205417
0 0.323242 0.569444 0.029453 0.088611
0 0.815430 0.258681 0.020391 0.020139
0 0.795898 0.626736 0.065703 0.076528
0 0.510742 0.741319 0.070234 0.132917
0 0.555664 0.684028 0.056641 0.153056
0 0.318359 0.303819 0.013594 0.052361
0 0.414062 0.520833 0.022656 0.080556
0 0.677734 0.909722 0.022656 0.048333
0 0.726562 0.934514 0.081562 0.130972
0 0.683594 0.875000 0.009062 0.032222
0 0.403320 0.437500 0.020391 0.072500
0 0.623047 0.215278 0.013594 0.032222
0 0.287109 0.399306 0.013594 0.056389
0 0.379883 0.381944 0.015859 0.056389
0 0.411133 0.743056 0.070234 0.088611
0 0.447266 0.567708 0.022656 0.084583
0 0.240234 0.522569 0.036250 0.092639
0 0.258789 0.732639 0.047578 0.120833
0 0.796875 0.352431 0.036250 0.060417
0 0.845703 0.241319 0.022656 0.028194
0 0.539062 0.562500 0.036250 0.112778
0 0.481445 0.440972 0.015859 0.016111
0 0.481445 0.470486 0.015859 0.052361
0 0.505859 0.496528 0.027187 0.072500
0 0.354492 0.239583 0.011328 0.024167
0 0.989258 0.255208 0.020391 0.044306
0 0.664062 0.770833 0.063438 0.096667
0 0.632812 0.652778 0.054375 0.104722
0 0.446289 0.460069 0.020391 0.052361
0 0.311523 0.267361 0.011328 0.032222
0 0.413086 0.708333 0.065703 0.169167
0 0.499023 0.564236 0.043047 0.068472
0 0.617188 0.942014 0.072500 0.115972
0 0.592773 0.845486 0.043047 0.076528
0 0.686523 0.598958 0.056641 0.124861
