0 0.232422 0.348958 0.018125 0.052361
0 0.158203 0.289931 0.022656 0.020139
0 0.395508 0.553819 0.033984 0.052361
0 0.083984 0.310764 0.022656 0.036250
0 0.452148 0.383681 0.020391 0.060417
0 0.989258 0.255208 0.020391 0.044306
0 0.917969 0.427083 0.027187 0.048333
0 0.884766 0.428819 0.049844 0.052361
0 0.290039 0.381944 0.020391 0.056389
0 0.127930 0.378472 0.024922 0.048333
0 0.784180 0.248264 0.020391 0.036250
0 0.073242 0.642361 0.043047 0.112778
0 0.753906 0.708333 0.027187 0.056389
0 0.795898 0.727431 0.052109 0.124861
0 0.255859 0.310764 0.013594 0.036250
0 0.318359 0.381944 0.013594 0.056389
0 0.125977 0.296875 0.020391 0.036250
0 0.889648 0.708333 0.106484 0.161111
0 0.271484 0.484375 0.022656 0.068472
0 0.830078 0.248264 0.027187 0.036250
0 0.449219 0.477431 0.027188 0.060417
0 0.229492 0.312500 0.011328 0.040278
0 0.423828 0.336806 0.013594 0.056389
0 0.252930 0.430556 0.020391 0.056389
0 0.343750 0.333333 0.013594 0.056389
0 0.801758 0.385417 0.038516 0.056389
0 0.006328 0.350694 0.012656 0.048333
0 0.796875 0.373264 0.036250 0.060417
0 0.672852 0.526042 0.043047 0.076528
0 0.339844 0.482639 0.022656 0.072500
0 0.162109 0.390625 0.054375 0.044306
0 0.501953 0.458333 0.022656 0.080556
0 0.561523 0.527778 0.029453 0.080556
0 0.398438 0.467014 0.027188 0.036250
0 0.520508 0.957014 0.033984 0.085972
0 0.408203 0.427083 0.018125 0.080556
0 0.269531 0.255208 0.013594 0.044306
0 0.431641 0.637153 0.045312 0.108750
0 0.533203 0.583333 0.049844 0.096667
0 0.603516 0.512153 0.036250 0.076528
0 0.411133 0.302083 0.015859 0.056389
0 0.249023 0.635417 0.056641 0.112778
0 0.826172 0.409722 0.036250 0.048333
