0 0.848633 0.270833 0.029453 0.024167
0 0.111328 0.562500 0.058906 0.072500
0 0.036133 0.425347 0.061172 0.084583
0 0.141602 0.279514 0.015859 0.036250
0 0.240234 0.491319 0.049844 0.052361
0 0.175781 0.274306 0.022656 0.048333
0 0.757812 0.378472 0.049844 0.048333
0 0.797852 0.366319 0.029453 0.052361
0 0.046172 0.644097 0.092344 0.108750
0 0.181641 0.380208 0.045312 0.052361
0 0.200195 0.569444 0.065703 0.080556
0 0.196289 0.539931 0.065703 0.084583
0 0.255859 0.411458 0.040781 0.052361
0 0.291016 0.447917 0.049844 0.056389
0 0.308594 0.460069 0.022656 0.052361
0 0.080078 0.407986 0.027188 0.068472
0 0.160156 0.479167 0.072500 0.056389
0 0.533203 0.427083 0.049844 0.056389
0 0.033750 0.531250 0.067500 0.080556
0 0.473633 0.470486 0.056641 0.068472
0 0.964844 0.279514 0.036250 0.036250
0 0.382812 0.428819 0.049844 0.052361
0 0.323242 0.569444 0.056641 0.088611
0 0.411133 0.527778 0.043047 0.072500
0 0.126953 0.684028 0.036250 0.112778
0 0.895508 0.267361 0.033984 0.032222
0 0.156250 0.739583 0.104219 0.153056
0 0.126953 0.680556 0.036250 0.120833
0 0.180664 0.644097 0.043047 0.084583
