0 0.402344 0.524306 0.049844 0.096667
0 0.821289 0.262153 0.020391 0.036250
0 0.750195 0.312500 0.026734 0.032222
0 0.732647 0.317575 0.009585 0.020449
0 0.125977 0.309028 0.024922 0.040278
0 0.012656 0.562500 0.025313 0.064444
0 0.233398 0.510417 0.065703 0.088611
0 0.445312 0.467014 0.049844 0.068472
0 0.321289 0.373264 0.038516 0.068472
0 0.409180 0.390625 0.033984 0.068472
0 0.844727 0.272569 0.033984 0.044306
0 0.345703 0.491319 0.036250 0.092639
0 0.134766 0.376736 0.022656 0.068472
0 0.029531 0.477431 0.059063 0.084583
0 0.915039 0.272569 0.033984 0.044306
0 0.471680 0.404514 0.047578 0.068472
0 0.966797 0.277778 0.040781 0.040278
0 0.526367 0.467014 0.047578 0.076528
0 0.365234 0.381944 0.049844 0.064444
0 0.596680 0.423611 0.020391 0.032222
0 0.570312 0.435764 0.022656 0.068472
0 0.089844 0.526042 0.095156 0.076528
0 0.624023 0.378472 0.043047 0.056389
0 0.778320 0.248264 0.033984 0.036250
0 0.879883 0.265625 0.043047 0.036250
0 0.093750 0.581597 0.072500 0.092639
