0 0.251953 0.475694 0.022656 0.064444
0 0.342773 0.817708 0.043047 0.116806
0 0.533203 0.578125 0.036250 0.076528
0 0.377930 0.282986 0.006797 0.036250
0 0.007383 0.352431 0.014766 0.060417
0 0.668945 0.373264 0.015859 0.076528
0 0.640625 0.611111 0.049844 0.104722
0 0.452148 0.491319 0.020391 0.060417
0 0.904297 0.828125 0.104219 0.108750
0 0.301758 0.506944 0.020391 0.088611
0 0.284180 0.239583 0.006797 0.024167
0 0.368164 0.949514 0.056641 0.100972
0 0.153320 0.428819 0.020391 0.060417
0 0.284180 0.472222 0.020391 0.072500
0 0.139648 0.668403 0.033984 0.108750
0 0.295898 0.236111 0.006797 0.032222
0 0.830078 0.748264 0.099687 0.140972
0 0.354492 0.288194 0.011328 0.024167
0 0.598633 0.626736 0.024922 0.092639
0 0.234375 0.248264 0.009062 0.036250
0 0.057617 0.850694 0.038516 0.153056
0 0.261719 0.335069 0.013594 0.052361
0 0.095703 0.298611 0.022656 0.040278
0 0.986328 0.779514 0.027187 0.108750
0 0.304688 0.732639 0.027188 0.112778
0 0.580078 0.663194 0.054375 0.088611
0 0.162109 0.789931 0.040781 0.132917
0 0.173262 0.147569 0.346523 0.294028
0 0.358398 0.500000 0.020391 0.072500
0 0.341797 0.673611 0.031719 0.104722
0 0.255859 0.633681 0.040781 0.124861
0 0.349609 0.345486 0.013594 0.068472
0 0.406250 0.298611 0.013594 0.040278
0 0.752930 0.734375 0.038516 0.108750
0 0.286133 0.295139 0.011328 0.040278
0 0.345703 0.265625 0.009062 0.036250
0 0.368164 0.380208 0.015859 0.052361
0 0.177734 0.449653 0.022656 0.068472
0 0.105469 0.468750 0.027188 0.072500
0 0.271484 0.226128 0.004531 0.017118
0 0.270508 0.240017 0.006797 0.015104
0 0.487305 0.602431 0.029453 0.052361
0 0.328301 0.302674 0.656602 0.605347
0 0.570312 0.552083 0.036250 0.056389
0 0.234375 0.819444 0.036250 0.161111
0 0.374023 0.420139 0.015859 0.072500
0 0.420898 0.489583 0.020391 0.048333
0 0.255859 0.244792 0.013594 0.036250
0 0.408203 0.793403 0.036250 0.149028
0 0.030273 0.328125 0.029453 0.044306
0 0.427734 0.532986 0.022656 0.068472
0 0.445312 0.932292 0.063438 0.108750
0 0.399414 0.322917 0.015859 0.048333
0 0.656250 0.583333 0.027187 0.080556
0 0.282227 0.381944 0.020391 0.056389
0 0.268555 0.932778 0.043047 0.134444
0 0.706055 0.644097 0.029453 0.084583
