0 0.121094 0.600694 0.081562 0.088611
0 0.586914 0.286458 0.024922 0.052361
0 0.018555 0.432292 0.029453 0.068472
0 0.549805 0.378472 0.043047 0.048333
0 0.141602 0.383681 0.020391 0.052361
0 0.859375 0.420139 0.036250 0.040278
0 0.519531 0.447917 0.049844 0.056389
0 0.333984 0.468750 0.063438 0.072500
0 0.066895 0.291146 0.133789 0.582292
0 0.128906 0.576389 0.099687 0.145000
0 0.874023 0.302083 0.029453 0.032222
0 0.114258 0.406250 0.024922 0.064444
0 0.186523 0.381944 0.043047 0.048333
0 0.085938 0.407986 0.027188 0.068472
0 0.055664 0.420139 0.029453 0.064444
0 0.013711 0.720486 0.027422 0.092639
0 0.940430 0.295139 0.033984 0.040278
0 0.721680 0.413194 0.047578 0.056389
0 0.570312 0.409722 0.049844 0.048333
0 0.382812 0.439236 0.049844 0.052361
0 0.835938 0.279514 0.027187 0.036250
0 0.237305 0.657986 0.043047 0.068472
0 0.196289 0.673611 0.033984 0.128889
