0 0.088867 0.989583 0.020391 0.016111
0 0.104492 0.960069 0.011328 0.020139
0 0.057617 0.335069 0.033984 0.052361
0 0.768555 0.248264 0.011328 0.036250
0 0.012656 0.387153 0.025313 0.068472
0 0.095703 0.479167 0.022656 0.072500
0 0.333984 0.482639 0.022656 0.072500
0 0.686523 0.829861 0.088359 0.177222
0 0.296875 0.296875 0.009062 0.036250
0 0.093750 0.315972 0.027188 0.048333
0 0.252930 0.361111 0.020391 0.032222
0 0.439453 0.819444 0.036250 0.120833
0 0.040039 0.727431 0.033984 0.124861
0 0.227539 0.626736 0.020391 0.108750
0 0.151367 0.305556 0.020391 0.048333
0 0.221680 0.385417 0.020391 0.056389
0 0.608398 0.524306 0.033984 0.088611
0 0.268555 0.305556 0.011328 0.048333
0 0.024414 0.578125 0.029453 0.100694
0 0.795898 0.255208 0.020391 0.020139
0 0.436523 0.449653 0.024922 0.076528
0 0.310547 0.649306 0.031719 0.088611
0 0.074219 0.298611 0.018125 0.040278
0 0.386719 0.241319 0.013594 0.020139
0 0.162109 0.753472 0.031719 0.120833
0 0.183594 0.380208 0.049844 0.052361
0 0.210938 0.894097 0.040781 0.157083
0 0.281250 0.279514 0.013594 0.036250
