0 0.500977 0.305556 0.029453 0.048333
0 0.714844 0.435764 0.049844 0.060417
0 0.077148 0.399306 0.020391 0.088611
0 0.867188 0.381944 0.072500 0.056389
0 0.006328 0.427083 0.012656 0.088611
0 0.636719 0.427083 0.058906 0.088611
0 0.249023 0.350694 0.024922 0.056389
0 0.101562 0.407986 0.031719 0.068472
0 0.125977 0.279514 0.020391 0.036250
0 0.036133 0.425347 0.029453 0.084583
0 0.874023 0.263889 0.024922 0.032222
0 0.006328 0.291667 0.012656 0.032222
0 0.443359 0.317708 0.013594 0.044306
0 0.143555 0.269097 0.015859 0.036250
0 0.906250 0.281250 0.040781 0.032222
0 0.761719 0.392361 0.045313 0.040278
0 0.137695 0.567708 0.029453 0.092639
