0 0.880859 0.572917 0.013594 0.040278
0 0.810547 0.696181 0.027187 0.060417
0 0.666016 0.586806 0.013594 0.056389
0 0.867188 0.776042 0.027187 0.068472
0 0.826172 0.583333 0.022656 0.048333
0 0.895508 0.600694 0.020391 0.056389
0 0.571289 0.592014 0.020391 0.036250
0 0.784180 0.480903 0.020391 0.028194
0 0.919922 0.633681 0.022656 0.060417
0 0.464844 0.895833 0.036250 0.056389
0 0.496094 0.873264 0.018125 0.076528
0 0.785156 0.826389 0.027187 0.072500
0 0.706055 0.710069 0.029453 0.060417
0 0.604492 0.560764 0.015859 0.044306
0 0.593750 0.966389 0.045313 0.067222
0 0.621094 0.934028 0.009062 0.040278
0 0.705078 0.848958 0.027187 0.084583
0 0.689453 0.399306 0.009062 0.024167
0 0.717773 0.420139 0.011328 0.032222
0 0.287109 0.982639 0.027188 0.032222
0 0.758789 0.659722 0.020391 0.056389
0 0.463867 0.942014 0.047578 0.115972
0 0.844727 0.618056 0.020391 0.056389
