0 0.088867 0.315972 0.020391 0.048333
0 0.364258 0.317708 0.011328 0.044306
0 0.746094 0.439236 0.049844 0.068472
0 0.252930 0.399306 0.052109 0.056389
0 0.020508 0.336806 0.015859 0.048333
0 0.298828 0.328125 0.013594 0.036250
0 0.064453 0.413194 0.022656 0.064444
0 0.105469 0.335069 0.027188 0.052361
0 0.138672 0.265625 0.022656 0.036250
0 0.164062 0.279514 0.018125 0.036250
0 0.048828 0.317708 0.045313 0.052361
0 0.160156 0.394097 0.027187 0.052361
0 0.286133 0.239583 0.011328 0.024167
0 0.027344 0.407986 0.031719 0.068472
0 0.032695 0.501736 0.065391 0.076528
0 0.505859 0.385417 0.031719 0.056389
0 0.263672 0.255208 0.009062 0.028194
0 0.295898 0.437500 0.079297 0.072500
0 0.376953 0.439236 0.067969 0.076528
0 0.661133 0.430556 0.029453 0.072500
0 0.453125 0.460069 0.049844 0.052361
0 0.278320 0.328125 0.020391 0.036250
0 0.112305 0.522569 0.029453 0.084583
0 0.150391 0.508681 0.031719 0.052361
