0 0.902344 0.269097 0.036250 0.036250
0 0.295898 0.439236 0.020391 0.068472
0 0.322266 0.421875 0.022656 0.076528
0 0.502930 0.309028 0.024922 0.040278
0 0.036133 0.333333 0.029453 0.056389
0 0.740234 0.456597 0.049844 0.084583
0 0.952617 0.770833 0.094766 0.096667
0 0.005273 0.421875 0.010547 0.076528
0 0.112305 0.296875 0.029453 0.036250
0 0.183594 0.380208 0.049844 0.052361
0 0.443359 0.317708 0.013594 0.044306
0 0.082031 0.302083 0.036250 0.056389
0 0.018555 0.303819 0.029453 0.052361
0 0.905273 0.388889 0.056641 0.048333
0 0.146484 0.380208 0.022656 0.060417
0 0.101562 0.397569 0.022656 0.052361
0 0.130859 0.375000 0.013594 0.072500
0 0.021484 0.319444 0.022656 0.056389
0 0.640625 0.347222 0.036250 0.048333
0 0.046875 0.397569 0.027188 0.084583
0 0.036133 0.425347 0.029453 0.060417
0 0.022148 0.538194 0.044297 0.056389
0 0.424805 0.315972 0.015859 0.048333
0 0.078125 0.404514 0.022656 0.068472
0 0.142578 0.274306 0.027187 0.056389
0 0.809570 0.328125 0.038516 0.036250
0 0.051758 0.500000 0.061172 0.064444
