0 0.171875 0.564236 0.036250 0.068472
0 0.105469 0.685764 0.054375 0.116806
0 0.605469 0.505208 0.027187 0.084583
0 0.585938 0.560764 0.045313 0.076528
0 0.108398 0.482639 0.020391 0.072500
0 0.443359 0.508681 0.027188 0.084583
0 0.383789 0.470486 0.020391 0.068472
0 0.012656 0.475694 0.025313 0.056389
0 0.725586 0.722222 0.065703 0.120833
0 0.493164 0.498264 0.029453 0.100694
0 0.839844 0.908264 0.135938 0.183472
0 0.877930 0.678819 0.079297 0.124861
0 0.261719 0.592014 0.040781 0.100694
0 0.236328 0.945764 0.104219 0.108472
0 0.083008 0.550347 0.033984 0.084583
0 0.122070 0.598958 0.024922 0.092639
0 0.413086 0.593750 0.033984 0.104722
0 0.139648 0.437500 0.020391 0.072500
0 0.355469 0.475694 0.018125 0.056389
0 0.020039 0.748264 0.040078 0.140972
0 0.271484 0.506944 0.022656 0.080556
0 0.057617 0.444444 0.020391 0.080556
0 0.165039 0.802083 0.079297 0.120833
0 0.039062 0.414931 0.018125 0.060417
0 0.492188 0.631944 0.045313 0.128889
0 0.781250 0.671875 0.072500 0.116806
0 0.240234 0.633681 0.036250 0.108750
0 0.450195 0.727431 0.065703 0.124861
0 0.083008 0.824653 0.020391 0.044306
0 0.115234 0.835069 0.049844 0.124861
0 0.293945 0.430556 0.015859 0.072500
0 0.415039 0.458333 0.020391 0.056389
0 0.299805 0.565972 0.029453 0.096667
0 0.765625 0.569444 0.049844 0.088611
0 0.441406 0.421875 0.022656 0.036250
0 0.167969 0.435764 0.027187 0.068472
0 0.518555 0.421875 0.015859 0.068472
0 0.681641 0.609375 0.045313 0.100694
0 0.233398 0.446181 0.024922 0.052361
0 0.335938 0.427083 0.027188 0.088611
0 0.052734 0.585069 0.036250 0.092639
0 0.029531 0.923403 0.059063 0.153194
0 0.018555 0.296875 0.015859 0.044306
0 0.945234 0.829861 0.109531 0.185278
0 0.555664 0.479167 0.029453 0.072500
0 0.548828 0.651042 0.058906 0.124861
0 0.658203 0.774306 0.077031 0.128889
0 0.171875 0.305556 0.022656 0.048333
0 0.321398 0.815972 0.020642 0.096667
0 0.352539 0.859375 0.065703 0.149028
0 0.452148 0.383681 0.011328 0.060417
0 0.615234 0.623264 0.049844 0.100694
0 0.480469 0.409722 0.013594 0.056389
0 0.701172 0.546875 0.022656 0.076528
0 0.589844 0.446181 0.022656 0.052361
0 0.208984 0.532986 0.036250 0.076528
0 0.258789 0.420139 0.020391 0.064444
0 0.189453 0.675347 0.054375 0.108750
