0 0.152344 0.703125 0.036250 0.100694
0 0.139512 0.470590 0.279023 0.941181
0 0.289062 0.878472 0.036250 0.193333
0 0.408203 0.430556 0.022656 0.072500
0 0.354492 0.298611 0.011328 0.032222
0 0.377930 0.248264 0.006797 0.036250
0 0.009492 0.317708 0.018984 0.060417
0 0.642578 0.805556 0.072500 0.169167
0 0.334961 0.972222 0.020391 0.048333
0 0.375000 0.965278 0.045312 0.064444
0 0.042969 0.529514 0.027188 0.076528
0 0.246094 0.526042 0.022656 0.052361
0 0.166992 0.468750 0.024922 0.072500
0 0.395508 0.552083 0.020391 0.088611
0 0.140625 0.286458 0.022656 0.052361
0 0.055664 0.664931 0.043047 0.124861
0 0.399414 0.477431 0.024922 0.052361
0 0.068359 0.303819 0.013594 0.052361
0 0.199219 0.774306 0.027187 0.120833
0 0.449219 0.618056 0.027188 0.096667
0 0.227539 0.593750 0.020391 0.080556
0 0.486328 0.645833 0.031719 0.048333
0 0.302734 0.263889 0.009062 0.040278
0 0.361328 0.357639 0.013594 0.048333
0 0.099609 0.286458 0.013594 0.044306
0 0.003164 0.569444 0.006328 0.096667
0 0.511719 0.586806 0.027187 0.096667
0 0.090820 0.414931 0.020391 0.060417
0 0.117188 0.881944 0.040781 0.128889
0 0.472656 0.567708 0.027188 0.084583
0 0.549805 0.692708 0.029453 0.052361
0 0.374023 0.404514 0.015859 0.060417
0 0.427734 0.527778 0.022656 0.080556
0 0.403320 0.871528 0.043047 0.177222
0 0.412109 0.666667 0.027188 0.088611
0 0.033203 0.303819 0.022656 0.052361
0 0.550781 0.626736 0.036250 0.068472
0 0.443359 0.312500 0.013594 0.040278
