0 0.510742 0.437500 0.015859 0.072500
0 0.793945 0.250000 0.015859 0.040278
0 0.961914 0.333333 0.029453 0.048333
0 0.917969 0.940139 0.072500 0.119722
0 0.846680 0.897569 0.065703 0.124861
0 0.151367 0.463542 0.020391 0.052361
0 0.415039 0.571181 0.033984 0.084583
0 0.727539 0.750000 0.047578 0.112778
0 0.692383 0.718750 0.029453 0.104722
0 0.147461 0.279514 0.020391 0.036250
0 0.071289 0.770833 0.052109 0.128889
0 0.284180 0.388889 0.020391 0.040278
0 0.396484 0.482639 0.022656 0.072500
0 0.034180 0.345486 0.020391 0.068472
0 0.258789 0.654514 0.052109 0.132917
0 0.463867 0.567708 0.038516 0.084583
0 0.895508 0.413194 0.047578 0.056389
0 0.443359 0.855903 0.086094 0.173194
0 0.071289 0.446181 0.020391 0.052361
0 0.115234 0.307292 0.022656 0.044306
0 0.346680 0.451389 0.020391 0.072500
0 0.161133 0.390625 0.024922 0.068472
0 0.215820 0.572917 0.052109 0.072500
0 0.430664 0.425347 0.015859 0.084583
0 0.732422 0.605903 0.063438 0.076528
0 0.309570 0.468750 0.020391 0.064444
0 0.481445 0.435764 0.015859 0.068472
0 0.414062 0.446181 0.018125 0.060417
0 0.126953 0.409722 0.022656 0.072500
0 0.121094 0.486111 0.018125 0.072500
0 0.569336 0.557292 0.043047 0.092639
0 0.767578 0.710069 0.072500 0.124861
0 0.526367 0.576389 0.047578 0.096667
0 0.666016 0.901042 0.063438 0.181250
0 0.611328 0.866319 0.040781 0.124861
0 0.422852 0.704861 0.056641 0.104722
0 0.455078 0.475694 0.027188 0.056389
0 0.545898 0.451389 0.020391 0.072500
0 0.605469 0.548611 0.045313 0.088611
0 0.905273 0.352431 0.056641 0.060417
0 0.193359 0.723958 0.040781 0.124861
0 0.987305 0.428819 0.024922 0.052361
