0 0.262695 0.454861 0.015859 0.072500
0 0.615234 0.548611 0.022656 0.056389
0 0.183594 0.380208 0.049844 0.052361
0 0.468750 0.335069 0.013594 0.044306
0 0.925781 0.951389 0.049844 0.097222
0 0.856445 0.947778 0.056641 0.104444
0 0.386719 0.881944 0.058906 0.161111
0 0.077148 0.534722 0.024922 0.048333
0 0.170898 0.527778 0.020391 0.080556
0 0.788086 0.795139 0.065703 0.112778
0 0.606445 0.621528 0.043047 0.112778
0 0.454102 0.388889 0.015859 0.064444
0 0.230469 0.315972 0.018125 0.072500
0 0.699219 0.902778 0.099687 0.185278
0 0.711914 0.802083 0.011328 0.016111
0 0.368164 0.732639 0.043047 0.104722
0 0.574219 0.715278 0.027187 0.112778
0 0.814453 0.687500 0.090625 0.145000
0 0.374023 0.651042 0.029453 0.076528
0 0.548828 0.791667 0.058906 0.104722
0 0.129883 0.657986 0.043047 0.108750
0 0.306641 0.465278 0.022656 0.080556
0 0.423828 0.572917 0.027188 0.088611
0 0.439453 0.661458 0.036250 0.092639
0 0.304688 0.616319 0.040781 0.092639
0 0.443359 0.527778 0.027188 0.112778
0 0.745117 0.675347 0.033984 0.084583
0 0.708008 0.668403 0.033984 0.076528
0 0.331055 0.538194 0.029453 0.064444
0 0.403320 0.467014 0.020391 0.076528
0 0.134766 0.559028 0.022656 0.064444
0 0.139648 0.258681 0.024922 0.052361
0 0.958008 0.942153 0.065703 0.115694
0 0.506836 0.663194 0.043047 0.088611
0 0.872070 0.756944 0.020391 0.016111
0 0.852539 0.743056 0.006797 0.016111
0 0.906250 0.715278 0.040781 0.120833
0 0.755859 0.890625 0.045313 0.149028
0 0.632812 0.756944 0.077031 0.153056
0 0.403320 0.395833 0.020391 0.056389
0 0.461914 0.779514 0.029453 0.132917
0 0.475586 0.710069 0.006797 0.020139
0 0.430664 0.730903 0.011328 0.068472
0 0.432617 0.770833 0.006797 0.024167
0 0.648438 0.612847 0.040781 0.108750
0 0.683594 0.967014 0.036250 0.060417
0 0.625977 0.957014 0.029453 0.085972
0 0.796875 0.387153 0.049844 0.076528
0 0.383789 0.513889 0.033984 0.064444
