0 0.293945 0.659722 0.029453 0.096667
0 0.081055 0.317708 0.029453 0.044306
0 0.815430 0.258681 0.033984 0.036250
0 0.310547 0.956597 0.058906 0.084583
0 0.023438 0.352431 0.040781 0.052361
0 0.311523 0.397569 0.015859 0.052361
0 0.141602 0.298611 0.015859 0.040278
0 0.439453 0.477431 0.022656 0.052361
0 0.045898 0.524306 0.033984 0.096667
0 0.296875 0.480903 0.022656 0.044306
0 0.311523 0.567708 0.043047 0.116806
0 0.277344 0.539931 0.031719 0.092639
0 0.064453 0.305556 0.018125 0.048333
0 0.862305 0.272569 0.029453 0.052361
0 0.298828 0.326389 0.013594 0.040278
0 0.921875 0.272569 0.036250 0.044306
0 0.499023 0.553819 0.029453 0.124861
0 0.356445 0.451389 0.015859 0.040278
0 0.318359 0.590278 0.027188 0.064444
0 0.497070 0.569444 0.020391 0.088611
0 0.136719 0.802083 0.040781 0.096667
0 0.363398 0.205729 0.726797 0.372569
0 0.280273 0.407986 0.015859 0.068472
