0 0.081055 0.329861 0.029453 0.032222
0 0.136719 0.265625 0.027187 0.036250
0 0.037109 0.329861 0.031719 0.040278
0 0.010547 0.625000 0.021094 0.104722
0 0.127930 0.300347 0.020391 0.036250
0 0.094727 0.675347 0.033984 0.132917
0 0.240234 0.260417 0.009062 0.032222
0 0.219727 0.597222 0.033984 0.056389
0 0.248047 0.576389 0.027188 0.072500
0 0.164062 0.350694 0.018125 0.056389
0 0.183594 0.489583 0.022656 0.088611
0 0.086914 0.534722 0.029453 0.088611
0 0.433594 0.588542 0.036250 0.052361
0 0.604492 0.951389 0.029453 0.072500
0 0.342773 0.621528 0.043047 0.104722
0 0.092773 0.293403 0.024922 0.044306
0 0.817383 0.267361 0.029453 0.032222
0 0.190430 0.399306 0.065703 0.096667
0 0.080078 0.966389 0.072500 0.067222
