0 0.377930 0.588542 0.033984 0.092639
0 0.408203 0.578125 0.022656 0.068472
0 0.976875 0.286458 0.046250 0.044306
0 0.467773 0.411458 0.038516 0.052361
0 0.065430 0.404514 0.033984 0.068472
0 0.351562 0.439236 0.018125 0.052361
0 0.320312 0.453125 0.063438 0.068472
0 0.611328 0.602431 0.027187 0.124861
0 0.039023 0.512153 0.078047 0.076528
0 0.272461 0.342014 0.020391 0.036250
0 0.830078 0.387153 0.040781 0.044306
0 0.129883 0.388889 0.029453 0.072500
0 0.102539 0.395833 0.024922 0.056389
0 0.989258 0.920139 0.020391 0.112778
0 0.927734 0.355903 0.049844 0.044306
0 0.558594 0.529514 0.049844 0.076528
0 0.670898 0.463542 0.047578 0.076528
0 0.439453 0.442708 0.049844 0.052361
0 0.596680 0.302083 0.020391 0.048333
0 0.660156 0.380208 0.036250 0.052361
0 0.182617 0.381944 0.052109 0.056389
0 0.219727 0.647569 0.033984 0.084583
0 0.170898 0.661458 0.047578 0.124861
0 0.726562 0.423611 0.049844 0.072500
