0 0.890625 0.279514 0.036250 0.060417
0 0.314453 0.602431 0.067969 0.108750
0 0.603516 0.305556 0.013594 0.048333
0 0.737305 0.447917 0.043047 0.072500
0 0.007383 0.439236 0.014766 0.068472
0 0.127930 0.390625 0.033984 0.068472
0 0.986328 0.317708 0.027187 0.052361
0 0.224609 0.498264 0.058906 0.060417
0 0.936523 0.296875 0.029453 0.036250
0 0.178711 0.470486 0.065703 0.068472
0 0.037109 0.414931 0.027188 0.060417
0 0.186523 0.378472 0.043047 0.048333
0 0.096680 0.402778 0.020391 0.064444
0 0.067383 0.404514 0.029453 0.076528
0 0.009492 0.796875 0.018984 0.076528
0 0.968750 0.279514 0.027187 0.036250
0 0.572266 0.411458 0.049844 0.060417
0 0.433594 0.409722 0.049844 0.056389
0 0.665039 0.413194 0.052109 0.056389
0 0.845703 0.281250 0.022656 0.040278
