0 0.877930 0.265625 0.024922 0.036250
0 0.120117 0.383681 0.020391 0.052361
0 0.125000 0.513889 0.027187 0.072500
0 0.564453 0.387153 0.018125 0.044306
0 0.014648 0.428819 0.020391 0.060417
0 0.258789 0.442708 0.020391 0.052361
0 0.216797 0.890625 0.013594 0.036250
0 0.249023 0.899306 0.043047 0.193333
0 0.185547 0.482639 0.013594 0.072500
0 0.069336 0.484375 0.029453 0.068472
0 0.230469 0.602431 0.027187 0.092639
0 0.042969 0.435764 0.013594 0.068472
0 0.695312 0.503472 0.022656 0.096667
0 0.406250 0.364583 0.013594 0.048333
0 0.013711 0.756944 0.027422 0.128889
0 0.183594 0.380208 0.049844 0.044306
0 0.830078 0.258681 0.027187 0.036250
0 0.424805 0.753472 0.029453 0.120833
0 0.145508 0.414931 0.020391 0.060417
0 0.299805 0.453125 0.015859 0.076528
0 0.315430 0.531250 0.020391 0.072500
0 0.764648 0.342014 0.024922 0.036250
0 0.602539 0.987847 0.038516 0.020139
0 0.562500 0.957014 0.027187 0.085972
0 0.086914 0.376736 0.024922 0.052361
0 0.171875 0.529514 0.022656 0.084583
0 0.637695 0.437500 0.015859 0.072500
0 0.025391 0.506944 0.027188 0.088611
0 0.080078 0.932778 0.040781 0.134444
0 0.041992 0.296875 0.015859 0.036250
0 0.590820 0.404514 0.020391 0.068472
0 0.943359 0.321181 0.031719 0.036250
0 0.334961 0.449653 0.020391 0.068472
0 0.361328 0.390625 0.013594 0.044306
0 0.308594 0.684028 0.022656 0.112778
0 0.367188 0.496528 0.027188 0.080556
0 0.012656 0.277778 0.025313 0.064444
0 0.661133 0.401042 0.024922 0.068472
0 0.623047 0.361111 0.013594 0.056389
