0 0.893555 0.267361 0.029453 0.032222
0 0.495117 0.762153 0.038516 0.100694
0 0.456055 0.805556 0.043047 0.128889
0 0.420898 0.767361 0.038516 0.088611
0 0.440430 0.468750 0.020391 0.072500
0 0.574219 0.611111 0.027187 0.104722
0 0.840820 0.263889 0.020391 0.032222
0 0.972656 0.934653 0.054688 0.130694
0 0.896484 0.894097 0.049844 0.124861
0 0.441406 0.925139 0.095156 0.149722
0 0.074219 0.435764 0.027188 0.068472
0 0.429688 0.644097 0.054375 0.108750
0 0.798828 0.862847 0.072500 0.132917
0 0.749023 0.821181 0.029453 0.060417
0 0.505859 0.567708 0.027187 0.084583
0 0.649414 0.670139 0.043047 0.104722
0 0.068848 0.182292 0.128008 0.342361
0 0.101562 0.496528 0.022656 0.064444
0 0.334961 0.491319 0.020391 0.060417
0 0.396484 0.532986 0.022656 0.076528
0 0.975820 0.812500 0.048359 0.177222
0 0.342773 0.666667 0.043047 0.104722
0 0.501953 0.666667 0.036250 0.104722
0 0.848633 0.758681 0.101953 0.157083
0 0.161133 0.625000 0.029453 0.104722
0 0.314453 0.446181 0.022656 0.052361
0 0.377930 0.467014 0.020391 0.060417
0 0.152344 0.482639 0.022656 0.080556
0 0.153320 0.335069 0.024922 0.052361
0 0.361328 0.571181 0.027188 0.092639
0 0.286133 0.585069 0.024922 0.084583
0 0.446289 0.548611 0.020391 0.104722
0 0.751953 0.720486 0.077031 0.140972
0 0.126953 0.442708 0.022656 0.060417
0 0.468750 0.496528 0.027188 0.064444
0 0.258789 0.440972 0.020391 0.056389
0 0.236328 0.520833 0.027187 0.096667
0 0.604492 0.694444 0.043047 0.120833
0 0.351562 0.458333 0.018125 0.064444
0 0.649414 0.355903 0.015859 0.068472
0 0.183594 0.381944 0.049844 0.048333
0 0.018555 0.317708 0.029453 0.052361
0 0.532227 0.631944 0.043047 0.080556
0 0.649414 0.888889 0.115547 0.177222
0 0.092773 0.302083 0.024922 0.048333
0 0.513672 0.552083 0.022656 0.096667
0 0.675781 0.795139 0.086094 0.169167
0 0.809570 0.439236 0.029453 0.076528
0 0.667969 0.637153 0.027187 0.100694
0 0.364316 0.314722 0.728633 0.629444
0 0.599609 0.980903 0.031719 0.036250
0 0.544922 0.962639 0.022656 0.074722
0 0.292969 0.413194 0.013594 0.024167
0 0.292969 0.439236 0.013594 0.036250
0 0.250977 0.350694 0.020391 0.056389
