0 0.482422 0.774306 0.049844 0.096667
0 0.161133 0.454861 0.029453 0.072500
0 0.126953 0.767361 0.036250 0.128889
0 0.062500 0.312500 0.027188 0.040278
0 0.386719 0.482639 0.027188 0.072500
0 0.902344 0.246528 0.031719 0.032222
0 0.755859 0.315972 0.013594 0.048333
0 0.414062 0.607639 0.036250 0.112778
0 0.692383 0.385417 0.029453 0.072500
0 0.027344 0.585069 0.036250 0.092639
0 0.118164 0.519097 0.029453 0.084583
0 0.282227 0.678819 0.033984 0.116806
0 0.072266 0.508681 0.022656 0.084583
0 0.153320 0.310764 0.020391 0.036250
0 0.018555 0.767361 0.029453 0.104722
0 0.324219 0.625000 0.027188 0.072500
0 0.846680 0.940278 0.097422 0.119444
0 0.796875 0.895833 0.036250 0.128889
0 0.192383 0.819444 0.043047 0.128889
0 0.399414 0.704861 0.029453 0.112778
0 0.744141 0.866319 0.058906 0.165139
0 0.426758 0.897569 0.047578 0.165139
0 0.386719 0.861111 0.027188 0.112778
0 0.199219 0.352431 0.045312 0.052361
0 0.113281 0.279514 0.022656 0.036250
0 0.161133 0.348958 0.024922 0.052361
0 0.173828 0.640625 0.027187 0.068472
0 0.710938 0.951389 0.117813 0.097222
0 0.134766 0.420139 0.022656 0.072500
0 0.220703 0.477431 0.031719 0.052361
0 0.214844 0.592014 0.022656 0.100694
0 0.594727 0.970139 0.024922 0.059722
0 0.839844 0.973889 0.135938 0.052222
0 0.343750 0.774306 0.072500 0.145000
0 0.112305 0.930764 0.043047 0.138472
0 0.086914 0.274306 0.024922 0.048333
0 0.012656 0.906250 0.025313 0.185278
0 0.532227 0.779514 0.065703 0.149028
0 0.667969 0.982639 0.013594 0.032222
0 0.594727 0.968264 0.029453 0.063472
0 0.352539 0.472222 0.020391 0.056389
0 0.148438 0.260417 0.027187 0.040278
0 0.524414 0.890625 0.088359 0.149028
0 0.262012 0.445972 0.524023 0.891944
0 0.598633 0.774306 0.043047 0.128889
0 0.409180 0.463542 0.020391 0.068472
0 0.659180 0.861111 0.047578 0.128889
0 0.280273 0.913194 0.070234 0.161111
