0 0.947266 0.274306 0.036250 0.048333
0 0.442383 0.444444 0.056641 0.056389
0 0.158203 0.373264 0.022656 0.060417
0 0.501953 0.395833 0.049844 0.048333
0 0.808594 0.274306 0.022656 0.048333
0 0.053711 0.406250 0.024922 0.064444
0 0.811523 0.411458 0.056641 0.052361
0 0.821289 0.256944 0.033984 0.048333
0 0.025391 0.423611 0.022656 0.064444
0 0.317383 0.500000 0.070234 0.072500
0 0.364258 0.310764 0.020391 0.060417
0 0.474609 0.309028 0.018125 0.040278
0 0.093750 0.388889 0.027188 0.064444
0 0.992188 0.293403 0.013594 0.044306
0 0.121094 0.380208 0.022656 0.052361
0 0.006328 0.420139 0.012656 0.064444
0 0.144531 0.381944 0.022656 0.056389
0 0.583984 0.392361 0.049844 0.072500
0 0.876953 0.402778 0.049844 0.064444
0 0.449219 0.383681 0.045312 0.052361
0 0.540039 0.444444 0.038516 0.056389
0 0.595703 0.295139 0.022656 0.040278
0 0.879883 0.270833 0.029453 0.024167
0 0.664062 0.392361 0.036250 0.032222
0 0.501953 0.482639 0.049844 0.072500
0 0.259766 0.366319 0.022656 0.052361
0 0.206055 0.571181 0.074766 0.092639
