0 0.898438 0.265625 0.027187 0.036250
0 0.874023 0.427083 0.043047 0.048333
0 0.842773 0.289931 0.029453 0.036250
0 0.016602 0.397569 0.015859 0.052361
0 0.277344 0.427083 0.049844 0.056389
0 0.335938 0.442708 0.054375 0.052361
0 0.840820 0.376736 0.052109 0.052361
0 0.006328 0.425347 0.012656 0.084583
0 0.068359 0.307292 0.040781 0.036250
0 0.184570 0.489583 0.065703 0.064444
0 0.036133 0.414931 0.024922 0.060417
0 0.128906 0.388889 0.036250 0.064444
0 0.183594 0.381944 0.049844 0.048333
0 0.805664 0.350694 0.043047 0.048333
0 0.606445 0.364583 0.043047 0.048333
0 0.068359 0.399306 0.031719 0.072500
0 0.453125 0.444444 0.058906 0.088611
0 0.095703 0.402778 0.022656 0.064444
0 0.139648 0.605903 0.083828 0.100694
