0 0.451172 0.743056 0.036250 0.096667
0 0.426758 0.723958 0.020391 0.052361
0 0.527344 0.508681 0.022656 0.060417
0 0.486328 0.616319 0.040781 0.092639
0 0.257812 0.371528 0.022656 0.064444
0 0.564453 0.588542 0.022656 0.092639
0 0.041016 0.585069 0.036250 0.092639
0 0.290039 0.414931 0.020391 0.060417
0 0.411133 0.656250 0.029453 0.104722
0 0.169922 0.503472 0.022656 0.072500
0 0.375000 0.576389 0.027188 0.072500
0 0.677734 0.904514 0.036250 0.149028
0 0.144531 0.310764 0.022656 0.044306
0 0.030273 0.878472 0.038516 0.161111
0 0.430664 0.597222 0.029453 0.072500
0 0.020508 0.336806 0.033984 0.048333
0 0.701172 0.798611 0.067969 0.177222
0 0.353516 0.833333 0.036250 0.136944
0 0.315430 0.810764 0.033984 0.100694
0 0.194512 0.409271 0.389023 0.818542
0 0.220723 0.500000 0.441445 1.000000
0 0.421875 0.918403 0.077031 0.140972
0 0.365234 0.491319 0.022656 0.044306
0 0.345703 0.546875 0.022656 0.076528
0 0.180664 0.380208 0.043047 0.052361
0 0.057617 0.291667 0.033984 0.040278
0 0.162109 0.628472 0.027187 0.096667
0 0.643555 0.932639 0.043047 0.134722
0 0.612305 0.628472 0.024922 0.072500
0 0.137695 0.480903 0.029453 0.068472
0 0.240234 0.539931 0.022656 0.084583
0 0.197266 0.597222 0.022656 0.096667
0 0.599609 0.690972 0.027187 0.088611
0 0.348633 0.966389 0.029453 0.067222
0 0.297852 0.957014 0.029453 0.085972
0 0.352539 0.835069 0.033984 0.132917
0 0.034180 0.305556 0.020391 0.048333
0 0.546875 0.776042 0.036250 0.124861
0 0.485352 0.842014 0.070234 0.140972
0 0.508789 0.524306 0.020391 0.048333
0 0.585938 0.958333 0.045313 0.080556
0 0.586914 0.767361 0.043047 0.104722
0 0.117188 0.966389 0.058906 0.067222
0 0.148438 0.913194 0.013594 0.016111
0 0.500977 0.857639 0.033984 0.104722
0 0.264648 0.442708 0.020391 0.084583
0 0.208008 0.907986 0.047578 0.165139
0 0.328301 0.500000 0.656602 1.000000
0 0.622070 0.915903 0.092891 0.168194
0 0.629883 0.821181 0.011328 0.020139
