0 0.101562 0.310764 0.022656 0.036250
0 0.417969 0.677083 0.027188 0.120833
0 0.973633 0.987847 0.029453 0.012083
0 0.500000 0.500000 1.000000 1.000000
0 0.964844 0.942708 0.036250 0.084583
0 0.895508 0.932778 0.065703 0.134444
0 0.120117 0.293403 0.020391 0.036250
0 0.265625 0.661458 0.036250 0.116806
0 0.412109 0.947639 0.058906 0.104722
0 0.136719 0.529514 0.027187 0.076528
0 0.233398 0.491319 0.020391 0.060417
0 0.183594 0.536458 0.036250 0.084583
0 0.370117 0.652778 0.033984 0.112778
0 0.758789 0.888889 0.097422 0.185278
0 0.488281 0.770833 0.036250 0.128889
0 0.145508 0.295139 0.020391 0.040278
0 0.234375 0.428819 0.022656 0.060417
0 0.037109 0.328125 0.031719 0.036250
0 0.296875 0.869792 0.036250 0.140972
0 0.828125 0.852431 0.063438 0.157083
0 0.205078 0.864583 0.054375 0.120833
0 0.372070 0.484375 0.020391 0.060417
0 0.159180 0.644097 0.033984 0.108750
0 0.304688 0.585069 0.027188 0.052361
0 0.308594 0.734375 0.036250 0.140972
0 0.180664 0.380208 0.043047 0.052361
0 0.240234 0.758681 0.036250 0.124861
0 0.706055 0.982639 0.043047 0.032222
0 0.649414 0.955139 0.043047 0.089722
0 0.677734 0.758681 0.063438 0.165139
0 0.588867 0.585069 0.033984 0.092639
0 0.152344 0.373264 0.022656 0.060417
0 0.237305 0.595486 0.029453 0.076528
0 0.077148 0.932639 0.038516 0.134722
0 0.046875 0.293403 0.022656 0.044306
0 0.438477 0.621528 0.024922 0.104722
0 0.570312 0.840278 0.022656 0.064444
0 0.577148 0.802083 0.006797 0.016111
0 0.531250 0.826389 0.027187 0.096667
0 0.412109 0.810764 0.040781 0.140972
0 0.562500 0.932639 0.086094 0.134722
0 0.619141 0.678819 0.045313 0.124861
0 0.464844 0.880208 0.063438 0.132917
0 0.261719 0.949514 0.045312 0.100972
0 0.223633 0.942014 0.029453 0.115972
0 0.975820 0.925347 0.048359 0.132917
