0 0.877930 0.246528 0.020391 0.032222
0 0.087891 0.291667 0.027188 0.040278
0 0.278320 0.227431 0.011328 0.020139
0 0.304688 0.319444 0.013594 0.056389
0 0.435547 0.286458 0.013594 0.044306
0 0.138672 0.260417 0.022656 0.040278
0 0.280273 0.324653 0.015859 0.044306
0 0.033203 0.420139 0.022656 0.064444
0 0.264648 0.232639 0.006797 0.032222
0 0.361328 0.310764 0.013594 0.036250
0 0.845703 0.241319 0.022656 0.028194
0 0.161133 0.342014 0.024922 0.028194
0 0.264648 0.333333 0.020391 0.048333
0 0.108398 0.296875 0.020391 0.036250
0 0.339844 0.309028 0.018125 0.064444
0 0.989258 0.250000 0.020391 0.040278
0 0.324219 0.321181 0.013594 0.052361
0 0.618164 0.215278 0.015859 0.032222
