0 0.426758 0.788194 0.052109 0.128889
0 0.038086 0.352431 0.029453 0.052361
0 0.664062 0.848958 0.108750 0.157083
0 0.492188 0.567708 0.027187 0.060417
0 0.167969 0.517361 0.027187 0.072500
0 0.833984 0.964514 0.031719 0.070972
0 0.764648 0.942153 0.047578 0.115694
0 0.868164 0.678819 0.083828 0.116806
0 0.267578 0.279514 0.013594 0.036250
0 0.021484 0.397569 0.022656 0.060417
0 0.080078 0.581597 0.040781 0.092639
0 0.412109 0.560764 0.027188 0.076528
0 0.367188 0.263889 0.013594 0.040278
0 0.493164 0.647569 0.029453 0.052361
0 0.051758 0.303819 0.020391 0.052361
0 0.158203 0.302083 0.022656 0.048333
0 0.365234 0.829861 0.036250 0.145000
0 0.495117 0.894097 0.052109 0.165139
0 0.528320 0.840278 0.065703 0.153056
0 0.070312 0.826389 0.036250 0.145000
0 0.415039 0.473958 0.020391 0.060417
0 0.019434 0.382743 0.038867 0.765486
0 0.028320 0.370174 0.056641 0.740347
0 0.048828 0.664931 0.058906 0.084583
0 0.396484 0.628472 0.022656 0.096667
0 0.126953 0.312500 0.022656 0.040278
0 0.143555 0.482639 0.029453 0.064444
0 0.750977 0.982639 0.029453 0.032222
0 0.681641 0.956597 0.072500 0.084583
0 0.074219 0.317708 0.027188 0.044306
0 0.163086 0.489583 0.020391 0.048333
0 0.139648 0.369792 0.020391 0.052361
0 0.917969 0.949514 0.072500 0.100972
0 0.556641 0.505208 0.027187 0.044306
0 0.051758 0.710069 0.038516 0.092639
0 0.439453 0.631944 0.022656 0.064444
0 0.287109 0.296875 0.013594 0.036250
0 0.452148 0.583333 0.020391 0.048333
0 0.467773 0.697917 0.029453 0.088611
0 0.107422 0.289931 0.022656 0.052361
0 0.624023 0.942153 0.056641 0.115694
0 0.578125 0.923403 0.036250 0.153194
0 0.111328 0.725694 0.031719 0.128889
0 0.635742 0.631944 0.029453 0.088611
0 0.333984 0.973889 0.067969 0.052222
0 0.746094 0.810764 0.077031 0.181250
