0 0.765625 0.375000 0.022656 0.032222
0 0.561523 0.756944 0.043047 0.128889
0 0.690430 0.538194 0.020391 0.056389
0 0.311523 0.482639 0.043047 0.072500
0 0.939453 0.750000 0.040781 0.072500
0 0.889648 0.734375 0.052109 0.068472
0 0.758789 0.538194 0.047578 0.056389
0 0.567383 0.397569 0.015859 0.028194
0 0.070312 0.326389 0.022656 0.032222
0 0.859375 0.685764 0.036250 0.068472
0 0.187500 0.945764 0.099687 0.108472
0 0.541992 0.435764 0.011328 0.036250
0 0.879883 0.857639 0.070234 0.145000
0 0.740234 0.491319 0.022656 0.052361
0 0.805664 0.605903 0.070234 0.068472
0 0.928711 0.869792 0.052109 0.092639
0 0.229492 0.494792 0.029453 0.068472
0 0.992188 0.966389 0.013594 0.067222
0 0.731445 0.651042 0.056641 0.092639
0 0.892578 0.598958 0.072500 0.060417
0 0.701172 0.706597 0.049844 0.084583
0 0.665039 0.685764 0.038516 0.068472
0 0.564453 0.781250 0.036250 0.072500
0 0.781250 0.571181 0.027187 0.060417
0 0.833984 0.651042 0.045313 0.068472
0 0.830078 0.777778 0.031719 0.064444
