0 0.125000 0.262153 0.040781 0.036250
0 0.245117 0.380208 0.020391 0.052361
0 0.036133 0.312500 0.029453 0.040278
0 0.271484 0.442708 0.022656 0.044306
0 0.791016 0.414931 0.063438 0.124861
0 0.211914 0.560764 0.029453 0.068472
0 0.316406 0.421875 0.022656 0.068472
0 0.277344 0.255208 0.009062 0.028194
0 0.182617 0.380208 0.043047 0.052361
0 0.211914 0.444444 0.029453 0.064444
0 0.108398 0.296875 0.020391 0.036250
0 0.346680 0.380208 0.020391 0.052361
0 0.317383 0.310764 0.011328 0.036250
0 0.315430 0.430556 0.020391 0.048333
0 0.287109 0.440972 0.013594 0.024167
0 0.343750 0.229167 0.027188 0.032222
0 0.237305 0.298611 0.029453 0.040278
0 0.199219 0.638889 0.027187 0.072500
