0 0.764648 0.416667 0.033984 0.056389
0 0.511719 0.303819 0.013594 0.052361
0 0.105469 0.293403 0.027188 0.044306
0 0.455078 0.305556 0.013594 0.048333
0 0.389648 0.210069 0.006797 0.028194
0 0.479492 0.378472 0.043047 0.056389
0 0.139648 0.265625 0.020391 0.036250
0 0.902344 0.409722 0.049844 0.048333
0 0.291016 0.319444 0.013594 0.056389
0 0.435547 0.310764 0.013594 0.044306
0 0.699219 0.473958 0.045313 0.084583
0 0.368164 0.234375 0.011328 0.028194
0 0.271484 0.234375 0.009062 0.036250
0 0.065430 0.326389 0.006797 0.040278
0 0.255859 0.472222 0.058906 0.056389
0 0.580078 0.465278 0.045313 0.064444
0 0.331055 0.246528 0.011328 0.032222
0 0.145508 0.444444 0.065703 0.064444
0 0.158203 0.319444 0.018125 0.048333
0 0.183594 0.395833 0.049844 0.048333
0 0.315430 0.239583 0.006797 0.024167
0 0.287109 0.500000 0.040781 0.064444
0 0.125000 0.357639 0.013594 0.040278
0 0.036914 0.597222 0.073828 0.088611
0 0.778320 0.446181 0.052109 0.060417
0 0.514648 0.454861 0.052109 0.072500
0 0.591797 0.506944 0.054375 0.080556
0 0.642578 0.427083 0.058906 0.048333
0 0.077148 0.539931 0.079297 0.084583
0 0.988281 0.418403 0.022656 0.068472
0 0.231445 0.442708 0.029453 0.060417
