0 0.089844 0.397569 0.018125 0.052361
0 0.637695 0.413194 0.047578 0.056389
0 0.968750 0.277778 0.040781 0.032222
0 0.749023 0.444444 0.070234 0.088611
0 0.989258 0.934028 0.020391 0.064444
0 0.920898 0.932778 0.065703 0.134444
0 0.868164 0.369792 0.056641 0.076528
0 0.355469 0.677083 0.086094 0.161111
0 0.416016 0.512153 0.022656 0.076528
0 0.758789 0.446181 0.047578 0.084583
0 0.602539 0.454861 0.047578 0.088611
0 0.817383 0.435764 0.043047 0.068472
0 0.015820 0.552083 0.031641 0.056389
0 0.144531 0.395833 0.022656 0.056389
0 0.885542 0.265625 0.015396 0.036250
0 0.205078 0.470486 0.067969 0.076528
0 0.099609 0.489583 0.072500 0.064444
0 0.270508 0.579861 0.079297 0.088611
0 0.372070 0.496528 0.052109 0.064444
0 0.183594 0.380208 0.049844 0.052361
0 0.063477 0.399306 0.020391 0.048333
0 0.237305 0.539931 0.043047 0.084583
0 0.135742 0.447917 0.043047 0.056389
0 0.714844 0.366319 0.036250 0.052361
0 0.640625 0.467014 0.036250 0.068472
0 0.927734 0.347222 0.049844 0.056389
0 0.595703 0.586806 0.036250 0.096667
0 0.661133 0.498264 0.043047 0.060417
0 0.063730 0.281771 0.127461 0.563542
0 0.139648 0.546875 0.079297 0.076528
0 0.715488 0.414931 0.024151 0.060417
