0 0.458008 0.437500 0.047578 0.064444
0 0.481445 0.406250 0.043047 0.072500
0 0.049805 0.413194 0.029453 0.056389
0 0.093750 0.394097 0.027188 0.060417
0 0.581055 0.388889 0.043047 0.072500
0 0.016875 0.420139 0.033750 0.064444
0 0.050781 0.303819 0.036250 0.052361
0 0.511719 0.444444 0.045313 0.064444
0 0.795898 0.407986 0.052109 0.068472
0 0.434570 0.534722 0.052109 0.088611
0 0.072266 0.395833 0.022656 0.064444
0 0.079102 0.317708 0.024922 0.052361
0 0.333008 0.463542 0.061172 0.076528
0 0.151367 0.546875 0.079297 0.076528
0 0.763672 0.395833 0.049844 0.056389
0 0.147461 0.378472 0.020391 0.056389
0 0.192383 0.475694 0.056641 0.056389
0 0.672852 0.414931 0.056641 0.084583
0 0.123047 0.392361 0.027187 0.056389
0 0.992188 0.373264 0.013594 0.036250
0 0.705078 0.453125 0.031719 0.076528
0 0.146484 0.281250 0.022656 0.032222
0 0.737305 0.376736 0.029453 0.068472
0 0.626953 0.402778 0.049844 0.064444
0 0.183594 0.381944 0.049844 0.048333
0 0.159180 0.668403 0.092891 0.108750
