0 0.374023 0.534722 0.047578 0.096667
0 0.036133 0.434028 0.029453 0.064444
0 0.024414 0.545139 0.043047 0.072500
0 0.413086 0.493056 0.038516 0.056389
0 0.740234 0.444444 0.049844 0.056389
0 0.130859 0.288194 0.027187 0.048333
0 0.108398 0.654514 0.052109 0.108750
0 0.150391 0.618056 0.036250 0.048333
0 0.534180 0.527778 0.033984 0.072500
0 0.023203 0.631944 0.046406 0.096667
0 0.062500 0.609375 0.027188 0.068472
0 0.281250 0.392361 0.027188 0.040278
0 0.257812 0.444444 0.067969 0.056389
0 0.125000 0.534722 0.072500 0.072500
0 0.314453 0.394097 0.036250 0.052361
0 0.791992 0.451389 0.043047 0.064444
0 0.085938 0.472222 0.072500 0.056389
0 0.026367 0.842014 0.052734 0.108750
0 0.010547 0.315972 0.021094 0.048333
0 0.831055 0.262153 0.029453 0.028194
0 0.609442 0.480903 0.022500 0.036250
0 0.593516 0.481389 0.013050 0.027067
0 0.266602 0.328125 0.015859 0.036250
0 0.487305 0.576389 0.043047 0.096667
0 0.196289 0.480903 0.065703 0.068472
0 0.142578 0.739583 0.099687 0.153056
