0 0.146484 0.392361 0.022656 0.056389
0 0.590820 0.281250 0.020391 0.032222
0 0.012656 0.411458 0.025313 0.084583
0 0.701172 0.432292 0.049844 0.052361
0 0.234375 0.451389 0.067969 0.072500
0 0.044922 0.411458 0.022656 0.052361
0 0.162109 0.345486 0.013594 0.052361
0 0.283203 0.467014 0.049844 0.060417
0 0.183594 0.380208 0.049844 0.052361
0 0.921875 0.420139 0.018125 0.040278
0 0.117188 0.397569 0.027187 0.052361
0 0.053789 0.866319 0.107578 0.165139
0 0.868164 0.265625 0.029453 0.036250
0 0.470703 0.310764 0.018125 0.036250
0 0.659180 0.465278 0.047578 0.080556
0 0.286133 0.559028 0.070234 0.080556
0 0.510742 0.378472 0.043047 0.048333
0 0.562500 0.467014 0.045313 0.076528
0 0.629883 0.425347 0.043047 0.060417
0 0.591797 0.326389 0.027187 0.072500
0 0.168945 0.560764 0.074766 0.084583
0 0.792969 0.402778 0.054375 0.064444
