0 0.899414 0.267361 0.029453 0.032222
0 0.055664 0.315972 0.029453 0.056389
0 0.011602 0.328125 0.023203 0.036250
0 0.305664 0.255208 0.011328 0.028194
0 0.267578 0.289931 0.013594 0.036250
0 0.321289 0.607639 0.024922 0.104722
0 0.465820 0.517361 0.020391 0.072500
0 0.051758 0.850694 0.038516 0.161111
0 0.303711 0.552083 0.015859 0.080556
0 0.141602 0.279514 0.015859 0.036250
0 0.158203 0.359375 0.022656 0.068472
0 0.261719 0.362847 0.013594 0.036250
0 0.292969 0.293403 0.013594 0.036250
0 0.345703 0.560764 0.022656 0.108750
0 0.105469 0.317708 0.027188 0.044306
0 0.071289 0.340278 0.020391 0.064444
0 0.458008 0.500000 0.038516 0.104722
0 0.537109 0.741319 0.040781 0.124861
0 0.429688 0.322917 0.013594 0.040278
0 0.842773 0.260417 0.024922 0.032222
0 0.282227 0.482639 0.020391 0.072500
