0 0.499023 0.309028 0.033984 0.040278
0 0.078125 0.406250 0.027188 0.064444
0 0.681641 0.420139 0.086094 0.072500
0 0.434570 0.411458 0.052109 0.052361
0 0.811523 0.376736 0.043047 0.068472
0 0.031250 0.434028 0.027188 0.064444
0 0.258789 0.435764 0.047578 0.068472
0 0.273438 0.500000 0.072500 0.072500
0 0.423828 0.315972 0.013594 0.048333
0 0.209961 0.642361 0.088359 0.104722
0 0.096680 0.586806 0.092891 0.088611
0 0.064453 0.526042 0.036250 0.092639
0 0.108398 0.696181 0.033984 0.124861
0 0.105469 0.399306 0.027188 0.056389
0 0.068359 0.973889 0.086094 0.052222
0 0.661133 0.381944 0.056641 0.088611
0 0.581055 0.385417 0.043047 0.056389
0 0.977539 0.335069 0.038516 0.052361
0 0.461914 0.470486 0.056641 0.076528
0 0.240234 0.954861 0.022656 0.072500
0 0.270508 0.921389 0.047578 0.157222
0 0.442383 0.317708 0.015859 0.044306
0 0.083008 0.847222 0.079297 0.145000
0 0.179688 0.789931 0.018125 0.092639
0 0.208008 0.802083 0.038516 0.120833
0 0.720703 0.388889 0.036250 0.064444
