0 0.978516 0.279514 0.036250 0.036250
0 0.952148 0.968264 0.079297 0.063472
0 0.243164 0.467014 0.056641 0.068472
0 0.427734 0.482639 0.049844 0.072500
0 0.651367 0.906528 0.079297 0.186944
0 0.234375 0.572917 0.063438 0.088611
0 0.490234 0.581597 0.027187 0.060417
0 0.592773 0.800347 0.056641 0.157083
0 0.068359 0.524306 0.086094 0.088611
0 0.158203 0.484375 0.063437 0.076528
0 0.199219 0.458333 0.027187 0.048333
0 0.636719 0.458333 0.054375 0.080556
0 0.324219 0.529514 0.027188 0.076528
0 0.020039 0.671875 0.040078 0.149028
0 0.898438 0.281250 0.027187 0.032222
0 0.604492 0.541667 0.029453 0.088611
0 0.771484 0.352431 0.036250 0.052361
0 0.986328 0.387153 0.027187 0.068472
0 0.805664 0.397569 0.043047 0.052361
