0 0.090820 0.262153 0.033984 0.036250
0 0.355469 0.260212 0.013594 0.015637
0 0.356889 0.276673 0.010298 0.018674
0 0.010547 0.288194 0.021094 0.048333
0 0.423828 0.501736 0.013594 0.076528
0 0.970703 0.957014 0.049844 0.085972
0 0.885742 0.932778 0.083828 0.134444
0 0.777344 0.345486 0.049844 0.052361
0 0.354492 0.369792 0.015859 0.052361
0 0.264648 0.366319 0.020391 0.044306
0 0.383789 0.482639 0.020391 0.064444
0 0.508789 0.428819 0.033984 0.052361
0 0.174805 0.383681 0.029453 0.060417
0 0.324219 0.302083 0.013594 0.048333
0 0.669922 0.814236 0.095156 0.213472
0 0.308594 0.281250 0.009062 0.032222
0 0.976875 0.897569 0.046250 0.157083
0 0.362305 0.552083 0.015859 0.048333
0 0.791016 0.550347 0.036250 0.060417
0 0.501953 0.819444 0.036250 0.153056
0 0.465820 0.781250 0.020391 0.104722
0 0.515625 0.713542 0.063438 0.140972
0 0.279297 0.277778 0.013594 0.032222
0 0.236328 0.309028 0.027187 0.040278
0 0.307617 0.409722 0.020391 0.056389
0 0.342773 0.326389 0.015859 0.040278
0 0.844727 0.397569 0.033984 0.044306
0 0.808594 0.399306 0.022656 0.048333
0 0.152344 0.291667 0.022656 0.032222
0 0.167969 0.239583 0.031719 0.024167
0 0.333008 0.274306 0.006797 0.024167
0 0.395508 0.569444 0.020391 0.088611
0 0.136719 0.255208 0.027187 0.044306
0 0.449219 0.473958 0.013594 0.060417
0 0.882812 0.383681 0.036250 0.052361
0 0.680664 0.748264 0.083828 0.181250
0 0.372070 0.423418 0.020391 0.039830
0 0.301758 0.217014 0.006797 0.036250
0 0.428711 0.678819 0.043047 0.124861
0 0.437500 0.588542 0.027188 0.068472
0 0.376953 0.279514 0.009062 0.036250
0 0.552734 0.506944 0.022656 0.080556
0 0.280273 0.319444 0.024922 0.056389
0 0.312500 0.567708 0.027188 0.084583
0 0.336914 0.220486 0.011328 0.036250
