0 0.877930 0.246528 0.024922 0.032222
0 0.092773 0.263889 0.029453 0.032222
0 0.899414 0.364583 0.056641 0.048333
0 0.138447 0.250000 0.023179 0.032222
0 0.126953 0.257181 0.004531 0.015562
0 0.055664 0.296875 0.029453 0.036250
0 0.167969 0.387153 0.067969 0.068472
0 0.298828 0.324653 0.013594 0.068472
0 0.244141 0.333333 0.013594 0.056389
0 0.733398 0.236111 0.020391 0.032222
0 0.257812 0.239583 0.009062 0.024167
0 0.036133 0.333333 0.029453 0.048333
0 0.367188 0.303819 0.013594 0.052361
0 0.427734 0.309028 0.009062 0.040278
0 0.989258 0.251736 0.020391 0.036250
0 0.278320 0.350694 0.020391 0.056389
0 0.092773 0.418403 0.056641 0.044306
