0 0.701172 0.513889 0.022656 0.040278
0 0.720703 0.475694 0.022656 0.056389
0 0.875977 0.842014 0.029453 0.076528
0 0.787109 0.453125 0.013594 0.036250
0 0.983203 0.553819 0.033594 0.052361
0 0.909180 0.522569 0.020391 0.044306
0 0.833984 0.630208 0.018125 0.052361
0 0.020039 0.477431 0.040078 0.084583
0 0.833984 0.972014 0.022656 0.055972
0 0.792969 0.930556 0.013594 0.016111
0 0.975586 0.515625 0.015859 0.036250
0 0.882812 0.694444 0.022656 0.056389
0 0.807617 0.720486 0.024922 0.076528
0 0.870117 0.498264 0.020391 0.036250
