0 0.446289 0.539931 0.020391 0.060417
0 0.260742 0.458333 0.015859 0.080556
0 0.689453 0.701389 0.063438 0.145000
0 0.540039 0.550347 0.020391 0.060417
0 0.084961 0.321181 0.020391 0.052361
0 0.411133 0.310014 0.015859 0.034510
0 0.409437 0.335709 0.011924 0.018655
0 0.041992 0.314236 0.015859 0.036250
0 0.264648 0.241319 0.011328 0.044306
0 0.839844 0.951389 0.095156 0.097222
0 0.815430 0.765625 0.092891 0.108750
0 0.328125 0.559028 0.022656 0.104722
0 0.055664 0.333333 0.015859 0.048333
0 0.291992 0.395833 0.015859 0.056389
0 0.286133 0.248264 0.011328 0.028194
0 0.411133 0.699653 0.043047 0.116806
0 0.756836 0.852431 0.074766 0.165139
0 0.706055 0.814236 0.029453 0.124861
0 0.518555 0.569444 0.029453 0.056389
0 0.390625 0.276042 0.009062 0.036250
0 0.226562 0.251736 0.018125 0.036250
0 0.191406 0.723958 0.036250 0.116806
0 0.352539 0.439236 0.020391 0.068472
0 0.248047 0.321181 0.013594 0.036250
0 0.420898 0.595486 0.020391 0.076528
0 0.124023 0.315972 0.024922 0.048333
0 0.349609 0.666667 0.040781 0.145000
0 0.508789 0.684028 0.033984 0.112778
0 0.264570 0.343924 0.529141 0.687847
0 0.346680 0.498264 0.020391 0.068472
0 0.348633 0.569444 0.029453 0.080556
0 0.470703 0.809028 0.077031 0.185278
0 0.511719 0.762153 0.045313 0.149028
0 0.380859 0.295139 0.013594 0.032222
0 0.376953 0.576389 0.022656 0.104722
0 0.277344 0.552083 0.022656 0.088611
0 0.392578 0.498264 0.027188 0.108750
0 0.448242 0.326389 0.015859 0.040278
0 0.622070 0.623264 0.052109 0.100694
0 0.368164 0.421875 0.015859 0.068472
0 0.433594 0.989583 0.009062 0.016111
0 0.376953 0.980903 0.022656 0.036250
0 0.271484 0.328125 0.018125 0.036250
0 0.348633 0.258681 0.011328 0.036250
0 0.417969 0.355903 0.013594 0.044306
0 0.183594 0.380208 0.049844 0.052361
0 0.912109 0.964514 0.040781 0.070972
0 0.978984 0.951389 0.042031 0.097222
0 0.558594 0.656250 0.036250 0.072500
0 0.478516 0.612847 0.022656 0.084583
0 0.364258 0.274306 0.006797 0.048333
0 0.645508 0.949514 0.052109 0.100972
0 0.587891 0.934653 0.058906 0.130694
0 0.583984 0.859375 0.022656 0.044306
0 0.306641 0.276042 0.009062 0.044306
0 0.448242 0.666667 0.043047 0.112778
0 0.092773 0.305556 0.029453 0.048333
0 0.518555 0.482639 0.029453 0.072500
0 0.633789 0.859375 0.047578 0.173194
0 0.585938 0.817708 0.027187 0.092639
0 0.653320 0.739583 0.079297 0.161111
0 0.277344 0.663194 0.036250 0.048333
0 0.273438 0.789931 0.040781 0.132917
