0 0.047852 0.315972 0.015859 0.048333
0 0.742188 0.329861 0.031719 0.040278
0 0.314453 0.383681 0.022656 0.060417
0 0.295898 0.487847 0.020391 0.084583
0 0.183594 0.378472 0.049844 0.048333
0 0.124023 0.281250 0.029453 0.040278
0 0.012656 0.343750 0.025313 0.064444
0 0.643555 0.887153 0.101953 0.173194
0 0.828125 0.258681 0.022656 0.036250
0 0.376953 0.545139 0.022656 0.112778
0 0.592773 0.770833 0.056641 0.120833
0 0.301758 0.317708 0.011328 0.028194
0 0.246094 0.553819 0.022656 0.092639
0 0.572266 0.487847 0.022656 0.084583
0 0.102539 0.315972 0.020391 0.048333
0 0.926758 0.269097 0.033984 0.036250
0 0.333984 0.425347 0.018125 0.060417
0 0.367188 0.413194 0.013594 0.056389
0 0.328125 0.664931 0.036250 0.124861
0 0.252930 0.715278 0.024922 0.136944
