0 0.295898 0.404514 0.020391 0.068472
0 0.399414 0.654514 0.043047 0.108750
0 0.967773 0.253472 0.015859 0.024167
0 0.268555 0.236111 0.011328 0.032222
0 0.033203 0.328125 0.031719 0.036250
0 0.242188 0.352431 0.018125 0.036250
0 0.370117 0.427083 0.020391 0.056389
0 0.396484 0.366319 0.022656 0.052361
0 0.841797 0.694444 0.086094 0.128889
0 0.439453 0.357639 0.022656 0.064444
0 0.318359 0.250000 0.013594 0.032222
0 0.088867 0.293403 0.020391 0.044306
0 0.904297 0.420139 0.058906 0.064444
0 0.330078 0.421875 0.013594 0.068472
0 0.471680 0.555556 0.033984 0.088611
0 0.348633 0.263889 0.011328 0.032222
0 0.377930 0.375000 0.020391 0.040278
0 0.138672 0.255208 0.022656 0.044306
0 0.370117 0.192708 0.006797 0.020139
0 0.262695 0.383681 0.015859 0.052361
0 0.815430 0.383681 0.052109 0.060417
0 0.306641 0.383681 0.013594 0.052361
0 0.415039 0.321181 0.006797 0.052361
0 0.286133 0.218750 0.011328 0.032222
0 0.067383 0.321181 0.029453 0.052361
0 0.989258 0.972014 0.020391 0.055972
0 0.788086 0.348958 0.043047 0.084583
0 0.513672 0.461806 0.018125 0.056389
0 0.989258 0.251736 0.020391 0.036250
0 0.527344 0.543403 0.036250 0.076528
0 0.459961 0.437500 0.020391 0.072500
0 0.483398 0.875000 0.006797 0.032222
0 0.514648 0.917778 0.079297 0.164444
0 0.377930 0.196181 0.006797 0.020139
0 0.783203 0.355903 0.031719 0.068472
0 0.792969 0.258681 0.031719 0.020139
0 0.898438 0.359375 0.054375 0.044306
