0 0.943359 0.277778 0.031719 0.040278
0 0.360352 0.623264 0.043047 0.068472
0 0.229492 0.392361 0.043047 0.056389
0 0.089844 0.302083 0.022656 0.048333
0 0.261719 0.307292 0.013594 0.036250
0 0.362305 0.496528 0.015859 0.072500
0 0.828125 0.413194 0.036250 0.056389
0 0.311523 0.265625 0.011328 0.036250
0 0.033203 0.590278 0.036250 0.080556
0 0.054688 0.310764 0.018125 0.036250
0 0.301758 0.413194 0.020391 0.056389
0 0.060547 0.545139 0.045313 0.072500
0 0.186523 0.380208 0.056641 0.052361
0 0.249023 0.324653 0.015859 0.036250
0 0.165039 0.458333 0.020391 0.064444
0 0.546875 0.513889 0.022656 0.072500
0 0.287464 0.242740 0.008239 0.015379
0 0.286133 0.257292 0.011328 0.015306
0 0.983203 0.279514 0.033594 0.036250
0 0.798828 0.397569 0.027187 0.052361
0 0.337891 0.402778 0.027188 0.072500
0 0.831055 0.258681 0.029453 0.036250
0 0.364258 0.744792 0.052109 0.140972
0 0.186523 0.381944 0.056641 0.056389
0 0.298828 0.677083 0.040781 0.088611
