0 0.327148 0.564236 0.065703 0.092639
0 0.102539 0.298611 0.020391 0.040278
0 0.400391 0.312500 0.018125 0.040278
0 0.325195 0.315972 0.015859 0.056389
0 0.417969 0.302083 0.013594 0.056389
0 0.298828 0.324653 0.013594 0.044306
0 0.273438 0.232639 0.013594 0.032222
0 0.720703 0.364583 0.049844 0.048333
0 0.094727 0.414931 0.020391 0.060417
0 0.337891 0.296875 0.013594 0.036250
0 0.146484 0.404514 0.018125 0.068472
0 0.170898 0.383681 0.020391 0.052361
0 0.358398 0.305556 0.011328 0.056389
0 0.989258 0.279514 0.020391 0.036250
0 0.570312 0.397569 0.049844 0.052361
0 0.385742 0.315972 0.015859 0.048333
0 0.236328 0.248264 0.013594 0.036250
0 0.279297 0.319444 0.013594 0.056389
0 0.141602 0.501736 0.070234 0.076528
0 0.264648 0.335069 0.020391 0.044306
