0 0.918945 0.281250 0.029453 0.032222
0 0.315430 0.425347 0.038516 0.052361
0 0.173828 0.388889 0.072500 0.048333
0 0.715820 0.239583 0.020391 0.016111
0 0.839844 0.265625 0.036250 0.036250
0 0.289062 0.243056 0.009062 0.024167
0 0.018555 0.420139 0.029453 0.072500
0 0.048828 0.411458 0.027188 0.060417
0 0.230469 0.446181 0.058906 0.060417
0 0.099609 0.402778 0.058906 0.064444
0 0.855469 0.387153 0.045313 0.044306
0 0.088867 0.685764 0.033984 0.068472
0 0.023203 0.506944 0.046406 0.056389
0 0.051758 0.310764 0.033984 0.060417
0 0.907227 0.387153 0.033984 0.044306
0 0.430664 0.383681 0.043047 0.052361
0 0.467773 0.590278 0.070234 0.104722
0 0.075195 0.506944 0.079297 0.080556
0 0.150391 0.296875 0.027187 0.036250
0 0.279297 0.418403 0.058906 0.068472
0 0.327148 0.319444 0.020391 0.048333
0 0.117188 0.366319 0.027187 0.052361
0 0.290039 0.321181 0.020391 0.052361
0 0.089844 0.680556 0.036250 0.088611
0 0.883789 0.281250 0.033984 0.032222
0 0.436523 0.315972 0.015859 0.048333
0 0.968750 0.286458 0.040781 0.020139
0 0.794922 0.444444 0.049844 0.080556
0 0.680664 0.435764 0.056641 0.076528
0 0.268555 0.232639 0.011328 0.032222
0 0.014648 0.295139 0.020391 0.040278
0 0.396484 0.371528 0.036250 0.064444
0 0.356445 0.217014 0.006797 0.028194
0 0.156250 0.571181 0.072500 0.092639
0 0.640625 0.357639 0.036250 0.040278
0 0.246094 0.350694 0.049844 0.048333
0 0.217773 0.687500 0.101953 0.104722
0 0.112305 0.397569 0.029453 0.052361
