0 0.183594 0.383681 0.049844 0.052361
0 0.361328 0.673611 0.054375 0.104722
0 0.578125 0.505208 0.036250 0.084583
0 0.173828 0.272569 0.031719 0.052361
0 0.255859 0.407986 0.045312 0.068472
0 0.330078 0.364583 0.031719 0.048333
0 0.039062 0.322917 0.036250 0.040278
0 0.312500 0.553819 0.027188 0.052361
0 0.278320 0.560764 0.033984 0.084583
0 0.456055 0.553819 0.056641 0.092639
0 0.088867 0.447917 0.065703 0.072500
0 0.368164 0.368056 0.029453 0.048333
0 0.133789 0.385417 0.020391 0.104722
0 0.073242 0.355903 0.015859 0.044306
0 0.437500 0.366319 0.031719 0.044306
0 0.667969 0.480903 0.045313 0.076528
0 0.393555 0.376736 0.029453 0.052361
0 0.080078 0.295139 0.027188 0.048333
0 0.536133 0.506944 0.029453 0.080556
