0 0.708008 0.237847 0.020391 0.020139
0 0.867188 0.262153 0.027187 0.028194
0 0.443359 0.333333 0.013594 0.048333
0 0.051758 0.432292 0.020391 0.068472
0 0.302734 0.346974 0.009062 0.023591
0 0.300631 0.366453 0.008714 0.019829
0 0.392578 0.359375 0.013594 0.044306
0 0.832031 0.395833 0.072500 0.064444
0 0.502930 0.336806 0.020391 0.048333
0 0.009492 0.482639 0.018984 0.072500
0 0.850586 0.392361 0.029453 0.040278
0 0.521484 0.385417 0.022656 0.056389
0 0.042969 0.517361 0.027188 0.072500
0 0.318359 0.342014 0.013594 0.036250
0 0.148438 0.501736 0.027187 0.068472
0 0.147461 0.375000 0.020391 0.040278
0 0.173828 0.458333 0.013594 0.056389
0 0.130859 0.401042 0.013594 0.052361
0 0.487305 0.328125 0.015859 0.036250
0 0.351562 0.335069 0.018125 0.052361
0 0.083008 0.465278 0.020391 0.072500
0 0.120117 0.451389 0.020391 0.072500
0 0.431641 0.385417 0.013594 0.056389
0 0.030273 0.673611 0.024922 0.112778
0 0.792969 0.378472 0.045313 0.056389
