0 0.889648 0.279514 0.033984 0.036250
0 0.358398 0.532986 0.065703 0.076528
0 0.540039 0.375000 0.033984 0.040278
0 0.461914 0.404514 0.024922 0.036250
0 0.731445 0.380208 0.043047 0.052361
0 0.087891 0.407986 0.027188 0.068472
0 0.765625 0.397569 0.049844 0.052361
0 0.567383 0.392361 0.043047 0.040278
0 0.003164 0.517361 0.006328 0.040278
0 0.129883 0.375000 0.029453 0.072500
0 0.037109 0.654514 0.072500 0.100694
0 0.349609 0.430556 0.054375 0.056389
0 0.300781 0.468750 0.058906 0.072500
0 0.208008 0.498264 0.065703 0.068472
0 0.393555 0.381944 0.043047 0.056389
0 0.061523 0.413194 0.015859 0.056389
0 0.621094 0.430556 0.049844 0.048333
0 0.865234 0.413194 0.049844 0.056389
0 0.031250 0.428819 0.027188 0.052361
0 0.861328 0.272569 0.027187 0.044306
0 0.521484 0.454861 0.049844 0.056389
0 0.615234 0.484375 0.063438 0.108750
0 0.437500 0.435764 0.058906 0.068472
0 0.612305 0.500000 0.056641 0.072500
0 0.542969 0.302083 0.027187 0.048333
0 0.831055 0.366319 0.029453 0.044306
0 0.660156 0.399306 0.040781 0.056389
0 0.508789 0.505208 0.052109 0.084583
0 0.842773 0.368056 0.056641 0.048333
0 0.167969 0.656250 0.086094 0.112778
