0 0.589844 0.286458 0.018125 0.052361
0 0.799805 0.406250 0.074766 0.064444
0 0.981094 0.368056 0.037813 0.088611
0 0.141602 0.501736 0.070234 0.076528
0 0.042969 0.522569 0.072500 0.060417
0 0.078125 0.291667 0.022656 0.040278
0 0.230469 0.430556 0.045312 0.056389
0 0.089844 0.473958 0.077031 0.052361
0 0.786133 0.376736 0.043047 0.052361
0 0.645508 0.432292 0.047578 0.052361
0 0.117188 0.404514 0.027187 0.068472
0 0.839844 0.258681 0.013594 0.028194
0 0.830078 0.260417 0.009062 0.032222
0 0.010547 0.553819 0.021094 0.052361
0 0.967773 0.277778 0.029453 0.040278
0 0.651367 0.470486 0.047578 0.068472
0 0.686523 0.404514 0.056641 0.060417
