0 0.088867 0.305556 0.020391 0.048333
0 0.358398 0.225694 0.006797 0.024167
0 0.142578 0.267361 0.013594 0.032222
0 0.537109 0.663194 0.040781 0.088611
0 0.384766 0.348958 0.009062 0.052361
0 0.267578 0.407986 0.013594 0.052361
0 0.443359 0.366319 0.013594 0.052361
0 0.124023 0.401042 0.024922 0.052361
0 0.251953 0.253472 0.018125 0.024167
0 0.301758 0.496528 0.020391 0.064444
0 0.183594 0.380208 0.049844 0.052361
0 0.336914 0.489583 0.015859 0.056389
0 0.915039 0.940278 0.065703 0.119444
0 0.849609 0.918403 0.058906 0.116806
0 0.046875 0.559028 0.036250 0.032222
0 0.249023 0.329861 0.029453 0.032222
0 0.045898 0.288194 0.020391 0.048333
0 0.948242 0.902778 0.070234 0.153056
0 0.251953 0.572917 0.022656 0.088611
0 0.398438 0.670139 0.040781 0.104722
0 0.466797 0.814236 0.054375 0.149028
0 0.481445 0.708333 0.015859 0.056389
0 0.449219 0.699653 0.013594 0.068472
0 0.240313 0.357847 0.480625 0.715694
0 0.263965 0.356771 0.527930 0.713542
0 0.165039 0.545139 0.033984 0.072500
0 0.322266 0.321181 0.022656 0.052361
0 0.220703 0.453125 0.022656 0.076528
0 0.333984 0.938264 0.049844 0.123472
0 0.129883 0.317708 0.029453 0.060417
0 0.339844 0.250000 0.009062 0.032222
0 0.149414 0.437500 0.024922 0.064444
0 0.377930 0.194444 0.006797 0.016111
0 0.354492 0.409722 0.015859 0.048333
0 0.378906 0.576389 0.036250 0.072500
0 0.014648 0.281250 0.020391 0.040278
0 0.375977 0.498264 0.020391 0.044306
0 0.423828 0.957014 0.045312 0.085972
0 0.373047 0.293403 0.013594 0.044306
0 0.467773 0.418403 0.015859 0.068472
0 0.305664 0.371528 0.015859 0.040278
