0 0.895508 0.267361 0.033984 0.040278
0 0.645508 0.352431 0.052109 0.060417
0 0.170898 0.375000 0.033984 0.072500
0 0.989258 0.255208 0.020391 0.028194
0 0.840820 0.244792 0.033984 0.036250
0 0.699219 0.392361 0.045313 0.072500
0 0.795898 0.263889 0.020391 0.032222
0 0.342773 0.418403 0.043047 0.076528
0 0.270508 0.321181 0.006797 0.052361
0 0.121094 0.369792 0.022656 0.036250
0 0.358398 0.470486 0.052109 0.068472
0 0.189453 0.397569 0.049844 0.044306
0 0.789062 0.366319 0.036250 0.092639
0 0.011719 0.501736 0.013594 0.020139
0 0.036914 0.522569 0.073828 0.092639
0 0.452148 0.482639 0.052109 0.072500
0 0.150391 0.552083 0.095156 0.120833
0 0.316406 0.317708 0.013594 0.052361
0 0.349609 0.303819 0.013594 0.020139
0 0.348633 0.321181 0.011328 0.020139
0 0.274414 0.508681 0.070234 0.060417
0 0.399414 0.440972 0.056641 0.056389
0 0.824219 0.348958 0.045313 0.052361
0 0.266602 0.390625 0.015859 0.036250
0 0.238281 0.383681 0.022656 0.052361
0 0.326172 0.621528 0.036250 0.080556
0 0.983203 0.434028 0.033594 0.064444
0 0.291992 0.326389 0.011328 0.040278
0 0.240234 0.434028 0.036250 0.040278
0 0.269531 0.420139 0.018125 0.032222
0 0.504883 0.390625 0.029453 0.036250
0 0.877930 0.248264 0.020391 0.028194
0 0.638672 0.407986 0.049844 0.068472
0 0.761719 0.390625 0.045313 0.068472
0 0.555664 0.418403 0.043047 0.068472
0 0.245117 0.472222 0.033984 0.072500
0 0.479492 0.414931 0.043047 0.052361
0 0.257812 0.248264 0.009062 0.036250
0 0.049805 0.291667 0.029453 0.032222
0 0.548828 0.364583 0.058906 0.064444
0 0.480469 0.310764 0.013594 0.036250
0 0.530273 0.475694 0.056641 0.056389
0 0.361328 0.215278 0.013594 0.032222
