0 0.415039 0.531250 0.065703 0.072500
0 0.492188 0.314236 0.013594 0.052361
0 0.958984 0.281250 0.036250 0.032222
0 0.479492 0.439236 0.056641 0.052361
0 0.740234 0.359375 0.022656 0.044306
0 0.068359 0.413194 0.027188 0.056389
0 0.879883 0.381944 0.056641 0.056389
0 0.537109 0.401042 0.045313 0.052361
0 0.010547 0.420139 0.021094 0.072500
0 0.686523 0.428819 0.015859 0.020139
0 0.683594 0.446181 0.018125 0.020139
0 0.711914 0.435764 0.029453 0.036250
0 0.507812 0.482639 0.054375 0.064444
0 0.219727 0.539931 0.079297 0.084583
0 0.146484 0.392361 0.022656 0.056389
0 0.615234 0.409722 0.049844 0.048333
0 0.807617 0.430556 0.033984 0.048333
0 0.043945 0.411458 0.020391 0.052361
0 0.880859 0.263889 0.027187 0.032222
0 0.930664 0.366319 0.056641 0.052361
0 0.089844 0.399306 0.022656 0.056389
0 0.542969 0.496528 0.058906 0.072500
0 0.673828 0.427083 0.040781 0.056389
0 0.599609 0.310764 0.013594 0.036250
0 0.152344 0.638889 0.090625 0.104722
0 0.780273 0.401042 0.056641 0.068472
