0 0.224609 0.915764 0.086094 0.168472
0 0.917969 0.303819 0.027187 0.044306
0 0.691406 0.236111 0.013594 0.032222
0 0.095703 0.315972 0.022656 0.048333
0 0.173828 0.567708 0.031719 0.084583
0 0.136719 0.258681 0.027187 0.052361
0 0.810547 0.439236 0.031719 0.076528
0 0.041016 0.680556 0.036250 0.120833
0 0.602539 0.912014 0.052109 0.175972
0 0.042969 0.295139 0.013594 0.040278
0 0.481445 0.661458 0.043047 0.116806
0 0.103516 0.826389 0.036250 0.145000
0 0.278320 0.786458 0.033984 0.132917
0 0.383789 0.652778 0.052109 0.104722
0 0.227539 0.592014 0.020391 0.100694
0 0.373047 0.390625 0.013594 0.068472
0 0.291016 0.539931 0.022656 0.084583
0 0.694336 0.335069 0.015859 0.052361
0 0.183594 0.380208 0.049844 0.052361
0 0.874023 0.265625 0.029453 0.036250
0 0.978984 0.756944 0.042031 0.120833
0 0.471680 0.529514 0.033984 0.076528
0 0.416016 0.467014 0.018125 0.060417
0 0.992188 0.420139 0.013594 0.080556
0 0.780273 0.526042 0.043047 0.044306
0 0.436523 0.480903 0.029453 0.068472
0 0.355469 0.847222 0.058906 0.169167
0 0.436523 0.786458 0.056641 0.165139
0 0.477539 0.973958 0.006797 0.012083
0 0.520508 0.964514 0.065703 0.070972
0 0.240234 0.468750 0.036250 0.072500
