0 0.645508 0.359375 0.033984 0.068472
0 0.552734 0.413194 0.036250 0.056389
0 0.761719 0.248264 0.013594 0.036250
0 0.261719 0.250000 0.013594 0.032222
0 0.471680 0.378472 0.047578 0.048333
0 0.837891 0.354167 0.058906 0.040278
0 0.058594 0.359375 0.036250 0.036250
0 0.280273 0.258681 0.011328 0.036250
0 0.295898 0.494792 0.065703 0.068472
0 0.404297 0.381944 0.045312 0.056389
0 0.380859 0.279514 0.013594 0.036250
0 0.857422 0.256944 0.022656 0.024167
0 0.136719 0.255208 0.027187 0.044306
0 0.023203 0.508681 0.046406 0.060417
0 0.325195 0.310764 0.015859 0.060417
0 0.018555 0.309028 0.029453 0.040278
0 0.983203 0.442708 0.033594 0.044306
0 0.435547 0.569444 0.063438 0.088611
0 0.480469 0.512153 0.054375 0.068472
0 0.292969 0.326389 0.013594 0.040278
0 0.351562 0.413194 0.022656 0.056389
0 0.362305 0.458333 0.043047 0.064444
0 0.989258 0.255208 0.020391 0.044306
0 0.369141 0.312500 0.013594 0.040278
0 0.672852 0.369792 0.043047 0.052361
0 0.398438 0.272569 0.013594 0.028194
0 0.352539 0.309028 0.020391 0.064444
0 0.234375 0.342014 0.022656 0.036250
0 0.139648 0.456597 0.065703 0.060417
0 0.046406 0.793403 0.092813 0.149028
0 0.526367 0.395833 0.038516 0.048333
0 0.633789 0.467014 0.052109 0.068472
0 0.439453 0.413194 0.049844 0.064444
0 0.399414 0.501736 0.056641 0.076528
0 0.570312 0.527778 0.049844 0.072500
0 0.416016 0.314236 0.013594 0.036250
0 0.479492 0.305556 0.011328 0.048333
0 0.156250 0.531250 0.072500 0.080556
0 0.608398 0.397569 0.047578 0.052361
0 0.882812 0.265625 0.022656 0.036250
0 0.291016 0.399306 0.049844 0.048333
0 0.210176 0.106771 0.420352 0.207431
0 0.230469 0.640625 0.086094 0.108750
