0 0.327148 0.475694 0.020391 0.056389
0 0.561523 0.430556 0.015859 0.056389
0 0.131836 0.376736 0.015859 0.068472
0 0.477539 0.505208 0.020391 0.084583
0 0.064453 0.692708 0.036250 0.124861
0 0.354492 0.397569 0.015859 0.052361
0 0.418945 0.725694 0.056641 0.120833
0 0.439453 0.661458 0.036250 0.124861
0 0.676758 0.883681 0.092891 0.157083
0 0.500977 0.545139 0.029453 0.104722
0 0.390625 0.272569 0.009062 0.028194
0 0.568359 0.621528 0.045313 0.104722
0 0.319336 0.368056 0.015859 0.048333
0 0.065430 0.310764 0.033984 0.036250
0 0.355469 0.786458 0.031719 0.132917
0 0.683594 0.546875 0.036250 0.068472
0 0.467773 0.798611 0.070234 0.104722
0 0.512695 0.756944 0.043047 0.128889
0 0.479492 0.717014 0.011328 0.036250
0 0.095703 0.821181 0.036250 0.132917
0 0.061465 0.403924 0.122930 0.807847
0 0.369141 0.317708 0.013594 0.044306
0 0.301758 0.298611 0.006797 0.040278
0 0.299805 0.376736 0.015859 0.068472
0 0.285156 0.730903 0.027188 0.116806
0 0.609375 0.625000 0.036250 0.072500
0 0.446289 0.312500 0.006797 0.040278
0 0.314453 0.546875 0.022656 0.076528
0 0.777344 0.932639 0.063438 0.134722
0 0.359375 0.715278 0.022656 0.080556
0 0.518555 0.687500 0.029453 0.072500
0 0.535156 0.628472 0.027187 0.096667
0 0.343750 0.319444 0.013594 0.048333
0 0.884766 0.420139 0.049844 0.048333
0 0.605469 0.812500 0.027187 0.072500
0 0.561523 0.784722 0.015859 0.072500
0 0.381836 0.350694 0.024922 0.056389
0 0.582031 0.710069 0.049844 0.092639
0 0.436523 0.456597 0.015859 0.060417
0 0.277344 0.284722 0.009062 0.048333
0 0.471680 0.611111 0.033984 0.104722
0 0.604492 0.899306 0.043047 0.120833
0 0.561523 0.852431 0.029453 0.084583
0 0.433594 0.336806 0.022656 0.048333
0 0.222656 0.789931 0.036250 0.124861
0 0.642578 0.531250 0.031719 0.104722
0 0.352539 0.949653 0.083828 0.100694
0 0.635742 0.803819 0.056641 0.116806
