0 0.159180 0.348958 0.020391 0.052361
0 0.400391 0.336806 0.013594 0.056389
0 0.109375 0.345486 0.031719 0.052361
0 0.349609 0.319444 0.013594 0.048333
0 0.837891 0.260417 0.027187 0.032222
0 0.714844 0.335069 0.049844 0.044306
0 0.241211 0.274306 0.015859 0.048333
0 0.152344 0.991319 0.009062 0.012083
0 0.186523 0.966389 0.056641 0.067222
0 0.088867 0.411458 0.047578 0.044306
0 0.286133 0.328125 0.015859 0.036250
0 0.123047 0.564236 0.027187 0.076528
0 0.247070 0.241319 0.011328 0.028194
0 0.246094 0.543403 0.022656 0.076528
0 0.298828 0.461806 0.018125 0.048333
0 0.787109 0.420139 0.058906 0.104722
0 0.376953 0.331597 0.018125 0.052361
0 0.433594 0.402778 0.018125 0.064444
0 0.034180 0.756944 0.033984 0.128889
0 0.152344 0.338542 0.036250 0.076528
0 0.063477 0.314236 0.024922 0.052361
0 0.152344 0.704861 0.022656 0.112778
0 0.286133 0.569444 0.029453 0.088611
0 0.294922 0.633681 0.022656 0.052361
0 0.090820 0.793403 0.033984 0.140972
0 0.289062 0.321181 0.018125 0.052361
0 0.314453 0.304167 0.009062 0.012889
0 0.314453 0.325174 0.009062 0.026986
0 0.333984 0.309028 0.018125 0.064444
0 0.080078 0.630208 0.040781 0.092639
0 0.271484 0.335069 0.018125 0.052361
0 0.154297 0.513889 0.027187 0.064444
0 0.633789 0.951389 0.047578 0.096667
0 0.186523 0.546875 0.029453 0.076528
0 0.266602 0.298611 0.015859 0.040278
0 0.218750 0.642361 0.027187 0.104722
0 0.136719 0.409722 0.018125 0.072500
0 0.012656 0.902778 0.025313 0.153056
0 0.536133 0.465278 0.015859 0.064444
0 0.223633 0.251736 0.011328 0.052361
0 0.042969 0.296875 0.018125 0.036250
0 0.558594 0.979167 0.022656 0.040278
0 0.322871 0.500000 0.645742 1.000000
0 0.632812 0.949514 0.049844 0.100972
0 0.586914 0.902778 0.015859 0.032222
0 0.355469 0.279514 0.013594 0.036250
0 0.604492 0.204861 0.011328 0.032222
0 0.184570 0.380208 0.047578 0.052361
0 0.765625 0.362847 0.036250 0.060417
