0 0.533203 0.305556 0.022656 0.048333
0 0.493164 0.380208 0.043047 0.052361
0 0.057617 0.407986 0.020391 0.052361
0 0.027344 0.512153 0.031719 0.068472
0 0.120117 0.383681 0.020391 0.052361
0 0.879883 0.394097 0.061172 0.052361
0 0.095703 0.395833 0.022656 0.056389
0 0.177734 0.435764 0.063437 0.060417
0 0.721680 0.355903 0.052109 0.044306
0 0.127930 0.461806 0.079297 0.056389
0 0.025391 0.406250 0.027188 0.072500
0 0.980469 0.272569 0.027187 0.052361
0 0.336914 0.527778 0.056641 0.072500
0 0.412109 0.411458 0.054375 0.052361
0 0.646484 0.380208 0.049844 0.052361
0 0.068359 0.661458 0.099688 0.124861
