0 0.377930 0.576389 0.033984 0.080556
0 0.369141 0.684028 0.045312 0.104722
0 0.037109 0.350694 0.013594 0.056389
0 0.432617 0.477431 0.020391 0.060417
0 0.139648 0.267361 0.020391 0.056389
0 0.742188 0.704861 0.072500 0.104722
0 0.501953 0.536458 0.036250 0.092639
0 0.810547 0.953125 0.027187 0.068472
0 0.939453 0.940139 0.077031 0.119722
0 0.855469 0.868056 0.027187 0.048333
0 0.095703 0.253472 0.022656 0.048333
0 0.710938 0.531250 0.040781 0.072500
0 0.915039 0.734375 0.097422 0.140972
0 0.606445 0.529514 0.029453 0.076528
0 0.077148 0.375000 0.020391 0.064444
0 0.245117 0.500000 0.020391 0.072500
0 0.118164 0.378472 0.015859 0.048333
0 0.411133 0.503472 0.024922 0.120833
0 0.561523 0.522569 0.029453 0.052361
0 0.404297 0.428819 0.018125 0.052361
0 0.015820 0.704861 0.031641 0.112778
0 0.289062 0.399306 0.018125 0.072500
0 0.152344 0.333333 0.022656 0.080556
0 0.784180 0.657986 0.047578 0.108750
0 0.458984 0.675347 0.063438 0.084583
0 0.659180 0.739583 0.079297 0.096667
0 0.280273 0.788194 0.043047 0.128889
0 0.349609 0.501736 0.027188 0.068472
0 0.324219 0.586806 0.040781 0.088611
0 0.183594 0.380208 0.049844 0.052361
0 0.186523 0.508681 0.029453 0.084583
0 0.274414 0.480903 0.029453 0.100694
0 0.245117 0.588542 0.033984 0.068472
0 0.521484 0.421875 0.022656 0.076528
0 0.633789 0.593750 0.020391 0.072500
0 0.660156 0.583333 0.027187 0.056389
0 0.333984 0.375000 0.018125 0.072500
0 0.146484 0.491319 0.022656 0.084583
0 0.124023 0.531250 0.024922 0.072500
0 0.012656 0.912014 0.025313 0.175972
0 0.966328 0.852431 0.067344 0.132917
0 0.602539 0.607639 0.020391 0.096667
0 0.569336 0.640625 0.065703 0.108750
0 0.346680 0.729167 0.047578 0.104722
0 0.655273 0.915903 0.129141 0.168194
0 0.462891 0.375000 0.013594 0.064444
0 0.690430 0.690972 0.033984 0.120833
0 0.202148 0.812500 0.065703 0.145000
0 0.634766 0.505208 0.022656 0.060417
0 0.228516 0.944028 0.058906 0.111944
0 0.276367 0.934653 0.047578 0.130694
