0 0.173828 0.678819 0.027187 0.132917
0 0.184570 0.380208 0.047578 0.052361
0 0.367188 0.291667 0.013594 0.032222
0 0.392578 0.260417 0.013594 0.032222
0 0.299805 0.442708 0.024922 0.028194
0 0.140625 0.631944 0.036250 0.096667
0 0.346680 0.482639 0.020391 0.080556
0 0.057617 0.671875 0.024922 0.108750
0 0.283203 0.392361 0.018125 0.056389
0 0.098633 0.302083 0.024922 0.048333
0 0.358398 0.713542 0.047578 0.149028
0 0.259766 0.532986 0.022656 0.076528
0 0.300781 0.335069 0.009062 0.052361
0 0.321289 0.390625 0.020391 0.068472
0 0.251953 0.352431 0.027188 0.052361
0 0.302734 0.498264 0.022656 0.100694
0 0.483398 0.925139 0.033984 0.149722
0 0.789062 0.427083 0.063438 0.064444
0 0.243164 0.489583 0.015859 0.064444
0 0.336914 0.915764 0.056641 0.168472
0 0.470703 0.538194 0.022656 0.088611
0 0.405273 0.600694 0.029453 0.120833
0 0.061523 0.293403 0.043047 0.044306
0 0.399414 0.915903 0.043047 0.168194
0 0.429688 0.281250 0.013594 0.040278
0 0.152344 0.836806 0.036250 0.145000
0 0.746094 0.329861 0.036250 0.040278
0 0.264648 0.416667 0.020391 0.088611
0 0.222656 0.911458 0.036250 0.157083
