0 0.382383 0.184896 0.764766 0.356458
0 0.606445 0.324653 0.011328 0.028194
0 0.817383 0.552083 0.024922 0.048333
0 0.988281 0.552083 0.022656 0.064444
0 0.660156 0.373264 0.013594 0.036250
0 0.957031 0.659722 0.045313 0.056389
0 0.165039 0.500000 0.020391 0.056389
0 0.820312 0.555556 0.018125 0.040278
0 0.208008 0.373264 0.024922 0.044306
0 0.268555 0.435764 0.024922 0.036250
0 0.670898 0.435764 0.011328 0.044306
0 0.013711 0.730903 0.027422 0.124861
0 0.594727 0.340278 0.006797 0.032222
0 0.564453 0.348958 0.013594 0.028194
0 0.312168 0.194444 0.624336 0.370556
0 0.229492 0.421875 0.043047 0.044306
0 0.791016 0.486111 0.018125 0.040278
0 0.146484 0.242187 0.285469 0.424931
0 0.859375 0.559028 0.027187 0.048333
0 0.707031 0.428819 0.013594 0.028194
0 0.680664 0.854167 0.033984 0.080556
0 0.748047 0.440972 0.013594 0.032222
0 0.735352 0.451389 0.015859 0.040278
0 0.946289 0.512153 0.043047 0.052361
