0 0.947266 0.510417 0.045313 0.056389
0 0.918945 0.968264 0.065703 0.063472
0 0.726562 0.394097 0.013594 0.028194
0 0.541016 0.378472 0.022656 0.040278
0 0.890625 0.666667 0.031719 0.056389
0 0.633789 0.964514 0.033984 0.070972
0 0.099609 0.602431 0.031719 0.068472
0 0.646484 0.368056 0.009062 0.040278
0 0.142578 0.579861 0.022656 0.056389
0 0.709961 0.442708 0.011328 0.028194
0 0.664062 0.416667 0.009062 0.032222
0 0.823242 0.458333 0.020391 0.040278
0 0.878906 0.815972 0.045313 0.096667
0 0.700195 0.482639 0.015859 0.040278
0 0.625977 0.366319 0.011328 0.028194
0 0.409336 0.324653 0.818672 0.640417
0 0.634766 0.968264 0.031719 0.063472
0 0.262695 0.503472 0.020391 0.048333
0 0.989258 0.557292 0.020391 0.060417
