0 0.946289 0.510417 0.043047 0.056389
0 0.924805 0.909722 0.047578 0.088611
0 0.193359 0.434028 0.036250 0.064444
0 0.556641 0.357639 0.013594 0.048333
0 0.624023 0.364583 0.011328 0.048333
0 0.874023 0.685764 0.029453 0.068472
0 0.572266 0.343750 0.013594 0.040278
0 0.256836 0.406250 0.038516 0.056389
0 0.689453 0.512153 0.013594 0.036250
0 0.888672 0.600694 0.027187 0.040278
0 0.541016 0.371528 0.018125 0.048333
0 0.728516 0.588542 0.013594 0.044306
0 0.164062 0.496528 0.022656 0.064444
0 0.225586 0.421875 0.038516 0.052361
0 0.271484 0.427083 0.018125 0.048333
0 0.609375 0.342014 0.013594 0.044306
0 0.934570 0.717014 0.038516 0.060417
0 0.321660 0.186632 0.643320 0.344375
0 0.707031 0.479167 0.013594 0.040278
0 0.733398 0.453125 0.011328 0.036250
0 0.988281 0.559028 0.022656 0.080556
0 0.849609 0.723958 0.027187 0.060417
0 0.778320 0.598958 0.020391 0.052361
0 0.925781 0.909722 0.045313 0.088611
0 0.672852 0.557292 0.011328 0.044306
0 0.802734 0.736111 0.036250 0.056389
0 0.776367 0.454861 0.015859 0.032222
0 0.803711 0.534722 0.020391 0.040278
