0 0.953125 0.755208 0.049844 0.108750
0 0.718750 0.355903 0.009062 0.028194
0 0.911133 0.664931 0.033984 0.068472
0 0.987305 0.699653 0.024922 0.092639
0 0.717773 0.421875 0.015859 0.036250
0 0.290312 0.241319 0.580625 0.463194
0 0.911133 0.524306 0.052109 0.048333
0 0.207031 0.390625 0.031719 0.028194
0 0.943359 0.513889 0.049844 0.048333
0 0.402871 0.214514 0.805742 0.429028
0 0.989258 0.564236 0.020391 0.068472
0 0.755859 0.489583 0.013594 0.032222
0 0.860352 0.736111 0.029453 0.064444
0 0.686523 0.362847 0.011328 0.028194
0 0.701172 0.355903 0.009062 0.028194
0 0.850586 0.564236 0.024922 0.044306
