0 0.947266 0.510417 0.045313 0.056389
0 0.689453 0.315972 0.009062 0.032222
0 0.907227 0.678819 0.047578 0.108750
0 0.722656 0.362847 0.013594 0.036250
0 0.250977 0.437500 0.043047 0.032222
0 0.097656 0.602431 0.040781 0.076528
0 0.891602 0.859375 0.043047 0.108750
0 0.975820 0.758681 0.048359 0.124861
0 0.712891 0.520833 0.018125 0.040278
0 0.043945 0.638889 0.033984 0.104722
0 0.199219 0.376736 0.022656 0.044306
0 0.600586 0.338542 0.024922 0.036250
0 0.986328 0.906250 0.027187 0.080556
0 0.500000 0.305556 1.000000 0.596111
0 0.577148 0.607639 0.015859 0.048333
0 0.189453 0.446181 0.040781 0.044306
0 0.872070 0.546875 0.029453 0.044306
