0 0.945312 0.517361 0.045313 0.040278
0 0.572266 0.644097 0.018125 0.052361
0 0.623047 0.343750 0.009062 0.032222
0 0.459512 0.306424 0.919023 0.606181
0 0.196289 0.427083 0.029453 0.040278
0 0.266602 0.428819 0.029453 0.036250
0 0.238281 0.437500 0.036250 0.032222
0 0.903320 0.633681 0.024922 0.036250
0 0.256836 0.359375 0.020391 0.044306
0 0.975586 0.682292 0.047578 0.108750
0 0.772461 0.644097 0.020391 0.052361
0 0.178711 0.703125 0.056641 0.100694
0 0.579102 0.505208 0.015859 0.044306
0 0.823242 0.848958 0.029453 0.076528
0 0.798828 0.506944 0.022656 0.048333
0 0.400449 0.278646 0.800898 0.541736
0 0.989258 0.564236 0.020391 0.068472
0 0.721680 0.373264 0.011328 0.028194
