0 0.947266 0.510417 0.045313 0.056389
0 0.663086 0.501736 0.015859 0.052361
0 0.600586 0.663194 0.029453 0.056389
0 0.698242 0.420139 0.011328 0.032222
0 0.197266 0.378472 0.022656 0.040278
0 0.988281 0.557292 0.022656 0.052361
0 0.956055 0.953264 0.070234 0.093472
0 0.774414 0.472222 0.015859 0.032222
0 0.725586 0.446181 0.011328 0.028194
0 0.163086 0.496528 0.024922 0.064444
0 0.536133 0.399306 0.020391 0.040278
0 0.319395 0.268229 0.638789 0.517569
0 0.844727 0.717014 0.029453 0.076528
0 0.831055 0.946181 0.033984 0.076528
0 0.670898 0.416667 0.015859 0.040278
0 0.626953 0.317708 0.009062 0.036250
0 0.260742 0.368056 0.020391 0.032222
0 0.946289 0.723958 0.043047 0.060417
0 0.564453 0.623264 0.022656 0.060417
0 0.899414 0.581597 0.029453 0.052361
0 0.396387 0.315208 0.792773 0.630417
0 0.030586 0.871528 0.061172 0.136944
0 0.197266 0.618056 0.036250 0.096667
0 0.639648 0.394097 0.011328 0.028194
0 0.201172 0.532986 0.022656 0.060417
0 0.828125 0.946181 0.040781 0.084583
0 0.626953 0.432292 0.013594 0.036250
0 0.687500 0.335069 0.009062 0.036250
0 0.759766 0.440972 0.013594 0.024167
0 0.781250 0.567708 0.022656 0.044306
0 0.223633 0.375000 0.020391 0.040278
0 0.654297 0.364583 0.013594 0.024167
0 0.832031 0.501736 0.018125 0.036250
0 0.611328 0.343750 0.009062 0.032222
0 0.798828 0.772569 0.031719 0.068472
0 0.699219 0.612847 0.022656 0.052361
0 0.757812 0.973889 0.045313 0.052222
0 0.196289 0.635417 0.029453 0.056389
0 0.801758 0.546875 0.015859 0.052361
