0 0.947266 0.508681 0.045313 0.060417
0 0.313477 0.894097 0.047578 0.108750
0 0.786133 0.678819 0.033984 0.052361
0 0.607422 0.453125 0.013594 0.028194
0 0.278320 0.597222 0.024922 0.072500
0 0.069336 0.770833 0.052109 0.112778
0 0.134766 0.723958 0.045312 0.092639
0 0.163086 0.498264 0.020391 0.060417
0 0.932617 0.883681 0.052109 0.116806
0 0.574219 0.651042 0.022656 0.052361
0 0.112305 0.809028 0.056641 0.104722
0 0.661133 0.340278 0.011328 0.040278
0 0.541992 0.451389 0.024922 0.048333
0 0.286133 0.836806 0.024922 0.104722
0 0.615234 0.282986 0.013594 0.036250
0 0.860352 0.984375 0.056641 0.028194
0 0.786133 0.656250 0.038516 0.104722
0 0.044922 0.736111 0.031719 0.096667
0 0.933594 0.895833 0.049844 0.088611
0 0.712891 0.390625 0.013594 0.028194
0 0.717773 0.654514 0.020391 0.052361
0 0.988281 0.559028 0.022656 0.080556
0 0.838867 0.815972 0.038516 0.056389
0 0.713867 0.833333 0.029453 0.072500
0 0.605469 0.437500 0.018125 0.064444
0 0.742188 0.552083 0.018125 0.040278
