0 0.947266 0.510417 0.045313 0.056389
0 0.706055 0.336806 0.011328 0.032222
0 0.620117 0.326389 0.011328 0.032222
0 0.426816 0.234063 0.853633 0.468125
0 0.582031 0.347222 0.018125 0.032222
0 0.963867 0.737847 0.047578 0.116806
0 0.675781 0.333333 0.009062 0.032222
0 0.026367 0.673611 0.052734 0.080556
0 0.751953 0.338542 0.027187 0.036250
0 0.270508 0.428819 0.024922 0.060417
0 0.193359 0.621528 0.040781 0.080556
0 0.796875 0.494792 0.022656 0.036250
0 0.995117 0.824653 0.006797 0.092639
0 0.727539 0.421875 0.011328 0.028194
0 0.989258 0.560764 0.020391 0.052361
0 0.859375 0.583333 0.027187 0.048333
0 0.806641 0.590278 0.022656 0.048333
0 0.835938 0.510417 0.027187 0.064444
