0 0.947266 0.508681 0.045313 0.060417
0 0.708008 0.368056 0.011328 0.024167
0 0.664062 0.296875 0.013594 0.028194
0 0.739258 0.461806 0.015859 0.040278
0 0.750000 0.510417 0.018125 0.056389
0 0.978984 0.836806 0.042031 0.145000
0 0.758789 0.456597 0.015859 0.044306
0 0.505859 0.437500 0.009062 0.040278
0 0.587891 0.578125 0.018125 0.044306
0 0.882812 0.616319 0.031719 0.084583
0 0.573242 0.317708 0.011328 0.020139
0 0.202148 0.399306 0.024922 0.024167
0 0.822266 0.534722 0.031719 0.048333
0 0.009492 0.756944 0.018984 0.104722
0 0.080078 0.897569 0.063438 0.165139
0 0.202148 0.385417 0.024922 0.056389
0 0.134766 0.684028 0.040781 0.064444
0 0.113281 0.769097 0.054375 0.100694
0 0.101562 0.659722 0.036250 0.080556
0 0.800781 0.432292 0.018125 0.036250
0 0.660156 0.595486 0.018125 0.052361
0 0.550781 0.340278 0.018125 0.032222
0 0.307793 0.351562 0.615586 0.662569
0 0.615234 0.574653 0.018125 0.052361
0 0.695312 0.345486 0.009062 0.020139
0 0.635742 0.618056 0.020391 0.040278
0 0.989258 0.562500 0.020391 0.072500
0 0.805664 0.498264 0.020391 0.036250
