0 0.947266 0.510417 0.045313 0.056389
0 0.716797 0.352431 0.009062 0.036250
0 0.937500 0.668403 0.040781 0.108750
0 0.851562 0.619792 0.031719 0.060417
0 0.700195 0.362847 0.011328 0.036250
0 0.536133 0.434028 0.020391 0.032222
0 0.869141 0.539931 0.027187 0.044306
0 0.750977 0.536458 0.020391 0.036250
0 0.026367 0.651042 0.052734 0.116806
0 0.675781 0.317708 0.009062 0.028194
0 0.592773 0.355903 0.015859 0.036250
0 0.758789 0.467014 0.020391 0.044306
0 0.727539 0.399306 0.011328 0.040278
0 0.445488 0.354167 0.890977 0.692778
0 0.625000 0.359375 0.013594 0.036250
0 0.807617 0.512153 0.024922 0.044306
0 0.426211 0.234063 0.852422 0.468125
0 0.567383 0.373264 0.029453 0.044306
0 0.989258 0.553819 0.020391 0.060417
