0 0.946289 0.510417 0.043047 0.056389
0 0.691406 0.409722 0.013594 0.032222
0 0.754883 0.477431 0.020391 0.044306
0 0.720703 0.456597 0.013594 0.044306
0 0.846680 0.703125 0.029453 0.052361
0 0.801758 0.473958 0.024922 0.044306
0 0.841797 0.607639 0.027187 0.056389
0 0.603516 0.861111 0.027187 0.080556
0 0.740234 0.434028 0.013594 0.032222
0 0.091797 0.274306 0.176719 0.539722
0 0.578125 0.678819 0.022656 0.076528
0 0.704102 0.434028 0.011328 0.032222
0 0.615234 0.378472 0.022656 0.032222
0 0.780273 0.430556 0.020391 0.048333
0 0.992188 0.609375 0.013594 0.052361
0 0.551758 0.458333 0.020391 0.048333
0 0.766602 0.673611 0.024922 0.064444
0 0.810547 0.767361 0.031719 0.072500
0 0.899414 0.664931 0.024922 0.052361
0 0.559570 0.347222 0.011328 0.032222
0 0.261719 0.425347 0.040781 0.044306
0 0.226562 0.416667 0.036250 0.040278
0 0.991211 0.798611 0.015859 0.064444
0 0.667969 0.531250 0.018125 0.048333
0 0.817383 0.527778 0.020391 0.040278
0 0.720703 0.539931 0.018125 0.044306
0 0.769531 0.536458 0.018125 0.044306
0 0.632812 0.409722 0.013594 0.032222
0 0.614258 0.625000 0.024922 0.064444
0 0.786133 0.512153 0.011328 0.036250
0 0.604492 0.861111 0.024922 0.072500
