0 0.764648 0.487847 0.020391 0.060417
0 0.759766 0.428819 0.013594 0.036250
0 0.947266 0.508681 0.045313 0.060417
0 0.705078 0.394097 0.013594 0.036250
0 0.191406 0.380208 0.018125 0.044306
0 0.014766 0.677083 0.029531 0.104722
0 0.542969 0.345486 0.022656 0.044306
0 0.989258 0.559028 0.020391 0.056389
0 0.716797 0.468750 0.013594 0.040278
0 0.099609 0.602431 0.031719 0.076528
0 0.239258 0.503472 0.020391 0.056389
0 0.868164 0.664931 0.033984 0.052361
0 0.599609 0.345486 0.013594 0.028194
0 0.567383 0.354167 0.029453 0.040278
0 0.161133 0.503472 0.015859 0.048333
0 0.736328 0.447917 0.013594 0.032222
0 0.843750 0.586806 0.027187 0.048333
0 0.613281 0.347222 0.013594 0.032222
0 0.763672 0.496528 0.018125 0.040278
0 0.573242 0.491319 0.020391 0.036250
0 0.571289 0.479167 0.024922 0.064444
0 0.799805 0.460069 0.015859 0.028194
0 0.821289 0.486111 0.020391 0.032222
