0 0.615234 0.333333 0.009062 0.032222
0 0.727539 0.510417 0.015859 0.048333
0 0.889648 0.756944 0.047578 0.088611
0 0.947266 0.508681 0.045313 0.060417
0 0.560547 0.434028 0.018125 0.032222
0 0.226562 0.428819 0.013594 0.036250
0 0.600586 0.371528 0.011328 0.032222
0 0.164062 0.500000 0.022656 0.056389
0 0.988281 0.557292 0.022656 0.084583
0 0.215820 0.340278 0.015859 0.040278
0 0.755859 0.390625 0.013594 0.044306
0 0.690430 0.416667 0.011328 0.040278
0 0.572266 0.560764 0.018125 0.044306
0 0.634766 0.668403 0.045313 0.108750
0 0.710938 0.381944 0.013594 0.032222
