0 0.678711 0.336806 0.011328 0.032222
0 0.892578 0.532986 0.022656 0.052361
0 0.255859 0.515625 0.018125 0.052361
0 0.152344 0.605903 0.036250 0.076528
0 0.806641 0.609375 0.022656 0.052361
0 0.989258 0.562500 0.020391 0.072500
0 0.613281 0.640625 0.022656 0.060417
0 0.124023 0.779514 0.038516 0.100694
0 0.222656 0.663194 0.036250 0.096667
0 0.144043 0.334201 0.284336 0.622292
0 0.211914 0.593750 0.024922 0.072500
0 0.891602 0.522569 0.029453 0.076528
0 0.708984 0.381944 0.013594 0.032222
0 0.849609 0.585069 0.031719 0.060417
0 0.219727 0.373264 0.024922 0.044306
0 0.947266 0.505208 0.045313 0.060417
0 0.652344 0.651042 0.027187 0.052361
0 0.738281 0.451389 0.018125 0.040278
0 0.723633 0.369792 0.011328 0.036250
