0 0.629883 0.342014 0.011328 0.028194
0 0.983203 0.809028 0.033594 0.096667
0 0.946289 0.512153 0.043047 0.052361
0 0.275391 0.592014 0.022656 0.052361
0 0.848633 0.579861 0.024922 0.056389
0 0.034180 0.675347 0.052109 0.084583
0 0.245117 0.366319 0.020391 0.044306
0 0.879883 0.527778 0.024922 0.040278
0 0.171875 0.727431 0.040781 0.108750
0 0.214844 0.376736 0.022656 0.044306
0 0.988281 0.555556 0.022656 0.048333
0 0.743164 0.498264 0.015859 0.036250
0 0.540039 0.387153 0.011328 0.028194
0 0.799805 0.470486 0.020391 0.036250
0 0.676758 0.331597 0.011328 0.028194
0 0.789062 0.421875 0.013594 0.036250
