0 0.945312 0.508681 0.045313 0.060417
0 0.377109 0.194444 0.754219 0.370556
0 0.208008 0.815972 0.043047 0.112778
0 0.739258 0.560764 0.020391 0.036250
0 0.574219 0.401042 0.013594 0.036250
0 0.943359 0.821181 0.049844 0.092639
0 0.653320 0.369792 0.011328 0.036250
0 0.226562 0.572917 0.022656 0.056389
0 0.032227 0.730903 0.047578 0.092639
0 0.221680 0.383681 0.020391 0.036250
0 0.266602 0.519097 0.020391 0.068472
0 0.559570 0.322917 0.020391 0.024167
0 0.007383 0.821181 0.014766 0.092639
0 0.238281 0.510417 0.018125 0.056389
0 0.165039 0.501736 0.020391 0.052361
0 0.924805 0.696181 0.043047 0.100694
0 0.632812 0.687500 0.027187 0.072500
0 0.061523 0.836806 0.065703 0.145000
0 0.198242 0.560764 0.024922 0.052361
0 0.632812 0.291667 0.004531 0.024167
0 0.184570 0.649306 0.029453 0.064444
0 0.080078 0.711806 0.049844 0.064444
0 0.561523 0.465278 0.020391 0.048333
0 0.988281 0.557292 0.022656 0.084583
0 0.216797 0.690972 0.036250 0.056389
0 0.585938 0.494792 0.022656 0.044306
0 0.600586 0.307292 0.015859 0.028194
0 0.757812 0.453125 0.013594 0.028194
