0 0.575195 0.395833 0.029453 0.032222
0 0.279297 0.557292 0.018125 0.068472
0 0.268555 0.473958 0.015859 0.036250
0 0.758789 0.472222 0.015859 0.040278
0 0.591797 0.322917 0.013594 0.024167
0 0.257812 0.508681 0.018125 0.060417
0 0.222656 0.645833 0.027187 0.080556
0 0.677734 0.354167 0.009062 0.032222
0 0.989258 0.559028 0.020391 0.056389
0 0.124023 0.600694 0.043047 0.072500
0 0.018984 0.951389 0.037969 0.097222
0 0.947266 0.508681 0.045313 0.060417
0 0.615234 0.340278 0.022656 0.032222
0 0.156523 0.406250 0.313047 0.700833
0 0.713867 0.399306 0.011328 0.032222
0 0.097656 0.453993 0.154062 0.819653
0 0.697266 0.347222 0.009062 0.032222
0 0.204102 0.565972 0.033984 0.064444
0 0.178711 0.866319 0.038516 0.116806
