0 0.946289 0.510417 0.043047 0.056389
0 0.213867 0.345486 0.011328 0.036250
0 0.809570 0.517361 0.020391 0.040278
0 0.303574 0.201389 0.607148 0.386667
0 0.711914 0.380208 0.011328 0.028194
0 0.724609 0.411458 0.013594 0.036250
0 0.258789 0.359375 0.020391 0.044306
0 0.887695 0.814236 0.043047 0.116806
0 0.972656 0.748264 0.045313 0.068472
0 0.689453 0.428819 0.013594 0.036250
0 0.163086 0.496528 0.024922 0.064444
0 0.526367 0.444444 0.015859 0.040278
0 0.620117 0.355903 0.011328 0.044306
0 0.749023 0.440972 0.020391 0.048333
0 0.972656 0.750000 0.045313 0.064444
0 0.849609 0.586806 0.027187 0.048333
0 0.357676 0.194444 0.715352 0.370556
0 0.790039 0.458333 0.020391 0.024167
0 0.658203 0.966389 0.036250 0.067222
0 0.539062 0.371528 0.013594 0.032222
