0 0.636719 0.312500 0.009062 0.024167
0 0.973711 0.938264 0.052578 0.123472
0 0.099609 0.602431 0.031719 0.076528
0 0.279297 0.572917 0.018125 0.064444
0 0.858398 0.614583 0.033984 0.096667
0 0.176758 0.520833 0.020391 0.056389
0 0.500000 0.306424 1.000000 0.590069
0 0.024258 0.737847 0.048516 0.157083
0 0.657227 0.317708 0.011328 0.028194
0 0.125000 0.607639 0.049844 0.072500
0 0.715820 0.407986 0.038516 0.036250
0 0.215820 0.369792 0.024922 0.044306
0 0.666016 0.387153 0.013594 0.044306
0 0.823242 0.454861 0.020391 0.048333
0 0.947266 0.508681 0.045313 0.060417
0 0.541016 0.376736 0.022656 0.052361
0 0.284180 0.642361 0.015859 0.080556
0 0.691406 0.364583 0.009062 0.032222
0 0.701172 0.347222 0.009062 0.040278
0 0.764648 0.477431 0.020391 0.044306
0 0.165039 0.689236 0.052109 0.124861
0 0.730469 0.381944 0.013594 0.040278
