0 0.991211 0.815972 0.015859 0.088611
0 0.947266 0.510417 0.045313 0.056389
0 0.675781 0.340278 0.009062 0.032222
0 0.610352 0.343750 0.011328 0.040278
0 0.988281 0.553819 0.022656 0.052361
0 0.580078 0.532986 0.013594 0.044306
0 0.033750 0.850694 0.067500 0.185278
0 0.552734 0.357639 0.018125 0.048333
0 0.567383 0.336806 0.015859 0.056389
0 0.503906 0.355903 0.009062 0.044306
0 0.743164 0.345486 0.011328 0.028194
0 0.708984 0.364583 0.018125 0.040278
0 0.163086 0.494792 0.024922 0.068472
0 0.588867 0.350694 0.011328 0.040278
0 0.821289 0.529514 0.020391 0.044306
0 0.624023 0.329861 0.011328 0.040278
0 0.256836 0.430556 0.038516 0.048333
