0 0.947266 0.508681 0.045313 0.060417
0 0.017930 0.680556 0.035859 0.064444
0 0.175781 0.769097 0.040781 0.100694
0 0.548828 0.390625 0.022656 0.028194
0 0.827148 0.680556 0.029453 0.064444
0 0.048828 0.899306 0.054375 0.128889
0 0.663086 0.336806 0.011328 0.032222
0 0.095703 0.734375 0.045313 0.100694
0 0.685547 0.354167 0.009062 0.032222
0 0.915039 0.659722 0.038516 0.072500
0 0.989258 0.555556 0.020391 0.056389
0 0.548828 0.383681 0.022656 0.044306
0 0.712891 0.357639 0.009062 0.032222
0 0.232422 0.612847 0.022656 0.076528
