0 0.374395 0.208333 0.748789 0.386667
0 0.633789 0.361111 0.020391 0.024167
0 0.963867 0.763889 0.061172 0.136944
0 0.007383 0.784722 0.014766 0.080556
0 0.197266 0.621528 0.027187 0.072500
0 0.849609 0.659722 0.058906 0.088611
0 0.272461 0.689236 0.033984 0.084583
0 0.041992 0.878472 0.065703 0.145000
0 0.101074 0.267361 0.193711 0.507500
0 0.161133 0.748264 0.056641 0.116806
0 0.279297 0.465278 0.009062 0.056389
0 0.121094 0.652778 0.040781 0.088611
0 0.058594 0.964514 0.027188 0.070972
0 0.721680 0.378472 0.020391 0.040278
0 0.680664 0.475694 0.015859 0.040278
0 0.271484 0.354167 0.013594 0.048333
0 0.262695 0.614583 0.029453 0.072500
0 0.214844 0.375000 0.031719 0.048333
0 0.256836 0.843750 0.047578 0.128889
0 0.741211 0.369792 0.015859 0.060417
0 0.947266 0.510417 0.045313 0.056389
0 0.142578 0.892361 0.040781 0.128889
0 0.500000 0.301215 1.000000 0.594097
0 0.812500 0.560764 0.022656 0.060417
