0 0.335078 0.171875 0.670156 0.334306
0 0.648438 0.302083 0.009062 0.024167
0 0.772461 0.515625 0.015859 0.036250
0 0.984258 0.782986 0.031484 0.108750
0 0.268555 0.522569 0.020391 0.060417
0 0.542969 0.449653 0.022656 0.052361
0 0.206055 0.538194 0.020391 0.064444
0 0.556641 0.430556 0.013594 0.032222
0 0.115234 0.678819 0.040781 0.100694
0 0.271484 0.355903 0.013594 0.044306
0 0.164062 0.494792 0.022656 0.068472
0 0.154414 0.375868 0.308828 0.702847
0 0.639648 0.473958 0.015859 0.052361
0 0.574219 0.644097 0.027187 0.076528
0 0.577148 0.298611 0.006797 0.024167
0 0.214844 0.694444 0.040781 0.096667
0 0.213867 0.345486 0.011328 0.036250
0 0.453340 0.279861 0.906680 0.559722
0 0.675781 0.305556 0.009062 0.032222
0 0.676758 0.414931 0.011328 0.036250
0 0.787109 0.449653 0.018125 0.036250
0 0.872070 0.626736 0.029453 0.052361
0 0.720703 0.447917 0.013594 0.032222
0 0.634766 0.305556 0.009062 0.024167
0 0.689453 0.381944 0.013594 0.032222
0 0.988281 0.557292 0.022656 0.084583
