0 0.764648 0.420139 0.015859 0.032222
0 0.645508 0.321181 0.011328 0.036250
0 0.880859 0.717014 0.036250 0.060417
0 0.661133 0.395833 0.011328 0.032222
0 0.904297 0.604167 0.036250 0.064444
0 0.007383 0.803819 0.014766 0.076528
0 0.795898 0.503472 0.020391 0.040278
0 0.553711 0.312500 0.029453 0.032222
0 0.764648 0.409722 0.015859 0.056389
0 0.750977 0.482639 0.020391 0.040278
0 0.989258 0.553819 0.020391 0.052361
0 0.757812 0.670139 0.031719 0.080556
0 0.758789 0.673611 0.029453 0.072500
0 0.801758 0.586806 0.020391 0.056389
0 0.368672 0.189236 0.737344 0.374583
0 0.500000 0.282118 1.000000 0.533681
