0 0.947266 0.510417 0.045313 0.056389
0 0.732422 0.390625 0.013594 0.028194
0 0.559570 0.826389 0.029453 0.064444
0 0.675781 0.364583 0.013594 0.048333
0 0.919922 0.829861 0.054375 0.080556
0 0.302520 0.259236 0.605039 0.518472
0 0.150391 0.751736 0.040781 0.076528
0 0.920898 0.699653 0.088359 0.100694
0 0.214844 0.345486 0.013594 0.036250
0 0.684570 0.774306 0.024922 0.064444
0 0.099609 0.781250 0.049844 0.096667
0 0.137207 0.203125 0.268477 0.374583
0 0.561523 0.692708 0.020391 0.068472
0 0.748047 0.411458 0.013594 0.028194
0 0.235352 0.711806 0.038516 0.080556
0 0.758789 0.489583 0.015859 0.048333
0 0.766602 0.550347 0.020391 0.044306
0 0.270508 0.480903 0.020391 0.044306
0 0.994141 0.717014 0.009062 0.068472
0 0.717773 0.394097 0.011328 0.036250
0 0.988281 0.552083 0.022656 0.064444
0 0.429219 0.359931 0.858437 0.719861
0 0.919922 0.836806 0.049844 0.064444
0 0.577148 0.465278 0.011328 0.040278
0 0.573242 0.286458 0.006797 0.020139
0 0.592773 0.786458 0.020391 0.060417
0 0.590820 0.664931 0.024922 0.084583
0 0.708008 0.979167 0.029453 0.040278
0 0.659180 0.328125 0.015859 0.044306
0 0.715820 0.454861 0.015859 0.032222
0 0.543945 0.442708 0.029453 0.052361
0 0.854492 0.531250 0.024922 0.056389
