0 0.946289 0.513889 0.043047 0.056389
0 0.724609 0.373264 0.013594 0.028194
0 0.204102 0.578125 0.029453 0.068472
0 0.567383 0.498264 0.015859 0.044306
0 0.049805 0.814236 0.065703 0.124861
0 0.224609 0.520833 0.022656 0.056389
0 0.128906 0.854167 0.049844 0.136944
0 0.136719 0.750000 0.049844 0.080556
0 0.136719 0.645833 0.040781 0.104722
0 0.618164 0.571181 0.024922 0.052361
0 0.742188 0.534722 0.018125 0.040278
0 0.687500 0.368056 0.009062 0.024167
0 0.698242 0.394097 0.011328 0.028194
0 0.989258 0.552083 0.020391 0.064444
