0 0.912109 0.678819 0.045313 0.084583
0 0.720703 0.376736 0.009062 0.028194
0 0.680664 0.336806 0.011328 0.032222
0 0.219727 0.430556 0.038516 0.040278
0 0.893555 0.609375 0.024922 0.052361
0 0.696289 0.364583 0.011328 0.032222
0 0.646484 0.289931 0.004531 0.020139
0 0.835938 0.546875 0.022656 0.052361
0 0.503906 0.414931 0.009062 0.052361
0 0.199219 0.402778 0.022656 0.040278
0 0.356016 0.218750 0.712031 0.426944
0 0.296641 0.248264 0.593281 0.495417
0 0.038086 0.664931 0.056641 0.092639
0 0.594727 0.477431 0.024922 0.044306
0 0.661133 0.350694 0.011328 0.032222
0 0.664062 0.305556 0.009062 0.024167
0 0.946289 0.539931 0.038516 0.068472
0 0.721680 0.515625 0.020391 0.044306
0 0.805664 0.618056 0.029453 0.072500
0 0.619141 0.498264 0.018125 0.028194
0 0.739258 0.430556 0.015859 0.048333
0 0.655273 0.534722 0.020391 0.056389
