0 0.946289 0.510417 0.043047 0.056389
0 0.562500 0.352431 0.018125 0.052361
0 0.953125 0.680556 0.031719 0.056389
0 0.880859 0.923264 0.067969 0.153472
0 0.036133 0.673611 0.056641 0.088611
0 0.246094 0.430556 0.054375 0.040278
0 0.885742 0.968264 0.043047 0.063472
0 0.708008 0.413194 0.011328 0.032222
0 0.972656 0.779514 0.054375 0.100694
0 0.674805 0.442708 0.011328 0.020139
0 0.989258 0.564236 0.020391 0.068472
0 0.697266 0.496528 0.013594 0.032222
0 0.873047 0.649306 0.031719 0.080556
0 0.673828 0.354167 0.009062 0.024167
0 0.789062 0.420139 0.013594 0.040278
