0 0.946289 0.510417 0.043047 0.056389
0 0.787109 0.607639 0.031719 0.072500
0 0.988281 0.552083 0.022656 0.064444
0 0.933594 0.821181 0.036250 0.076528
0 0.759766 0.461806 0.013594 0.040278
0 0.565430 0.725694 0.033984 0.048333
0 0.713867 0.383681 0.011328 0.036250
0 0.261719 0.526042 0.022656 0.068472
0 0.174805 0.595486 0.024922 0.076528
0 0.215820 0.343750 0.015859 0.040278
0 0.570312 0.473958 0.018125 0.044306
0 0.165039 0.500000 0.020391 0.056389
0 0.980039 0.796875 0.039922 0.084583
0 0.611328 0.579861 0.018125 0.048333
0 0.741211 0.652778 0.020391 0.056389
0 0.291074 0.198785 0.582148 0.372569
0 0.626953 0.383681 0.013594 0.036250
0 0.549805 0.447917 0.020391 0.064444
0 0.278320 0.659722 0.029453 0.080556
0 0.220703 0.640625 0.027187 0.076528
0 0.132812 0.600694 0.031719 0.072500
0 0.852539 0.484375 0.020391 0.052361
0 0.785156 0.501736 0.018125 0.052361
0 0.690430 0.517361 0.015859 0.048333
0 0.867188 0.755208 0.045313 0.108750
0 0.636719 0.477431 0.022656 0.044306
0 0.680664 0.354167 0.011328 0.032222
0 0.779297 0.526042 0.027187 0.052361
0 0.645508 0.289931 0.006797 0.028194
0 0.169922 0.746528 0.040781 0.096667
0 0.835938 0.506944 0.013594 0.056389
0 0.219727 0.545139 0.024922 0.056389
0 0.588867 0.298611 0.006797 0.024167
0 0.181641 0.822917 0.049844 0.112778
0 0.988281 0.560764 0.022656 0.084583
0 0.821289 0.538194 0.024922 0.048333
