0 0.691406 0.335069 0.009062 0.028194
0 0.370781 0.235139 0.741563 0.470278
0 0.621094 0.361111 0.009062 0.032222
0 0.648438 0.350694 0.009062 0.024167
0 0.988281 0.559028 0.022656 0.080556
0 0.651367 0.430556 0.015859 0.032222
0 0.885742 0.901042 0.061172 0.149028
0 0.883789 0.618056 0.056641 0.088611
0 0.278320 0.524306 0.015859 0.064444
0 0.145508 0.725694 0.047578 0.088611
0 0.952148 0.831597 0.065703 0.124861
0 0.229492 0.644097 0.029453 0.076528
0 0.383730 0.306910 0.767461 0.613819
0 0.097656 0.881944 0.067969 0.153056
0 0.548828 0.454861 0.018125 0.040278
0 0.701172 0.458333 0.009062 0.032222
0 0.730469 0.425347 0.009062 0.028194
0 0.746094 0.512153 0.018125 0.044306
0 0.220703 0.378472 0.022656 0.040278
0 0.164062 0.496528 0.022656 0.064444
0 0.142578 0.621528 0.031719 0.072500
0 0.739258 0.456597 0.015859 0.036250
0 0.828125 0.703125 0.027187 0.060417
0 0.743164 0.907986 0.033984 0.076528
0 0.764648 0.644097 0.020391 0.052361
0 0.609375 0.440972 0.013594 0.032222
0 0.576172 0.602431 0.018125 0.052361
0 0.186523 0.387153 0.020391 0.036250
0 0.743164 0.907986 0.033984 0.076528
0 0.767578 0.496528 0.018125 0.040278
0 0.236328 0.579861 0.031719 0.056389
0 0.200195 0.769097 0.052109 0.100694
