0 0.172852 0.652778 0.033984 0.048333
0 0.655273 0.342014 0.011328 0.036250
0 0.163086 0.496528 0.024922 0.064444
0 0.213867 0.347222 0.011328 0.032222
0 0.694336 0.352431 0.011328 0.036250
0 0.946289 0.510417 0.043047 0.056389
0 0.232422 0.595486 0.027187 0.068472
0 0.146484 0.301215 0.285469 0.561875
0 0.105957 0.311632 0.186914 0.602153
0 0.802734 0.553819 0.022656 0.036250
0 0.070312 0.751736 0.040781 0.092639
0 0.200195 0.380208 0.020391 0.036250
0 0.208984 0.640625 0.027187 0.068472
0 0.743164 0.345486 0.011328 0.028194
0 0.170898 0.630208 0.038516 0.100694
0 0.243164 0.371528 0.020391 0.040278
0 0.726562 0.458333 0.013594 0.032222
0 0.125977 0.810764 0.056641 0.116806
0 0.988281 0.557292 0.022656 0.084583
