0 0.946289 0.510417 0.043047 0.056389
0 0.573242 0.637153 0.024922 0.060417
0 0.783203 0.581597 0.022656 0.052361
0 0.730469 0.407986 0.013594 0.028194
0 0.270508 0.576389 0.020391 0.088611
0 0.237305 0.678819 0.024922 0.084583
0 0.888672 0.666667 0.036250 0.056389
0 0.854492 0.588542 0.020391 0.044306
0 0.028320 0.843750 0.043047 0.096667
0 0.431934 0.359375 0.863867 0.672639
0 0.164062 0.496528 0.022656 0.064444
0 0.933594 0.654514 0.040781 0.092639
0 0.637695 0.586806 0.020391 0.040278
0 0.605469 0.651042 0.027187 0.052361
0 0.179688 0.774306 0.045312 0.104722
0 0.783203 0.506944 0.022656 0.040278
0 0.751953 0.463542 0.018125 0.060417
0 0.224609 0.604167 0.027187 0.080556
0 0.171875 0.699653 0.031719 0.068472
0 0.532227 0.418403 0.020391 0.060417
0 0.247070 0.515625 0.020391 0.060417
0 0.138672 0.652778 0.036250 0.080556
0 0.988281 0.557292 0.022656 0.084583
0 0.827148 0.623264 0.024922 0.052361
0 0.431035 0.354306 0.862070 0.708611
0 0.576172 0.482639 0.018125 0.040278
0 0.279297 0.460069 0.009062 0.068472
0 0.257812 0.723958 0.040781 0.092639
0 0.698242 0.383681 0.011328 0.036250
0 0.058594 0.894097 0.049844 0.132917
0 0.441133 0.273438 0.882266 0.529653
0 0.709961 0.473958 0.015859 0.036250
0 0.094727 0.945764 0.033984 0.108472
