0 0.946289 0.512153 0.043047 0.052361
0 0.252930 0.964514 0.056641 0.070972
0 0.052734 0.717014 0.054375 0.076528
0 0.221680 0.763889 0.043047 0.112778
0 0.115234 0.652778 0.049844 0.112778
0 0.939453 0.678819 0.045313 0.060417
0 0.212891 0.571181 0.022656 0.068472
0 0.690430 0.550347 0.020391 0.036250
0 0.094727 0.756944 0.052109 0.120833
0 0.164062 0.500000 0.022656 0.056389
0 0.242188 0.675347 0.036250 0.092639
0 0.814453 0.772569 0.036250 0.068472
0 0.731445 0.534722 0.015859 0.040278
0 0.108398 0.986111 0.052109 0.024167
0 0.561523 0.482639 0.015859 0.048333
0 0.257812 0.473958 0.018125 0.060417
0 0.862305 0.708333 0.033984 0.056389
0 0.264648 0.562500 0.024922 0.048333
0 0.322266 0.913194 0.036250 0.104722
0 0.585938 0.494792 0.022656 0.044306
0 0.164062 0.777778 0.049844 0.104722
0 0.698242 0.428819 0.015859 0.036250
0 0.693359 0.381944 0.013594 0.032222
