0 0.947266 0.517361 0.040781 0.040278
0 0.718750 0.447917 0.013594 0.032222
0 0.692383 0.409722 0.011328 0.024167
0 0.850586 0.619792 0.033984 0.060417
0 0.571289 0.472222 0.020391 0.040278
0 0.614258 0.512153 0.015859 0.044306
0 0.906250 0.689236 0.049844 0.060417
0 0.022461 0.802083 0.033984 0.104722
0 0.282227 0.744792 0.029453 0.068472
0 0.935547 0.630208 0.040781 0.076528
0 0.565430 0.718750 0.038516 0.056389
0 0.610352 0.361111 0.011328 0.024167
0 0.988281 0.548611 0.022656 0.064444
0 0.134766 0.755208 0.045312 0.100694
0 0.611328 0.397569 0.013594 0.052361
0 0.869141 0.550347 0.027187 0.044306
0 0.975586 0.723958 0.029453 0.060417
0 0.712891 0.380208 0.013594 0.028194
0 0.100586 0.694444 0.047578 0.088611
0 0.034180 0.791667 0.061172 0.128889
0 0.993164 0.762153 0.011328 0.084583
0 0.747070 0.442708 0.024922 0.044306
0 0.675781 0.461806 0.018125 0.032222
0 0.769531 0.852431 0.031719 0.076528
0 0.629883 0.432292 0.011328 0.036250
0 0.114941 0.188368 0.229883 0.364514
0 0.804688 0.597222 0.022656 0.056389
0 0.665039 0.345486 0.011328 0.044306
0 0.771484 0.510417 0.018125 0.040278
0 0.566406 0.722222 0.031719 0.048333
0 0.541016 0.442708 0.027187 0.068472
0 0.045898 0.915903 0.070234 0.168194
0 0.992188 0.612847 0.013594 0.044306
