0 0.700195 0.354167 0.011328 0.032222
0 0.731445 0.375000 0.011328 0.032222
0 0.666992 0.362847 0.015859 0.044306
0 0.936523 0.925347 0.043047 0.092639
0 0.545898 0.427083 0.024922 0.040278
0 0.685547 0.362847 0.009062 0.028194
0 0.165039 0.500000 0.020391 0.056389
0 0.900391 0.534722 0.022656 0.064444
0 0.550781 0.321181 0.013594 0.028194
0 0.600586 0.312500 0.006797 0.032222
0 0.137695 0.238715 0.237891 0.465208
0 0.813477 0.520833 0.038516 0.072500
0 0.504883 0.388889 0.011328 0.048333
0 0.885742 0.755208 0.038516 0.068472
0 0.988281 0.562500 0.022656 0.072500
0 0.884766 0.734375 0.040781 0.116806
0 0.651367 0.579861 0.020391 0.048333
0 0.690430 0.414931 0.011328 0.028194
0 0.404805 0.433160 0.809609 0.835764
0 0.713867 0.418403 0.011328 0.036250
0 0.766602 0.529514 0.020391 0.036250
