0 0.946289 0.510417 0.043047 0.056389
0 0.972656 0.760417 0.054688 0.128889
0 0.571289 0.475694 0.015859 0.040278
0 0.712891 0.418403 0.013594 0.036250
0 0.016875 0.763889 0.033750 0.080556
0 0.535156 0.442708 0.018125 0.044306
0 0.978984 0.677083 0.042031 0.072500
0 0.894531 0.623264 0.036250 0.084583
0 0.304160 0.391007 0.608320 0.782014
0 0.291680 0.198785 0.583359 0.372569
0 0.211914 0.342014 0.015859 0.036250
0 0.100586 0.758681 0.061172 0.076528
0 0.772461 0.470486 0.015859 0.036250
0 0.190430 0.685764 0.038516 0.084583
0 0.789062 0.534722 0.022656 0.040278
0 0.679688 0.378472 0.013594 0.024167
0 0.988281 0.559028 0.022656 0.080556
0 0.805664 0.598958 0.020391 0.052361
0 0.551758 0.460069 0.020391 0.052361
0 0.787109 0.741319 0.036250 0.068472
0 0.743164 0.449653 0.015859 0.036250
0 0.214844 0.600694 0.027187 0.056389
0 0.100586 0.855903 0.052109 0.108750
0 0.814453 0.711806 0.018125 0.048333
