0 0.708984 0.362847 0.009062 0.044306
0 0.205078 0.432292 0.040781 0.044306
0 0.831055 0.552083 0.024922 0.040278
0 0.718750 0.427083 0.013594 0.032222
0 0.165039 0.500000 0.020391 0.056389
0 0.646484 0.430556 0.013594 0.032222
0 0.392773 0.268229 0.785547 0.533681
0 0.838867 0.645833 0.061172 0.080556
0 0.280273 0.645833 0.024922 0.104722
0 0.466445 0.291667 0.932891 0.580000
0 0.710938 0.548611 0.018125 0.040278
0 0.201172 0.532986 0.040781 0.052361
0 0.540039 0.347222 0.011328 0.048333
0 0.658203 0.338542 0.009062 0.036250
0 0.233398 0.364583 0.020391 0.032222
0 0.401211 0.249063 0.802422 0.498125
0 0.916992 0.699653 0.033984 0.060417
0 0.708008 0.447917 0.015859 0.032222
0 0.946289 0.510417 0.043047 0.056389
0 0.687500 0.425347 0.013594 0.028194
0 0.673828 0.555556 0.018125 0.056389
0 0.678711 0.343750 0.011328 0.040278
0 0.815430 0.503472 0.020391 0.040278
0 0.686523 0.692708 0.024922 0.052361
0 0.244141 0.427083 0.040781 0.040278
0 0.988281 0.560764 0.022656 0.076528
