0 0.575195 0.656250 0.015859 0.056389
0 0.711914 0.432292 0.020391 0.028194
0 0.898438 0.631944 0.031719 0.056389
0 0.587891 0.951389 0.040781 0.097222
0 0.577148 0.638889 0.024922 0.096667
0 0.352246 0.239688 0.704492 0.479375
0 0.164062 0.494792 0.022656 0.068472
0 0.294238 0.189236 0.588477 0.374583
0 0.197266 0.376736 0.018125 0.044306
0 0.410254 0.225694 0.820508 0.443056
0 0.564453 0.336806 0.013594 0.032222
0 0.680664 0.380208 0.011328 0.028194
0 0.231445 0.434028 0.043047 0.040278
0 0.915039 0.883681 0.052109 0.092639
0 0.528320 0.439236 0.020391 0.044306
0 0.753906 0.486111 0.018125 0.040278
0 0.974766 0.819444 0.050469 0.112778
0 0.846680 0.520833 0.020391 0.048333
0 0.663086 0.520833 0.033984 0.048333
0 0.945312 0.510417 0.045313 0.056389
0 0.842773 0.729167 0.033984 0.064444
0 0.673828 0.520833 0.058906 0.048333
0 0.687500 0.513889 0.027187 0.040278
0 0.807617 0.565972 0.020391 0.040278
0 0.988281 0.559028 0.022656 0.080556
0 0.864258 0.572917 0.020391 0.048333
