0 0.947266 0.510417 0.045313 0.056389
0 0.598633 0.682292 0.024922 0.060417
0 0.858398 0.654514 0.024922 0.052361
0 0.689453 0.388889 0.013594 0.032222
0 0.653320 0.645833 0.020391 0.048333
0 0.538086 0.399306 0.015859 0.040278
0 0.567383 0.677083 0.020391 0.048333
0 0.679688 0.335069 0.013594 0.028194
0 0.561523 0.407986 0.011328 0.036250
0 0.750977 0.444444 0.015859 0.032222
0 0.164062 0.498264 0.022656 0.060417
0 0.683594 0.430556 0.013594 0.032222
0 0.605469 0.955139 0.049844 0.089722
0 0.578125 0.776042 0.027187 0.060417
0 0.600586 0.668403 0.029453 0.092639
0 0.605469 0.850694 0.027187 0.072500
0 0.283203 0.583333 0.013594 0.072500
0 0.735352 0.411458 0.015859 0.036250
0 0.716797 0.427083 0.013594 0.032222
0 0.988281 0.557292 0.022656 0.084583
