0 0.194336 0.815972 0.047578 0.112778
0 0.673828 0.338542 0.009062 0.028194
0 0.099609 0.602431 0.031719 0.068472
0 0.470938 0.425347 0.941875 0.745139
0 0.855469 0.562500 0.022656 0.040278
0 0.701172 0.371528 0.009062 0.032222
0 0.634766 0.295139 0.009062 0.024167
0 0.048828 0.869792 0.063438 0.149028
0 0.228516 0.670139 0.027187 0.088611
0 0.257812 0.553819 0.018125 0.052361
0 0.276367 0.654514 0.029453 0.068472
0 0.276367 0.598958 0.024922 0.068472
0 0.166016 0.739583 0.036250 0.072500
0 0.717773 0.447917 0.015859 0.040278
0 0.236328 0.536458 0.022656 0.060417
0 0.068359 0.729167 0.049844 0.096667
0 0.061523 0.964514 0.070234 0.070972
0 0.988281 0.972014 0.022656 0.055972
0 0.947266 0.508681 0.045313 0.060417
0 0.545898 0.465278 0.024922 0.040278
0 0.272461 0.753472 0.033984 0.088611
0 0.768555 0.489583 0.020391 0.040278
0 0.739258 0.421875 0.015859 0.044306
0 0.195312 0.815972 0.045312 0.112778
0 0.989258 0.559028 0.020391 0.056389
