0 0.579102 0.338542 0.015859 0.044306
0 0.603516 0.319444 0.009062 0.040278
0 0.798828 0.612847 0.022656 0.052361
0 0.988281 0.550347 0.022656 0.060417
0 0.666992 0.437500 0.015859 0.048333
0 0.875977 0.545139 0.024922 0.040278
0 0.630859 0.366319 0.013594 0.044306
0 0.095703 0.718750 0.031719 0.088611
0 0.749023 0.962639 0.033984 0.074722
0 0.248047 0.428819 0.031719 0.044306
0 0.147031 0.239688 0.294063 0.479375
0 0.163086 0.496528 0.024922 0.064444
0 0.957031 0.720486 0.040781 0.068472
0 0.671875 0.546875 0.036250 0.044306
0 0.227539 0.513889 0.015859 0.056389
0 0.542969 0.359375 0.013594 0.028194
0 0.220703 0.447917 0.045312 0.032222
0 0.190430 0.553819 0.020391 0.060417
0 0.958008 0.723958 0.038516 0.060417
0 0.845703 0.543403 0.013594 0.036250
0 0.793945 0.776042 0.029453 0.092639
0 0.710938 0.619792 0.018125 0.052361
0 0.565430 0.381944 0.015859 0.032222
0 0.145508 0.201389 0.274141 0.386667
0 0.553711 0.470486 0.020391 0.044306
0 0.746094 0.951389 0.045313 0.097222
0 0.737305 0.565972 0.033984 0.048333
0 0.946289 0.512153 0.043047 0.052361
0 0.130859 0.760417 0.054375 0.120833
0 0.830078 0.579861 0.022656 0.032222
0 0.772461 0.630208 0.015859 0.052361
