0 0.728516 0.381944 0.009062 0.040278
0 0.815430 0.637153 0.029453 0.060417
0 0.717773 0.479167 0.020391 0.040278
0 0.930664 0.784722 0.038516 0.072500
0 0.910156 0.588542 0.036250 0.044306
0 0.540039 0.446181 0.043047 0.060417
0 0.151367 0.666667 0.024922 0.048333
0 0.658203 0.340278 0.009062 0.032222
0 0.852539 0.593750 0.011328 0.040278
0 0.558594 0.373264 0.009062 0.036250
0 0.163086 0.494792 0.024922 0.068472
0 0.972656 0.975694 0.054688 0.048333
0 0.605469 0.694444 0.049844 0.072500
0 0.764648 0.569444 0.020391 0.048333
0 0.026367 0.901042 0.052734 0.132917
0 0.575195 0.652778 0.024922 0.056389
0 0.203125 0.559028 0.027187 0.064444
0 0.829102 0.515625 0.020391 0.052361
0 0.804688 0.541667 0.018125 0.056389
0 0.738281 0.472222 0.027187 0.056389
0 0.972656 0.940139 0.054688 0.119722
0 0.946289 0.510417 0.047578 0.056389
0 0.453027 0.338542 0.906055 0.656528
0 0.685547 0.428819 0.013594 0.036250
0 0.662109 0.664931 0.027187 0.060417
0 0.701172 0.519097 0.022656 0.052361
0 0.707031 0.404514 0.013594 0.036250
0 0.786133 0.557292 0.024922 0.044306
0 0.792969 0.475694 0.018125 0.048333
0 0.988281 0.559028 0.022656 0.080556
