0 0.416875 0.296875 0.833750 0.575972
0 0.940430 0.786458 0.043047 0.076528
0 0.947266 0.508681 0.045313 0.060417
0 0.692383 0.463542 0.011328 0.036250
0 0.708008 0.519097 0.015859 0.076528
0 0.164062 0.493056 0.022656 0.072500
0 0.555664 0.336806 0.006797 0.032222
0 0.213867 0.345486 0.011328 0.028194
0 0.570312 0.362847 0.009062 0.028194
0 0.670898 0.335069 0.006797 0.036250
0 0.145527 0.199653 0.291055 0.366528
0 0.761719 0.432292 0.013594 0.036250
0 0.827148 0.631944 0.029453 0.064444
0 0.744141 0.479167 0.013594 0.040278
0 0.691406 0.345486 0.009062 0.028194
0 0.729492 0.425347 0.011328 0.036250
0 0.988281 0.557292 0.022656 0.084583
