0 0.537109 0.428819 0.013594 0.044306
0 0.837891 0.553819 0.022656 0.044306
0 0.659180 0.361111 0.011328 0.040278
0 0.959961 0.772569 0.052109 0.124861
0 0.946289 0.515625 0.043047 0.044306
0 0.163086 0.494792 0.024922 0.068472
0 0.267578 0.432292 0.027188 0.052361
0 0.988281 0.723958 0.022656 0.068472
0 0.271484 0.595486 0.031719 0.084583
0 0.210938 0.657986 0.045312 0.076528
0 0.215820 0.428819 0.056641 0.044306
0 0.315937 0.186632 0.631875 0.360486
0 0.747070 0.427083 0.015859 0.032222
0 0.267578 0.440972 0.027188 0.032222
0 0.901367 0.489583 0.020391 0.040278
0 0.973711 0.957014 0.052578 0.085972
0 0.572266 0.357639 0.018125 0.040278
0 0.678711 0.394097 0.011328 0.036250
0 0.706055 0.414931 0.011328 0.036250
0 0.561523 0.668403 0.020391 0.052361
0 0.743164 0.345486 0.011328 0.028194
0 0.780273 0.451389 0.015859 0.040278
