0 0.947266 0.510417 0.045313 0.056389
0 0.152344 0.574653 0.027187 0.068472
0 0.824219 0.718750 0.031719 0.056389
0 0.673828 0.335069 0.018125 0.044306
0 0.988281 0.555556 0.022656 0.056389
0 0.911133 0.934514 0.056641 0.130972
0 0.802734 0.493056 0.018125 0.032222
0 0.734375 0.829861 0.031719 0.080556
0 0.135742 0.732639 0.047578 0.064444
0 0.238281 0.649306 0.027188 0.064444
0 0.694336 0.402778 0.011328 0.024167
0 0.795898 0.802083 0.029453 0.080556
0 0.163086 0.496528 0.024922 0.064444
0 0.916016 0.810764 0.045313 0.068472
0 0.231445 0.765625 0.033984 0.100694
0 0.734375 0.828125 0.031719 0.084583
0 0.134766 0.843750 0.049844 0.104722
0 0.239258 0.548611 0.020391 0.056389
0 0.558594 0.404514 0.013594 0.036250
0 0.610352 0.378472 0.011328 0.032222
0 0.257812 0.553819 0.022656 0.060417
0 0.210938 0.633681 0.027187 0.076528
0 0.778320 0.583333 0.020391 0.040278
0 0.883789 0.706597 0.029453 0.052361
0 0.142578 0.671875 0.036250 0.068472
0 0.023203 0.964514 0.046406 0.070972
0 0.847656 0.578125 0.022656 0.044306
0 0.586914 0.440972 0.011328 0.040278
0 0.276367 0.467014 0.015859 0.060417
0 0.590820 0.654514 0.020391 0.060417
0 0.709961 0.387153 0.011328 0.028194
0 0.728516 0.468750 0.018125 0.040278
0 0.718750 0.977431 0.031719 0.044306
0 0.250000 0.552083 0.040781 0.064444
0 0.824219 0.609375 0.018125 0.052361
