0 0.687500 0.369792 0.009062 0.028194
0 0.737305 0.467014 0.015859 0.036250
0 0.945312 0.508681 0.045313 0.060417
0 0.559570 0.465278 0.024922 0.040278
0 0.768555 0.472222 0.015859 0.040278
0 0.274414 0.359375 0.006797 0.036250
0 0.213867 0.347222 0.011328 0.032222
0 0.718750 0.467014 0.018125 0.060417
0 0.163086 0.494792 0.024922 0.068472
0 0.246094 0.368056 0.022656 0.032222
0 0.625000 0.336806 0.009062 0.040278
0 0.319395 0.372396 0.638789 0.743125
0 0.644531 0.368056 0.018125 0.048333
0 0.988281 0.548611 0.022656 0.064444
