0 0.628906 0.354167 0.013594 0.040278
0 0.633789 0.402778 0.011328 0.032222
0 0.946289 0.510417 0.043047 0.056389
0 0.814453 0.531250 0.022656 0.048333
0 0.266602 0.437500 0.029453 0.040278
0 0.566406 0.473958 0.013594 0.036250
0 0.669922 0.486111 0.013594 0.040278
0 0.093262 0.279514 0.166523 0.503472
0 0.542969 0.402778 0.022656 0.032222
0 0.786133 0.423611 0.015859 0.048333
0 0.187500 0.449653 0.031719 0.044306
0 0.988281 0.562500 0.022656 0.072500
0 0.308379 0.202257 0.616758 0.380625
0 0.601562 0.343750 0.022656 0.040278
0 0.750000 0.385417 0.013594 0.040278
0 0.230469 0.427083 0.040781 0.040278
