0 0.947266 0.510417 0.045313 0.056389
0 0.093262 0.278646 0.166523 0.509514
0 0.625000 0.335069 0.009062 0.028194
0 0.988281 0.555556 0.022656 0.048333
0 0.273438 0.536458 0.027188 0.076528
0 0.878906 0.760417 0.040781 0.056389
0 0.834961 0.576389 0.024922 0.040278
0 0.049805 0.762153 0.056641 0.100694
0 0.953125 0.767361 0.049844 0.072500
0 0.135742 0.339583 0.260547 0.679167
0 0.621094 0.618056 0.027187 0.056389
0 0.150391 0.703125 0.045312 0.100694
0 0.115234 0.342014 0.203906 0.648472
0 0.677734 0.355903 0.009062 0.036250
0 0.754883 0.484375 0.020391 0.036250
0 0.953125 0.769097 0.049844 0.068472
0 0.751953 0.953264 0.040781 0.093472
0 0.588867 0.652778 0.024922 0.064444
0 0.695312 0.427083 0.013594 0.032222
0 0.646484 0.329861 0.009062 0.040278
0 0.235352 0.543403 0.024922 0.060417
0 0.804688 0.475694 0.018125 0.032222
