0 0.946289 0.506944 0.047578 0.064444
0 0.235352 0.784722 0.043047 0.096667
0 0.018984 0.659722 0.037969 0.128889
0 0.858398 0.696181 0.033984 0.060417
0 0.576172 0.651042 0.018125 0.052361
0 0.113281 0.727431 0.045312 0.100694
0 0.278320 0.647569 0.024922 0.076528
0 0.799805 0.456597 0.020391 0.036250
0 0.755859 0.437500 0.013594 0.040278
0 0.389766 0.203993 0.779531 0.384653
0 0.899414 0.689236 0.033984 0.060417
0 0.244141 0.500000 0.018125 0.056389
0 0.107910 0.352431 0.191445 0.656528
0 0.995117 0.878472 0.006797 0.072500
0 0.707031 0.414931 0.013594 0.028194
0 0.698242 0.364583 0.011328 0.032222
0 0.392773 0.223958 0.785547 0.422917
0 0.134277 0.335069 0.261680 0.632361
0 0.193359 0.953264 0.077031 0.093472
0 0.989258 0.560764 0.020391 0.076528
0 0.835938 0.567708 0.022656 0.052361
