0 0.946289 0.510417 0.047578 0.056389
0 0.656250 0.475694 0.013594 0.040278
0 0.693359 0.434028 0.009062 0.032222
0 0.163086 0.496528 0.024922 0.064444
0 0.895508 0.833333 0.047578 0.112778
0 0.771484 0.453125 0.013594 0.036250
0 0.629883 0.409722 0.015859 0.048333
0 0.826172 0.644097 0.027187 0.052361
0 0.540039 0.404514 0.024922 0.060417
0 0.060547 0.713542 0.049844 0.100694
0 0.893555 0.625000 0.029453 0.056389
0 0.242188 0.569444 0.022656 0.064444
0 0.277344 0.480903 0.013594 0.076528
0 0.272461 0.569444 0.020391 0.088611
0 0.747070 0.453125 0.015859 0.036250
0 0.244141 0.508681 0.022656 0.044306
0 0.204102 0.564236 0.024922 0.068472
0 0.156250 0.581597 0.031719 0.060417
0 0.012656 0.953264 0.025313 0.093472
0 0.983203 0.812500 0.033594 0.096667
0 0.803711 0.512153 0.020391 0.044306
0 0.683594 0.461806 0.018125 0.040278
0 0.988281 0.562500 0.022656 0.072500
0 0.270508 0.352431 0.015859 0.052361
0 0.258789 0.664931 0.033984 0.068472
0 0.762695 0.571181 0.020391 0.036250
0 0.650391 0.295139 0.009062 0.032222
0 0.631836 0.720486 0.024922 0.060417
0 0.736328 0.373264 0.009062 0.028194
0 0.157227 0.788194 0.047578 0.104722
