0 0.245117 0.750000 0.047578 0.096667
0 0.533203 0.439236 0.018125 0.044306
0 0.918945 0.760417 0.047578 0.096667
0 0.115996 0.191840 0.231992 0.356458
0 0.924805 0.659722 0.047578 0.056389
0 0.229492 0.588542 0.024922 0.068472
0 0.149414 0.642361 0.043047 0.056389
0 0.283203 0.609375 0.013594 0.084583
0 0.185547 0.380208 0.022656 0.044306
0 0.871094 0.652778 0.036250 0.056389
0 0.022148 0.843750 0.044297 0.096667
0 0.255859 0.487847 0.018125 0.044306
0 0.164062 0.496528 0.022656 0.064444
0 0.984258 0.654514 0.031484 0.076528
0 0.215820 0.715278 0.033984 0.104722
0 0.148438 0.703125 0.049844 0.092639
0 0.275391 0.489583 0.018125 0.056389
0 0.267578 0.581597 0.022656 0.084583
0 0.206055 0.564236 0.024922 0.068472
0 0.807617 0.876736 0.047578 0.076528
0 0.732422 0.447917 0.013594 0.040278
0 0.230469 0.378472 0.027187 0.040278
0 0.089844 0.782986 0.036250 0.044306
0 0.988281 0.555556 0.022656 0.072500
0 0.834961 0.734375 0.033984 0.068472
0 0.768555 0.713542 0.033984 0.060417
0 0.257812 0.359375 0.018125 0.044306
0 0.544922 0.397569 0.027187 0.052361
0 0.829102 0.484375 0.020391 0.028194
0 0.787109 0.645833 0.022656 0.064444
0 0.945312 0.515625 0.045313 0.044306
0 0.231445 0.862847 0.052109 0.149028
0 0.214844 0.644097 0.036250 0.060417
