0 0.380859 0.538194 0.013594 0.048333
0 0.720703 0.932778 0.113281 0.134444
0 0.715820 0.908403 0.124609 0.183194
0 0.354492 0.253472 0.011328 0.024167
0 0.241211 0.270833 0.006797 0.024167
0 0.408203 0.743056 0.022656 0.072500
0 0.431641 0.616319 0.022656 0.060417
0 0.227539 0.590278 0.020391 0.080556
0 0.323242 0.277778 0.015859 0.032222
0 0.362305 0.576389 0.015859 0.040278
0 0.392578 0.458333 0.013594 0.048333
0 0.358398 0.482639 0.020391 0.040278
0 0.495117 0.491319 0.052109 0.052361
0 0.295898 0.303819 0.020391 0.044306
0 0.229492 0.428819 0.015859 0.052361
0 0.699219 0.888889 0.099687 0.145000
0 0.576172 0.678819 0.077031 0.084583
0 0.376953 0.657986 0.022656 0.068472
0 0.433594 0.387153 0.018125 0.044306
0 0.415039 0.348958 0.033984 0.052361
