0 0.358398 0.361111 0.020391 0.040278
0 0.716797 0.940278 0.086094 0.119444
0 0.712891 0.892361 0.131406 0.145000
0 0.363281 0.467014 0.022656 0.036250
0 0.381836 0.453125 0.015859 0.044306
0 0.298828 0.329861 0.013594 0.040278
0 0.481445 0.850694 0.029453 0.064444
0 0.227539 0.430556 0.020391 0.056389
0 0.379883 0.368056 0.011328 0.048333
0 0.495117 0.486111 0.052109 0.056389
0 0.248047 0.368056 0.013594 0.048333
0 0.222656 0.361111 0.013594 0.040278
0 0.415039 0.543403 0.020391 0.068472
0 0.462891 0.697917 0.027188 0.056389
0 0.693359 0.890625 0.086094 0.140972
0 0.555664 0.982639 0.043047 0.032222
0 0.329102 0.435764 0.015859 0.044306
0 0.427734 0.786458 0.022656 0.060417
0 0.461914 0.690972 0.029453 0.072500
0 0.446289 0.631944 0.006797 0.016111
0 0.415039 0.348958 0.033984 0.044306
0 0.514648 0.789931 0.033984 0.084583
0 0.473633 0.472222 0.029453 0.048333
