0 0.461914 0.736111 0.024922 0.064444
0 0.726562 0.938264 0.108750 0.123472
0 0.706055 0.890625 0.115547 0.149028
0 0.220703 0.364583 0.018125 0.048333
0 0.287109 0.385417 0.013594 0.040278
0 0.611328 0.982639 0.040781 0.024167
0 0.583984 0.954861 0.018125 0.056389
0 0.588867 0.909722 0.020391 0.024167
0 0.168945 0.951389 0.070234 0.097222
0 0.250000 0.710069 0.027188 0.084583
0 0.495117 0.486111 0.052109 0.056389
0 0.209961 0.546875 0.020391 0.068472
0 0.464844 0.619792 0.022656 0.052361
0 0.473633 0.472222 0.029453 0.048333
0 0.499023 0.701389 0.029453 0.072500
0 0.499023 0.786458 0.043047 0.116806
0 0.415039 0.352431 0.033984 0.052361
0 0.565430 0.869792 0.033984 0.108750
