0 0.369141 0.843750 0.022656 0.064444
0 0.218750 0.355903 0.013594 0.044306
0 0.714844 0.937500 0.090625 0.112778
0 0.703125 0.888889 0.108750 0.145000
0 0.260742 0.401042 0.015859 0.052361
0 0.342773 0.645833 0.024922 0.048333
0 0.370117 0.616319 0.020391 0.052361
0 0.707031 0.907986 0.108750 0.181250
0 0.243164 0.296875 0.015859 0.036250
0 0.170898 0.654514 0.020391 0.068472
0 0.584961 0.921389 0.070234 0.157222
0 0.217773 0.689236 0.029453 0.092639
0 0.233398 0.538194 0.020391 0.056389
0 0.214844 0.475694 0.009062 0.056389
0 0.496094 0.482639 0.049844 0.064444
0 0.242188 0.366319 0.013594 0.044306
0 0.594727 0.967014 0.052109 0.060417
0 0.573242 0.921875 0.011328 0.036250
0 0.568359 0.888889 0.013594 0.024167
0 0.522461 0.921875 0.043047 0.068472
0 0.503906 0.864583 0.009062 0.016111
0 0.521484 0.949514 0.049844 0.100972
0 0.412109 0.350694 0.027188 0.048333
0 0.504883 0.760417 0.029453 0.072500
0 0.246094 0.798611 0.022656 0.112778
0 0.473633 0.472222 0.029453 0.048333
0 0.443359 0.934028 0.031719 0.080556
