0 0.206055 0.598958 0.029453 0.116806
0 0.565430 0.684028 0.052109 0.064444
0 0.716797 0.934653 0.086094 0.130694
0 0.491211 0.486111 0.052109 0.056389
0 0.298828 0.984375 0.040781 0.028194
0 0.205078 0.703125 0.027187 0.108750
0 0.217773 0.545139 0.015859 0.072500
0 0.359375 0.586806 0.009062 0.056389
0 0.226562 0.427083 0.018125 0.056389
0 0.243164 0.468750 0.015859 0.040278
0 0.380859 0.527778 0.013594 0.040278
0 0.713867 0.906528 0.124609 0.186944
0 0.273438 0.911458 0.031719 0.132917
0 0.706055 0.887153 0.115547 0.140972
0 0.514648 0.802083 0.033984 0.088611
0 0.342773 0.618056 0.024922 0.048333
0 0.223633 0.822917 0.029453 0.112778
0 0.362305 0.482639 0.015859 0.040278
0 0.391602 0.407986 0.015859 0.036250
0 0.209961 0.951389 0.043047 0.096667
0 0.426758 0.529514 0.020391 0.044306
0 0.468750 0.687500 0.027188 0.064444
0 0.406250 0.621528 0.027188 0.064444
0 0.418945 0.355903 0.043047 0.044306
0 0.580078 0.972014 0.058906 0.055972
0 0.556641 0.918403 0.013594 0.044306
0 0.299063 0.471424 0.598125 0.942847
