0 0.386719 0.614583 0.018125 0.048333
0 0.380859 0.477431 0.013594 0.036250
0 0.432617 0.597222 0.020391 0.088611
0 0.405273 0.560764 0.015859 0.068472
0 0.709961 0.968264 0.065703 0.063472
0 0.643555 0.964514 0.056641 0.070972
0 0.495117 0.486111 0.052109 0.056389
0 0.223633 0.388889 0.011328 0.040278
0 0.316406 0.678819 0.022656 0.052361
0 0.368164 0.583333 0.015859 0.048333
0 0.395508 0.888889 0.024922 0.104722
0 0.427734 0.380208 0.022656 0.044306
0 0.408203 0.717014 0.031719 0.140972
0 0.454102 0.789931 0.033984 0.052361
0 0.365234 0.763889 0.022656 0.072500
0 0.375977 0.513889 0.020391 0.040278
0 0.344727 0.614583 0.020391 0.056389
0 0.255859 0.467014 0.013594 0.068472
0 0.340820 0.267361 0.006797 0.032222
0 0.545898 0.859375 0.052109 0.108750
0 0.515625 0.802083 0.036250 0.088611
0 0.565430 0.951389 0.065703 0.097222
0 0.473633 0.472222 0.029453 0.048333
0 0.518555 0.949514 0.043047 0.100972
0 0.412109 0.348958 0.027188 0.044306
0 0.342773 0.826389 0.029453 0.096667
0 0.480469 0.677083 0.027188 0.064444
0 0.453125 0.949653 0.036250 0.100694
0 0.364258 0.963542 0.047578 0.068472
