0 0.577148 0.907986 0.052109 0.140972
0 0.556641 0.822917 0.013594 0.040278
0 0.714844 0.932778 0.081562 0.134444
0 0.496094 0.486111 0.049844 0.056389
0 0.703125 0.890625 0.108750 0.149028
0 0.364258 0.979167 0.033984 0.040278
0 0.224609 0.390625 0.013594 0.036250
0 0.433594 0.595486 0.018125 0.036250
0 0.459961 0.763889 0.020391 0.080556
0 0.166016 0.961806 0.049844 0.072500
0 0.271484 0.618056 0.022656 0.088611
0 0.315430 0.718750 0.020391 0.072500
0 0.500000 0.710069 0.027187 0.052361
0 0.340820 0.848958 0.020391 0.084583
0 0.264648 0.404514 0.011328 0.036250
0 0.245117 0.670139 0.020391 0.048333
0 0.460712 0.647569 0.022133 0.052361
0 0.502930 0.850694 0.033984 0.096667
0 0.376953 0.630208 0.022656 0.052361
0 0.408203 0.902778 0.022656 0.072500
0 0.239258 0.293403 0.011328 0.036250
0 0.474609 0.949653 0.040781 0.100694
0 0.412109 0.348958 0.027188 0.044306
0 0.473633 0.470486 0.029453 0.052361
0 0.315430 0.939236 0.024922 0.076528
