0 0.440430 0.684028 0.033984 0.080556
0 0.443359 0.555556 0.013594 0.072500
0 0.716797 0.932778 0.086094 0.134444
0 0.374023 0.513889 0.015859 0.040278
0 0.706055 0.892361 0.115547 0.145000
0 0.233398 0.680556 0.033984 0.120833
0 0.350586 0.638889 0.020391 0.064444
0 0.327148 0.536458 0.020391 0.052361
0 0.410156 0.645833 0.027188 0.056389
0 0.258789 0.317708 0.006797 0.044306
0 0.225586 0.498264 0.020391 0.068472
0 0.496094 0.486111 0.049844 0.056389
0 0.507812 0.741319 0.049844 0.124861
0 0.574219 0.949514 0.058906 0.100972
0 0.460938 0.750000 0.045312 0.145000
0 0.426758 0.590278 0.020391 0.064444
0 0.522461 0.911458 0.047578 0.173194
0 0.415039 0.352431 0.033984 0.052361
0 0.527344 0.946181 0.036250 0.092639
0 0.576172 0.684028 0.049844 0.064444
