0 0.362305 0.567708 0.015859 0.052361
0 0.229492 0.411458 0.015859 0.044306
0 0.254883 0.545139 0.015859 0.072500
0 0.716797 0.940278 0.086094 0.119444
0 0.170898 0.656250 0.020391 0.072500
0 0.248047 0.329861 0.013594 0.040278
0 0.703125 0.892361 0.108750 0.145000
0 0.498047 0.831597 0.031719 0.084583
0 0.227539 0.472222 0.020391 0.048333
0 0.239258 0.668403 0.033984 0.076528
0 0.496094 0.486111 0.049844 0.056389
0 0.252930 0.447917 0.020391 0.056389
0 0.227539 0.585069 0.020391 0.052361
0 0.209961 0.945903 0.029453 0.108194
0 0.411133 0.553819 0.015859 0.052361
0 0.460938 0.675347 0.054375 0.092639
0 0.398438 0.597222 0.027188 0.056389
0 0.427734 0.385417 0.022656 0.040278
0 0.570312 0.949514 0.049844 0.100972
0 0.540039 0.909722 0.006797 0.024167
0 0.312031 0.482396 0.624062 0.964792
0 0.414062 0.348958 0.036250 0.052361
0 0.472656 0.472222 0.027188 0.048333
0 0.232422 0.767361 0.022656 0.104722
