0 0.429688 0.517361 0.013594 0.056389
0 0.233398 0.409722 0.011328 0.048333
0 0.369141 0.265625 0.013594 0.036250
0 0.736328 0.940278 0.131406 0.119444
0 0.708008 0.890625 0.120078 0.149028
0 0.378906 0.581597 0.022656 0.052361
0 0.318359 0.274306 0.013594 0.024167
0 0.421555 0.987847 0.021913 0.020139
0 0.396484 0.920139 0.018125 0.032222
0 0.429688 0.909722 0.013594 0.024167
0 0.171875 0.861111 0.036250 0.112778
0 0.291992 0.281250 0.011328 0.032222
0 0.230469 0.303819 0.013594 0.020139
0 0.369141 0.777778 0.022656 0.040278
0 0.415039 0.675347 0.020391 0.052361
0 0.358398 0.671875 0.033984 0.076528
0 0.471680 0.857639 0.029453 0.080556
0 0.239258 0.756944 0.033984 0.088611
0 0.265625 0.298611 0.022656 0.032222
0 0.493164 0.486111 0.047578 0.056389
0 0.250000 0.376736 0.013594 0.036250
0 0.227539 0.616319 0.020391 0.092639
0 0.473633 0.472222 0.029453 0.048333
0 0.546875 0.916667 0.036250 0.088611
0 0.477539 0.736111 0.020391 0.056389
0 0.417969 0.782986 0.027188 0.068472
0 0.415039 0.350694 0.033984 0.048333
0 0.520508 0.788194 0.033984 0.088611
0 0.362305 0.895833 0.029453 0.056389
