0 0.371094 0.418403 0.018125 0.036250
0 0.381836 0.373264 0.015859 0.036250
0 0.724609 0.940278 0.104219 0.119444
0 0.351562 0.411458 0.018125 0.052361
0 0.258789 0.225694 0.006797 0.016111
0 0.224609 0.411458 0.013594 0.052361
0 0.206055 0.340278 0.011328 0.032222
0 0.321289 0.414931 0.020391 0.052361
0 0.261719 0.461806 0.013594 0.056389
0 0.322266 0.407986 0.022656 0.068472
0 0.242188 0.397569 0.013594 0.044306
0 0.499023 0.498264 0.043047 0.044306
0 0.304688 0.303819 0.013594 0.028194
0 0.285156 0.241319 0.009062 0.020139
0 0.267578 0.324653 0.013594 0.036250
0 0.699219 0.890625 0.099687 0.149028
0 0.580078 0.675347 0.086094 0.084583
0 0.396484 0.513889 0.022656 0.072500
0 0.416992 0.348958 0.029453 0.028194
0 0.485352 0.475694 0.043047 0.056389
