0 0.277344 0.376736 0.009062 0.036250
0 0.317383 0.293403 0.011328 0.036250
0 0.718750 0.921528 0.117813 0.156944
0 0.351562 0.282986 0.009062 0.028194
0 0.249023 0.289931 0.029453 0.036250
0 0.351562 0.463542 0.018125 0.036250
0 0.412109 0.480903 0.013594 0.036250
0 0.233398 0.421875 0.011328 0.036250
0 0.267578 0.406250 0.013594 0.040278
0 0.495117 0.482639 0.052109 0.072500
0 0.326172 0.305556 0.009062 0.024167
0 0.242188 0.402778 0.013594 0.040278
0 0.371094 0.435458 0.018125 0.035539
0 0.699219 0.890625 0.099687 0.149028
0 0.576172 0.677083 0.077031 0.088611
0 0.386719 0.465278 0.013594 0.032222
0 0.418945 0.348958 0.043047 0.044306
0 0.467773 0.465278 0.038516 0.064444
