0 0.407227 0.670139 0.029453 0.072500
0 0.227539 0.357639 0.020391 0.072500
0 0.716797 0.932778 0.086094 0.134444
0 0.706055 0.890625 0.115547 0.140972
0 0.333984 0.282986 0.022656 0.036250
0 0.278320 0.310764 0.011328 0.036250
0 0.190430 0.968264 0.038516 0.063472
0 0.318359 0.293403 0.013594 0.028194
0 0.359375 0.565972 0.022656 0.072500
0 0.495117 0.482639 0.052109 0.064444
0 0.298828 0.298611 0.013594 0.040278
0 0.386719 0.592014 0.027188 0.068472
0 0.215820 0.567708 0.020391 0.060417
0 0.392578 0.487847 0.013594 0.036250
0 0.474609 0.472222 0.027188 0.048333
0 0.496094 0.835069 0.040781 0.116806
0 0.479492 0.762153 0.011328 0.004028
0 0.420898 0.354167 0.047578 0.040278
0 0.485352 0.934653 0.056641 0.130694
0 0.460938 0.607639 0.027188 0.072500
0 0.231445 0.753472 0.056641 0.120833
0 0.490234 0.973889 0.027187 0.052222
