0 0.683594 0.914931 0.063438 0.092639
0 0.727539 0.852431 0.065703 0.052361
0 0.368164 0.343750 0.015859 0.032222
0 0.714844 0.940278 0.081562 0.119444
0 0.473633 0.472222 0.029453 0.048333
0 0.229492 0.461806 0.011328 0.048333
0 0.212891 0.625000 0.027187 0.072500
0 0.373047 0.520833 0.013594 0.048333
0 0.308594 0.295139 0.022656 0.032222
0 0.358398 0.574653 0.020391 0.044306
0 0.424805 0.694444 0.029453 0.064444
0 0.475586 0.727431 0.029453 0.084583
0 0.207031 0.689236 0.027187 0.140972
0 0.339844 0.286458 0.022656 0.028194
0 0.343750 0.506944 0.013594 0.056389
0 0.495117 0.486111 0.052109 0.056389
0 0.384766 0.638889 0.022656 0.064444
0 0.446289 0.590278 0.020391 0.072500
0 0.392578 0.522569 0.013594 0.052361
0 0.374023 0.253472 0.015859 0.024167
0 0.230469 0.505208 0.013594 0.052361
0 0.336914 0.248264 0.015859 0.028194
0 0.407227 0.616319 0.020391 0.052361
0 0.416992 0.553819 0.015859 0.052361
0 0.415039 0.348958 0.033984 0.052361
