0 0.372070 0.571181 0.020391 0.084583
0 0.567383 0.685764 0.056641 0.068472
0 0.351562 0.380208 0.018125 0.052361
0 0.234375 0.934514 0.067969 0.130972
0 0.222656 0.487847 0.027187 0.060417
0 0.228516 0.559028 0.022656 0.064444
0 0.268555 0.557292 0.029453 0.068472
0 0.705078 0.921528 0.113281 0.156944
0 0.187871 0.146493 0.375742 0.292986
0 0.230469 0.381944 0.018125 0.056389
0 0.243164 0.711806 0.029453 0.096667
0 0.217773 0.850694 0.038516 0.128889
0 0.291016 0.295139 0.013594 0.032222
0 0.317383 0.279514 0.011328 0.028194
0 0.371094 0.241319 0.009062 0.020139
0 0.260742 0.406250 0.015859 0.032222
0 0.258789 0.480903 0.020391 0.068472
0 0.329102 0.404514 0.015859 0.068472
0 0.377930 0.321181 0.006797 0.052361
0 0.495117 0.491319 0.052109 0.052361
0 0.369141 0.519097 0.013594 0.036250
0 0.417969 0.350694 0.040781 0.048333
0 0.430664 0.649306 0.029453 0.096667
0 0.262695 0.293403 0.015859 0.036250
0 0.578125 0.934514 0.063438 0.130972
