0 0.383789 0.513889 0.020391 0.064444
0 0.736328 0.940278 0.131406 0.119444
0 0.340820 0.454861 0.020391 0.072500
0 0.413086 0.957014 0.029453 0.085972
0 0.231445 0.395833 0.015859 0.048333
0 0.258789 0.546875 0.020391 0.068472
0 0.376953 0.625000 0.022656 0.064444
0 0.371094 0.270833 0.022656 0.024167
0 0.274414 0.296875 0.024922 0.036250
0 0.436523 0.663194 0.024922 0.088611
0 0.708008 0.890625 0.120078 0.149028
0 0.411133 0.957014 0.029453 0.085972
0 0.208984 0.779514 0.077031 0.157083
0 0.245117 0.289931 0.024922 0.036250
0 0.355469 0.557292 0.013594 0.092639
0 0.236328 0.609375 0.027187 0.076528
0 0.414062 0.350694 0.036250 0.056389
0 0.496094 0.482639 0.049844 0.064444
0 0.315430 0.281250 0.024922 0.032222
0 0.417969 0.505208 0.013594 0.044306
0 0.344727 0.282986 0.020391 0.036250
0 0.509766 0.821181 0.040781 0.060417
0 0.519531 0.966389 0.036250 0.067222
0 0.361328 0.460069 0.013594 0.052361
0 0.419922 0.364583 0.049844 0.080556
0 0.510742 0.928889 0.070234 0.142222
