0 0.406250 0.482639 0.027188 0.072500
0 0.352539 0.451389 0.020391 0.032222
0 0.464844 0.477431 0.018125 0.036250
0 0.318359 0.361111 0.013594 0.040278
0 0.227539 0.432292 0.020391 0.052361
0 0.724609 0.908403 0.104219 0.183194
0 0.385742 0.446181 0.015859 0.020139
0 0.443359 0.590278 0.031719 0.064444
0 0.209961 0.520833 0.020391 0.056389
0 0.305664 0.293403 0.015859 0.036250
0 0.361328 0.357639 0.013594 0.032222
0 0.234375 0.277778 0.009062 0.032222
0 0.324219 0.428819 0.013594 0.044306
0 0.252930 0.392361 0.020391 0.032222
0 0.495117 0.484375 0.052109 0.068472
0 0.339844 0.246528 0.009062 0.032222
0 0.418945 0.348958 0.043047 0.044306
0 0.696289 0.892361 0.092891 0.145000
0 0.373047 0.376736 0.013594 0.036250
0 0.576172 0.677083 0.077031 0.088611
0 0.348633 0.378472 0.011328 0.024167
0 0.364258 0.269097 0.006797 0.036250
0 0.233398 0.574653 0.020391 0.068472
0 0.327148 0.234375 0.006797 0.028194
