0 0.404297 0.725694 0.027188 0.056389
0 0.230469 0.493056 0.013594 0.048333
0 0.406250 0.619792 0.013594 0.052361
0 0.716797 0.932778 0.086094 0.134444
0 0.491211 0.486111 0.052109 0.056389
0 0.472656 0.472222 0.027188 0.048333
0 0.202148 0.678819 0.020391 0.092639
0 0.709961 0.906528 0.115547 0.186944
0 0.362305 0.725694 0.029453 0.064444
0 0.486328 0.734375 0.027188 0.076528
0 0.416016 0.355903 0.036250 0.044306
0 0.340820 0.619792 0.020391 0.052361
0 0.565430 0.684028 0.052109 0.064444
0 0.262695 0.552083 0.015859 0.056389
0 0.227539 0.585069 0.020391 0.060417
0 0.426758 0.654514 0.020391 0.060417
0 0.705078 0.888889 0.113281 0.145000
0 0.460938 0.633681 0.027188 0.092639
0 0.574219 0.973889 0.058906 0.052222
0 0.299980 0.463924 0.599961 0.927847
