0 0.576172 0.682292 0.077031 0.076528
0 0.721680 0.932778 0.111016 0.134444
0 0.327148 0.315972 0.020391 0.024167
0 0.370117 0.576389 0.020391 0.064444
0 0.396484 0.541667 0.022656 0.056389
0 0.356934 0.492569 0.713867 0.985139
0 0.715820 0.912153 0.124609 0.175694
0 0.456055 0.473958 0.029453 0.052361
0 0.534180 0.831597 0.038516 0.084583
0 0.508789 0.758681 0.006797 0.052361
0 0.287109 0.295139 0.013594 0.032222
0 0.393555 0.428819 0.011328 0.052361
0 0.381836 0.458333 0.015859 0.048333
0 0.368164 0.387153 0.011328 0.036250
0 0.302734 0.508681 0.022656 0.052361
0 0.220703 0.602431 0.022656 0.060417
0 0.433594 0.592014 0.022656 0.060417
0 0.696289 0.890625 0.092891 0.140972
0 0.466797 0.645833 0.027188 0.056389
0 0.416992 0.350694 0.043047 0.048333
0 0.242188 0.722222 0.027188 0.096667
0 0.495117 0.484375 0.052109 0.068472
0 0.283203 0.817708 0.036250 0.124861
