0 0.327148 0.982639 0.047578 0.032222
0 0.402344 0.711806 0.031719 0.048333
0 0.236328 0.717014 0.018125 0.076528
0 0.727539 0.940278 0.111016 0.119444
0 0.495117 0.482639 0.052109 0.064444
0 0.706055 0.894097 0.115547 0.157083
0 0.213867 0.555556 0.020391 0.072500
0 0.367188 0.786458 0.027188 0.052361
0 0.455078 0.819444 0.027188 0.088611
0 0.208984 0.899306 0.036250 0.128889
0 0.273438 0.326389 0.013594 0.032222
0 0.377930 0.387153 0.020391 0.036250
0 0.526367 0.772569 0.020391 0.052361
0 0.354492 0.390625 0.011328 0.044306
0 0.220703 0.496528 0.022656 0.072500
0 0.570312 0.958333 0.036250 0.080556
0 0.399414 0.821181 0.029453 0.084583
0 0.430664 0.692708 0.029453 0.092639
0 0.518555 0.868056 0.029453 0.096667
0 0.415039 0.350694 0.033984 0.048333
0 0.485352 0.717014 0.029453 0.076528
0 0.461914 0.614583 0.029453 0.064444
0 0.487305 0.913194 0.043047 0.088611
0 0.352539 0.895833 0.024922 0.088611
