0 0.243164 0.342014 0.011328 0.036250
0 0.357422 0.274306 0.009062 0.024167
0 0.376953 0.618056 0.022656 0.048333
0 0.706055 0.892361 0.115547 0.145000
0 0.264648 0.447917 0.011328 0.040278
0 0.215820 0.543403 0.020391 0.068472
0 0.228516 0.359375 0.013594 0.044306
0 0.343750 0.831597 0.027188 0.084583
0 0.295898 0.812500 0.024922 0.072500
0 0.343750 0.682292 0.027188 0.068472
0 0.496094 0.486111 0.049844 0.056389
0 0.286133 0.326389 0.011328 0.040278
0 0.314453 0.663194 0.022656 0.080556
0 0.242188 0.411458 0.013594 0.044306
0 0.226562 0.454861 0.018125 0.040278
0 0.460938 0.762153 0.027188 0.068472
0 0.581055 0.958889 0.043047 0.082222
0 0.510742 0.894097 0.029453 0.084583
0 0.349609 0.449653 0.013594 0.036250
0 0.405273 0.902778 0.029453 0.072500
0 0.412109 0.348958 0.027188 0.044306
0 0.527344 0.817708 0.018125 0.052361
0 0.369141 0.256944 0.013594 0.024167
0 0.473633 0.472222 0.029453 0.048333
0 0.476562 0.689236 0.018125 0.068472
0 0.475586 0.954861 0.043047 0.088611
0 0.354492 0.963542 0.056641 0.068472
