0 0.357422 0.685764 0.022656 0.108750
0 0.429688 0.520833 0.013594 0.048333
0 0.240234 0.375000 0.022656 0.032222
0 0.565430 0.684028 0.052109 0.064444
0 0.716797 0.932778 0.086094 0.134444
0 0.219727 0.559028 0.020391 0.072500
0 0.267578 0.366319 0.013594 0.052361
0 0.334961 0.520833 0.020391 0.096667
0 0.706055 0.890625 0.115547 0.149028
0 0.286133 0.815972 0.029453 0.096667
0 0.440430 0.704861 0.024922 0.072500
0 0.317383 0.277778 0.015859 0.032222
0 0.333008 0.281250 0.006797 0.032222
0 0.300781 0.277778 0.009062 0.032222
0 0.263672 0.654514 0.022656 0.076528
0 0.496094 0.486111 0.049844 0.056389
0 0.201172 0.649306 0.022656 0.088611
0 0.383789 0.569444 0.020391 0.056389
0 0.355469 0.274306 0.013594 0.024167
0 0.240234 0.628472 0.022656 0.072500
0 0.417969 0.595486 0.027188 0.052361
0 0.417969 0.352431 0.040781 0.052361
0 0.421875 0.803819 0.036250 0.092639
0 0.398438 0.741319 0.013594 0.028194
0 0.464844 0.628472 0.022656 0.056389
0 0.375000 0.267361 0.013594 0.032222
0 0.208008 0.762153 0.033984 0.116806
0 0.262695 0.550347 0.015859 0.060417
0 0.230469 0.887153 0.027187 0.100694
