0 0.399414 0.614583 0.015859 0.056389
0 0.220703 0.503472 0.022656 0.048333
0 0.252930 0.284722 0.006797 0.024167
0 0.530273 0.883681 0.043047 0.092639
0 0.504883 0.805556 0.015859 0.048333
0 0.538086 0.789931 0.006797 0.036250
0 0.716797 0.932778 0.086094 0.134444
0 0.333984 0.475694 0.022656 0.056389
0 0.473633 0.472222 0.029453 0.048333
0 0.359375 0.614583 0.022656 0.056389
0 0.167969 0.654514 0.027187 0.068472
0 0.236328 0.291667 0.013594 0.032222
0 0.700195 0.892361 0.101953 0.145000
0 0.429688 0.770833 0.031719 0.088611
0 0.292969 0.326389 0.013594 0.032222
0 0.371094 0.493056 0.022656 0.048333
0 0.231445 0.553819 0.015859 0.060417
0 0.495117 0.486111 0.052109 0.056389
0 0.504883 0.973889 0.043047 0.052222
0 0.437500 0.586806 0.027188 0.056389
0 0.260742 0.326389 0.015859 0.040278
0 0.410156 0.522569 0.027188 0.052361
0 0.243027 0.500000 0.486055 1.000000
0 0.427734 0.964514 0.049844 0.070972
0 0.427734 0.380208 0.022656 0.044306
0 0.531250 0.883681 0.040781 0.084583
0 0.355469 0.446181 0.013594 0.052361
0 0.504883 0.967014 0.043047 0.060417
0 0.483398 0.871528 0.006797 0.008056
0 0.458984 0.685764 0.022656 0.068472
0 0.412109 0.347222 0.027188 0.048333
0 0.185547 0.748264 0.027187 0.108750
0 0.386719 0.836806 0.031719 0.088611
