0 0.398438 0.631944 0.027188 0.080556
0 0.242188 0.572917 0.018125 0.040278
0 0.362305 0.687500 0.029453 0.072500
0 0.212891 0.458333 0.018125 0.024167
0 0.565430 0.684028 0.052109 0.064444
0 0.369141 0.595486 0.013594 0.052361
0 0.714844 0.940278 0.090625 0.119444
0 0.327148 0.592014 0.020391 0.060417
0 0.274414 0.480903 0.015859 0.036250
0 0.215820 0.506944 0.020391 0.088611
0 0.242188 0.295139 0.018125 0.032222
0 0.705078 0.914931 0.113281 0.165139
0 0.704102 0.835069 0.006797 0.012083
0 0.481445 0.795139 0.029453 0.072500
0 0.211914 0.753472 0.029453 0.096667
0 0.309570 0.319444 0.020391 0.024167
0 0.318359 0.366319 0.013594 0.052361
0 0.224609 0.418403 0.013594 0.044306
0 0.273438 0.710069 0.027188 0.100694
0 0.208984 0.947778 0.036250 0.104444
0 0.494141 0.486111 0.045313 0.056389
0 0.305664 0.284722 0.015859 0.024167
0 0.537109 0.932778 0.054375 0.134444
0 0.417969 0.352431 0.040781 0.052361
0 0.450195 0.571181 0.015859 0.060417
