0 0.235352 0.427083 0.011328 0.048333
0 0.364258 0.668403 0.020391 0.068472
0 0.381836 0.475694 0.015859 0.056389
0 0.715820 0.932778 0.083828 0.134444
0 0.342773 0.491319 0.015859 0.052361
0 0.267578 0.423611 0.013594 0.056389
0 0.370117 0.574653 0.020391 0.068472
0 0.216797 0.628472 0.027187 0.088611
0 0.217773 0.376736 0.015859 0.052361
0 0.396484 0.621528 0.018125 0.040278
0 0.430664 0.678819 0.029453 0.060417
0 0.237305 0.494792 0.015859 0.052361
0 0.248047 0.381944 0.013594 0.048333
0 0.496094 0.486111 0.049844 0.056389
0 0.415039 0.350694 0.033984 0.048333
0 0.264648 0.491319 0.020391 0.052361
0 0.401367 0.453125 0.015859 0.036250
0 0.428711 0.569444 0.015859 0.048333
0 0.700195 0.892361 0.101953 0.145000
0 0.452148 0.630208 0.020391 0.060417
0 0.433594 0.387153 0.018125 0.036250
0 0.449219 0.843750 0.027188 0.072500
0 0.473633 0.472222 0.029453 0.048333
0 0.264648 0.664931 0.020391 0.060417
