0 0.420898 0.720486 0.033984 0.108750
0 0.229492 0.395833 0.015859 0.048333
0 0.730469 0.940278 0.117813 0.119444
0 0.706055 0.894097 0.115547 0.157083
0 0.339844 0.463542 0.022656 0.052361
0 0.414062 0.501736 0.018125 0.052361
0 0.216797 0.506944 0.013594 0.056389
0 0.292969 0.277778 0.013594 0.032222
0 0.365234 0.718750 0.036250 0.072500
0 0.358398 0.619792 0.020391 0.052361
0 0.458984 0.734375 0.022656 0.068472
0 0.333008 0.598958 0.024922 0.124861
0 0.275391 0.296875 0.013594 0.036250
0 0.371094 0.465278 0.018125 0.040278
0 0.496094 0.486111 0.049844 0.056389
0 0.453125 0.628472 0.022656 0.056389
0 0.416992 0.348958 0.029453 0.044306
0 0.388672 0.647569 0.022656 0.052361
0 0.230469 0.442708 0.013594 0.052361
0 0.390625 0.539931 0.022656 0.052361
0 0.586914 0.930903 0.088359 0.138194
0 0.239258 0.281250 0.020391 0.032222
0 0.412109 0.560764 0.027188 0.076528
0 0.499023 0.861111 0.029453 0.056389
0 0.451172 0.654514 0.022656 0.060417
0 0.333984 0.621528 0.022656 0.072500
0 0.468750 0.472222 0.018125 0.048333
0 0.434570 0.553819 0.020391 0.052361
0 0.437500 0.850694 0.027188 0.088611
0 0.390625 0.873264 0.036250 0.068472
