0 0.432617 0.795139 0.020391 0.072500
0 0.473633 0.472222 0.029453 0.048333
0 0.549805 0.843750 0.061172 0.153056
0 0.716797 0.932778 0.086094 0.134444
0 0.495117 0.486111 0.052109 0.056389
0 0.395508 0.940278 0.038516 0.119444
0 0.371094 0.880208 0.009062 0.020139
0 0.209961 0.515625 0.020391 0.068472
0 0.387695 0.746528 0.015859 0.040278
0 0.417969 0.690972 0.027188 0.048333
0 0.244141 0.340278 0.013594 0.040278
0 0.179688 0.736111 0.045312 0.128889
0 0.709961 0.890625 0.124609 0.149028
0 0.476562 0.859375 0.022656 0.044306
0 0.239258 0.907986 0.033984 0.140972
0 0.371094 0.812500 0.022656 0.072500
0 0.231445 0.427083 0.015859 0.056389
0 0.325195 0.638889 0.015859 0.040278
0 0.305664 0.534722 0.015859 0.056389
0 0.196289 0.618056 0.020391 0.088611
0 0.336914 0.737847 0.024922 0.092639
0 0.386719 0.609375 0.013594 0.036250
0 0.411133 0.842014 0.029453 0.068472
0 0.532227 0.930556 0.052109 0.088611
0 0.511719 0.850694 0.013594 0.024167
0 0.431641 0.380208 0.018125 0.044306
0 0.502930 0.809028 0.033984 0.080556
0 0.413086 0.350694 0.029453 0.048333
0 0.486328 0.661458 0.027188 0.060417
0 0.465820 0.949514 0.043047 0.100972
0 0.443359 0.880208 0.013594 0.020139
