0 0.386719 0.531250 0.013594 0.040278
0 0.233398 0.314236 0.006797 0.036250
0 0.405273 0.493056 0.015859 0.048333
0 0.724609 0.932778 0.104219 0.134444
0 0.761719 0.946181 0.013594 0.020139
0 0.714844 0.885417 0.135938 0.161111
0 0.280273 0.435764 0.015859 0.036250
0 0.228516 0.458333 0.022656 0.048333
0 0.257812 0.310764 0.009062 0.036250
0 0.432617 0.616319 0.020391 0.052361
0 0.262695 0.467014 0.015859 0.044306
0 0.249023 0.581597 0.015859 0.052361
0 0.276367 0.531250 0.020391 0.072500
0 0.279297 0.373264 0.013594 0.036250
0 0.236328 0.406250 0.013594 0.032222
0 0.495117 0.487847 0.052109 0.052361
0 0.484375 0.894097 0.036250 0.084583
0 0.419922 0.350694 0.040781 0.048333
0 0.568359 0.682292 0.058906 0.068472
0 0.255859 0.397569 0.013594 0.052361
0 0.271484 0.840278 0.036250 0.104722
