0 0.386719 0.524306 0.027188 0.072500
0 0.392578 0.442708 0.013594 0.028194
0 0.716797 0.932778 0.086094 0.134444
0 0.221680 0.579861 0.020391 0.056389
0 0.713867 0.906528 0.124609 0.186944
0 0.192383 0.746528 0.029453 0.072500
0 0.339844 0.404514 0.018125 0.036250
0 0.255859 0.621528 0.027188 0.064444
0 0.280273 0.572917 0.015859 0.056389
0 0.494141 0.482639 0.045313 0.064444
0 0.367188 0.423611 0.013594 0.032222
0 0.348633 0.506944 0.015859 0.080556
0 0.705078 0.888889 0.113281 0.145000
0 0.567383 0.682292 0.056641 0.068472
0 0.368164 0.460069 0.015859 0.052361
0 0.309570 0.701389 0.020391 0.096667
0 0.418945 0.352431 0.043047 0.052361
0 0.422852 0.685764 0.029453 0.068472
0 0.380859 0.385417 0.013594 0.032222
0 0.423828 0.687500 0.027188 0.064444
