0 0.371094 0.609375 0.018125 0.044306
0 0.229492 0.413194 0.015859 0.048333
0 0.716797 0.938403 0.086094 0.123194
0 0.683594 0.913194 0.063438 0.088611
0 0.720703 0.850694 0.049844 0.056389
0 0.336914 0.487847 0.015859 0.036250
0 0.473633 0.472222 0.029453 0.048333
0 0.391602 0.565972 0.015859 0.048333
0 0.706055 0.915903 0.115547 0.168194
0 0.706055 0.835069 0.011328 0.012083
0 0.261719 0.315972 0.013594 0.024167
0 0.189453 0.715278 0.022656 0.080556
0 0.360352 0.512153 0.015859 0.036250
0 0.292969 0.329861 0.013594 0.032222
0 0.495117 0.486111 0.052109 0.056389
0 0.205078 0.607639 0.027187 0.072500
0 0.456055 0.597222 0.015859 0.056389
0 0.406250 0.522569 0.013594 0.052361
0 0.525391 0.842014 0.049844 0.140972
0 0.425781 0.595486 0.022656 0.052361
0 0.411133 0.348958 0.024922 0.052361
0 0.452148 0.699653 0.020391 0.068472
0 0.336914 0.586806 0.015859 0.048333
