0 0.226562 0.270448 0.004531 0.015216
0 0.226562 0.284336 0.009062 0.017006
0 0.334961 0.239583 0.006797 0.024167
0 0.342773 0.392361 0.015859 0.040278
0 0.206055 0.543403 0.015859 0.076528
0 0.368164 0.467014 0.015859 0.036250
0 0.715820 0.921528 0.124609 0.156944
0 0.714844 0.854167 0.009062 0.016111
0 0.247070 0.262153 0.006797 0.028194
0 0.484375 0.706597 0.036250 0.084583
0 0.470703 0.652778 0.009062 0.032222
0 0.229492 0.760417 0.043047 0.104722
0 0.318359 0.295139 0.013594 0.032222
0 0.227539 0.442708 0.020391 0.052361
0 0.495117 0.489583 0.052109 0.056389
0 0.258789 0.255208 0.006797 0.020139
0 0.443359 0.449653 0.013594 0.044306
0 0.418945 0.348958 0.043047 0.044306
0 0.576172 0.677083 0.077031 0.080556
0 0.233398 0.779514 0.020391 0.060417
