0 0.736328 0.938403 0.131406 0.123194
0 0.708984 0.890625 0.122344 0.149028
0 0.436523 0.964514 0.043047 0.070972
0 0.224609 0.467014 0.013594 0.044306
0 0.373047 0.477431 0.027188 0.052361
0 0.427734 0.383681 0.022656 0.036250
0 0.211914 0.366319 0.015859 0.052361
0 0.387695 0.951389 0.043047 0.097222
0 0.363281 0.866319 0.009062 0.012083
0 0.206055 0.722222 0.029453 0.096667
0 0.336914 0.473958 0.029453 0.060417
0 0.412109 0.348958 0.027188 0.044306
0 0.496094 0.486111 0.049844 0.056389
0 0.243164 0.444444 0.015859 0.056389
0 0.432617 0.565972 0.020391 0.056389
0 0.451172 0.612847 0.022656 0.060417
0 0.403320 0.550347 0.020391 0.060417
0 0.489258 0.928819 0.038516 0.092639
0 0.467773 0.847222 0.024922 0.056389
0 0.483398 0.710069 0.033984 0.052361
0 0.473633 0.468750 0.029453 0.040278
