0 0.443359 0.713542 0.027188 0.068472
0 0.337891 0.494792 0.027188 0.068472
0 0.736328 0.938403 0.131406 0.123194
0 0.242188 0.621528 0.027188 0.072500
0 0.379883 0.498264 0.015859 0.036250
0 0.706055 0.890625 0.115547 0.149028
0 0.191484 0.267361 0.382969 0.523611
0 0.520508 0.779514 0.033984 0.076528
0 0.208008 0.704861 0.038516 0.112778
0 0.491211 0.482639 0.052109 0.064444
0 0.397461 0.557292 0.020391 0.068472
0 0.203125 0.595486 0.022656 0.052361
0 0.473633 0.472222 0.029453 0.048333
0 0.353516 0.274306 0.009062 0.024167
0 0.438477 0.680556 0.038516 0.145000
0 0.420898 0.552083 0.020391 0.048333
0 0.427734 0.380208 0.022656 0.044306
0 0.493164 0.859375 0.029453 0.076528
0 0.412109 0.350694 0.027188 0.048333
