0 0.716797 0.940278 0.086094 0.119444
0 0.390625 0.748264 0.022656 0.068472
0 0.717773 0.914028 0.101953 0.171944
0 0.367188 0.348958 0.013594 0.028194
0 0.380859 0.628472 0.027188 0.048333
0 0.387695 0.418403 0.015859 0.044306
0 0.356445 0.524306 0.015859 0.048333
0 0.337891 0.480903 0.013594 0.044306
0 0.496094 0.486111 0.049844 0.056389
0 0.329102 0.428819 0.015859 0.052361
0 0.406250 0.484375 0.013594 0.036250
0 0.703125 0.892361 0.108750 0.145000
0 0.452148 0.616319 0.020391 0.052361
0 0.392578 0.576389 0.013594 0.064444
0 0.415039 0.348958 0.033984 0.052361
0 0.473633 0.472222 0.029453 0.048333
