0 0.420898 0.581597 0.020391 0.052361
0 0.427734 0.510417 0.022656 0.056389
0 0.714844 0.940278 0.081562 0.119444
0 0.220703 0.475694 0.018125 0.048333
0 0.375977 0.427083 0.020391 0.088611
0 0.371094 0.267361 0.022656 0.032222
0 0.712891 0.890625 0.131406 0.149028
0 0.534180 0.807292 0.033984 0.068472
0 0.227539 0.777778 0.038516 0.112778
0 0.328125 0.782986 0.036250 0.068472
0 0.365234 0.746528 0.022656 0.080556
0 0.333984 0.557292 0.022656 0.052361
0 0.495117 0.489583 0.052109 0.056389
0 0.350586 0.286458 0.020391 0.020139
0 0.399414 0.550347 0.015859 0.052361
0 0.470703 0.645833 0.022656 0.048333
0 0.493164 0.751736 0.029453 0.068472
0 0.401367 0.437500 0.020391 0.072500
0 0.342773 0.244792 0.015859 0.020139
0 0.443359 0.722222 0.018125 0.056389
0 0.261719 0.227431 0.013594 0.020139
0 0.500000 0.966389 0.045313 0.067222
0 0.264570 0.467396 0.529141 0.934792
0 0.517578 0.850694 0.013594 0.016111
0 0.432617 0.383681 0.020391 0.052361
0 0.418945 0.352431 0.038516 0.052361
0 0.501953 0.966389 0.036250 0.067222
0 0.570312 0.684028 0.049844 0.064444
0 0.355469 0.241319 0.013594 0.020139
