0 0.314453 0.371528 0.018125 0.040278
0 0.355469 0.397569 0.013594 0.028194
0 0.499023 0.498264 0.043047 0.044306
0 0.461914 0.420139 0.015859 0.064444
0 0.724609 0.947639 0.104219 0.104722
0 0.328125 0.366319 0.009062 0.044306
0 0.352539 0.392361 0.020391 0.040278
0 0.245117 0.255208 0.020391 0.020139
0 0.385742 0.373264 0.015859 0.036250
0 0.264648 0.289931 0.020391 0.020139
0 0.486328 0.475694 0.045313 0.056389
0 0.699219 0.897569 0.099687 0.132917
0 0.704102 0.833333 0.006797 0.016111
0 0.578125 0.675347 0.081562 0.084583
0 0.369141 0.385417 0.013594 0.040278
0 0.368164 0.491319 0.015859 0.052361
0 0.415039 0.348958 0.033984 0.028194
