0 0.426758 0.885417 0.047578 0.112778
0 0.218770 0.424271 0.437539 0.848542
0 0.190137 0.192708 0.380273 0.382639
0 0.578125 0.675347 0.081562 0.084583
0 0.385742 0.442708 0.015859 0.052361
0 0.724609 0.940139 0.104219 0.119722
0 0.386719 0.451389 0.013594 0.032222
0 0.479492 0.850694 0.029453 0.088611
0 0.327148 0.223958 0.006797 0.020139
0 0.332031 0.421875 0.013594 0.036250
0 0.499023 0.498264 0.043047 0.044306
0 0.236328 0.289931 0.027187 0.036250
0 0.208984 0.647569 0.022656 0.092639
0 0.699219 0.895833 0.099687 0.136944
0 0.705078 0.833333 0.013594 0.016111
0 0.396484 0.621528 0.022656 0.064444
0 0.461914 0.420139 0.015859 0.064444
0 0.416016 0.343750 0.036250 0.032222
0 0.196289 0.772569 0.038516 0.124861
0 0.485352 0.475694 0.043047 0.056389
0 0.191484 0.226562 0.382969 0.453125
