0 0.396484 0.552083 0.022656 0.048333
0 0.473633 0.472222 0.029453 0.048333
0 0.735352 0.938264 0.129141 0.123472
0 0.395508 0.545139 0.020391 0.072500
0 0.338867 0.567708 0.020391 0.052361
0 0.476562 0.678819 0.036250 0.092639
0 0.243164 0.557292 0.015859 0.068472
0 0.321289 0.274306 0.020391 0.024167
0 0.342773 0.279514 0.024922 0.036250
0 0.273438 0.284722 0.013594 0.024167
0 0.493164 0.486111 0.056641 0.056389
0 0.233398 0.486111 0.020391 0.040278
0 0.518555 0.843750 0.029453 0.072500
0 0.491211 0.774306 0.006797 0.016111
0 0.415039 0.347222 0.033984 0.056389
0 0.517578 0.845486 0.027187 0.068472
0 0.702148 0.890625 0.106484 0.149028
