0 0.376953 0.670139 0.022656 0.040278
0 0.221680 0.468750 0.020391 0.040278
0 0.716797 0.932778 0.086094 0.134444
0 0.336914 0.465278 0.015859 0.040278
0 0.386719 0.435764 0.013594 0.036250
0 0.368164 0.555556 0.015859 0.048333
0 0.206055 0.605903 0.020391 0.044306
0 0.249023 0.397569 0.015859 0.052361
0 0.395508 0.522569 0.020391 0.052361
0 0.220703 0.541667 0.022656 0.104722
0 0.264648 0.496528 0.020391 0.080556
0 0.491211 0.489583 0.052109 0.048333
0 0.344727 0.529514 0.020391 0.044306
0 0.213867 0.934653 0.033984 0.130694
0 0.395508 0.508681 0.020391 0.084583
0 0.702148 0.890625 0.106484 0.149028
0 0.487305 0.791667 0.029453 0.072500
0 0.464844 0.720486 0.009062 0.036250
0 0.418945 0.350694 0.043047 0.048333
0 0.487305 0.793403 0.029453 0.068472
0 0.567383 0.684028 0.056641 0.064444
0 0.415039 0.708333 0.024922 0.048333
0 0.214844 0.934653 0.036250 0.130694
0 0.235352 0.868056 0.015859 0.048333
