0 0.564453 0.682292 0.049844 0.068472
0 0.414062 0.565972 0.018125 0.048333
0 0.714844 0.938403 0.081562 0.123194
0 0.420898 0.987847 0.006797 0.012083
0 0.226602 0.500000 0.453203 1.000000
0 0.414062 0.902778 0.009062 0.008056
0 0.442383 0.952222 0.029453 0.095556
0 0.249023 0.421875 0.015859 0.068472
0 0.250000 0.430556 0.013594 0.056389
0 0.389648 0.631944 0.020391 0.088611
0 0.279297 0.430556 0.013594 0.056389
0 0.710938 0.915903 0.117813 0.168194
0 0.380879 0.450521 0.761758 0.901042
0 0.412109 0.487847 0.013594 0.036250
0 0.208984 0.548611 0.022656 0.072500
0 0.364258 0.704861 0.020391 0.072500
0 0.449219 0.677083 0.027188 0.056389
0 0.379883 0.361111 0.011328 0.040278
0 0.355469 0.515625 0.013594 0.036250
0 0.575195 0.965278 0.065703 0.064444
0 0.546875 0.855903 0.018125 0.044306
0 0.493164 0.486111 0.047578 0.056389
0 0.338867 0.553819 0.020391 0.052361
0 0.396484 0.435764 0.018125 0.036250
0 0.447266 0.859375 0.022656 0.076528
0 0.418945 0.355903 0.043047 0.044306
0 0.502930 0.953125 0.033984 0.068472
0 0.446289 0.578125 0.020391 0.068472
0 0.449219 0.866319 0.027188 0.092639
0 0.386719 0.819444 0.027188 0.080556
0 0.279297 0.310764 0.013594 0.036250
0 0.474609 0.779514 0.027188 0.068472
