0 0.224609 0.390625 0.013594 0.044306
0 0.352539 0.491319 0.020391 0.052361
0 0.254883 0.390625 0.015859 0.028194
0 0.718750 0.908403 0.117813 0.183194
0 0.349609 0.286458 0.027188 0.028194
0 0.236328 0.302083 0.013594 0.024167
0 0.221680 0.442708 0.020391 0.052361
0 0.432617 0.630208 0.020391 0.060417
0 0.261719 0.298611 0.013594 0.032222
0 0.368164 0.434028 0.015859 0.032222
0 0.329102 0.454861 0.015859 0.040278
0 0.495117 0.484375 0.052109 0.068472
0 0.287109 0.296875 0.027188 0.028194
0 0.408203 0.442708 0.018125 0.028194
0 0.469727 0.465278 0.033984 0.064444
0 0.697266 0.892361 0.095156 0.145000
0 0.383789 0.472222 0.020391 0.048333
0 0.391602 0.553819 0.015859 0.052361
0 0.432617 0.630208 0.020391 0.060417
0 0.418945 0.348958 0.043047 0.044306
0 0.485352 0.906250 0.065703 0.185278
0 0.576172 0.677083 0.077031 0.088611
