0 0.473633 0.472222 0.029453 0.048333
0 0.386719 0.888889 0.018125 0.072500
0 0.438477 0.611111 0.020391 0.072500
0 0.231445 0.557292 0.015859 0.068472
0 0.212891 0.508681 0.018125 0.036250
0 0.716797 0.934653 0.086094 0.130694
0 0.496094 0.486111 0.049844 0.056389
0 0.206055 0.663194 0.029453 0.056389
0 0.278320 0.560764 0.020391 0.068472
0 0.402344 0.817708 0.022656 0.084583
0 0.256836 0.460069 0.015859 0.052361
0 0.345703 0.527778 0.022656 0.064444
0 0.683594 0.911458 0.063438 0.092639
0 0.735352 0.890625 0.079297 0.140972
0 0.446289 0.876736 0.033984 0.092639
0 0.480469 0.791667 0.027188 0.072500
0 0.171875 0.932778 0.036250 0.134444
0 0.287109 0.805556 0.027188 0.088611
0 0.385742 0.513889 0.015859 0.040278
0 0.246094 0.640625 0.022656 0.068472
0 0.592773 0.987847 0.038516 0.020139
0 0.559570 0.980903 0.006797 0.028194
0 0.558594 0.932292 0.009062 0.020139
0 0.489258 0.706597 0.020391 0.060417
0 0.415039 0.348958 0.033984 0.044306
0 0.275391 0.703125 0.027188 0.068472
0 0.496094 0.973889 0.049844 0.052222
0 0.521484 0.781250 0.022656 0.072500
0 0.277344 0.480903 0.022656 0.068472
0 0.357422 0.793403 0.022656 0.068472
0 0.247070 0.513889 0.020391 0.064444
0 0.432617 0.973958 0.033984 0.044306
0 0.559570 0.862847 0.038516 0.092639
0 0.514648 0.901042 0.038516 0.092639
0 0.483398 0.848958 0.006797 0.028194
0 0.486328 0.809028 0.013594 0.032222
0 0.364258 0.517361 0.020391 0.032222
0 0.435547 0.706597 0.022656 0.020139
0 0.439453 0.734375 0.022656 0.044306
0 0.515625 0.901042 0.036250 0.092639
0 0.237305 0.803819 0.029453 0.092639
0 0.463867 0.640625 0.020391 0.068472
