0 0.404297 0.633681 0.027188 0.084583
0 0.473633 0.472222 0.029453 0.048333
0 0.235352 0.491319 0.015859 0.052361
0 0.315195 0.500000 0.630391 1.000000
0 0.555664 0.949653 0.056641 0.100694
0 0.536133 0.881944 0.011328 0.016111
0 0.565430 0.868056 0.006797 0.016111
0 0.726562 0.938403 0.108750 0.123194
0 0.495117 0.486111 0.052109 0.056389
0 0.711914 0.894097 0.115547 0.157083
0 0.336914 0.503472 0.015859 0.048333
0 0.216797 0.555556 0.018125 0.056389
0 0.199219 0.692708 0.027187 0.084583
0 0.371094 0.638889 0.018125 0.040278
0 0.256836 0.529514 0.015859 0.068472
0 0.404297 0.614583 0.027188 0.128889
0 0.432617 0.543403 0.020391 0.028194
0 0.430664 0.565972 0.015859 0.024167
0 0.223633 0.385417 0.011328 0.032222
0 0.364258 0.730903 0.024922 0.044306
0 0.699219 0.890625 0.099687 0.149028
0 0.179688 0.861111 0.040781 0.112778
0 0.369141 0.510417 0.013594 0.040278
0 0.413086 0.348958 0.020391 0.044306
0 0.402344 0.460069 0.022656 0.044306
0 0.443359 0.680556 0.027188 0.056389
0 0.398438 0.875000 0.040781 0.104722
0 0.418945 0.756944 0.029453 0.056389
0 0.476562 0.635417 0.036250 0.128889
0 0.455078 0.605903 0.013594 0.044306
0 0.464844 0.966389 0.036250 0.067222
0 0.337891 0.956597 0.027188 0.084583
