0 0.418945 0.350694 0.043047 0.048333
0 0.201172 0.340278 0.009062 0.032222
0 0.336914 0.255208 0.015859 0.028194
0 0.715820 0.942014 0.092891 0.115972
0 0.218750 0.397569 0.013594 0.044306
0 0.376953 0.633681 0.022656 0.060417
0 0.721680 0.915903 0.106484 0.168194
0 0.245117 0.262153 0.006797 0.028194
0 0.239258 0.312500 0.006797 0.032222
0 0.443359 0.730903 0.027188 0.068472
0 0.361328 0.246528 0.013594 0.032222
0 0.236328 0.491319 0.013594 0.052361
0 0.169648 0.154514 0.339297 0.294028
0 0.496094 0.487847 0.049844 0.060417
0 0.706055 0.892361 0.115547 0.145000
0 0.348633 0.296875 0.011328 0.036250
0 0.482422 0.927083 0.036250 0.088611
0 0.567383 0.685764 0.056641 0.068472
0 0.255859 0.661458 0.027188 0.084583
