0 0.473633 0.814236 0.029453 0.092639
0 0.420898 0.904514 0.052109 0.108750
0 0.391602 0.819444 0.015859 0.016111
0 0.231445 0.414931 0.015859 0.052361
0 0.716797 0.940278 0.086094 0.119444
0 0.703125 0.888889 0.108750 0.145000
0 0.393555 0.973889 0.029453 0.052222
0 0.348633 0.607639 0.029453 0.104722
0 0.382812 0.616319 0.022656 0.052361
0 0.170898 0.654514 0.020391 0.068472
0 0.267578 0.310764 0.013594 0.044306
0 0.330078 0.793403 0.027188 0.068472
0 0.423828 0.904514 0.045312 0.108750
0 0.259766 0.647569 0.027188 0.092639
0 0.324219 0.302083 0.013594 0.024167
0 0.344727 0.453125 0.020391 0.036250
0 0.248047 0.371528 0.013594 0.040278
0 0.496094 0.486111 0.049844 0.056389
0 0.280273 0.373264 0.015859 0.036250
0 0.247070 0.444444 0.020391 0.056389
0 0.233398 0.526042 0.020391 0.068472
0 0.399414 0.498264 0.015859 0.036250
0 0.402344 0.576389 0.018125 0.040278
0 0.592773 0.958889 0.038516 0.082222
0 0.541992 0.859375 0.029453 0.076528
0 0.322266 0.239583 0.009062 0.024167
0 0.434570 0.670139 0.020391 0.072500
0 0.427734 0.380208 0.022656 0.044306
0 0.501953 0.894097 0.036250 0.084583
0 0.415039 0.350694 0.033984 0.048333
0 0.485352 0.706597 0.029453 0.052361
0 0.375977 0.276042 0.006797 0.036250
0 0.473633 0.472222 0.029453 0.048333
0 0.466797 0.972222 0.040781 0.048333
0 0.319336 0.423611 0.015859 0.056389
0 0.341797 0.243056 0.013594 0.024167
0 0.314453 0.927083 0.036250 0.096667
