0 0.387695 0.746528 0.015859 0.040278
0 0.429688 0.795139 0.027188 0.072500
0 0.218750 0.378472 0.013594 0.048333
0 0.534180 0.958889 0.047578 0.082222
0 0.298320 0.463924 0.596641 0.927847
0 0.714844 0.932778 0.090625 0.134444
0 0.495117 0.486111 0.052109 0.056389
0 0.703125 0.888889 0.108750 0.145000
0 0.394531 0.928819 0.036250 0.084583
0 0.325195 0.638889 0.015859 0.040278
0 0.203125 0.590278 0.022656 0.072500
0 0.161133 0.906250 0.029453 0.145000
0 0.318359 0.442708 0.013594 0.052361
0 0.713867 0.908403 0.124609 0.183194
0 0.336914 0.723958 0.029453 0.124861
0 0.159180 0.904514 0.038516 0.149028
0 0.368164 0.807292 0.029453 0.076528
0 0.234375 0.416667 0.018125 0.072500
0 0.307617 0.536458 0.020391 0.060417
0 0.428711 0.371528 0.024922 0.040278
0 0.217773 0.473958 0.015859 0.060417
0 0.417969 0.690972 0.027188 0.048333
0 0.411133 0.843750 0.029453 0.072500
0 0.536133 0.958889 0.043047 0.082222
0 0.502930 0.807292 0.033984 0.092639
0 0.413086 0.348958 0.029453 0.052361
0 0.467773 0.966389 0.043047 0.067222
0 0.440430 0.881944 0.006797 0.016111
0 0.473633 0.472222 0.029453 0.048333
0 0.394531 0.927083 0.036250 0.088611
0 0.370117 0.876736 0.006797 0.020139
