0 0.386719 0.394097 0.013594 0.036250
0 0.218750 0.366319 0.013594 0.052361
0 0.368164 0.392361 0.011328 0.032222
0 0.385742 0.468750 0.015859 0.040278
0 0.716797 0.932778 0.086094 0.134444
0 0.280273 0.965278 0.056641 0.064444
0 0.230469 0.420139 0.013594 0.048333
0 0.199219 0.734375 0.027187 0.108750
0 0.243164 0.371528 0.011328 0.040278
0 0.249023 0.887153 0.029453 0.108750
0 0.706055 0.890625 0.115547 0.140972
0 0.383789 0.633681 0.020391 0.052361
0 0.435547 0.638889 0.027188 0.064444
0 0.189453 0.945903 0.036250 0.108194
0 0.259766 0.737847 0.022656 0.084583
0 0.258789 0.295139 0.006797 0.032222
0 0.247070 0.605903 0.020391 0.068472
0 0.540039 0.913194 0.038516 0.088611
0 0.237305 0.477431 0.015859 0.060417
0 0.276367 0.564236 0.020391 0.068472
0 0.495117 0.486111 0.052109 0.056389
0 0.349609 0.385417 0.013594 0.056389
0 0.342773 0.529514 0.015859 0.036250
0 0.243164 0.291667 0.015859 0.032222
0 0.416016 0.496528 0.013594 0.040278
0 0.473633 0.470486 0.029453 0.052361
0 0.421875 0.567708 0.022656 0.052361
0 0.230469 0.652778 0.018125 0.080556
0 0.352539 0.451389 0.015859 0.040278
0 0.370117 0.503472 0.020391 0.056389
0 0.538086 0.913194 0.043047 0.088611
0 0.514648 0.842014 0.020391 0.076528
0 0.370117 0.298611 0.006797 0.040278
0 0.415039 0.350694 0.033984 0.048333
0 0.256836 0.520833 0.015859 0.056389
