0 0.367188 0.621528 0.027188 0.040278
0 0.412109 0.472222 0.013594 0.048333
0 0.735352 0.940278 0.129141 0.119444
0 0.473633 0.472222 0.029453 0.048333
0 0.376953 0.572917 0.022656 0.056389
0 0.375762 0.500000 0.751523 1.000000
0 0.706055 0.901042 0.115547 0.165139
0 0.248047 0.388889 0.013594 0.064444
0 0.211914 0.571181 0.015859 0.092639
0 0.336914 0.743056 0.029453 0.056389
0 0.410156 0.765625 0.027188 0.068472
0 0.444336 0.715278 0.029453 0.080556
0 0.247070 0.538194 0.020391 0.056389
0 0.292969 0.317708 0.013594 0.044306
0 0.325195 0.557292 0.015859 0.052361
0 0.495117 0.482639 0.052109 0.064444
0 0.412109 0.348958 0.031719 0.052361
0 0.276367 0.512153 0.020391 0.068472
0 0.231445 0.458333 0.015859 0.048333
0 0.536133 0.982639 0.043047 0.032222
0 0.525391 0.929087 0.049844 0.075908
0 0.495117 0.843750 0.038516 0.072500
0 0.486328 0.694444 0.027188 0.064444
0 0.462891 0.597222 0.013594 0.048333
0 0.365234 0.710069 0.022656 0.060417
