0 0.461914 0.631944 0.015859 0.056389
0 0.423828 0.567708 0.013594 0.060417
0 0.714844 0.932778 0.081562 0.134444
0 0.702148 0.890625 0.106484 0.140972
0 0.440430 0.536458 0.020391 0.052361
0 0.213867 0.531250 0.020391 0.072500
0 0.196289 0.727431 0.033984 0.060417
0 0.280273 0.399306 0.015859 0.048333
0 0.346680 0.522569 0.020391 0.052361
0 0.714844 0.907986 0.126875 0.181250
0 0.386719 0.894097 0.027188 0.084583
0 0.446289 0.876736 0.033984 0.092639
0 0.199219 0.850694 0.027187 0.128889
0 0.108926 0.418924 0.217852 0.837847
0 0.396484 0.477431 0.018125 0.052361
0 0.395508 0.517361 0.020391 0.032222
0 0.358398 0.789931 0.020391 0.060417
0 0.327148 0.506944 0.020391 0.056389
0 0.380859 0.498264 0.013594 0.036250
0 0.432617 0.979167 0.033984 0.040278
0 0.402344 0.817708 0.022656 0.084583
0 0.233398 0.576389 0.020391 0.072500
0 0.495117 0.486111 0.052109 0.056389
0 0.515625 0.906250 0.036250 0.112778
0 0.496094 0.972014 0.049844 0.055972
0 0.437500 0.727431 0.027188 0.060417
0 0.415039 0.347222 0.033984 0.048333
0 0.494141 0.685764 0.022656 0.076528
0 0.472656 0.472222 0.027188 0.048333
