0 0.435547 0.633681 0.027188 0.060417
0 0.418945 0.402778 0.015859 0.040278
0 0.229492 0.343750 0.011328 0.040278
0 0.724609 0.908403 0.104219 0.183194
0 0.295898 0.317708 0.006797 0.044306
0 0.255859 0.552083 0.013594 0.064444
0 0.392578 0.404514 0.013594 0.044306
0 0.361328 0.267361 0.013594 0.032222
0 0.255859 0.435764 0.013594 0.044306
0 0.495117 0.487847 0.052109 0.060417
0 0.392578 0.456597 0.013594 0.052361
0 0.348633 0.282986 0.011328 0.036250
0 0.700195 0.892361 0.088359 0.145000
0 0.420898 0.560764 0.020391 0.060417
0 0.520508 0.814236 0.033984 0.108750
0 0.496094 0.736111 0.018125 0.016111
0 0.415039 0.350694 0.033984 0.048333
0 0.576172 0.682292 0.077031 0.076528
