0 0.248047 0.296875 0.013594 0.036250
0 0.473633 0.472222 0.029453 0.048333
0 0.714844 0.932778 0.081562 0.134444
0 0.695269 0.890625 0.090524 0.140972
0 0.399414 0.966389 0.043047 0.067222
0 0.381836 0.911458 0.015859 0.044306
0 0.412109 0.897569 0.013594 0.020139
0 0.271484 0.317708 0.009062 0.028194
0 0.224609 0.440972 0.013594 0.056389
0 0.301758 0.239583 0.006797 0.024167
0 0.355469 0.498264 0.013594 0.036250
0 0.169922 0.654514 0.022656 0.068472
0 0.458984 0.677083 0.036250 0.120833
0 0.261719 0.387153 0.013594 0.036250
0 0.496094 0.486111 0.049844 0.056389
0 0.195312 0.962639 0.036250 0.074722
0 0.434570 0.538194 0.020391 0.056389
0 0.558594 0.921875 0.036250 0.076528
0 0.514648 0.793403 0.020391 0.076528
0 0.461914 0.904514 0.029453 0.068472
0 0.399414 0.592014 0.024922 0.036250
0 0.401367 0.513889 0.020391 0.032222
0 0.509766 0.972222 0.036250 0.048333
0 0.415039 0.348958 0.033984 0.052361
