0 0.363281 0.293403 0.009062 0.028194
0 0.716797 0.932778 0.086094 0.134444
0 0.223633 0.359375 0.015859 0.044306
0 0.356445 0.463542 0.015859 0.052361
0 0.391602 0.545139 0.015859 0.072500
0 0.247070 0.590278 0.029453 0.080556
0 0.346680 0.552083 0.020391 0.056389
0 0.336914 0.460069 0.024922 0.052361
0 0.259766 0.303819 0.009062 0.012083
0 0.258789 0.319444 0.006797 0.024167
0 0.493164 0.486111 0.056641 0.056389
0 0.706055 0.888889 0.115547 0.145000
0 0.564453 0.682292 0.049844 0.068472
0 0.409180 0.574653 0.020391 0.044306
0 0.248047 0.296875 0.013594 0.036250
0 0.418945 0.352431 0.043047 0.052361
