0 0.427734 0.380208 0.022656 0.044306
0 0.412109 0.354167 0.027188 0.040278
0 0.735352 0.938403 0.129141 0.123194
0 0.706055 0.890625 0.115547 0.149028
0 0.218750 0.350694 0.013594 0.048333
0 0.406250 0.550347 0.027188 0.060417
0 0.474609 0.638889 0.027188 0.064444
0 0.236328 0.314236 0.013594 0.036250
0 0.493164 0.814236 0.043047 0.068472
0 0.533203 0.791667 0.036250 0.072500
0 0.246094 0.553819 0.018125 0.052361
0 0.446289 0.562500 0.020391 0.064444
0 0.493164 0.486111 0.047578 0.056389
0 0.502930 0.727431 0.020391 0.052361
0 0.574219 0.956597 0.054375 0.084583
0 0.449219 0.671875 0.027188 0.068472
0 0.473633 0.472222 0.029453 0.048333
0 0.295762 0.500000 0.591523 1.000000
0 0.573242 0.956597 0.061172 0.084583
0 0.550781 0.873264 0.009062 0.036250
