0 0.439453 0.447917 0.018125 0.032222
0 0.405273 0.361111 0.015859 0.040278
0 0.576172 0.680556 0.077031 0.072500
0 0.720703 0.934653 0.108750 0.130694
0 0.339844 0.534722 0.009062 0.048333
0 0.215820 0.567708 0.020391 0.060417
0 0.414062 0.539931 0.018125 0.060417
0 0.241211 0.470486 0.015859 0.052361
0 0.715820 0.908403 0.124609 0.183194
0 0.189531 0.146493 0.379063 0.292986
0 0.311523 0.371528 0.015859 0.040278
0 0.217773 0.383681 0.015859 0.052361
0 0.480469 0.713542 0.018125 0.092639
0 0.174805 0.845486 0.029453 0.108750
0 0.282227 0.612847 0.020391 0.084583
0 0.235352 0.289931 0.029453 0.036250
0 0.420898 0.350694 0.033984 0.048333
0 0.462891 0.630208 0.018125 0.052361
0 0.508789 0.484375 0.020391 0.036250
0 0.482422 0.491319 0.022656 0.052361
0 0.327148 0.298611 0.011328 0.032222
0 0.697266 0.890625 0.095156 0.140972
0 0.439453 0.670139 0.022656 0.048333
0 0.541016 0.984375 0.027187 0.028194
0 0.524414 0.909722 0.029453 0.024167
