0 0.567383 0.684028 0.056641 0.064444
0 0.436523 0.576389 0.024922 0.048333
0 0.716797 0.932778 0.086094 0.134444
0 0.493164 0.482639 0.056641 0.064444
0 0.229492 0.435764 0.011328 0.068472
0 0.386719 0.512153 0.013594 0.044306
0 0.408203 0.506944 0.018125 0.080556
0 0.706055 0.890625 0.115547 0.149028
0 0.456055 0.940972 0.029453 0.096667
0 0.435547 0.833333 0.013594 0.024167
0 0.249355 0.437674 0.498711 0.875347
0 0.473633 0.694444 0.029453 0.056389
0 0.252930 0.866319 0.024922 0.124861
0 0.354492 0.604167 0.015859 0.024167
0 0.354492 0.626736 0.015859 0.028194
0 0.280273 0.447917 0.015859 0.056389
0 0.412109 0.703125 0.027188 0.068472
0 0.561523 0.942708 0.061172 0.092639
0 0.377930 0.751736 0.033984 0.068472
0 0.409180 0.678819 0.038516 0.124861
0 0.421875 0.352431 0.036250 0.052361
0 0.292969 0.720486 0.027188 0.076528
