0 0.361328 0.373264 0.013594 0.036250
0 0.714844 0.932778 0.081562 0.134444
0 0.412109 0.467014 0.013594 0.060417
0 0.197266 0.567708 0.022656 0.060417
0 0.242188 0.409722 0.013594 0.072500
0 0.394531 0.520833 0.022656 0.056389
0 0.216797 0.392361 0.013594 0.040278
0 0.706055 0.908403 0.115547 0.183194
0 0.449219 0.809028 0.027188 0.104722
0 0.217773 0.946181 0.011328 0.012083
0 0.243164 0.961806 0.043047 0.072500
0 0.352539 0.788194 0.020391 0.080556
0 0.254883 0.279514 0.011328 0.036250
0 0.240234 0.394097 0.009062 0.036250
0 0.383789 0.423611 0.020391 0.056389
0 0.414062 0.348958 0.036250 0.052361
0 0.334961 0.515625 0.020391 0.068472
0 0.490234 0.954861 0.049844 0.088611
0 0.491211 0.482639 0.052109 0.064444
0 0.391602 0.781250 0.029453 0.072500
0 0.427734 0.541667 0.022656 0.072500
0 0.473633 0.472222 0.029453 0.048333
0 0.418945 0.708333 0.029453 0.080556
0 0.346680 0.467014 0.020391 0.036250
