0 0.368164 0.560764 0.015859 0.036250
0 0.239258 0.446181 0.020391 0.052361
0 0.386719 0.423611 0.013594 0.040278
0 0.306641 0.282986 0.022656 0.028194
0 0.722656 0.912153 0.108750 0.175694
0 0.244141 0.256944 0.018125 0.024167
0 0.112305 0.694444 0.056641 0.088611
0 0.439453 0.602431 0.022656 0.052361
0 0.332031 0.465278 0.022656 0.040278
0 0.255859 0.524306 0.018125 0.048333
0 0.286133 0.475694 0.015859 0.056389
0 0.496094 0.487847 0.049844 0.060417
0 0.268555 0.435764 0.011328 0.036250
0 0.705078 0.892361 0.113281 0.145000
0 0.567383 0.685764 0.056641 0.068472
0 0.362305 0.413194 0.029453 0.064444
0 0.415039 0.354167 0.033984 0.040278
0 0.259766 0.635417 0.022656 0.072500
