0 0.416992 0.352431 0.038516 0.052361
0 0.380859 0.388889 0.013594 0.040278
0 0.722656 0.932778 0.108750 0.134444
0 0.223633 0.357639 0.011328 0.040278
0 0.318359 0.390625 0.013594 0.036250
0 0.373047 0.442708 0.013594 0.044306
0 0.715820 0.917778 0.124609 0.164444
0 0.433594 0.390625 0.018125 0.036250
0 0.245117 0.258681 0.006797 0.020139
0 0.221680 0.541667 0.020391 0.072500
0 0.331055 0.449653 0.015859 0.044306
0 0.412109 0.477431 0.013594 0.044306
0 0.386719 0.468750 0.013594 0.040278
0 0.258789 0.543403 0.020391 0.076528
0 0.258789 0.314236 0.006797 0.036250
0 0.258789 0.361111 0.006797 0.040278
0 0.240234 0.343750 0.009062 0.032222
0 0.495117 0.487847 0.052109 0.060417
0 0.699219 0.890625 0.099687 0.140972
0 0.353516 0.425347 0.013594 0.036250
0 0.576172 0.680556 0.077031 0.072500
