0 0.375977 0.545139 0.020391 0.040278
0 0.398438 0.467014 0.013594 0.036250
0 0.379883 0.480903 0.015859 0.036250
0 0.716797 0.932778 0.086094 0.134444
0 0.331055 0.428819 0.015859 0.052361
0 0.197266 0.508681 0.022656 0.084583
0 0.258789 0.364583 0.006797 0.048333
0 0.387695 0.515625 0.015859 0.036250
0 0.417969 0.513889 0.013594 0.040278
0 0.442383 0.770833 0.029453 0.080556
0 0.228262 0.373646 0.456523 0.747292
0 0.446289 0.647569 0.020391 0.052361
0 0.184570 0.972222 0.038516 0.048333
0 0.364258 0.605903 0.020391 0.068472
0 0.336914 0.512153 0.015859 0.044306
0 0.493164 0.486111 0.047578 0.056389
0 0.703125 0.890625 0.108750 0.140972
0 0.401367 0.647569 0.020391 0.052361
0 0.416016 0.347222 0.031719 0.048333
0 0.443359 0.770833 0.027188 0.064444
0 0.473633 0.472222 0.029453 0.048333
0 0.355469 0.475694 0.013594 0.056389
