0 0.221680 0.487847 0.020391 0.060417
0 0.276367 0.864583 0.033984 0.120833
0 0.219727 0.583333 0.020391 0.056389
0 0.722656 0.915903 0.108750 0.168194
0 0.312500 0.345486 0.013594 0.036250
0 0.012656 0.795139 0.025313 0.080556
0 0.286133 0.315972 0.011328 0.024167
0 0.125801 0.153993 0.251602 0.307986
0 0.240234 0.704861 0.022656 0.104722
0 0.371094 0.536458 0.022656 0.044306
0 0.177734 0.932778 0.036250 0.134444
0 0.271484 0.326389 0.009062 0.040278
0 0.330078 0.409722 0.013594 0.048333
0 0.252930 0.328125 0.020391 0.036250
0 0.265625 0.513889 0.036250 0.072500
0 0.148105 0.253924 0.296211 0.507847
0 0.496094 0.482639 0.049844 0.072500
0 0.220703 0.373264 0.009062 0.036250
0 0.218750 0.414931 0.013594 0.052361
0 0.416992 0.350694 0.043047 0.048333
0 0.695312 0.892361 0.090625 0.145000
0 0.349609 0.390625 0.013594 0.036250
0 0.289062 0.262153 0.018125 0.028194
0 0.344727 0.569444 0.020391 0.056389
0 0.368164 0.451389 0.015859 0.040278
0 0.447266 0.567708 0.022656 0.052361
0 0.567383 0.685764 0.056641 0.068472
0 0.380859 0.413194 0.013594 0.056389
0 0.309570 0.237847 0.006797 0.020139
