0 0.714844 0.932778 0.090625 0.134444
0 0.220703 0.545139 0.018125 0.072500
0 0.702640 0.963542 0.035124 0.052361
0 0.711914 0.901042 0.129141 0.165139
0 0.496094 0.484375 0.049844 0.068472
0 0.239258 0.375000 0.011328 0.040278
0 0.398438 0.442708 0.013594 0.028194
0 0.252930 0.461806 0.020391 0.056389
0 0.327148 0.477431 0.020391 0.052361
0 0.271484 0.328125 0.009062 0.036250
0 0.565430 0.684028 0.052109 0.064444
0 0.415039 0.553819 0.020391 0.044306
0 0.492188 0.706597 0.040781 0.132917
0 0.417969 0.350694 0.040781 0.048333
0 0.253906 0.932778 0.036250 0.134444
0 0.671875 0.815972 0.036250 0.128889
0 0.634766 0.789931 0.018125 0.092639
