0 0.565430 0.682292 0.052109 0.068472
0 0.716797 0.940278 0.086094 0.119444
0 0.473633 0.467014 0.029453 0.060417
0 0.367188 0.493056 0.018125 0.048333
0 0.383789 0.454861 0.011328 0.040278
0 0.189453 0.782986 0.036250 0.052361
0 0.460938 0.835069 0.040781 0.084583
0 0.474609 0.690972 0.031719 0.072500
0 0.327148 0.427083 0.020391 0.056389
0 0.496094 0.486111 0.049844 0.056389
0 0.434570 0.553819 0.020391 0.052361
0 0.700195 0.888889 0.101953 0.145000
0 0.527344 0.875000 0.036250 0.080556
0 0.411133 0.479167 0.011328 0.032222
0 0.452148 0.628472 0.020391 0.056389
0 0.418945 0.352431 0.043047 0.052361
0 0.200195 0.957014 0.056641 0.085972
