0 0.371094 0.468750 0.022656 0.072500
0 0.415039 0.350694 0.033984 0.048333
0 0.716797 0.932778 0.086094 0.134444
0 0.348633 0.368056 0.011328 0.048333
0 0.333984 0.461806 0.022656 0.048333
0 0.245117 0.932778 0.038516 0.134444
0 0.311523 0.248264 0.015859 0.028194
0 0.336914 0.269097 0.015859 0.036250
0 0.295898 0.248264 0.006797 0.036250
0 0.358398 0.281250 0.020391 0.032222
0 0.279297 0.296875 0.013594 0.036250
0 0.246094 0.293403 0.036250 0.036250
0 0.400391 0.468750 0.013594 0.040278
0 0.706055 0.888889 0.115547 0.145000
0 0.496094 0.480903 0.049844 0.068472
