0 0.383789 0.743056 0.020391 0.048333
0 0.374023 0.831597 0.043047 0.084583
0 0.433594 0.555556 0.022656 0.056389
0 0.473633 0.758681 0.029453 0.060417
0 0.716797 0.940278 0.086094 0.119444
0 0.193359 0.633681 0.027187 0.084583
0 0.304688 0.532986 0.013594 0.052361
0 0.230469 0.467014 0.018125 0.044306
0 0.337891 0.734375 0.027188 0.100694
0 0.702148 0.890625 0.106484 0.140972
0 0.325195 0.638889 0.015859 0.040278
0 0.430664 0.802083 0.029453 0.080556
0 0.221680 0.800347 0.038516 0.108750
0 0.254883 0.475694 0.015859 0.056389
0 0.240234 0.677083 0.022656 0.088611
0 0.495117 0.486111 0.052109 0.056389
0 0.458008 0.586806 0.020391 0.072500
0 0.278320 0.465278 0.020391 0.064444
0 0.271484 0.616319 0.022656 0.092639
0 0.239258 0.550347 0.020391 0.060417
0 0.433594 0.638889 0.018125 0.072500
0 0.345703 0.270833 0.022656 0.024167
0 0.415039 0.697917 0.033984 0.072500
0 0.477539 0.758681 0.020391 0.060417
0 0.271484 0.357639 0.022656 0.032222
0 0.246094 0.383681 0.009062 0.052361
0 0.411133 0.451389 0.015859 0.040278
0 0.414062 0.348958 0.022656 0.044306
0 0.221680 0.951389 0.038516 0.097222
0 0.418945 0.958333 0.056641 0.080556
0 0.472656 0.472222 0.027188 0.048333
