0 0.386719 0.546875 0.013594 0.036250
0 0.344727 0.887153 0.043047 0.116806
0 0.311523 0.843750 0.024922 0.072500
0 0.405273 0.428819 0.015859 0.052361
0 0.411133 0.522569 0.015859 0.052361
0 0.364258 0.493056 0.020391 0.056389
0 0.716797 0.940278 0.086094 0.119444
0 0.318359 0.387153 0.013594 0.036250
0 0.232422 0.359375 0.009062 0.044306
0 0.415039 0.621528 0.020391 0.064444
0 0.342773 0.508681 0.015859 0.052361
0 0.161133 0.900764 0.070234 0.198472
0 0.251953 0.460069 0.018125 0.052361
0 0.240234 0.812500 0.036250 0.136944
0 0.496094 0.482639 0.049844 0.064444
0 0.167969 0.652778 0.018125 0.064444
0 0.155273 0.949514 0.043047 0.100972
0 0.484375 0.767361 0.036250 0.072500
0 0.545898 0.940972 0.038516 0.088611
0 0.415039 0.348958 0.033984 0.052361
0 0.473633 0.472222 0.029453 0.048333
0 0.699219 0.899306 0.099687 0.128889
0 0.705078 0.835069 0.013594 0.020139
