0 0.242188 0.317708 0.013594 0.028194
0 0.365234 0.246528 0.009062 0.032222
0 0.417969 0.496528 0.027188 0.064444
0 0.721680 0.940278 0.106484 0.119444
0 0.362305 0.449653 0.015859 0.068472
0 0.187500 0.657986 0.027187 0.100694
0 0.295898 0.246528 0.006797 0.032222
0 0.708984 0.890625 0.108750 0.149028
0 0.270508 0.262153 0.006797 0.028194
0 0.330078 0.510417 0.013594 0.040278
0 0.133789 0.951389 0.052109 0.097222
0 0.135742 0.871528 0.056641 0.080556
0 0.567383 0.684028 0.056641 0.064444
0 0.208008 0.585069 0.020391 0.100694
0 0.129883 0.964514 0.038516 0.070972
0 0.496094 0.482639 0.049844 0.072500
0 0.394531 0.456597 0.022656 0.084583
0 0.470703 0.741319 0.031719 0.084583
0 0.458008 0.637153 0.033984 0.100694
0 0.541992 0.840278 0.043047 0.104722
0 0.520508 0.781250 0.006797 0.032222
0 0.417969 0.348958 0.040781 0.052361
0 0.485352 0.854167 0.043047 0.112778
0 0.318359 0.359375 0.013594 0.044306
0 0.670898 0.815972 0.033984 0.128889
0 0.631836 0.791667 0.029453 0.112778
