0 0.249023 0.293403 0.024922 0.028194
0 0.367188 0.359375 0.013594 0.036250
0 0.724609 0.932778 0.104219 0.134444
0 0.387695 0.421875 0.015859 0.036250
0 0.715820 0.908403 0.124609 0.183194
0 0.233398 0.262153 0.006797 0.028194
0 0.148438 0.958889 0.040781 0.082222
0 0.342773 0.475694 0.015859 0.048333
0 0.349609 0.423611 0.013594 0.040278
0 0.270508 0.223958 0.006797 0.020139
0 0.312500 0.392361 0.013594 0.040278
0 0.495117 0.487847 0.052109 0.060417
0 0.336914 0.319444 0.024922 0.024167
0 0.231445 0.477431 0.015859 0.052361
0 0.443359 0.449653 0.013594 0.044306
0 0.388867 0.478924 0.777734 0.957847
0 0.697266 0.888889 0.095156 0.145000
0 0.163320 0.113819 0.326641 0.227639
0 0.392578 0.545139 0.013594 0.040278
0 0.417969 0.348958 0.040781 0.044306
0 0.576172 0.680556 0.077031 0.072500
0 0.420898 0.897569 0.033984 0.092639
