0 0.101743 0.865297 0.063512 0.179328
0 0.205106 0.743531 0.048568 0.148333
0 0.145330 0.708108 0.043587 0.126193
0 0.147821 0.599626 0.033624 0.095199
0 0.744956 0.867511 0.039851 0.157188
0 0.882565 0.888543 0.051059 0.177114
0 0.952304 0.811056 0.053549 0.159402
0 0.827771 0.672686 0.038605 0.117338
0 0.576214 0.585236 0.028643 0.092985
0 0.710087 0.553134 0.029888 0.086343
0 0.885056 0.605161 0.048568 0.097412
0 0.234371 0.597412 0.044832 0.152760
0 0.612951 0.419192 0.019925 0.079701
0 0.650934 0.416978 0.021171 0.061990
0 0.687754 0.423620 0.014778 0.057562
0 0.703888 0.443207 0.016604 0.063958
0 0.764079 0.598796 0.029058 0.166044
0 0.754739 0.464116 0.054656 0.132835
0 0.728795 0.368794 0.016604 0.052888