0 0.098381 0.754601 0.042341 0.130621
0 0.152553 0.718071 0.036115 0.150547
0 0.239103 0.689290 0.037360 0.141691
0 0.269614 0.472326 0.028643 0.075273
0 0.683686 0.740210 0.029888 0.123980
0 0.793898 0.643905 0.026152 0.117338
0 0.856164 0.516604 0.026152 0.097412
0 0.918431 0.691504 0.075965 0.119552
0 0.919676 0.817698 0.048568 0.163830
0 0.767123 0.539851 0.027397 0.095199
0 0.716065 0.442438 0.019925 0.068632
0 0.758406 0.470112 0.024907 0.079701
0 0.576588 0.718071 0.059776 0.292237
0 0.557285 0.419192 0.075965 0.168258
0 0.733499 0.389304 0.062267 0.099626