0 0.876961 0.736889 0.034869 0.130621
0 0.857036 0.544278 0.032379 0.099626
0 0.771108 0.475647 0.022416 0.073059
0 0.720050 0.436903 0.019925 0.061990
0 0.741220 0.412550 0.019925 0.066418
0 0.050062 0.856441 0.057285 0.174900
0 0.194521 0.791130 0.044832 0.172686
0 0.069365 0.704788 0.046077 0.141691
0 0.162765 0.710322 0.038605 0.139477
0 0.233748 0.645012 0.033624 0.132835
0 0.273599 0.731355 0.033624 0.141691
0 0.234994 0.523246 0.021171 0.088557
0 0.547572 0.450187 0.026152 0.075273
0 0.259900 0.534316 0.023661 0.084129
0 0.567497 0.627300 0.001245 0.000000