0 0.590286 0.631728 0.027397 0.115124
0 0.235367 0.745745 0.034869 0.152760
0 0.140722 0.745745 0.054795 0.285596
0 0.910336 0.917704 0.047323 0.164591
0 0.735367 0.798879 0.043587 0.148333
0 0.795766 0.770098 0.037360 0.143905
0 0.820672 0.701467 0.039851 0.126193
0 0.916563 0.764563 0.039851 0.137263
0 0.778331 0.570845 0.027397 0.095199
0 0.820672 0.579701 0.024907 0.095199
0 0.850560 0.561990 0.029888 0.086343
0 0.881071 0.682648 0.031133 0.115124
0 0.803861 0.474540 0.023661 0.066418
0 0.730386 0.449080 0.023661 0.068632
0 0.587173 0.426941 0.018680 0.068632
0 0.207970 0.615124 0.027397 0.112910
0 0.239726 0.631728 0.036115 0.097412
0 0.244707 0.526567 0.048568 0.104054