0 0.946077 0.691504 0.038605 0.141691
0 0.827771 0.898506 0.046077 0.174900
0 0.844583 0.691504 0.039851 0.119552
0 0.797260 0.742424 0.034869 0.137263
0 0.563761 0.604054 0.023661 0.104054
0 0.602366 0.632835 0.033624 0.117338
0 0.697634 0.584129 0.024907 0.095199
0 0.733748 0.567525 0.022416 0.092985
0 0.895641 0.560883 0.034869 0.101840
0 0.591158 0.475647 0.018680 0.068632
0 0.664010 0.474540 0.017435 0.070845
0 0.789788 0.545385 0.042341 0.115124
0 0.830884 0.484503 0.022416 0.077487
0 0.726276 0.432475 0.017435 0.061990
0 0.627895 0.422513 0.014944 0.064204
0 0.199502 0.611803 0.029888 0.115124
0 0.201370 0.527674 0.031133 0.088557
0 0.698257 0.402588 0.023661 0.081915
0 0.661519 0.372700 0.042341 0.115124