0 0.573724 0.620659 0.026152 0.115124
0 0.605479 0.623980 0.029888 0.108482
0 0.937360 0.645012 0.036115 0.106268
0 0.891283 0.637263 0.033624 0.112910
0 0.797260 0.633942 0.034869 0.106268
0 0.853923 0.570845 0.028643 0.104054
0 0.637858 0.565311 0.024907 0.097412
0 0.141594 0.640584 0.033624 0.110696
0 0.112329 0.915110 0.059776 0.163830
0 0.063761 0.866404 0.049813 0.190397
0 0.259900 0.705895 0.038605 0.135049
0 0.178331 0.725820 0.049813 0.201467
0 0.226899 0.589664 0.029888 0.123980
0 0.268618 0.554241 0.026152 0.106268
0 0.575592 0.466791 0.024907 0.073059
0 0.710087 0.459042 0.019925 0.070845
0 0.781694 0.555348 0.036115 0.086343
0 0.816563 0.477861 0.023661 0.081915
0 0.245579 0.505535 0.022416 0.088557
0 0.752428 0.463470 0.022416 0.079701
0 0.786024 0.491144 0.022358 0.073059