0 0.134745 0.744638 0.047323 0.137263
0 0.102989 0.690397 0.048568 0.130621
0 0.190785 0.543171 0.024907 0.075273
0 0.226276 0.501107 0.018680 0.070845
0 0.748692 0.914003 0.047323 0.152760
0 0.957908 0.695932 0.039851 0.128407
0 0.793524 0.753494 0.032379 0.132835
0 0.710710 0.597412 0.021171 0.104054
0 0.671482 0.527674 0.032379 0.088557
0 0.734371 0.547599 0.028643 0.075273
0 0.875716 0.524353 0.027397 0.077487
0 0.774222 0.607375 0.023661 0.092985
0 0.800374 0.587450 0.028643 0.097412
0 0.834620 0.556455 0.032379 0.088557
0 0.553176 0.453508 0.024907 0.077487