0 0.060025 0.699253 0.044832 0.130621
0 0.160274 0.759029 0.043587 0.143905
0 0.259278 0.647226 0.034869 0.115124
0 0.158406 0.570845 0.027397 0.104054
0 0.635367 0.688183 0.039851 0.139477
0 0.893773 0.807735 0.048568 0.148333
0 0.762391 0.545385 0.024907 0.088557
0 0.893773 0.596306 0.028643 0.097412
0 0.824658 0.618445 0.032379 0.101840
0 0.802864 0.492251 0.028643 0.088557
0 0.205728 0.554241 0.027397 0.088557
0 0.241220 0.543171 0.018680 0.084129
0 0.629141 0.403694 0.017435 0.053134
0 0.691407 0.420299 0.092154 0.174900
0 0.772354 0.436903 0.019925 0.057562
0 0.272976 0.565311 0.027397 0.088557