0 0.492777 0.784489 0.063512 0.212536
0 0.674595 0.790024 0.085928 0.272312
0 0.312827 0.544278 0.034869 0.130621
0 0.430511 0.663830 0.041096 0.152760
0 0.307846 0.397053 0.027397 0.079701
0 0.451059 0.452401 0.024907 0.092985
0 0.304110 0.885222 0.000000 0.002214
0 0.441719 0.577487 0.033624 0.135049
0 0.423661 0.493358 0.024907 0.108482
0 0.355791 0.370486 0.021171 0.075273
0 0.263636 0.362737 0.026152 0.077487
0 0.553176 0.486716 0.029888 0.117338
0 0.510834 0.421406 0.022416 0.088557
0 0.824035 0.391518 0.048568 0.081915
0 0.814695 0.553134 0.000000 0.002214
0 0.774844 0.337277 0.044832 0.061990
0 0.896887 0.378234 0.047323 0.073059
0 0.513325 0.702574 0.067248 0.177114
0 0.381943 0.498893 0.056040 0.221392