0 0.044956 0.784489 0.089912 0.168258
0 0.233126 0.623980 0.079701 0.143905
0 0.024408 0.494465 0.048816 0.079701
0 0.159029 0.517711 0.066002 0.112910
0 0.142217 0.441331 0.059776 0.092985
0 0.436115 0.561990 0.062267 0.121766
0 0.574346 0.508856 0.047323 0.112910
0 0.637235 0.452401 0.051059 0.092985
0 0.401868 0.492251 0.051059 0.106268
0 0.369489 0.420299 0.056040 0.135049
0 0.296015 0.446866 0.070984 0.161616
0 0.483437 0.491144 0.049813 0.095199
0 0.525778 0.380448 0.039851 0.081915
0 0.556289 0.404801 0.038605 0.086343
0 0.457908 0.393732 0.085928 0.117338
0 0.610461 0.385983 0.039851 0.079701
0 0.664010 0.362737 0.062267 0.081915