0 0.239352 0.894458 0.067248 0.211083
0 0.258655 0.540958 0.023661 0.132835
0 0.025778 0.846478 0.051059 0.212536
0 0.322790 0.411443 0.151930 0.130621
0 0.518306 0.359416 0.164384 0.106268
0 0.710087 0.363844 0.099626 0.132835
0 0.485305 0.654974 0.041096 0.166044
0 0.536986 0.795558 0.084682 0.221392
0 0.862017 0.876366 0.104608 0.232462
0 0.699502 0.718071 0.068493 0.168258
0 0.480946 0.503321 0.029888 0.123980
0 0.425529 0.528781 0.038605 0.126193
0 0.566252 0.482289 0.118306 0.099626
0 0.145953 0.382662 0.024907 0.077487