0 0.256787 0.495572 0.024907 0.099626
0 0.314695 0.501107 0.033624 0.110696
0 0.314695 0.711429 0.041096 0.181541
0 0.370112 0.704788 0.042341 0.159402
0 0.451059 0.795558 0.042341 0.199253
0 0.563138 0.768991 0.049813 0.208108
0 0.683935 0.845372 0.079701 0.241317
0 0.454172 0.393732 0.018680 0.073059
0 0.334620 0.428048 0.023661 0.084129
0 0.364508 0.453508 0.026152 0.095199
0 0.373225 0.568632 0.031133 0.117338
0 0.406227 0.532102 0.027397 0.115124
0 0.480946 0.550920 0.029888 0.117338
0 0.499626 0.650547 0.062267 0.210322
0 0.819054 0.354988 0.125778 0.132835