0 0.073101 0.751280 0.056040 0.190397
0 0.187049 0.708108 0.049813 0.179328
0 0.261768 0.647226 0.057285 0.141691
0 0.423661 0.687076 0.054795 0.154974
0 0.143462 0.434689 0.072229 0.203681
0 0.216936 0.545385 0.057285 0.128407
0 0.446700 0.830981 0.075965 0.216964
0 0.645330 0.873046 0.099626 0.225820
0 0.887547 0.890030 0.133250 0.219939
0 0.713823 0.722499 0.072229 0.163830
0 0.769240 0.687076 0.068493 0.163830
0 0.739352 0.599626 0.068493 0.152760
0 0.527646 0.557562 0.043587 0.121766
0 0.569365 0.544278 0.047323 0.135049
0 0.607970 0.534316 0.044832 0.110696
0 0.463512 0.546492 0.039851 0.126193
0 0.416189 0.555348 0.039851 0.126193
0 0.869988 0.363844 0.260024 0.146119
0 0.396887 0.424727 0.257783 0.148333