0 0.259900 0.705895 0.043587 0.174900
0 0.412453 0.697039 0.062267 0.179328
0 0.421793 0.931714 0.001245 0.002214
0 0.271108 0.615124 0.041096 0.143905
0 0.242466 0.514390 0.031133 0.119552
0 0.617933 0.899993 0.079701 0.200014
0 0.875716 0.866784 0.136986 0.266431
0 0.712578 0.883389 0.084682 0.233222
0 0.744956 0.693718 0.059776 0.172686
0 0.804732 0.609589 0.064757 0.132835
0 0.632877 0.631728 0.054795 0.163830
0 0.665878 0.753494 0.061021 0.163830
0 0.504608 0.693718 0.082192 0.243531
0 0.555666 0.683755 0.049813 0.174900
0 0.324658 0.545385 0.033624 0.115124
0 0.287298 0.474540 0.028643 0.106268
0 0.278580 0.398160 0.041096 0.130621
0 0.331507 0.471219 0.027397 0.112910
0 0.452927 0.494465 0.202989 0.230248
0 0.792902 0.358309 0.085928 0.108482