0 0.053798 0.638370 0.037360 0.150547
0 0.116065 0.536530 0.044832 0.199253
0 0.094894 0.434689 0.024907 0.097412
0 0.088667 0.909956 0.067248 0.180088
0 0.102989 0.772312 0.056040 0.201467
0 0.187671 0.843158 0.056040 0.219178
0 0.244334 0.911789 0.059776 0.170472
0 0.306600 0.854227 0.049813 0.219178
0 0.241220 0.571952 0.038605 0.194825
0 0.398132 0.556455 0.210461 0.367511
0 0.609838 0.646119 0.188045 0.201467
0 0.410585 0.871212 0.110834 0.257576
0 0.541968 0.878961 0.127024 0.242078
0 0.865753 0.864190 0.119552 0.230248
0 0.695143 0.873046 0.149440 0.239103
0 0.793524 0.349453 0.122042 0.139477
0 0.921793 0.319566 0.104608 0.079701