0 0.320299 0.797772 0.057285 0.208108
0 0.445455 0.796665 0.068493 0.201467
0 0.567497 0.772312 0.085928 0.188183
0 0.749938 0.893351 0.097136 0.213297
0 0.874471 0.905528 0.109589 0.188944
0 0.707596 0.737996 0.074720 0.185969
0 0.760523 0.711429 0.080946 0.181541
0 0.960274 0.726927 0.079452 0.163830
0 0.693898 0.514390 0.037360 0.110696
0 0.632877 0.585236 0.049813 0.141691
0 0.550685 0.581915 0.039851 0.139477
0 0.583686 0.652760 0.058531 0.157188
0 0.341469 0.688183 0.042341 0.152760
0 0.404359 0.653867 0.048568 0.154974
0 0.470361 0.567525 0.041096 0.150547
0 0.341469 0.537637 0.034869 0.121766
0 0.400000 0.501107 0.032379 0.106268
0 0.264259 0.408122 0.019925 0.079701
0 0.300996 0.453508 0.021171 0.095199
0 0.837111 0.379341 0.117061 0.101840
0 0.338356 0.471219 0.026152 0.099626
0 0.371357 0.387090 0.022416 0.099626
0 0.335865 0.328421 0.018680 0.070845
0 0.433001 0.413657 0.023661 0.095199
0 0.448568 0.513284 0.034869 0.121766
0 0.400623 0.429155 0.023661 0.073059
0 0.396264 0.352774 0.017435 0.070845