0 0.069365 0.625086 0.043587 0.159402
0 0.250560 0.616231 0.052304 0.141691
0 0.436737 0.623980 0.041096 0.135049
0 0.781071 0.703681 0.077210 0.170472
0 0.894396 0.701467 0.087173 0.170472
0 0.553176 0.938737 0.094645 0.122526
0 0.533250 0.563097 0.044832 0.123980
0 0.673973 0.508856 0.039851 0.104054
0 0.605479 0.498893 0.037360 0.110696
0 0.562516 0.506642 0.038605 0.117338
0 0.502740 0.443545 0.023661 0.097412
0 0.396887 0.529888 0.033624 0.119552
0 0.272354 0.463470 0.026152 0.101840
0 0.343337 0.469005 0.023661 0.099626
0 0.448568 0.463470 0.032379 0.110696
0 0.849564 0.392625 0.129514 0.128407
0 0.322790 0.348346 0.099626 0.146119
0 0.424907 0.394839 0.082192 0.177114