0 0.206974 0.784489 0.059776 0.177114
0 0.251183 0.915110 0.098381 0.154974
0 0.264882 0.725820 0.078456 0.241317
0 0.122291 0.517711 0.032379 0.108482
0 0.189539 0.501107 0.034869 0.106268
0 0.143462 0.482289 0.032379 0.112910
0 0.917435 0.718071 0.088418 0.172686
0 0.885056 0.903314 0.178082 0.193372
0 0.711332 0.511070 0.042341 0.121766
0 0.763014 0.657188 0.095890 0.183755
0 0.658406 0.905528 0.110834 0.188944
0 0.460398 0.641691 0.061021 0.139477
0 0.243088 0.569738 0.042341 0.123980
0 0.626027 0.609589 0.158157 0.354227
0 0.383811 0.433582 0.301370 0.245745
0 0.355168 0.682648 0.072229 0.203681