0 0.123537 0.724713 0.047323 0.177114
0 0.203238 0.597412 0.032379 0.143905
0 0.046949 0.555348 0.046077 0.183755
0 0.102989 0.462363 0.028643 0.104054
0 0.829639 0.819911 0.099626 0.212536
0 0.956538 0.795558 0.086924 0.172686
0 0.544458 0.849799 0.062267 0.210322
0 0.389415 0.405908 0.133250 0.172686
0 0.401245 0.514390 0.029888 0.097412
0 0.720050 0.466791 0.027397 0.099626
0 0.668991 0.384876 0.019925 0.077487
0 0.690785 0.422513 0.021171 0.090771
0 0.768618 0.715857 0.057285 0.163830
0 0.685181 0.609589 0.079701 0.221392
0 0.573724 0.486716 0.125778 0.170472
0 0.104234 0.377127 0.021171 0.088557
0 0.154670 0.511070 0.000000 0.002214
0 0.472229 0.629514 0.077210 0.221392