0 0.226276 0.829874 0.053549 0.232462
0 0.112951 0.716964 0.051059 0.170472
0 0.042590 0.670472 0.042341 0.157188
0 0.194521 0.628407 0.044832 0.161616
0 0.195766 0.500000 0.029888 0.099626
0 0.259278 0.465684 0.029888 0.101840
0 0.298506 0.394839 0.023661 0.075273
0 0.252428 0.381555 0.023661 0.075273
0 0.350187 0.347240 0.024907 0.028781
0 0.329639 0.404801 0.016189 0.086343
0 0.441096 0.640584 0.049813 0.146119
0 0.552553 0.653867 0.053549 0.154974
0 0.697634 0.600733 0.049813 0.110696
0 0.826526 0.391518 0.053549 0.077487
0 0.775467 0.342812 0.046077 0.073059
0 0.551930 0.411443 0.027397 0.086343