0 0.043213 0.659402 0.048568 0.170472
0 0.102366 0.777847 0.049813 0.203681
0 0.172727 0.546492 0.036115 0.121766
0 0.229390 0.560883 0.034869 0.128407
0 0.291656 0.523246 0.027397 0.097412
0 0.241843 0.466791 0.029888 0.095199
0 0.277958 0.750173 0.042341 0.188183
0 0.228767 0.901100 0.073474 0.197800
0 0.359527 0.817698 0.048568 0.199253
0 0.438605 0.763456 0.054795 0.192611
0 0.382565 0.620659 0.047323 0.137263
0 0.482192 0.642798 0.047323 0.146119
0 0.513325 0.918811 0.074720 0.162377
0 0.588667 0.883008 0.085928 0.232462
0 0.446077 0.456829 0.094645 0.203681
0 0.356413 0.376020 0.019925 0.090771
0 0.376339 0.382662 0.022416 0.081915
0 0.875592 0.364951 0.248816 0.148333