0 0.405604 0.916597 0.058531 0.166805
0 0.471606 0.792237 0.063512 0.210322
0 0.542590 0.723606 0.063512 0.245745
0 0.401868 0.604054 0.038605 0.285596
0 0.450436 0.561990 0.031133 0.143905
0 0.284184 0.566418 0.034869 0.201467
0 0.349564 0.542064 0.036115 0.108482
0 0.459153 0.436903 0.053549 0.110696
0 0.318431 0.466791 0.021171 0.099626
0 0.365131 0.447973 0.022416 0.088557
0 0.400623 0.424727 0.018680 0.081915
0 0.560025 0.524353 0.090909 0.210322
0 0.628518 0.841324 0.085928 0.317352
0 0.631009 0.581915 0.068493 0.139477
0 0.778580 0.742424 0.211706 0.491490
0 0.286675 0.395946 0.022416 0.077487
0 0.815940 0.361630 0.107098 0.137263