0 0.738730 0.838730 0.107098 0.214750
0 0.777335 0.637263 0.069738 0.148333
0 0.703238 0.664937 0.073474 0.221392
0 0.438605 0.907742 0.084682 0.184516
0 0.160897 0.895565 0.072229 0.208870
0 0.180199 0.765670 0.061021 0.161616
0 0.390037 0.661616 0.082192 0.214750
0 0.449813 0.576380 0.032379 0.132835
0 0.217559 0.612910 0.051059 0.139477
0 0.071856 0.552027 0.033624 0.128407
0 0.028892 0.470112 0.027397 0.101840
0 0.650311 0.516604 0.032379 0.119552
0 0.568742 0.608482 0.066002 0.232462
0 0.486550 0.488930 0.038605 0.179328
0 0.314072 0.565311 0.037360 0.123980
0 0.150311 0.543171 0.043587 0.132835
0 0.246824 0.549813 0.039851 0.119552
0 0.105479 0.436903 0.098381 0.172686
0 0.315940 0.398160 0.133250 0.201467
0 0.423661 0.421406 0.069738 0.141691
0 0.228144 0.476754 0.069738 0.119552
0 0.624782 0.801093 0.080946 0.201467
0 0.572478 0.865297 0.085928 0.210322
0 0.523910 0.495572 0.031133 0.121766
0 0.725031 0.552027 0.064757 0.150547