0 0.603515625 0.3263888888888889 0.60546875 0.2916666666666667 0.599609375 0.2847222222222222 0.59375 0.3125 0.603515625 0.3263888888888889
0 0.666015625 0.4965277777777778 0.673828125 0.4513888888888889 0.662109375 0.4548611111111111 0.66015625 0.46875 0.642578125 0.4513888888888889 0.634765625 0.46875 0.630859375 0.5104166666666666 0.666015625 0.4965277777777778
0 0.080078125 0.4375 0.07421875 0.3888888888888889 0.060546875 0.3888888888888889 0.05859375 0.4270833333333333 0.080078125 0.4375
0 0.337890625 0.4479166666666667 0.349609375 0.4375 0.341796875 0.4201388888888889 0.359375 0.4201388888888889 0.3623046875 0.4375 0.375 0.4375 0.375 0.4097222222222222 0.35546875 0.4131944444444444 0.35546875 0.3993055555555556 0.349609375 0.3993055555555556 0.3359375 0.4236111111111111 0.337890625 0.4479166666666667
0 0.4296875 0.4236111111111111 0.455078125 0.4305555555555556 0.455078125 0.3993055555555556 0.4296875 0.3923611111111111 0.41796875 0.40625 0.41796875 0.4340277777777778 0.4296875 0.4236111111111111
0 0.01171875 0.4513888888888889 0.0234375 0.4375 0.0234375 0.4166666666666667 0.017578125 0.3888888888888889 0.00390625 0.3854166666666667 0 0.4375 0.01171875 0.4513888888888889
0 0.78125 0.46875 0.79296875 0.4513888888888889 0.79296875 0.4375 0.755859375 0.4236111111111111 0.744140625 0.4513888888888889 0.744140625 0.46875 0.78125 0.46875
0 0.478515625 0.5729166666666666 0.498046875 0.5347222222222222 0.505859375 0.5347222222222222 0.513671875 0.5625 0.5234375 0.5486111111111112 0.5234375 0.5 0.509765625 0.53125 0.494140625 0.5277777777777778 0.498046875 0.5104166666666666 0.4921875 0.5034722222222222 0.484375 0.5173611111111112 0.474609375 0.5451388888888888 0.478515625 0.5729166666666666
0 0.494140625 0.3368055555555556 0.498046875 0.3159722222222222 0.4921875 0.2951388888888889 0.486328125 0.2951388888888889 0.486328125 0.3333333333333333 0.494140625 0.3368055555555556
0 0.380859375 0.4479166666666667 0.412109375 0.4513888888888889 0.41796875 0.4409722222222222 0.412109375 0.4097222222222222 0.400390625 0.4201388888888889 0.380859375 0.4097222222222222 0.375 0.4201388888888889 0.380859375 0.4479166666666667
0 0.15625 0.4166666666666667 0.15625 0.375 0.142578125 0.3680555555555556 0.138671875 0.4097222222222222 0.15625 0.4166666666666667
0 0.666015625 0.4166666666666667 0.67578125 0.3784722222222222 0.650390625 0.3784722222222222 0.642578125 0.4131944444444444 0.666015625 0.4166666666666667
0 0.041015625 0.4375 0.052734375 0.4340277777777778 0.05078125 0.3888888888888889 0.03515625 0.3923611111111111 0.03125 0.4201388888888889 0.041015625 0.4375
0 0.65625 0.375 0.65625 0.3576388888888889 0.63671875 0.3576388888888889 0.62890625 0.3888888888888889 0.65625 0.375
0 0.5859375 0.4305555555555556 0.60546875 0.40625 0.6171875 0.4236111111111111 0.623046875 0.40625 0.619140625 0.3888888888888889 0.611328125 0.3888888888888889 0.603515625 0.40625 0.59765625 0.3854166666666667 0.587890625 0.3923611111111111 0.580078125 0.40625 0.5859375 0.4305555555555556
0 0.837890625 0.4027777777777778 0.875 0.3715277777777778 0.861328125 0.3541666666666667 0.849609375 0.3576388888888889 0.8359375 0.3784722222222222 0.837890625 0.4027777777777778
0 0.080078125 0.4270833333333333 0.09765625 0.4305555555555556 0.09375 0.375 0.08203125 0.375 0.076171875 0.3854166666666667 0.080078125 0.4270833333333333
0 0.486328125 0.40625 0.486328125 0.3888888888888889 0.4765625 0.3715277777777778 0.4609375 0.3888888888888889 0.4609375 0.4166666666666667 0.486328125 0.40625
0 0.484375 0.4479166666666667 0.494140625 0.4375 0.517578125 0.4375 0.515625 0.40625 0.48828125 0.4097222222222222 0.48046875 0.4305555555555556 0.484375 0.4479166666666667
0 0.162109375 0.5625 0.19140625 0.5486111111111112 0.1875 0.53125 0.208984375 0.5277777777777778 0.2041015625 0.5451388888888888 0.2109375 0.5347222222222222 0.220703125 0.5486111111111112 0.228515625 0.5347222222222222 0.228515625 0.5 0.212890625 0.5034722222222222 0.20703125 0.5243055555555556 0.185546875 0.5277777777777778 0.185546875 0.5104166666666666 0.17578125 0.5 0.16015625 0.5347222222222222 0.15625 0.5486111111111112 0.162109375 0.5625