0 0.662109375 0.9548611111111112 0.673828125 0.9930555555555556 0.7421875 0.9965277777777778 0.7421875 0.9375 0.71875 0.9375 0.7109375 0.9479166666666666 0.708984375 0.96875 0.697265625 0.9722222222222222 0.685546875 0.9305555555555556 0.6875 0.875 0.673828125 0.875 0.66796875 0.8888888888888888 0.66796875 0.9375 0.662109375 0.9548611111111112
0 0.099609375 0.2951388888888889 0.11328125 0.2951388888888889 0.1171875 0.28125 0.109375 0.2638888888888889 0.099609375 0.2638888888888889 0.09375 0.2743055555555556 0.099609375 0.2951388888888889
0 0.802734375 0.2777777777777778 0.8046875 0.2604166666666667 0.791015625 0.24305555555555555 0.78515625 0.2638888888888889 0.802734375 0.2777777777777778
0 0.56640625 0.3888888888888889 0.56640625 0.3541666666666667 0.556640625 0.3402777777777778 0.5546875 0.3784722222222222 0.56640625 0.3888888888888889
0 0.0546875 0.4444444444444444 0.0625 0.4618055555555556 0.07421875 0.4513888888888889 0.068359375 0.4166666666666667 0.0546875 0.4166666666666667 0.0546875 0.4444444444444444
0 0.23046875 0.5173611111111112 0.236328125 0.5451388888888888 0.244140625 0.5486111111111112 0.25 0.5347222222222222 0.25 0.4930555555555556 0.248046875 0.4826388888888889 0.236328125 0.4826388888888889 0.23046875 0.4930555555555556 0.23046875 0.5173611111111112
0 0.224609375 0.4201388888888889 0.236328125 0.4201388888888889 0.236328125 0.3576388888888889 0.224609375 0.3576388888888889 0.21875 0.40625 0.224609375 0.4201388888888889
0 0.068359375 0.3541666666666667 0.08203125 0.3715277777777778 0.0859375 0.3402777777777778 0.080078125 0.3159722222222222 0.07421875 0.3159722222222222 0.068359375 0.3229166666666667 0.068359375 0.3541666666666667
0 0.466796875 0.7881944444444444 0.486328125 0.8368055555555556 0.498046875 0.84375 0.4921875 0.8541666666666666 0.53125 0.90625 0.54296875 0.90625 0.546875 0.875 0.53125 0.7743055555555556 0.505859375 0.78125 0.505859375 0.7951388888888888 0.498046875 0.7986111111111112 0.48828125 0.7534722222222222 0.474609375 0.7465277777777778 0.474609375 0.7743055555555556 0.466796875 0.7881944444444444
0 0.48828125 0.7048611111111112 0.494140625 0.7118055555555556 0.494140625 0.7013888888888888 0.505859375 0.6909722222222222 0.48828125 0.6909722222222222 0.48828125 0.7048611111111112
0 0.216796875 0.4652777777777778 0.224609375 0.4479166666666667 0.22265625 0.4236111111111111 0.21875 0.40625 0.205078125 0.4097222222222222 0.205078125 0.4583333333333333 0.216796875 0.4652777777777778
0 0.21875 0.8090277777777778 0.23046875 0.7638888888888888 0.228515625 0.7222222222222222 0.22265625 0.6979166666666666 0.205078125 0.7013888888888888 0.205078125 0.7638888888888888 0.21875 0.8090277777777778
0 0.037109375 0.5486111111111112 0.04296875 0.5451388888888888 0.048828125 0.5069444444444444 0.060546875 0.4930555555555556 0.041015625 0.4965277777777778 0.03515625 0.5 0.037109375 0.5486111111111112
0 0.23046875 0.6701388888888888 0.23046875 0.71875 0.236328125 0.7430555555555556 0.2421875 0.7430555555555556 0.25 0.7013888888888888 0.25 0.65625 0.248046875 0.6423611111111112 0.23046875 0.6388888888888888 0.224609375 0.6493055555555556 0.23046875 0.6701388888888888
0 0.16796875 0.4027777777777778 0.201171875 0.3993055555555556 0.19921875 0.3715277777777778 0.16796875 0.3576388888888889 0.162109375 0.3854166666666667 0.16796875 0.4027777777777778
0 0.17578125 0.6041666666666666 0.1875 0.6354166666666666 0.197265625 0.6180555555555556 0.19921875 0.59375 0.193359375 0.5590277777777778 0.181640625 0.5590277777777778 0.17578125 0.5659722222222222 0.17578125 0.6041666666666666
0 0.630859375 0.65625 0.625 0.6111111111111112 0.611328125 0.6145833333333334 0.60546875 0.65625 0.630859375 0.65625
0 0.59375 0.6215277777777778 0.5859375 0.6319444444444444 0.587890625 0.6666666666666666 0.599609375 0.65625 0.591796875 0.6076388888888888 0.5859375 0.6076388888888888 0.59375 0.6215277777777778
0 0 0.6076388888888888 0.01171875 0.5972222222222222 0.013671875 0.5798611111111112 0.01171875 0.5416666666666666 0.005859375 0.53125 0 0.53125 0 0.6076388888888888
0 0.130859375 0.6076388888888888 0.142578125 0.5868055555555556 0.142578125 0.53125 0.125 0.53125 0.125 0.5868055555555556 0.130859375 0.6076388888888888
0 0.26171875 0.9513888888888888 0.26171875 0.9826388888888888 0.267578125 0.9965277777777778 0.29296875 0.9965277777777778 0.296875 0.9236111111111112 0.291015625 0.8993055555555556 0.263671875 0.9166666666666666 0.267578125 0.9375 0.26171875 0.9513888888888888
0 0.267578125 0.3888888888888889 0.267578125 0.3541666666666667 0.255859375 0.3472222222222222 0.255859375 0.375 0.267578125 0.3888888888888889
0 0.26171875 0.3055555555555556 0.26171875 0.2638888888888889 0.25390625 0.2638888888888889 0.25 0.2951388888888889 0.26171875 0.3055555555555556
0 0.0546875 0.625 0.060546875 0.625 0.068359375 0.59375 0.068359375 0.5486111111111112 0.048828125 0.5486111111111112 0.05078125 0.6041666666666666 0.0546875 0.625
0 0.07421875 0.7465277777777778 0.048828125 0.75 0.04296875 0.78125 0.062760416015625 0.8365410069444444 0.076171875 0.8229166666666666 0.07421875 0.7465277777777778
0 0.0546875 0.3055555555555556 0.0625 0.2916666666666667 0.060546875 0.2743055555555556 0.05078125 0.2673611111111111 0.037109375 0.28125 0.037109375 0.3090277777777778 0.0546875 0.3055555555555556
0 0.82421875 0.2673611111111111 0.83203125 0.2743055555555556 0.84375 0.2638888888888889 0.833984375 0.24305555555555555 0.82421875 0.24305555555555555 0.82421875 0.2673611111111111
0 0.51171875 0.5763888888888888 0.529296875 0.5763888888888888 0.529296875 0.5138888888888888 0.505859375 0.5138888888888888 0.5 0.53125 0.51171875 0.5763888888888888
0 0.62890625 0.9548611111111112 0.62890625 0.9930555555555556 0.642578125 0.9930555555555556 0.638671875 0.9513888888888888 0.64453125 0.9236111111111112 0.63671875 0.8715277777777778 0.611328125 0.875 0.609375 0.90625 0.62890625 0.9548611111111112
0 0.580078125 0.9166666666666666 0.5859375 0.90625 0.572265625 0.8888888888888888 0.5859375 0.875 0.5859375 0.8576388888888888 0.576171875 0.8611111111111112 0.568359375 0.8854166666666666 0.580078125 0.9166666666666666
0 0.37890625 0.5659722222222222 0.380859375 0.6215277777777778 0.392578125 0.6666666666666666 0.3984375 0.6666666666666666 0.3984375 0.5763888888888888 0.384765625 0.5763888888888888 0.37890625 0.5659722222222222
0 0.236328125 0.3576388888888889 0.23828125 0.3298611111111111 0.228515625 0.3159722222222222 0.224609375 0.3576388888888889 0.236328125 0.3576388888888889
0 0.41796875 0.6979166666666666 0.4375 0.7291666666666666 0.435546875 0.6736111111111112 0.421875 0.6805555555555556 0.416015625 0.6875 0.41796875 0.6979166666666666
0 0.455078125 0.6875 0.46875 0.6909722222222222 0.474609375 0.6840277777777778 0.48046875 0.6354166666666666 0.47265625 0.625 0.462890625 0.6284722222222222 0.455078125 0.6354166666666666 0.455078125 0.6875
0 0.599609375 0.9930555555555556 0.625 0.9930555555555556 0.625 0.96875 0.59375 0.9652777777777778 0.5859375 0.96875 0.599609375 0.9930555555555556
0 0.57421875 0.9965277777777778 0.580078125 0.9861111111111112 0.5859375 0.9965277777777778 0.57421875 0.9652777777777778 0.580078125 0.9201388888888888 0.572265625 0.9097222222222222 0.5625 0.9201388888888888 0.560546875 0.9930555555555556 0.57421875 0.9965277777777778
0 0.568359375 0.8125 0.568359375 0.8368055555555556 0.5859375 0.8576388888888888 0.5859375 0.8298611111111112 0.59765625 0.8055555555555556 0.599609375 0.78125 0.5859375 0.7465277777777778 0.57421875 0.7465277777777778 0.56640625 0.7604166666666666 0.5625 0.8055555555555556 0.568359375 0.8125
0 0.109375 0.7604166666666666 0.125 0.7152777777777778 0.119140625 0.6666666666666666 0.123046875 0.6597222222222222 0.099609375 0.65625 0.099609375 0.7326388888888888 0.109375 0.7604166666666666
0 0.5546875 0.6388888888888888 0.560546875 0.5868055555555556 0.5546875 0.5659722222222222 0.54296875 0.5659722222222222 0.537109375 0.5972222222222222 0.5546875 0.6388888888888888
0 0.19921875 0.90625 0.19140625 0.8888888888888888 0.19921875 0.8865729166666667 0.19921875 0.8472222222222222 0.205078125 0.8402777777777778 0.201171875 0.78125 0.173828125 0.7916666666666666 0.17578125 0.8680555555555556 0.19921875 0.90625
0 0.986328125 0.4513888888888889 0.9921875 0.4548611111111111 0.998046875 0.4479166666666667 0.998046875 0.40625 0.9921875 0.40625 0.986328125 0.4166666666666667 0.986328125 0.4513888888888889