0 0.943359375 0.2986111111111111 0.970703125 0.2986111111111111 0.974609375 0.2847222222222222 0.9609375 0.2673611111111111 0.94921875 0.2673611111111111 0.94140625 0.28125 0.9375 0.2916666666666667 0.943359375 0.2986111111111111
0 0.060546875 0.3541666666666667 0.080078125 0.3298611111111111 0.068359375 0.3055555555555556 0.0546875 0.3125 0.05078125 0.3263888888888889 0.060546875 0.3541666666666667
0 0.048828125 0.3402777777777778 0.0625 0.2986111111111111 0.041015625 0.2986111111111111 0.037109375 0.3402777777777778 0.048828125 0.3402777777777778
0 0.068359375 0.2951388888888889 0.0859375 0.3125 0.0859375 0.2847222222222222 0.07421875 0.2638888888888889 0.068359375 0.2638888888888889 0.068359375 0.2951388888888889
0 0.90625 0.3576388888888889 0.91796875 0.3541666666666667 0.91796875 0.3159722222222222 0.888671875 0.3090277777777778 0.88671875 0.34375 0.90625 0.3576388888888889
0 0.15625 0.4027777777777778 0.15625 0.3576388888888889 0.14453125 0.3576388888888889 0.14453125 0.3993055555555556 0.15625 0.4027777777777778
0 0.25 0.6388888888888888 0.25390625 0.6736111111111112 0.267578125 0.6701388888888888 0.2890625 0.6388888888888888 0.3046875 0.6423611111111112 0.31640625 0.6284722222222222 0.3125 0.5868055555555556 0.30078125 0.5972222222222222 0.291015625 0.6354166666666666 0.279296875 0.6180555555555556 0.27734375 0.59375 0.267578125 0.5868055555555556 0.26171875 0.5972222222222222 0.26171875 0.6215277777777778 0.25 0.6388888888888888
0 0.13671875 0.375 0.13671875 0.34375 0.130859375 0.3263888888888889 0.125 0.3298611111111111 0.125 0.3680555555555556 0.13671875 0.375
0 0.068359375 0.3715277777777778 0.080078125 0.3888888888888889 0.076171875 0.3368055555555556 0.068359375 0.34375 0.068359375 0.3715277777777778
0 0.1796875 0.2951388888888889 0.1796875 0.2604166666666667 0.171875 0.2534722222222222 0.16796875 0.2986111111111111 0.1796875 0.2951388888888889
0 0.853515625 0.4166666666666667 0.880859375 0.4201388888888889 0.88671875 0.40625 0.884765625 0.3784722222222222 0.869140625 0.3854166666666667 0.861328125 0.375 0.849609375 0.3888888888888889 0.84765625 0.40625 0.853515625 0.4166666666666667
0 0 0.5972222222222222 0.017578125 0.59375 0.01953125 0.5763888888888888 0.030078125 0.5763888888888888 0.025390625 0.5590277777777778 0.040625 0.5763888888888888 0.072265625 0.5763888888888888 0.0703125 0.5277777777777778 0.0234375 0.5555555555555556 0.025390625 0.5347222222222222 0.01171875 0.5173611111111112 0 0.5347222222222222 0 0.5972222222222222
0 0.0234375 0.2986111111111111 0.04296875 0.2951388888888889 0.03515625 0.2638888888888889 0.025390625 0.2673611111111111 0.01953125 0.2777777777777778 0.0234375 0.2986111111111111
0 0.966796875 0.3888888888888889 0.9921875 0.3645833333333333 0.99609375 0.3715277777777778 0.984375 0.3888888888888889 0.98828125 0.3993055555555556 0.998046875 0.375 0.998046875 0.34375 0.9921875 0.3576388888888889 0.96484375 0.3645833333333333 0.9609375 0.375 0.966796875 0.3888888888888889
0 0.89453125 0.28125 0.892578125 0.2604166666666667 0.876953125 0.2569444444444444 0.875 0.28125 0.89453125 0.28125
0 0.474609375 0.4826388888888889 0.46875 0.4930555555555556 0.494140625 0.4826388888888889 0.5 0.46875 0.5 0.4375 0.4921875 0.4375 0.48828125 0.4513888888888889 0.48046875 0.4479166666666667 0.48046875 0.4340277777777778 0.46875 0.4409722222222222 0.466796875 0.46875 0.474609375 0.4826388888888889
0 0.287109375 0.4861111111111111 0.3203125 0.4722222222222222 0.330078125 0.4826388888888889 0.337890625 0.46875 0.33203125 0.4375 0.322265625 0.4652777777777778 0.30859375 0.4583333333333333 0.302734375 0.4340277777777778 0.287109375 0.4513888888888889 0.28125 0.46875 0.287109375 0.4861111111111111
0 0.974609375 0.2916666666666667 0.998046875 0.2951388888888889 0.998046875 0.2604166666666667 0.98828125 0.25 0.974609375 0.2638888888888889 0.974609375 0.2916666666666667
0 0.103515625 0.3090277777777778 0.111328125 0.3229166666666667 0.125 0.3125 0.125 0.2951388888888889 0.1171875 0.28125 0.103515625 0.28125 0.103515625 0.3090277777777778
0 0.125 0.4201388888888889 0.134765625 0.40625 0.12890625 0.375 0.11328125 0.3715277777777778 0.111328125 0.4131944444444444 0.125 0.4201388888888889
0 0.5625 0.40625 0.591796875 0.40625 0.59765625 0.3784722222222222 0.572265625 0.3611111111111111 0.5625 0.3784722222222222 0.5625 0.40625
0 0.0859375 0.4201388888888889 0.10546875 0.4201388888888889 0.099609375 0.3715277777777778 0.09375 0.3680555555555556 0.0859375 0.3715277777777778 0.0859375 0.4201388888888889
0 0.830078125 0.3680555555555556 0.830078125 0.34375 0.818359375 0.3298611111111111 0.8046875 0.3263888888888889 0.798828125 0.3368055555555556 0.798828125 0.375 0.830078125 0.3680555555555556
0 0.79296875 0.4409722222222222 0.798828125 0.4305555555555556 0.796875 0.4027777777777778 0.759765625 0.40625 0.755859375 0.4479166666666667 0.79296875 0.4409722222222222
0 0.369140625 0.4375 0.375 0.4236111111111111 0.39453125 0.4201388888888889 0.404296875 0.40625 0.404296875 0.3923611111111111 0.373046875 0.3784722222222222 0.36328125 0.4097222222222222 0.361328125 0.4305555555555556 0.369140625 0.4375
0 0.15625 0.28125 0.150390625 0.2534722222222222 0.142578125 0.2604166666666667 0.138671875 0.28125 0.15625 0.28125
0 0.388671875 0.4618055555555556 0.4130859375 0.4513888888888889 0.4140625 0.4340277777777778 0.42578125 0.4548611111111111 0.431640625 0.4513888888888889 0.41796875 0.4305555555555556 0.435546875 0.4166666666666667 0.408203125 0.4340277777777778 0.40625 0.4201388888888889 0.396484375 0.4131944444444444 0.38671875 0.4409722222222222 0.388671875 0.4618055555555556
0 0.578125 0.5659722222222222 0.591796875 0.5451388888888888 0.60546875 0.5451388888888888 0.609375 0.5173611111111112 0.5859375 0.4861111111111111 0.580078125 0.4930555555555556 0.57421875 0.5138888888888888 0.578125 0.5659722222222222
0 0.59765625 0.3715277777777778 0.623046875 0.375 0.625 0.34375 0.60546875 0.3402777777777778 0.59765625 0.34375 0.59765625 0.3715277777777778
0 0.19140625 0.40625 0.205078125 0.3923611111111111 0.193359375 0.3611111111111111 0.16796875 0.3576388888888889 0.162109375 0.3993055555555556 0.19140625 0.40625
0 0.123046875 0.6284722222222222 0.1171875 0.6388888888888888 0.1171875 0.6666666666666666 0.12890625 0.6701388888888888 0.158203125 0.6354166666666666 0.177734375 0.6388888888888888 0.1875 0.625 0.1875 0.5868055555555556 0.1796875 0.5729166666666666 0.166015625 0.5798611111111112 0.162109375 0.625 0.14453125 0.6423611111111112 0.14453125 0.59375 0.13671875 0.5763888888888888 0.1171875 0.6111111111111112 0.123046875 0.6284722222222222