0 0.447265625 0.6493055555555556 0.435546875 0.6701388888888888 0.443359375 0.6979166666666666 0.478515625 0.7291666666666666 0.484375 0.6875 0.47265625 0.625 0.453125 0.6493055555555556 0.4375 0.6354166666666666 0.435546875 0.6458333333333334 0.447265625 0.6493055555555556
0 0.38671875 0.7847222222222222 0.40625 0.8263888888888888 0.419921875 0.8333333333333334 0.42578125 0.8576388888888888 0.435546875 0.8576388888888888 0.44140625 0.7847222222222222 0.421875 0.75 0.412109375 0.75 0.3984375 0.7777777777777778 0.392578125 0.7604166666666666 0.38671875 0.7638888888888888 0.38671875 0.7847222222222222
0 0.07421875 0.4305555555555556 0.0859375 0.4236111111111111 0.087890625 0.3888888888888889 0.08203125 0.375 0.07421875 0.375 0.07421875 0.4305555555555556
0 0.85546875 0.28125 0.85546875 0.2534722222222222 0.837890625 0.2534722222222222 0.837890625 0.28125 0.85546875 0.28125
0 0.53125 0.78125 0.544921875 0.8125 0.5546875 0.8159722222222222 0.5625 0.7951388888888888 0.5625 0.7326388888888888 0.552734375 0.7013888888888888 0.54296875 0.7048611111111112 0.53125 0.71875 0.53125 0.78125
0 0.26171875 0.375 0.26171875 0.34375 0.25 0.3263888888888889 0.25 0.3680555555555556 0.26171875 0.375
0 0.5234375 0.5069444444444444 0.541015625 0.5277777777777778 0.54296875 0.46875 0.53125 0.4652777777777778 0.5234375 0.4722222222222222 0.5234375 0.5069444444444444
0 0.1875 0.71875 0.1953125 0.71875 0.19921875 0.6284722222222222 0.1796875 0.625 0.17578125 0.6701388888888888 0.1875 0.71875
0 0.15625 0.2951388888888889 0.15234375 0.2638888888888889 0.13671875 0.2673611111111111 0.13671875 0.2847222222222222 0.15625 0.2951388888888889
0 0.080078125 0.7326388888888888 0.08984375 0.7395833333333334 0.09375 0.7604166666666666 0.103515625 0.7638888888888888 0.10546875 0.6597222222222222 0.080078125 0.65625 0.07421875 0.6597222222222222 0.080078125 0.7326388888888888
0 0.244140625 0.40625 0.25390625 0.3784722222222222 0.25 0.3611111111111111 0.236328125 0.3680555555555556 0.23046875 0.3993055555555556 0.244140625 0.40625
0 0.38671875 0.6006944444444444 0.408203125 0.6423611111111112 0.412109375 0.6354166666666666 0.404296875 0.6284722222222222 0.412109375 0.6157395833333333 0.41015625 0.5625 0.404296875 0.5486111111111112 0.388671875 0.5555555555555556 0.392578125 0.5763888888888888 0.38671875 0.6006944444444444
0 0.0625 0.3263888888888889 0.06640625 0.3159722222222222 0.060546875 0.2986111111111111 0.046875 0.3090277777777778 0.04296875 0.3298611111111111 0.0625 0.3263888888888889
0 0.767578125 0.90625 0.78515625 0.90625 0.79296875 0.8888888888888888 0.767578125 0.8472222222222222 0.75 0.8541666666666666 0.748046875 0.8888888888888888 0.767578125 0.90625
0 0.8125 0.8402777777777778 0.8125 0.9027777777777778 0.80078125 0.9375 0.81640625 0.9513888888888888 0.830078125 0.9826388888888888 0.853515625 0.9930555555555556 0.85546875 0.9722222222222222 0.841796875 0.9166666666666666 0.8359375 0.8576388888888888 0.82421875 0.8402777777777778 0.82421875 0.8125 0.8125 0.8125 0.818359375 0.8263888888888888 0.8125 0.8402777777777778
0 0.267578125 0.8055555555555556 0.29296875 0.8263888888888888 0.29296875 0.7430555555555556 0.283203125 0.7152777777777778 0.267578125 0.7256944444444444 0.26171875 0.75 0.267578125 0.8055555555555556
0 0.486328125 0.7916666666666666 0.4921875 0.7743055555555556 0.486328125 0.75 0.486328125 0.7916666666666666
0 0.4921875 0.8125 0.4921875 0.8263888888888888 0.50390625 0.8263888888888888 0.525390625 0.8680555555555556 0.529296875 0.8402777777777778 0.5234375 0.8229166666666666 0.5234375 0.75 0.51171875 0.7430555555555556 0.5 0.7534722222222222 0.5 0.8055555555555556 0.4921875 0.8125
0 0.255859375 0.46875 0.2734375 0.4409722222222222 0.267578125 0.4201388888888889 0.255859375 0.4201388888888889 0.255859375 0.46875
0 0.462890625 0.5902777777777778 0.46875 0.5902777777777778 0.46875 0.5694444444444444 0.474609375 0.5625 0.47265625 0.5138888888888888 0.46875 0.5034722222222222 0.458984375 0.5069444444444444 0.455078125 0.5590277777777778 0.462890625 0.5902777777777778
0 0.1875 0.5659722222222222 0.1875 0.5486111111111112 0.16796875 0.5590277777777778 0.16796875 0.59375 0.1875 0.5659722222222222
0 0.28125 0.5763888888888888 0.287109375 0.6076388888888888 0.296875 0.6180555555555556 0.30078125 0.5555555555555556 0.298828125 0.5416666666666666 0.287109375 0.5416666666666666 0.28125 0.5451388888888888 0.28125 0.5763888888888888
0 0.10546875 0.3611111111111111 0.10546875 0.3263888888888889 0.09375 0.3229166666666667 0.09375 0.3576388888888889 0.10546875 0.3611111111111111
0 0.32421875 0.6701388888888888 0.337890625 0.6909722222222222 0.34765625 0.6493055555555556 0.341796875 0.5972222222222222 0.318359375 0.6041666666666666 0.3125 0.625 0.32421875 0.6701388888888888
0 0.1875 0.5451388888888888 0.193359375 0.53125 0.193359375 0.4861111111111111 0.17578125 0.4826388888888889 0.173828125 0.5138888888888888 0.1875 0.5451388888888888
0 0.279296875 0.7013888888888888 0.2890625 0.7013888888888888 0.29296875 0.65625 0.283203125 0.6215277777777778 0.271484375 0.6215277777777778 0.267578125 0.6597222222222222 0.279296875 0.7013888888888888
0 0.69140625 0.9965277777777778 0.697265625 0.9340277777777778 0.69140625 0.9305555555555556 0.67578125 0.9513888888888888 0.6796875 0.9930555555555556 0.69140625 0.9965277777777778
0 0.787109375 0.9930555555555556 0.779296875 0.9548611111111112 0.76171875 0.9201388888888888 0.7421875 0.9236111111111112 0.734375 0.9513888888888888 0.724609375 0.9409722222222222 0.7109375 0.9479166666666666 0.705078125 0.9930555555555556 0.787109375 0.9930555555555556
0 0.29296875 0.4965277777777778 0.3046875 0.5173611111111112 0.3125 0.5 0.3125 0.4722222222222222 0.298828125 0.4652777777777778 0.29296875 0.4722222222222222 0.29296875 0.4965277777777778
0 0.130859375 0.4965277777777778 0.134765625 0.4479166666666667 0.130859375 0.4375 0.119140625 0.4375 0.1171875 0.4826388888888889 0.130859375 0.4965277777777778
0 0.20703125 0.5416666666666666 0.2109375 0.5590277777777778 0.21875 0.5625 0.228515625 0.5104166666666666 0.224609375 0.4965277777777778 0.212890625 0.4930555555555556 0.20703125 0.5 0.20703125 0.5416666666666666
0 0.5625 0.6527777777777778 0.57421875 0.7326388888888888 0.58203125 0.7222222222222222 0.5859375 0.6597222222222222 0.58203125 0.6388888888888888 0.572265625 0.6284722222222222 0.5625 0.6388888888888888 0.5625 0.6527777777777778
0 0.3984375 0.3888888888888889 0.404296875 0.3576388888888889 0.388671875 0.3576388888888889 0.38671875 0.3854166666666667 0.3984375 0.3888888888888889
0 0.318359375 0.4513888888888889 0.318359375 0.4236111111111111 0.30859375 0.4201388888888889 0.3046875 0.4375 0.318359375 0.4513888888888889
0 0.5234375 0.625 0.5390625 0.6388888888888888 0.548828125 0.59375 0.54296875 0.5590277777777778 0.537109375 0.5555555555555556 0.5234375 0.5625 0.5234375 0.625
0 0.263671875 0.375 0.2734375 0.3888888888888889 0.279296875 0.3854166666666667 0.279296875 0.3576388888888889 0.263671875 0.3576388888888889 0.263671875 0.375
0 0.798828125 0.4201388888888889 0.8046875 0.4305555555555556 0.8359375 0.40625 0.830078125 0.375 0.810546875 0.3680555555555556 0.798828125 0.375 0.798828125 0.4201388888888889
0 0.64453125 0.8888888888888888 0.681640625 0.9305555555555556 0.693359375 0.9305555555555556 0.693359375 0.8854166666666666 0.685546875 0.875 0.701171875 0.8715277777777778 0.70703125 0.8541666666666666 0.703125 0.8298611111111112 0.693359375 0.8229166666666666 0.673828125 0.8576388888888888 0.6640625 0.8472222222222222 0.65625 0.8125 0.642578125 0.8125 0.63671875 0.8576388888888888 0.64453125 0.8888888888888888
0 0.423828125 0.5798611111111112 0.431640625 0.6041666666666666 0.4375 0.6041666666666666 0.4375 0.5868055555555556 0.447265625 0.5729166666666666 0.44921875 0.5451388888888888 0.44140625 0.53125 0.423828125 0.5451388888888888 0.423828125 0.5798611111111112
0 0.224609375 0.2951388888888889 0.236328125 0.3055555555555556 0.23828125 0.2847222222222222 0.23046875 0.2743055555555556 0.224609375 0.2777777777777778 0.224609375 0.2951388888888889
0 0.611328125 0.9930555555555556 0.6171875 0.9375 0.6015625 0.8993055555555556 0.599609375 0.875 0.580078125 0.8888888888888888 0.568359375 0.9340277777777778 0.568359375 0.9826388888888888 0.611328125 0.9930555555555556
0 0.53125 0.875 0.53125 0.90625 0.552734375 0.9513888888888888 0.5625 0.8993055555555556 0.548828125 0.8611111111111112 0.548828125 0.8368055555555556 0.54296875 0.84375 0.548828125 0.875 0.53125 0.875
0 0.623046875 0.7638888888888888 0.642578125 0.7638888888888888 0.65625 0.7013888888888888 0.642578125 0.6909722222222222 0.642578125 0.7118055555555556 0.630859375 0.71875 0.625 0.6875 0.61328125 0.6840277777777778 0.61328125 0.75 0.623046875 0.7638888888888888
0 0.525390625 0.4375 0.53125 0.3888888888888889 0.521484375 0.3854166666666667 0.517578125 0.4166666666666667 0.525390625 0.4375
0 0.59765625 0.6805555555555556 0.60546875 0.6840277777777778 0.611328125 0.6076388888888888 0.599609375 0.5763888888888888 0.59375 0.5798611111111112 0.591796875 0.65625 0.59765625 0.6805555555555556
0 0.26953125 0.5416666666666666 0.279296875 0.5243055555555556 0.28125 0.4965277777777778 0.279296875 0.4861111111111111 0.265625 0.4826388888888889 0.26171875 0.5208333333333334 0.26953125 0.5416666666666666
0 0.228515625 0.8576388888888888 0.26171875 0.9027777777777778 0.267578125 0.8993055555555556 0.25390625 0.8854166666666666 0.267578125 0.8680555555555556 0.26171875 0.8541666666666666 0.26171875 0.7847222222222222 0.25 0.7777777777777778 0.232421875 0.7916666666666666 0.224609375 0.8125 0.228515625 0.8576388888888888