0 0.513671875 0.3229166666666667 0.51171875 0.2916666666666667 0.484375 0.2986111111111111 0.484375 0.3263888888888889 0.513671875 0.3229166666666667
0 0.08984375 0.4340277777777778 0.0859375 0.3888888888888889 0.080078125 0.3784722222222222 0.068359375 0.3888888888888889 0.06640625 0.4340277777777778 0.08984375 0.4340277777777778
0 0.66796875 0.4513888888888889 0.681640625 0.4409722222222222 0.7109375 0.4479166666666667 0.71875 0.4375 0.71875 0.40625 0.7109375 0.3888888888888889 0.6796875 0.3888888888888889 0.673828125 0.3993055555555556 0.654296875 0.3888888888888889 0.650390625 0.3993055555555556 0.64453125 0.4375 0.66796875 0.4513888888888889
0 0.41796875 0.4340277777777778 0.4296875 0.4201388888888889 0.4453125 0.4201388888888889 0.44921875 0.4305555555555556 0.45703125 0.4201388888888889 0.455078125 0.3888888888888889 0.44140625 0.4027777777777778 0.42578125 0.3888888888888889 0.41796875 0.4027777777777778 0.412109375 0.4201388888888889 0.41796875 0.4340277777777778
0 0.79296875 0.3993055555555556 0.80078125 0.40625 0.8203125 0.40625 0.830078125 0.3888888888888889 0.830078125 0.3576388888888889 0.8125 0.3472222222222222 0.80078125 0.3645833333333333 0.79296875 0.3854166666666667 0.79296875 0.3993055555555556
0 0.01953125 0.4375 0.037109375 0.4618055555555556 0.04296875 0.4513888888888889 0.04296875 0.4201388888888889 0.03515625 0.40625 0.01953125 0.40625 0.01953125 0.4375
0 0.2421875 0.4652777777777778 0.2734375 0.4513888888888889 0.279296875 0.4201388888888889 0.263671875 0.4201388888888889 0.25 0.40625 0.23828125 0.4479166666666667 0.2421875 0.4652777777777778
0 0.244140625 0.53125 0.259765625 0.53125 0.267578125 0.5138888888888888 0.28125 0.5069444444444444 0.29296875 0.5277777777777778 0.3046875 0.5138888888888888 0.298828125 0.4826388888888889 0.29296875 0.5034722222222222 0.28125 0.4965277777777778 0.271484375 0.46875 0.255859375 0.4722222222222222 0.2421875 0.5104166666666666 0.244140625 0.53125
0 0.41796875 0.3368055555555556 0.4296875 0.3368055555555556 0.423828125 0.2951388888888889 0.41796875 0.2986111111111111 0.41796875 0.3368055555555556
0 0.1875 0.6875 0.197265625 0.6701388888888888 0.2109375 0.6701388888888888 0.220703125 0.65625 0.2421875 0.65625 0.248046875 0.6423611111111112 0.248046875 0.6111111111111112 0.234375 0.5972222222222222 0.228515625 0.6388888888888888 0.21875 0.625 0.20703125 0.6388888888888888 0.193359375 0.5972222222222222 0.173828125 0.6388888888888888 0.171875 0.6805555555555556 0.1875 0.6875
0 0.0625 0.625 0.078125 0.6215277777777778 0.09375 0.59375 0.125 0.6076388888888888 0.13671875 0.5972222222222222 0.13671875 0.5625 0.130859375 0.5486111111111112 0.095703125 0.5868055555555556 0.080078125 0.5590277777777778 0.060546875 0.5798611111111112 0.056640625 0.6180555555555556 0.0625 0.625
0 0.064453125 0.5659722222222222 0.080078125 0.5451388888888888 0.07421875 0.5277777777777778 0.07421875 0.4861111111111111 0.06640625 0.4861111111111111 0.0546875 0.5138888888888888 0.048828125 0.5625 0.064453125 0.5659722222222222
0 0.1171875 0.75 0.123046875 0.7361111111111112 0.123046875 0.6736111111111112 0.11328125 0.6423611111111112 0.09375 0.6493055555555556 0.09375 0.7326388888888888 0.1171875 0.75
0 0.1171875 0.4236111111111111 0.109375 0.375 0.09375 0.3784722222222222 0.09375 0.4236111111111111 0.1171875 0.4236111111111111
0 0.03125 0.9826388888888888 0.03125 0.9965277777777778 0.041015625 0.9826388888888888 0.04157421875 0.9965277777777778 0.10546875 0.9930555555555556 0.09375 0.9513888888888888 0.07421875 0.9548611111111112 0.068359375 0.96875 0.03125 0.9826388888888888
0 0.642578125 0.4201388888888889 0.654296875 0.3854166666666667 0.67578125 0.3888888888888889 0.685546875 0.375 0.685546875 0.3611111111111111 0.6796875 0.34375 0.66015625 0.34375 0.638671875 0.3888888888888889 0.63671875 0.4166666666666667 0.642578125 0.4201388888888889
0 0.568359375 0.4097222222222222 0.59765625 0.4027777777777778 0.599609375 0.3715277777777778 0.58203125 0.375 0.576171875 0.3611111111111111 0.568359375 0.3715277777777778 0.5625 0.3888888888888889 0.568359375 0.4097222222222222
0 0.98828125 0.3576388888888889 0.994140625 0.3263888888888889 0.978515625 0.3125 0.966796875 0.3159722222222222 0.9609375 0.3506944444444444 0.98828125 0.3576388888888889
0 0.4375 0.4965277777777778 0.443359375 0.5034722222222222 0.46875 0.4826388888888889 0.48046875 0.4965277777777778 0.486328125 0.4826388888888889 0.482421875 0.4479166666666667 0.462890625 0.46875 0.455078125 0.4375 0.4453125 0.4444444444444444 0.4375 0.4722222222222222 0.4375 0.4965277777777778
0 0.248046875 0.9861111111111112 0.25 0.9618055555555556 0.2421875 0.9479166666666666 0.248046875 0.9340277777777778 0.2421875 0.9409722222222222 0.23046875 0.9236111111111112 0.23046875 0.96875 0.248046875 0.9861111111111112
0 0.25 0.9027777777777778 0.25 0.9340277777777778 0.259765625 0.9722222222222222 0.255859375 0.9930555555555556 0.259765625 0.9861111111111112 0.267578125 0.9965277777777778 0.291015625 0.9965277777777778 0.291015625 0.9305555555555556 0.28125 0.8993055555555556 0.28125 0.8680555555555556 0.287109375 0.8541666666666666 0.28125 0.8576388888888888 0.279296875 0.8715277777777778 0.25 0.9027777777777778
0 0.4375 0.3368055555555556 0.44921875 0.3368055555555556 0.44921875 0.2986111111111111 0.443359375 0.2986111111111111 0.435546875 0.3125 0.4375 0.3368055555555556
0 0.06640625 0.8229166666666666 0.060546875 0.8472222222222222 0.068359375 0.8680555555555556 0.111328125 0.9097222222222222 0.1171875 0.8576388888888888 0.10546875 0.7847222222222222 0.080078125 0.7986111111111112 0.07421875 0.8125 0.068359375 0.8125 0.064453125 0.7951388888888888 0.056640625 0.7986111111111112 0.048828125 0.8125 0.06640625 0.8229166666666666
0 0.1875 0.8298611111111112 0.173828125 0.75 0.171875 0.8159722222222222 0.1875 0.8298611111111112
0 0.197265625 0.84375 0.21875 0.8541666666666666 0.224609375 0.7743055555555556 0.2109375 0.75 0.1953125 0.75 0.19140625 0.7881944444444444 0.197265625 0.84375
0 0.71875 0.3993055555555556 0.71875 0.4166666666666667 0.736328125 0.40625 0.736328125 0.3784722222222222 0.72265625 0.3611111111111111 0.70703125 0.3611111111111111 0.705078125 0.3854166666666667 0.71875 0.3993055555555556