0 0.884765625 0.2916666666666667 0.88671875 0.2638888888888889 0.869140625 0.2534722222222222 0.86328125 0.2847222222222222 0.884765625 0.2916666666666667
0 0.431640625 0.40625 0.423828125 0.4097222222222222 0.42578125 0.4166666666666667 0.4453125 0.4027777777777778 0.45703125 0.40625 0.4609375 0.3923611111111111 0.458984375 0.3715277777777778 0.447265625 0.3854166666666667 0.44140625 0.375 0.4296875 0.3784722222222222 0.423828125 0.3923611111111111 0.431640625 0.40625
0 0.998046875 0.2986111111111111 0.998046875 0.2638888888888889 0.98046875 0.2638888888888889 0.97265625 0.2743055555555556 0.96875 0.2951388888888889 0.998046875 0.2986111111111111
0 0.142578125 0.2951388888888889 0.16015625 0.2916666666666667 0.15625 0.2638888888888889 0.142578125 0.2638888888888889 0.142578125 0.2951388888888889
0 0.724609375 0.4548611111111111 0.755859375 0.4513888888888889 0.767578125 0.4305555555555556 0.755859375 0.40625 0.736328125 0.40625 0.73046875 0.4166666666666667 0.72265625 0.4375 0.724609375 0.4548611111111111
0 0.474609375 0.4236111111111111 0.484375 0.4097222222222222 0.51171875 0.40625 0.51171875 0.375 0.5 0.3888888888888889 0.48046875 0.3854166666666667 0.47265625 0.40625 0.474609375 0.4236111111111111
0 0.318359375 0.4340277777777778 0.349609375 0.3993055555555556 0.341796875 0.3784722222222222 0.32421875 0.3784722222222222 0.31640625 0.40625 0.318359375 0.4340277777777778
0 0.029296875 0.4340277777777778 0.046875 0.4201388888888889 0.0390625 0.3888888888888889 0.01953125 0.3888888888888889 0.029296875 0.4340277777777778
0 0.244140625 0.5138888888888888 0.248046875 0.53125 0.26953125 0.5138888888888888 0.26171875 0.46875 0.255859375 0.46875 0.25390625 0.4965277777777778 0.244140625 0.5138888888888888
0 0.29296875 0.5173611111111112 0.298828125 0.5034722222222222 0.296875 0.46875 0.28125 0.4513888888888889 0.28125 0.5173611111111112 0.29296875 0.5173611111111112
0 0.138671875 0.40625 0.13671875 0.3715277777777778 0.11328125 0.3576388888888889 0.11328125 0.40625 0.138671875 0.40625
0 0.861328125 0.2777777777777778 0.8671875 0.2638888888888889 0.8671875 0.25 0.84765625 0.25 0.84765625 0.2743055555555556 0.861328125 0.2777777777777778
0 0.123046875 0.3055555555555556 0.138671875 0.2986111111111111 0.138671875 0.28125 0.130859375 0.2673611111111111 0.119140625 0.28125 0.123046875 0.3055555555555556
0 0.818359375 0.4305555555555556 0.818359375 0.3923611111111111 0.80859375 0.3888888888888889 0.80078125 0.3993055555555556 0.796875 0.4375 0.818359375 0.4305555555555556
0 0.048828125 0.6423611111111112 0.060546875 0.6215277777777778 0.05859375 0.5902777777777778 0.037109375 0.6041666666666666 0.03515625 0.5972222222222222 0.025390625 0.6215277777777778 0.017578125 0.5902777777777778 0.00390625 0.5902777777777778 0 0.6597222222222222 0.048828125 0.6423611111111112
0 0.0546875 0.4027777777777778 0.076171875 0.40625 0.080078125 0.3715277777777778 0.07421875 0.3576388888888889 0.060546875 0.3576388888888889 0.0546875 0.3680555555555556 0.0546875 0.4027777777777778
0 0.923828125 0.4201388888888889 0.923828125 0.375 0.888671875 0.3923611111111111 0.88671875 0.4201388888888889 0.923828125 0.4201388888888889
0 0.162109375 0.5868055555555556 0.16796875 0.59375 0.228515625 0.5625 0.224609375 0.5486111111111112 0.23046875 0.5277777777777778 0.19921875 0.5486111111111112 0.1875 0.5243055555555556 0.173828125 0.5347222222222222 0.162109375 0.5625 0.162109375 0.5868055555555556
0 0.3359375 0.4513888888888889 0.34765625 0.4375 0.380859375 0.4305555555555556 0.375 0.40625 0.349609375 0.3993055555555556 0.337890625 0.4097222222222222 0.33203125 0.4236111111111111 0.3359375 0.4513888888888889
0 0.10546875 0.3229166666666667 0.1171875 0.3159722222222222 0.119140625 0.2986111111111111 0.111328125 0.28125 0.095703125 0.2881944444444444 0.09375 0.3055555555555556 0.10546875 0.3229166666666667
0 0.380859375 0.3819444444444444 0.384765625 0.4097222222222222 0.3984375 0.4097222222222222 0.412109375 0.4027777777777778 0.416015625 0.375 0.412109375 0.3576388888888889 0.40625 0.3576388888888889 0.38671875 0.3888888888888889 0.37890625 0.375 0.369140625 0.3888888888888889 0.3671875 0.40625 0.380859375 0.3819444444444444
0 0.853515625 0.3576388888888889 0.869140625 0.3784722222222222 0.884765625 0.3715277777777778 0.880859375 0.3402777777777778 0.849609375 0.34375 0.84375 0.3576388888888889 0.853515625 0.3576388888888889
0 0.103515625 0.4236111111111111 0.10546875 0.3993055555555556 0.09765625 0.3611111111111111 0.08203125 0.3611111111111111 0.08203125 0.3993055555555556 0.103515625 0.4236111111111111
0 0 0.53125 0.046875 0.53125 0.05078125 0.5138888888888888 0.04296875 0.4826388888888889 0.03515625 0.46875 0.0234375 0.46875 0.01953125 0.4930555555555556 0 0.5 0 0.53125
0 0.912109375 0.2847222222222222 0.91015625 0.2534722222222222 0.89453125 0.2534722222222222 0.888671875 0.28125 0.912109375 0.2847222222222222
0 0.74609375 0.3888888888888889 0.755859375 0.375 0.76171875 0.3402777777777778 0.736328125 0.34375 0.728515625 0.3854166666666667 0.74609375 0.3888888888888889
0 0.439453125 0.4826388888888889 0.443359375 0.4930555555555556 0.4609375 0.4826388888888889 0.4609375 0.4375 0.44921875 0.4409722222222222 0.447265625 0.4548611111111111 0.4296875 0.4375 0.42578125 0.4513888888888889 0.42578125 0.5 0.439453125 0.4826388888888889
0 0.58203125 0.4826388888888889 0.587890625 0.4652777777777778 0.611328125 0.4513888888888889 0.61328125 0.4340277777777778 0.595703125 0.4340277777777778 0.591796875 0.4236111111111111 0.58203125 0.4305555555555556 0.576171875 0.4513888888888889 0.58203125 0.4826388888888889
0 0.630859375 0.3888888888888889 0.625 0.4027777777777778 0.62890625 0.40625 0.642578125 0.375 0.642578125 0.3472222222222222 0.61328125 0.3402777777777778 0.611328125 0.3576388888888889 0.630859375 0.3888888888888889
0 0.630859375 0.5173611111111112 0.63671875 0.4861111111111111 0.630859375 0.46875 0.59765625 0.4791666666666667 0.59375 0.5277777777777778 0.630859375 0.5173611111111112
0 0.689453125 0.4409722222222222 0.697265625 0.4305555555555556 0.69921875 0.3888888888888889 0.6875 0.3888888888888889 0.68359375 0.4097222222222222 0.677734375 0.3888888888888889 0.66796875 0.3993055555555556 0.662109375 0.4375 0.689453125 0.4409722222222222
0 0.609375 0.3229166666666667 0.609375 0.2951388888888889 0.599609375 0.2951388888888889 0.6015625 0.3298611111111111 0.609375 0.3229166666666667
0 0.48828125 0.5451388888888888 0.5 0.5451388888888888 0.513671875 0.5208333333333334 0.521484375 0.53125 0.529296875 0.5 0.525390625 0.4722222222222222 0.51171875 0.4861111111111111 0.5 0.4722222222222222 0.486328125 0.4965277777777778 0.48828125 0.5451388888888888
0 0.06640625 0.7604166666666666 0.0859375 0.7291666666666666 0.12890625 0.71875 0.142578125 0.6909722222222222 0.142578125 0.6493055555555556 0.130859375 0.6423611111111112 0.12109375 0.6701388888888888 0.1015625 0.6875 0.09765625 0.6423611111111112 0.091796875 0.6423611111111112 0.078125 0.6597222222222222 0.056640625 0.7326388888888888 0.0546875 0.75 0.06640625 0.7604166666666666
0 0.998046875 0.3784722222222222 0.998046875 0.3368055555555556 0.986328125 0.3368055555555556 0.97265625 0.3576388888888889 0.97265625 0.3784722222222222 0.998046875 0.3784722222222222