0 0.7421875 0.25 0.740234375 0.2326388888888889 0.724609375 0.2222222222222222 0.71875 0.2465277777777778 0.7421875 0.25
0 0.341796875 0.5625 0.34375 0.5798611111111112 0.353515625 0.5243055555555556 0.34765625 0.5 0.33203125 0.5 0.330078125 0.5451388888888888 0.341796875 0.5625
0 0.111328125 0.3090277777777778 0.1171875 0.2986111111111111 0.1171875 0.2743055555555556 0.099609375 0.2743055555555556 0.099609375 0.3090277777777778 0.111328125 0.3090277777777778
0 0.353515625 0.24305555555555555 0.359375 0.2361111111111111 0.357421875 0.21875 0.349609375 0.21875 0.353515625 0.24305555555555555
0 0.392578125 0.2222222222222222 0.390625 0.2013888888888889 0.38671875 0.2222222222222222 0.392578125 0.2222222222222222
0 0.994140625 0.2743055555555556 0.998046875 0.24305555555555555 0.9921875 0.2361111111111111 0.9765625 0.2569444444444444 0.974609375 0.2743055555555556 0.994140625 0.2743055555555556
0 0.44921875 0.3055555555555556 0.455078125 0.2743055555555556 0.447265625 0.2673611111111111 0.443359375 0.2847222222222222 0.44921875 0.3055555555555556
0 0.861328125 0.2743055555555556 0.859375 0.24305555555555555 0.84375 0.25 0.84375 0.2743055555555556 0.861328125 0.2743055555555556
0 0.869140625 0.28125 0.892578125 0.28125 0.892578125 0.25 0.88671875 0.24305555555555555 0.873046875 0.2534722222222222 0.8671875 0.2638888888888889 0.869140625 0.28125
0 0.05078125 0.34375 0.064453125 0.3402777777777778 0.07421875 0.3229166666666667 0.07421875 0.2986111111111111 0.05078125 0.2986111111111111 0.046875 0.3090277777777778 0.04296875 0.3298611111111111 0.05078125 0.34375
0 0.16015625 0.3055555555555556 0.16015625 0.28125 0.14453125 0.2673611111111111 0.14453125 0.3055555555555556 0.16015625 0.3055555555555556
0 0 0.34375 0.017578125 0.34375 0.0234375 0.3229166666666667 0.013671875 0.3090277777777778 0 0.3125 0 0.34375
0 0.888671875 0.4027777777777778 0.912109375 0.4027777777777778 0.916015625 0.3784722222222222 0.91015625 0.3576388888888889 0.904296875 0.3611111111111111 0.888671875 0.3888888888888889 0.888671875 0.4027777777777778
0 0.41796875 0.4652777777777778 0.42578125 0.4479166666666667 0.42578125 0.4201388888888889 0.41796875 0.4097222222222222 0.412109375 0.4166666666666667 0.41015625 0.4479166666666667 0.41796875 0.4652777777777778
0 0.298828125 0.5277777777777778 0.3046875 0.4618055555555556 0.296875 0.4618055555555556 0.29296875 0.5 0.298828125 0.5277777777777778
0 0.32421875 0.4305555555555556 0.330078125 0.375 0.318359375 0.3784722222222222 0.32421875 0.4305555555555556
0 0.6484375 0.9965277777777778 0.654296875 0.9826388888888888 0.658853515625 0.9965277777777778 0.712890625 0.9930555555555556 0.705078125 0.9618055555555556 0.693359375 0.9618055555555556 0.6796875 0.9826388888888888 0.654296875 0.9791666666666666 0.6484375 0.96875 0.6484375 0.90625 0.625 0.9166666666666666 0.6171875 0.9965277777777778 0.6484375 0.9965277777777778
0 0.337890625 0.2743055555555556 0.341796875 0.2465277777777778 0.33203125 0.24305555555555555 0.330078125 0.2604166666666667 0.337890625 0.2743055555555556
0 0.173828125 0.3402777777777778 0.17578125 0.3090277777777778 0.166015625 0.2951388888888889 0.162109375 0.3298611111111111 0.173828125 0.3402777777777778
0 0.134765625 0.3402777777777778 0.134765625 0.2986111111111111 0.119140625 0.2951388888888889 0.1171875 0.3368055555555556 0.134765625 0.3402777777777778
0 0.498046875 0.7916666666666666 0.501953125 0.8090277777777778 0.494140625 0.8229166666666666 0.5 0.84375 0.505859375 0.8611111111111112 0.513671875 0.8611111111111112 0.513671875 0.875 0.5234375 0.875 0.548828125 0.9201388888888888 0.5546875 0.90625 0.5546875 0.8680555555555556 0.546875 0.7847222222222222 0.525390625 0.7951388888888888 0.53125 0.8159722222222222 0.525390625 0.8368055555555556 0.517578125 0.8159722222222222 0.50390625 0.8090277777777778 0.501953125 0.7708333333333334 0.494140625 0.7951388888888888 0.498046875 0.7916666666666666
0 0.359375 0.3055555555555556 0.361328125 0.2743055555555556 0.35546875 0.2743055555555556 0.359375 0.3055555555555556
0 0.423828125 0.8263888888888888 0.435546875 0.8368055555555556 0.4375 0.8611111111111112 0.443359375 0.8541666666666666 0.4375 0.84375 0.447265625 0.8298611111111112 0.447265625 0.7361111111111112 0.435546875 0.7326388888888888 0.41796875 0.7534722222222222 0.412109375 0.7847222222222222 0.423828125 0.8263888888888888
0 0.205078125 0.3993055555555556 0.19921875 0.375 0.16796875 0.3576388888888889 0.162109375 0.3993055555555556 0.205078125 0.3993055555555556
0 0.91796875 0.2916666666666667 0.94921875 0.28125 0.955078125 0.2673611111111111 0.951171875 0.2534722222222222 0.9375 0.25 0.92578125 0.25 0.91796875 0.2638888888888889 0.912109375 0.2777777777777778 0.91796875 0.2916666666666667
0 0.267578125 0.3472222222222222 0.26953125 0.3125 0.263671875 0.3090277777777778 0.259765625 0.3333333333333333 0.267578125 0.3472222222222222