0 0.240234375 0.3715277777777778 0.234375 0.3368055555555556 0.224609375 0.3263888888888889 0.2265625 0.3645833333333333 0.240234375 0.3715277777777778
0 0.1484375 0.2986111111111111 0.166015625 0.2986111111111111 0.16796875 0.28125 0.1484375 0.28125 0.1484375 0.2986111111111111
0 0.38671875 0.5625 0.41015625 0.5763888888888888 0.41015625 0.5555555555555556 0.40234375 0.5416666666666666 0.41015625 0.5347222222222222 0.40625 0.53125 0.380859375 0.5486111111111112 0.38671875 0.5625
0 0.09375 0.3263888888888889 0.08984375 0.2951388888888889 0.07421875 0.3055555555555556 0.07421875 0.3263888888888889 0.09375 0.3263888888888889
0 0.455078125 0.4097222222222222 0.4609375 0.3611111111111111 0.447265625 0.3576388888888889 0.443359375 0.3854166666666667 0.455078125 0.4097222222222222
0 0.986328125 0.2743055555555556 0.998046875 0.2673611111111111 0.998046875 0.2361111111111111 0.982421875 0.25 0.98046875 0.2673611111111111 0.986328125 0.2743055555555556
0 0.91796875 0.4479166666666667 0.9296875 0.4305555555555556 0.923828125 0.40625 0.912109375 0.40625 0.90625 0.4375 0.91796875 0.4479166666666667
0 0.869140625 0.4375 0.888671875 0.4513888888888889 0.90625 0.4479166666666667 0.90625 0.4201388888888889 0.900390625 0.4097222222222222 0.88671875 0.4201388888888889 0.875 0.40625 0.8671875 0.4131944444444444 0.86328125 0.4236111111111111 0.869140625 0.4375
0 0.287109375 0.40625 0.298828125 0.40625 0.298828125 0.3611111111111111 0.28515625 0.3576388888888889 0.28125 0.375 0.287109375 0.40625
0 0.13671875 0.3888888888888889 0.138671875 0.3576388888888889 0.1171875 0.3611111111111111 0.1171875 0.3993055555555556 0.13671875 0.3888888888888889
0 0.79296875 0.2638888888888889 0.79296875 0.2326388888888889 0.78125 0.2326388888888889 0.775390625 0.2604166666666667 0.79296875 0.2638888888888889
0 0.0703125 0.6840277777777778 0.08203125 0.6909722222222222 0.083984375 0.6597222222222222 0.091796875 0.6527777777777778 0.091796875 0.6284722222222222 0.08203125 0.6111111111111112 0.0859375 0.59375 0.056640625 0.6076388888888888 0.0546875 0.6527777777777778 0.0703125 0.6840277777777778
0 0.75 0.7326388888888888 0.765625 0.7326388888888888 0.7578125 0.6909722222222222 0.744140625 0.6840277777777778 0.7421875 0.7118055555555556 0.75 0.7326388888888888
0 0.7734375 0.7361111111111112 0.779296875 0.7326388888888888 0.78125 0.75 0.7890625 0.75 0.798828125 0.7777777777777778 0.8125 0.78125 0.818359375 0.75 0.8046875 0.7118055555555556 0.802734375 0.6770833333333334 0.79296875 0.6736111111111112 0.78515625 0.71875 0.7734375 0.7361111111111112
0 0.25390625 0.3263888888888889 0.259765625 0.3263888888888889 0.26171875 0.2951388888888889 0.25390625 0.2951388888888889 0.25 0.3055555555555556 0.25390625 0.3263888888888889
0 0.31640625 0.40625 0.32421875 0.3993055555555556 0.32421875 0.3576388888888889 0.3125 0.3576388888888889 0.31640625 0.40625
0 0.134765625 0.3125 0.130859375 0.28125 0.1171875 0.28125 0.1171875 0.3125 0.134765625 0.3125
0 0.85546875 0.7326388888888888 0.900390625 0.75 0.912109375 0.7743055555555556 0.9296875 0.7777777777777778 0.935546875 0.75 0.92578125 0.7013888888888888 0.91796875 0.7013888888888888 0.923828125 0.6875 0.91796875 0.6875 0.91015625 0.6493055555555556 0.900390625 0.6701388888888888 0.892578125 0.6666666666666666 0.896484375 0.65625 0.888671875 0.6423611111111112 0.884765625 0.6527777777777778 0.87890625 0.6388888888888888 0.853515625 0.65625 0.84375 0.6909722222222222 0.85546875 0.7326388888888888
0 0.26171875 0.4895833333333333 0.267578125 0.5104166666666666 0.275390625 0.5138888888888888 0.28125 0.4618055555555556 0.267578125 0.4548611111111111 0.26171875 0.4618055555555556 0.26171875 0.4895833333333333
0 0.841796875 0.2638888888888889 0.841796875 0.2326388888888889 0.822265625 0.24305555555555555 0.818359375 0.2638888888888889 0.841796875 0.2638888888888889
0 0.4375 0.4826388888888889 0.455078125 0.5034722222222222 0.4609375 0.5 0.45703125 0.4513888888888889 0.4375 0.4548611111111111 0.4375 0.4826388888888889
0 0.23046875 0.3298611111111111 0.234375 0.3090277777777778 0.224609375 0.2951388888888889 0.224609375 0.3298611111111111 0.23046875 0.3298611111111111
0 0.41796875 0.34375 0.427734375 0.3611111111111111 0.421875 0.3472222222222222 0.4296875 0.3402777777777778 0.4296875 0.3229166666666667 0.423828125 0.3125 0.41796875 0.3125 0.41796875 0.34375
0 0.25 0.4548611111111111 0.255859375 0.4548611111111111 0.26171875 0.4097222222222222 0.248046875 0.40625 0.244140625 0.4166666666666667 0.25 0.4548611111111111
0 0.34765625 0.3576388888888889 0.349609375 0.3125 0.337890625 0.3090277777777778 0.337890625 0.3541666666666667 0.34765625 0.3576388888888889
0 0.80859375 0.4097222222222222 0.818359375 0.3993055555555556 0.81640625 0.3611111111111111 0.798828125 0.3784722222222222 0.78515625 0.4027777777777778 0.80859375 0.4097222222222222
0 0 0.3715277777777778 0.01171875 0.3715277777777778 0.01171875 0.34375 0 0.3298611111111111 0 0.3715277777777778
0 0.78125 0.3993055555555556 0.79296875 0.3993055555555556 0.8125 0.3541666666666667 0.80078125 0.3472222222222222 0.79296875 0.3576388888888889 0.78125 0.3784722222222222 0.78125 0.3993055555555556
0 0.66796875 0.53125 0.66796875 0.5451388888888888 0.65625 0.5451388888888888 0.66015625 0.5555555555555556 0.673828125 0.5451388888888888 0.685546875 0.5590277777777778 0.69140625 0.5451388888888888 0.685546875 0.4965277777777778 0.673828125 0.4930555555555556 0.671875 0.53125 0.666015625 0.5277777777777778 0.662109375 0.5 0.65625 0.5 0.654296875 0.5138888888888888 0.66796875 0.53125
0 0.3359375 0.5138888888888888 0.34375 0.5138888888888888 0.349609375 0.4513888888888889 0.3359375 0.4513888888888889 0.33203125 0.4618055555555556 0.330078125 0.4895833333333333 0.3359375 0.5138888888888888
0 0.14453125 0.4097222222222222 0.185546875 0.4027777777777778 0.181640625 0.375 0.14453125 0.3715277777777778 0.138671875 0.3784722222222222 0.14453125 0.4097222222222222
0 0.4921875 0.4652777777777778 0.505859375 0.4930555555555556 0.509765625 0.4826388888888889 0.5 0.46875 0.51171875 0.4513888888888889 0.51171875 0.4305555555555556 0.5 0.4236111111111111 0.4921875 0.4375 0.4921875 0.4652777777777778
0 0.556640625 0.5347222222222222 0.572265625 0.5625 0.57421875 0.4930555555555556 0.548828125 0.5 0.548828125 0.5451388888888888 0.556640625 0.5347222222222222
0 0.396484375 0.4652777777777778 0.3984375 0.4791666666666667 0.41015625 0.4826388888888889 0.40625 0.4513888888888889 0.390625 0.4583333333333333 0.38671875 0.4722222222222222 0.396484375 0.4652777777777778
0 0.505859375 0.9965277777777778 0.53125 0.9965277777777778 0.53515625 0.9375 0.5234375 0.9201388888888888 0.51171875 0.9305555555555556 0.505859375 0.9479166666666666 0.505859375 0.9965277777777778
0 0.412109375 0.4618055555555556 0.416015625 0.3923611111111111 0.400390625 0.4027777777777778 0.400390625 0.4340277777777778 0.412109375 0.4618055555555556
0 0.26953125 0.2743055555555556 0.275390625 0.2465277777777778 0.267578125 0.2361111111111111 0.263671875 0.25 0.26953125 0.2743055555555556
0 0.4296875 0.6111111111111112 0.427734375 0.625 0.412109375 0.6215277777777778 0.421875 0.6354166666666666 0.421875 0.6527777777777778 0.443359375 0.6840277777777778 0.44921875 0.6840277777777778 0.451171875 0.6701388888888888 0.44921875 0.5902777777777778 0.443359375 0.6111111111111112 0.4296875 0.6111111111111112
0 0.51171875 0.5833333333333334 0.517578125 0.6006944444444444 0.533203125 0.5972222222222222 0.548828125 0.625 0.5546875 0.59375 0.546875 0.5451388888888888 0.529296875 0.5625 0.51171875 0.5416666666666666 0.521484375 0.5625 0.51171875 0.5833333333333334
0 0.60546875 0.5277777777777778 0.611328125 0.5451388888888888 0.619140625 0.5416666666666666 0.6171875 0.4791666666666667 0.603515625 0.4791666666666667 0.587890625 0.4965277777777778 0.59375 0.5277777777777778 0.60546875 0.5277777777777778
0 0.40625 0.3229166666666667 0.4140625 0.3263888888888889 0.41796875 0.2847222222222222 0.41015625 0.2777777777777778 0.404296875 0.28125 0.40625 0.3229166666666667
0 0.240234375 0.6354166666666666 0.224609375 0.6180555555555556 0.23046875 0.6388888888888888 0.23828125 0.6354166666666666 0.23828125 0.65625 0.255859375 0.65625 0.267578125 0.6840277777777778 0.2734375 0.6666666666666666 0.267578125 0.5972222222222222 0.26171875 0.5868055555555556 0.25 0.5902777777777778 0.248046875 0.6215277777777778 0.240234375 0.6354166666666666
0 0.8125 0.4305555555555556 0.841796875 0.40625 0.841796875 0.3923611111111111 0.830078125 0.3993055555555556 0.818359375 0.3888888888888889 0.810546875 0.4097222222222222 0.8125 0.4305555555555556