0 0.296875 0.6701388888888888 0.275390625 0.6701388888888888 0.275390625 0.7013888888888888 0.287109375 0.7326388888888888 0.296875 0.7297453715277777 0.296875 0.6701388888888888
0 0.33203125 0.7430555555555556 0.353515625 0.7777777777777778 0.345703125 0.7569444444444444 0.35546875 0.75 0.349609375 0.7430555555555556 0.349609375 0.6909722222222222 0.330078125 0.6875 0.326171875 0.7118055555555556 0.33203125 0.7430555555555556
0 0.18359375 0.5173611111111112 0.1875 0.4861111111111111 0.171875 0.4930555555555556 0.166015625 0.4791666666666667 0.162109375 0.4826388888888889 0.18359375 0.5173611111111112
0 0.279296875 0.7916666666666666 0.291015625 0.7951388888888888 0.296875 0.75 0.28125 0.71875 0.265625 0.7256944444444444 0.26171875 0.7604166666666666 0.279296875 0.7916666666666666
0 0.36328125 0.6909722222222222 0.373046875 0.6909722222222222 0.380859375 0.6388888888888888 0.359375 0.6284722222222222 0.35546875 0.6701388888888888 0.36328125 0.6909722222222222
0 0.353515625 0.5972222222222222 0.361328125 0.5868055555555556 0.36328125 0.5625 0.35546875 0.5486111111111112 0.349609375 0.5555555555555556 0.34375 0.5763888888888888 0.353515625 0.5972222222222222
0 0.330078125 0.8923611111111112 0.32421875 0.9027777777777778 0.3359375 0.90625 0.353515625 0.9375 0.34765625 0.8715277777777778 0.353515625 0.8263888888888888 0.34765625 0.8125 0.326171875 0.8125 0.32421875 0.8819444444444444 0.330078125 0.8923611111111112
0 0.16796875 0.7673611111111112 0.17578125 0.7430555555555556 0.16796875 0.6875 0.14453125 0.6875 0.146484375 0.7291666666666666 0.16796875 0.7673611111111112
0 0.3203125 0.6788194444444444 0.00390625 0.010416666666666666
0 0.3046875 0.6180555555555556 0.306640625 0.6493055555555556 0.31640625 0.6597222222222222 0.330078125 0.6388888888888888 0.330078125 0.59375 0.3125 0.5902777777777778 0.3046875 0.59375 0.3046875 0.6180555555555556
0 0.609375 0.8125 0.61328125 0.8402777777777778 0.623046875 0.8541666666666666 0.642578125 0.8541666666666666 0.638671875 0.8819444444444444 0.6484375 0.9027777777777778 0.66796875 0.9097222222222222 0.6875 0.9513888888888888 0.69921875 0.9513888888888888 0.69921875 0.8680555555555556 0.69140625 0.84375 0.66796875 0.8263888888888888 0.666015625 0.8541666666666666 0.654296875 0.875 0.63671875 0.8368055555555556 0.634765625 0.7986111111111112 0.619140625 0.7951388888888888 0.6171875 0.8090277777777778 0.609375 0.8125
0 0.244140625 0.4791666666666667 0.244140625 0.4375 0.236328125 0.4201388888888889 0.228515625 0.4201388888888889 0.224609375 0.4791666666666667 0.244140625 0.4791666666666667
0 0.111328125 0.5104166666666666 0.1171875 0.5104166666666666 0.123046875 0.5 0.123046875 0.4618055555555556 0.111328125 0.4409722222222222 0.10546875 0.4513888888888889 0.103515625 0.4791666666666667 0.111328125 0.5104166666666666
0 0.2109375 0.8402777777777778 0.23046875 0.8680555555555556 0.2421875 0.8576388888888888 0.25 0.8229166666666666 0.25 0.78125 0.216796875 0.78125 0.2109375 0.7847222222222222 0.2109375 0.8402777777777778
0 0.400390625 0.875 0.3984375 0.8611111111111112 0.40625 0.8576388888888888 0.404296875 0.7951388888888888 0.392578125 0.7777777777777778 0.380859375 0.7847222222222222 0.380859375 0.8263888888888888 0.400390625 0.875
0 0.0546875 0.9201388888888888 0.056640625 0.9965277777777778 0.09375 0.9930555555555556 0.09375 0.9097222222222222 0.076171875 0.9097222222222222 0.0703125 0.9201388888888888 0.0546875 0.9201388888888888
0 0.15625 0.5763888888888888 0.166015625 0.6111111111111112 0.173828125 0.59375 0.166015625 0.5972222222222222 0.16015625 0.5798611111111112 0.17578125 0.5590277777777778 0.173828125 0.5416666666666666 0.15625 0.5416666666666666 0.15625 0.5763888888888888
0 0.16796875 0.40625 0.205078125 0.3993055555555556 0.193359375 0.3680555555555556 0.17578125 0.3576388888888889 0.16796875 0.3680555555555556 0.162109375 0.3854166666666667 0.16796875 0.40625
0 0.185546875 0.6701388888888888 0.19921875 0.65625 0.20703125 0.6666666666666666 0.212890625 0.65625 0.205078125 0.6111111111111112 0.1796875 0.6215277777777778 0.17578125 0.6388888888888888 0.185546875 0.6701388888888888
0 0.23046875 0.6909722222222222 0.23828125 0.7152777777777778 0.248046875 0.7152777777777778 0.25390625 0.6597222222222222 0.25 0.6388888888888888 0.234375 0.6284722222222222 0.228515625 0.6388888888888888 0.23046875 0.6909722222222222
0 0.255859375 0.53125 0.2734375 0.5243055555555556 0.2734375 0.5 0.26171875 0.4930555555555556 0.255859375 0.5 0.255859375 0.53125
0 0.111328125 0.65625 0.12109375 0.6909722222222222 0.130859375 0.6840277777777778 0.13671875 0.65625 0.12890625 0.6076388888888888 0.111328125 0.6076388888888888 0.111328125 0.65625
0 0.943359375 0.2951388888888889 0.94140625 0.2638888888888889 0.919921875 0.2673611111111111 0.916015625 0.2951388888888889 0.943359375 0.2951388888888889
0 0 0.9965277777777778 0.013671875 0.9930555555555556 0.01171875 0.9340277777777778 0.017578125 0.9166666666666666 0.0078125 0.90625 0 0.90625 0 0.9965277777777778
0 0.41796875 0.71875 0.4296875 0.7291666666666666 0.4296875 0.6736111111111112 0.41796875 0.6597222222222222 0.416015625 0.6666666666666666 0.412109375 0.6909722222222222 0.41796875 0.71875
0 0.455078125 0.7152777777777778 0.466796875 0.6979166666666666 0.45703125 0.6597222222222222 0.44921875 0.65625 0.447265625 0.6979166666666666 0.455078125 0.7152777777777778
0 0.693359375 0.8472222222222222 0.71484375 0.8506944444444444 0.72265625 0.8854166666666666 0.736328125 0.8993055555555556 0.7421875 0.875 0.734375 0.8506944444444444 0.736328125 0.8125 0.724609375 0.7916666666666666 0.724609375 0.7604166666666666 0.71875 0.7743055555555556 0.701171875 0.7638888888888888 0.69921875 0.8298611111111112 0.693359375 0.8472222222222222
0 0.3984375 0.7326388888888888 0.400390625 0.7604166666666666 0.412109375 0.7916666666666666 0.41796875 0.7222222222222222 0.412109375 0.7013888888888888 0.39453125 0.7013888888888888 0.388671875 0.71875 0.3984375 0.7326388888888888
0 0.443359375 0.9930555555555556 0.44921875 0.9826388888888888 0.455078125 0.9965277777777778 0.513671875 0.9965277777777778 0.521484375 0.9826388888888888 0.5234375 0.9965277777777778 0.537109375 0.9791666666666666 0.53125 0.9652777777777778 0.513671875 0.9756944444444444 0.50390625 0.9513888888888888 0.4921875 0.9513888888888888 0.486328125 0.96875 0.4765625 0.96875 0.46875 0.9583333333333334 0.47265625 0.9236111111111112 0.466796875 0.9201388888888888 0.455078125 0.9201388888888888 0.451171875 0.9340277777777778 0.455078125 0.96875 0.443359375 0.9930555555555556
0 0.236328125 0.3159722222222222 0.248046875 0.3125 0.244140625 0.2847222222222222 0.232421875 0.2777777777777778 0.23046875 0.3055555555555556 0.236328125 0.3159722222222222
0 0.111328125 0.3090277777777778 0.111328125 0.2847222222222222 0.09765625 0.2743055555555556 0.09375 0.3090277777777778 0.111328125 0.3090277777777778
0 0.416015625 0.9965277777777778 0.421875 0.9861111111111112 0.421875 0.96875 0.404296875 0.9201388888888888 0.390625 0.9340277777777778 0.375 0.9340277777777778 0.375 0.9930555555555556 0.416015625 0.9965277777777778
0 0.125 0.8715277777777778 0.130859375 0.8923611111111112 0.14453125 0.9027777777777778 0.15625 0.8611111111111112 0.15625 0.7847222222222222 0.125 0.7847222222222222 0.119140625 0.8159722222222222 0.125 0.8715277777777778
0 0.271484375 0.625 0.275390625 0.6076388888888888 0.28515625 0.6076388888888888 0.28515625 0.59375 0.279296875 0.5659722222222222 0.26171875 0.5659722222222222 0.259765625 0.6145833333333334 0.271484375 0.625
0 0.177734375 0.9444444444444444 0.173828125 0.9513888888888888 0.185546875 0.9409722222222222 0.19140625 0.9548611111111112 0.181640625 0.96875 0.1796875 0.9930555555555556 0.185546875 0.9791666666666666 0.19140625 0.9965277777777778 0.23046875 0.9930555555555556 0.228515625 0.9375 0.216796875 0.90625 0.193359375 0.9097222222222222 0.181640625 0.9305555555555556 0.171875 0.9166666666666666 0.16796875 0.9305555555555556 0.177734375 0.9444444444444444
0 0.248046875 0.4201388888888889 0.255859375 0.4166666666666667 0.255859375 0.3576388888888889 0.2421875 0.3611111111111111 0.236328125 0.40625 0.248046875 0.4201388888888889