0 0.86328125 0.2777777777777778 0.861328125 0.25 0.84375 0.2534722222222222 0.84375 0.28125 0.86328125 0.2777777777777778
0 0.443359375 0.3107638888888889 0.01171875 0.03125
0 0.05078125 0.3576388888888889 0.05078125 0.3263888888888889 0.037109375 0.3159722222222222 0.025390625 0.3229166666666667 0.025390625 0.3680555555555556 0.05078125 0.3576388888888889
0 0.705078125 0.4652777777777778 0.71875 0.4513888888888889 0.7421875 0.4652777777777778 0.748046875 0.4513888888888889 0.748046875 0.4201388888888889 0.7265625 0.4340277777777778 0.716796875 0.4097222222222222 0.701171875 0.4409722222222222 0.69921875 0.4548611111111111 0.705078125 0.4652777777777778
0 0.642578125 0.4513888888888889 0.642578125 0.4340277777777778 0.6328125 0.4166666666666667 0.619140625 0.4375 0.6171875 0.4652777777777778 0.642578125 0.4513888888888889
0 0.32421875 0.5625 0.330078125 0.5486111111111112 0.3671875 0.5347222222222222 0.373046875 0.5243055555555556 0.373046875 0.5 0.3359375 0.4965277777777778 0.31640625 0.53125 0.3125 0.5451388888888888 0.32421875 0.5625
0 0.0234375 0.5763888888888888 0.0234375 0.59375 0.03125 0.6076388888888888 0.0703125 0.5763888888888888 0.09765625 0.5868055555555556 0.109375 0.5625 0.099609375 0.5277777777777778 0.0859375 0.53125 0.068359375 0.5625 0.05859375 0.5555555555555556 0.052734375 0.53125 0.04296875 0.53125 0.03515625 0.5625 0.0234375 0.5763888888888888
0 0.08203125 0.4375 0.09375 0.4375 0.09765625 0.4236111111111111 0.09375 0.3888888888888889 0.080078125 0.3888888888888889 0.08203125 0.4375
0 0.341796875 0.4826388888888889 0.330078125 0.46875 0.34375 0.4548611111111111 0.330078125 0.4513888888888889 0.318359375 0.5104166666666666 0.341796875 0.4826388888888889
0 0.35546875 0.4652777777777778 0.36328125 0.4791666666666667 0.373046875 0.4791666666666667 0.37890625 0.4652777777777778 0.37890625 0.4409722222222222 0.373046875 0.4375 0.35546875 0.4479166666666667 0.35546875 0.4652777777777778
0 0.2109375 0.5 0.212890625 0.5173611111111112 0.23046875 0.5104166666666666 0.236328125 0.4861111111111111 0.244140625 0.4930555555555556 0.244140625 0.5104166666666666 0.255859375 0.5034722222222222 0.263671875 0.5138888888888888 0.26953125 0.4965277777777778 0.265625 0.4652777777777778 0.25390625 0.4618055555555556 0.248046875 0.4861111111111111 0.2421875 0.4861111111111111 0.234375 0.4826388888888889 0.234375 0.4548611111111111 0.224609375 0.4548611111111111 0.21875 0.4930555555555556 0.2109375 0.5
0 0.763671875 0.40625 0.810546875 0.4027777777777778 0.810546875 0.375 0.796875 0.3854166666666667 0.796875 0.375 0.779296875 0.3576388888888889 0.763671875 0.3888888888888889 0.763671875 0.40625
0 0.626953125 0.4652777777777778 0.640625 0.4548611111111111 0.64453125 0.4340277777777778 0.662109375 0.4375 0.666015625 0.4201388888888889 0.654296875 0.4166666666666667 0.6484375 0.4340277777777778 0.62890625 0.4166666666666667 0.619140625 0.4375 0.6171875 0.4652777777777778 0.626953125 0.4652777777777778
0 0.80859375 0.4652777777777778 0.826171875 0.4166666666666667 0.8125 0.4097222222222222 0.80078125 0.4305555555555556 0.798828125 0.4513888888888889 0.80859375 0.4652777777777778
0 0.138671875 0.40625 0.15625 0.4097222222222222 0.150390625 0.375 0.13671875 0.375 0.138671875 0.40625
0 0.111328125 0.40625 0.109375 0.4166666666666667 0.12890625 0.4201388888888889 0.123046875 0.3854166666666667 0.111328125 0.3784722222222222 0.123046875 0.4027777777777778 0.111328125 0.40625
0 0.017578125 0.7291666666666666 0.0234375 0.71875 0.0234375 0.6736111111111112 0.009765625 0.6527777777777778 0.00390625 0.6111111111111112 0 0.7222222222222222 0.017578125 0.7291666666666666
0 0.04296875 0.3229166666666667 0.04296875 0.2916666666666667 0.0234375 0.2916666666666667 0.01953125 0.3229166666666667 0.04296875 0.3229166666666667
0 0.9375 0.3125 0.94140625 0.2986111111111111 0.923828125 0.2777777777777778 0.9140625 0.2847222222222222 0.912109375 0.3055555555555556 0.9375 0.3125
0 0.81640625 0.3888888888888889 0.841796875 0.3611111111111111 0.8359375 0.34375 0.818359375 0.3541666666666667 0.810546875 0.3715277777777778 0.81640625 0.3888888888888889
0 0.998046875 0.3125 0.9921875 0.28125 0.98046875 0.2847222222222222 0.96875 0.3090277777777778 0.998046875 0.3125
0 0.47265625 0.4791666666666667 0.46875 0.4548611111111111 0.466796875 0.4826388888888889 0.47265625 0.4791666666666667
0 0.4296875 0.5104166666666666 0.451171875 0.4548611111111111 0.4375 0.4513888888888889 0.435546875 0.4895833333333333 0.42578125 0.4826388888888889 0.423828125 0.5104166666666666 0.4296875 0.5104166666666666
0 0.42578125 0.5486111111111112 0.451171875 0.53125 0.466796875 0.5416666666666666 0.474609375 0.5138888888888888 0.46875 0.4861111111111111 0.4609375 0.4861111111111111 0.453125 0.5069444444444444 0.4375 0.4826388888888889 0.431640625 0.5 0.423828125 0.53125 0.42578125 0.5486111111111112
0 0.51953125 0.5625 0.548828125 0.5451388888888888 0.560546875 0.5555555555555556 0.568359375 0.5173611111111112 0.576171875 0.5104166666666666 0.57421875 0.5 0.5625 0.5 0.546875 0.5138888888888888 0.54296875 0.4861111111111111 0.537109375 0.4861111111111111 0.525390625 0.5138888888888888 0.513671875 0.5451388888888888 0.51953125 0.5625
0 0.630859375 0.4826388888888889 0.634765625 0.4965277777777778 0.671875 0.4965277777777778 0.67578125 0.4513888888888889 0.64453125 0.4409722222222222 0.642578125 0.4652777777777778 0.630859375 0.4826388888888889
0 0.490234375 0.6215277777777778 0.505859375 0.6076388888888888 0.50390625 0.5451388888888888 0.48828125 0.5347222222222222 0.486328125 0.6388888888888888 0.490234375 0.6215277777777778
0 0.16796875 0.4027777777777778 0.19921875 0.4027777777777778 0.205078125 0.3923611111111111 0.19921875 0.375 0.17578125 0.3576388888888889 0.16796875 0.3680555555555556 0.162109375 0.3854166666666667 0.16796875 0.4027777777777778