0 0.15625 0.5416666666666666 0.162109375 0.5868055555555556 0.171875 0.59375 0.1875 0.5798611111111112 0.185546875 0.5555555555555556 0.173828125 0.5347222222222222 0.1640625 0.5486111111111112 0.15625 0.5416666666666666
0 0.099609375 0.7152777777777778 0.126953125 0.7361111111111112 0.12890625 0.65625 0.115234375 0.6354166666666666 0.10546875 0.6388888888888888 0.09765625 0.6597222222222222 0.0859375 0.6527777777777778 0.08203125 0.6875 0.099609375 0.7152777777777778
0 0.6171875 0.5416666666666666 0.6171875 0.46875 0.595703125 0.46875 0.59375 0.5104166666666666 0.6171875 0.5416666666666666
0 0.56640625 0.5451388888888888 0.572265625 0.5763888888888888 0.595703125 0.59375 0.60546875 0.5729166666666666 0.60546875 0.53125 0.568359375 0.5277777777777778 0.57421875 0.53125 0.56640625 0.5451388888888888
0 0.10546875 0.5138888888888888 0.1171875 0.5138888888888888 0.1171875 0.4652777777777778 0.111328125 0.4513888888888889 0.099609375 0.4548611111111111 0.099609375 0.5 0.10546875 0.5138888888888888
0 0.431640625 0.5138888888888888 0.443359375 0.5416666666666666 0.453125 0.5451388888888888 0.455078125 0.4826388888888889 0.443359375 0.4722222222222222 0.431640625 0.4861111111111111 0.431640625 0.5138888888888888
0 0.388671875 0.5 0.392578125 0.4548611111111111 0.38671875 0.4409722222222222 0.375 0.4513888888888889 0.375 0.5 0.388671875 0.5
0 0.013671875 0.5 0.0234375 0.46875 0.017578125 0.4513888888888889 0.00390625 0.4513888888888889 0 0.4930555555555556 0.013671875 0.5
0 0.7421875 0.7743055555555556 0.75 0.7743055555555556 0.75390625 0.7118055555555556 0.748046875 0.6736111111111112 0.728515625 0.6736111111111112 0.73046875 0.7118055555555556 0.720703125 0.71875 0.71875 0.7013888888888888 0.7109375 0.6944444444444444 0.7109375 0.6701388888888888 0.697265625 0.6840277777777778 0.703125 0.7222222222222222 0.732421875 0.75 0.7421875 0.7743055555555556
0 0.48046875 0.46875 0.48046875 0.5034722222222222 0.498046875 0.5416666666666666 0.505859375 0.5277777777777778 0.5 0.4548611111111111 0.490234375 0.4722222222222222 0.48046875 0.46875
0 0.787109375 0.9166666666666666 0.798828125 0.9305555555555556 0.8125 0.9236111111111112 0.83203125 0.9513888888888888 0.859375 0.9652777777777778 0.875 0.9930555555555556 0.890625 0.9965277777777778 0.8984375 0.9861111111111112 0.8984375 0.96875 0.884765625 0.9305555555555556 0.88671875 0.9097222222222222 0.8671875 0.8576388888888888 0.85546875 0.8611111111111112 0.84375 0.8888888888888888 0.84375 0.9097222222222222 0.83203125 0.9236111111111112 0.806640625 0.8993055555555556 0.810546875 0.8472222222222222 0.8046875 0.8298611111111112 0.787109375 0.8368055555555556 0.78125 0.875 0.787109375 0.9166666666666666
0 0.849609375 0.6875 0.884765625 0.7048611111111112 0.89453125 0.7326388888888888 0.90625 0.7326388888888888 0.912109375 0.7013888888888888 0.904296875 0.6388888888888888 0.892578125 0.6284722222222222 0.884765625 0.6388888888888888 0.884765625 0.6666666666666666 0.875 0.6666666666666666 0.875 0.6493055555555556 0.869140625 0.6493055555555556 0.861328125 0.625 0.849609375 0.625 0.84375 0.6423611111111112 0.849609375 0.6875
0 0.244140625 0.5625 0.255859375 0.5763888888888888 0.26171875 0.6215277777777778 0.279296875 0.6354166666666666 0.279296875 0.5625 0.2734375 0.5486111111111112 0.26171875 0.5486111111111112 0.25 0.5659722222222222 0.244140625 0.5625
0 0.19140625 0.9513888888888888 0.2109375 0.9965277777777778 0.28125 0.9930555555555556 0.26171875 0.90625 0.2421875 0.8993055555555556 0.22265625 0.9409722222222222 0.19921875 0.90625 0.20703125 0.9236111111111112 0.19140625 0.9513888888888888
0 0.068359375 0.5486111111111112 0.0859375 0.5868055555555556 0.091796875 0.5868055555555556 0.09765625 0.5763888888888888 0.09375 0.5138888888888888 0.07421875 0.5138888888888888 0.068359375 0.5243055555555556 0.068359375 0.5486111111111112
0 0.1328125 0.6388888888888888 0.130859375 0.5590277777777778 0.111328125 0.5659722222222222 0.11328125 0.625 0.1328125 0.6388888888888888
0 0.427734375 0.6388888888888888 0.423828125 0.5590277777777778 0.41015625 0.5625 0.3984375 0.5486111111111112 0.3984375 0.6041666666666666 0.427734375 0.6388888888888888
0 0.14453125 0.46875 0.1484375 0.4236111111111111 0.138671875 0.40625 0.130859375 0.4201388888888889 0.130859375 0.4652777777777778 0.14453125 0.46875
0 0.361328125 0.5 0.36328125 0.4861111111111111 0.349609375 0.4722222222222222 0.36328125 0.4548611111111111 0.349609375 0.4513888888888889 0.34765625 0.4965277777777778 0.361328125 0.5
0 0 0.7361111111111112 0.017578125 0.7951388888888888 0.03125 0.8090277777777778 0.037109375 0.7951388888888888 0.03515625 0.71875 0.025390625 0.6875 0.013671875 0.6909722222222222 0 0.7048611111111112 0 0.7361111111111112
0 0.26171875 0.4722222222222222 0.26171875 0.5208333333333334 0.26953125 0.5416666666666666 0.279296875 0.5347222222222222 0.28125 0.4826388888888889 0.267578125 0.4826388888888889 0.26171875 0.4722222222222222
0 0.0625 0.4791666666666667 0.06640625 0.4375 0.0625 0.4201388888888889 0.05078125 0.4097222222222222 0.048828125 0.4618055555555556 0.0625 0.4791666666666667
0 0.1484375 0.8263888888888888 0.177734375 0.8298611111111112 0.1875 0.8541666666666666 0.19921875 0.8541666666666666 0.193359375 0.7673611111111112 0.185546875 0.75 0.166015625 0.75 0.162109375 0.7743055555555556 0.13671875 0.7638888888888888 0.130859375 0.7951388888888888 0.1484375 0.8263888888888888
0 0.03125 0.4305555555555556 0.04296875 0.4409722222222222 0.046875 0.4027777777777778 0.037109375 0.3888888888888889 0.03125 0.3888888888888889 0.03125 0.4305555555555556
0 0.47265625 0.59375 0.48046875 0.65625 0.509765625 0.6875 0.51171875 0.5798611111111112 0.50390625 0.5763888888888888 0.4921875 0.5972222222222222 0.47265625 0.59375
0 0.76171875 0.6875 0.771484375 0.6840277777777778 0.79296875 0.7013888888888888 0.802734375 0.7222222222222222 0.8125 0.71875 0.8046875 0.625 0.79296875 0.6354166666666666 0.7890625 0.6597222222222222 0.78125 0.6597222222222222 0.767578125 0.6215277777777778 0.755859375 0.6284722222222222 0.75 0.6597222222222222 0.76171875 0.6875
0 0.255859375 0.6805555555555556 0.255859375 0.59375 0.2421875 0.5868055555555556 0.228515625 0.6111111111111112 0.224609375 0.6388888888888888 0.255859375 0.6805555555555556
0 0.4375 0.7465277777777778 0.45703125 0.7534722222222222 0.47265625 0.78125 0.478515625 0.75 0.46875 0.7222222222222222 0.466796875 0.6840277777777778 0.451171875 0.6840277777777778 0.44140625 0.7152777777777778 0.4296875 0.6736111111111112 0.423828125 0.6736111111111112 0.421875 0.7152777777777778 0.4375 0.7465277777777778
0 0.08203125 0.84375 0.091796875 0.84375 0.091796875 0.8159722222222222 0.080078125 0.8055555555555556 0.07421875 0.8263888888888888 0.08203125 0.84375
0 0.10546875 0.8125 0.099609375 0.8541666666666666 0.125 0.8888888888888888 0.13671875 0.8888888888888888 0.125 0.8229166666666666 0.125 0.78125 0.099609375 0.78125 0.09375 0.7847222222222222 0.10546875 0.8125
0 0.296875 0.4618055555555556 0.30078125 0.40625 0.291015625 0.3993055555555556 0.287109375 0.4548611111111111 0.296875 0.4618055555555556
0 0.40625 0.46875 0.423828125 0.4826388888888889 0.423828125 0.4340277777777778 0.412109375 0.4340277777777778 0.40625 0.4409722222222222 0.40625 0.46875
0 0.310546875 0.6076388888888888 0.3046875 0.5972222222222222 0.3125 0.5844895833333333 0.310546875 0.5347222222222222 0.3046875 0.5243055555555556 0.29296875 0.53125 0.287109375 0.5868055555555556 0.310546875 0.6076388888888888
0 0.75390625 0.6041666666666666 0.76953125 0.6076388888888888 0.78515625 0.5729166666666666 0.787109375 0.53125 0.7734375 0.5451388888888888 0.755859375 0.5416666666666666 0.744140625 0.5625 0.75390625 0.6041666666666666
0 0.451171875 0.4375 0.44921875 0.40625 0.431640625 0.4097222222222222 0.431640625 0.4375 0.451171875 0.4375
0 0.162109375 0.4618055555555556 0.171875 0.4652777777777778 0.1796875 0.4479166666666667 0.173828125 0.40625 0.16015625 0.40625 0.15625 0.4097222222222222 0.162109375 0.4618055555555556
0 0.51171875 0.4375 0.51953125 0.4513888888888889 0.525390625 0.4097222222222222 0.517578125 0.3923611111111111 0.51171875 0.4027777777777778 0.51171875 0.4375
0 0.68359375 0.6284722222222222 0.697265625 0.6527777777777778 0.701171875 0.6041666666666666 0.6953125 0.5659722222222222 0.662109375 0.5729166666666666 0.662109375 0.6215277777777778 0.68359375 0.6284722222222222
0 0.244140625 0.46875 0.23828125 0.4236111111111111 0.22265625 0.4236111111111111 0.22265625 0.4652777777777778 0.244140625 0.46875
0 0.32421875 0.4618055555555556 0.33203125 0.4513888888888889 0.34375 0.4652777777777778 0.34765625 0.3923611111111111 0.337890625 0.3888888888888889 0.33203125 0.3993055555555556 0.32421875 0.4166666666666667 0.32421875 0.4618055555555556
0 0.0546875 0.625 0.068359375 0.625 0.068359375 0.5659722222222222 0.0625 0.5486111111111112 0.056640625 0.5451388888888888 0.041015625 0.5729166666666666 0.037109375 0.59375 0.0546875 0.625
0 0 0.8923611111111112 0.01171875 0.9097222222222222 0.005859375 0.9305555555555556 0.017578125 0.9479166666666666 0 0.9548611111111112 0.048828125 0.9930555555555556 0.0546875 0.9826388888888888 0.048828125 0.8923611111111112 0.037109375 0.8715277777777778 0.041015625 0.8576388888888888 0.0234375 0.8576388888888888 0 0.875 0 0.8923611111111112
0 0.025390625 0.3159722222222222 0.0234375 0.28125 0.01171875 0.2777777777777778 0.01171875 0.3090277777777778 0.025390625 0.3159722222222222
0 0.90625 0.8402777777777778 0.947265625 0.8541666666666666 0.95703125 0.8715277777777778 0.974609375 0.8784722222222222 0.986328125 0.90625 0.998046875 0.9097222222222222 0.998046875 0.8263888888888888 0.9921875 0.8229166666666666 0.9921875 0.7951388888888888 0.986328125 0.7847222222222222 0.96875 0.78125 0.966796875 0.8090277777777778 0.95703125 0.8298611111111112 0.921875 0.7604166666666666 0.90625 0.75 0.8984375 0.7847222222222222 0.90625 0.8402777777777778
0 0.54296875 0.4861111111111111 0.56640625 0.5104166666666666 0.568359375 0.46875 0.560546875 0.4479166666666667 0.54296875 0.4513888888888889 0.54296875 0.4861111111111111
0 0.5234375 0.6388888888888888 0.548828125 0.6875 0.572265625 0.7048611111111112 0.57421875 0.6284722222222222 0.568359375 0.6111111111111112 0.556640625 0.6111111111111112 0.546875 0.6493055555555556 0.537109375 0.5972222222222222 0.53515625 0.6215277777777778 0.5234375 0.6388888888888888
0 0.64453125 0.75 0.6484375 0.7638888888888888 0.63671875 0.78125 0.642578125 0.7951388888888888 0.669921875 0.8125 0.67578125 0.8298611111111112 0.6875 0.8263888888888888 0.69140625 0.8055555555555556 0.6796875 0.7743055555555556 0.6796875 0.71875 0.662109375 0.7291666666666666 0.66015625 0.7222222222222222 0.6484375 0.75 0.634765625 0.7326388888888888 0.62890625 0.7361111111111112 0.625 0.75 0.64453125 0.75
0 0.16796875 0.3263888888888889 0.17578125 0.3263888888888889 0.181640625 0.2986111111111111 0.16796875 0.2847222222222222 0.162109375 0.3090277777777778 0.16796875 0.3263888888888889
0 0.318359375 0.8263888888888888 0.3125 0.8402777777777778 0.32421875 0.8576388888888888 0.330078125 0.8506944444444444 0.330295138671875 0.8526234583333333 0.32421875 0.7743055555555556 0.31640625 0.7743055555555556 0.31640625 0.7916666666666666 0.32421875 0.8020833333333334 0.31640625 0.8090277777777778 0.318359375 0.8263888888888888
0 0.380859375 0.8888888888888888 0.369140625 0.8541666666666666 0.373046875 0.8368055555555556 0.36328125 0.7951388888888888 0.349609375 0.7951388888888888 0.34375 0.8055555555555556 0.34765625 0.8368055555555556 0.341796875 0.8680555555555556 0.33203125 0.875 0.331557765625 0.8688973055555556 0.32421875 0.8819444444444444 0.353515625 0.8888888888888888 0.369140625 0.9236111111111112 0.376953125 0.9236111111111112 0.380859375 0.8888888888888888
0 0.453125 0.4097222222222222 0.45703125 0.3576388888888889 0.44921875 0.3576388888888889 0.447265625 0.3888888888888889 0.453125 0.4097222222222222
0 0.599609375 0.6388888888888888 0.630859375 0.6666666666666666 0.63671875 0.6388888888888888 0.634765625 0.59375 0.625 0.5902777777777778 0.61328125 0.6076388888888888 0.603515625 0.5798611111111112 0.59765625 0.5868055555555556 0.59375 0.6215277777777778 0.599609375 0.6388888888888888
0 0.486328125 0.3854166666666667 0.474609375 0.3888888888888889 0.474609375 0.4340277777777778 0.486328125 0.3854166666666667
0 0.69921875 0.5798611111111112 0.705078125 0.5798611111111112 0.69921875 0.5625 0.7109375 0.5451388888888888 0.7109375 0.5138888888888888 0.69140625 0.5138888888888888 0.69921875 0.5798611111111112
0 0.59765625 0.4652777777777778 0.599609375 0.4305555555555556 0.58203125 0.4236111111111111 0.580078125 0.46875 0.59765625 0.4652777777777778
0 0.21484375 0.5659722222222222 0.224609375 0.5347222222222222 0.21875 0.5104166666666666 0.19921875 0.5138888888888888 0.193359375 0.5 0.193359375 0.5486111111111112 0.21484375 0.5659722222222222
0 0.259765625 0.4479166666666667 0.267578125 0.40625 0.25390625 0.3923611111111111 0.25 0.4201388888888889 0.259765625 0.4479166666666667
0 0.173828125 0.6527777777777778 0.166015625 0.6770833333333334 0.2109375 0.7222222222222222 0.212890625 0.6840277777777778 0.205078125 0.6354166666666666 0.193359375 0.6284722222222222 0.1796875 0.6597222222222222 0.16796875 0.6284722222222222 0.166015625 0.6458333333333334 0.173828125 0.6527777777777778