0 0.21875 0.6493055555555556 0.23046875 0.6909722222222222 0.236328125 0.6909722222222222 0.2421875 0.6701388888888888 0.2421875 0.6041666666666666 0.224609375 0.5972222222222222 0.21875 0.6076388888888888 0.21875 0.6493055555555556
0 0.25 0.96875 0.255859375 0.9930555555555556 0.283203125 0.9965277777777778 0.291015625 0.9166666666666666 0.28515625 0.8888888888888888 0.263671875 0.8888888888888888 0.2421875 0.9097222222222222 0.25 0.96875
0 0.037109375 0.3368055555555556 0.037109375 0.3125 0.01171875 0.3090277777777778 0.009765625 0.34375 0.037109375 0.3368055555555556
0 0.65625 0.6840277777777778 0.66015625 0.6979166666666666 0.6484375 0.7118055555555556 0.6484375 0.7326388888888888 0.65625 0.7430555555555556 0.662109375 0.7430555555555556 0.669921875 0.71875 0.705078125 0.7152777777777778 0.716796875 0.7013888888888888 0.7109375 0.6701388888888888 0.6953125 0.6388888888888888 0.6796875 0.6388888888888888 0.673828125 0.6875 0.6484375 0.6701388888888888 0.638671875 0.6805555555555556 0.63671875 0.6909722222222222 0.65625 0.6840277777777778
0 0.84375 0.8680555555555556 0.853515625 0.8368055555555556 0.859375 0.8472222222222222 0.86328125 0.8819444444444444 0.85546875 0.8888888888888888 0.890625 0.9201388888888888 0.892578125 0.9375 0.904296875 0.9375 0.91796875 0.9791666666666666 0.9375 0.9826388888888888 0.9375 0.9236111111111112 0.923828125 0.8993055555555556 0.9140625 0.8402777777777778 0.90625 0.8298611111111112 0.89453125 0.8368055555555556 0.876953125 0.8680555555555556 0.849609375 0.8194444444444444 0.84375 0.7951388888888888 0.837890625 0.8090277777777778 0.83203125 0.84375 0.84375 0.8680555555555556
0 0.349609375 0.5625 0.361328125 0.5729166666666666 0.373046875 0.5138888888888888 0.3671875 0.4722222222222222 0.35546875 0.46875 0.337890625 0.5034722222222222 0.337890625 0.5277777777777778 0.349609375 0.5625
0 0.029296875 0.8090277777777778 0.04296875 0.7638888888888888 0.04296875 0.7291666666666666 0.033203125 0.7013888888888888 0.01171875 0.7083333333333334 0.01171875 0.78125 0.029296875 0.8090277777777778
0 0.224609375 0.3263888888888889 0.234375 0.3263888888888889 0.23046875 0.28125 0.220703125 0.2847222222222222 0.21875 0.3125 0.224609375 0.3263888888888889
0 0.0546875 0.3263888888888889 0.064453125 0.34375 0.064453125 0.2777777777777778 0.0546875 0.28125 0.0546875 0.3090277777777778 0.048828125 0.3125 0.048828125 0.3368055555555556 0.0546875 0.3263888888888889
0 0.298828125 0.7743055555555556 0.3125 0.7743055555555556 0.3125 0.6701388888888888 0.30078125 0.6701388888888888 0.294921875 0.6909722222222222 0.26953125 0.6909722222222222 0.26953125 0.7430555555555556 0.298828125 0.7743055555555556
0 0.830078125 0.4201388888888889 0.84765625 0.3715277777777778 0.83203125 0.3611111111111111 0.80078125 0.3888888888888889 0.80078125 0.4236111111111111 0.830078125 0.4201388888888889
0 0.443359375 0.5625 0.4609375 0.5625 0.462890625 0.5451388888888888 0.47265625 0.5451388888888888 0.46875 0.5243055555555556 0.474609375 0.5 0.462890625 0.5034722222222222 0.443359375 0.5347222222222222 0.443359375 0.5625
0 0.7890625 0.7673611111111112 0.79296875 0.75 0.802734375 0.7604166666666666 0.796875 0.78125 0.830078125 0.8368055555555556 0.84375 0.7951388888888888 0.841796875 0.7847222222222222 0.85546875 0.7638888888888888 0.853515625 0.7361111111111112 0.837890625 0.7326388888888888 0.82421875 0.7118055555555556 0.81640625 0.7638888888888888 0.79296875 0.7430555555555556 0.78125 0.71875 0.767578125 0.7152777777777778 0.76171875 0.7430555555555556 0.7890625 0.7673611111111112
0 0.404296875 0.5763888888888888 0.41015625 0.5590277777777778 0.40625 0.5347222222222222 0.380859375 0.53125 0.375 0.5729166666666666 0.404296875 0.5763888888888888
0 0.412109375 0.5625 0.44140625 0.5625 0.431640625 0.5173611111111112 0.41796875 0.5 0.41015625 0.5034722222222222 0.40625 0.53125 0.412109375 0.5625
0 0.193359375 0.9930555555555556 0.19921875 0.9930555555555556 0.216796875 0.9201388888888888 0.212890625 0.8576388888888888 0.203125 0.84375 0.181640625 0.8541666666666666 0.181640625 0.9305555555555556 0.193359375 0.9930555555555556
0 0.1796875 0.8472222222222222 0.173828125 0.8368055555555556 0.16796875 0.84375 0.1796875 0.8472222222222222
0 0.25 0.5625 0.259765625 0.5763888888888888 0.279296875 0.5451388888888888 0.279296875 0.4861111111111111 0.26953125 0.4722222222222222 0.255859375 0.4722222222222222 0.25 0.4930555555555556 0.25 0.5625