0 0.591796875 0.4791666666666667 0.603515625 0.46875 0.630859375 0.4722222222222222 0.63671875 0.4652777777777778 0.63671875 0.4340277777777778 0.603515625 0.4305555555555556 0.587890625 0.4548611111111111 0.5859375 0.46875 0.591796875 0.4791666666666667
0 0.1953125 0.4027777777777778 0.205078125 0.3923611111111111 0.193359375 0.3611111111111111 0.16796875 0.3576388888888889 0.16796875 0.3993055555555556 0.1953125 0.4027777777777778
0 0.068359375 0.4201388888888889 0.080078125 0.4513888888888889 0.0859375 0.4513888888888889 0.091796875 0.4201388888888889 0.0859375 0.3923611111111111 0.07421875 0.3923611111111111 0.068359375 0.3993055555555556 0.068359375 0.4201388888888889
0 0.98046875 0.375 0.990234375 0.375 0.998046875 0.3993055555555556 0.998046875 0.3472222222222222 0.9921875 0.3402777777777778 0.998046875 0.3298611111111111 0.9921875 0.3333333333333333 0.98046875 0.3576388888888889 0.98046875 0.375
0 0.2109375 0.5173611111111112 0.244140625 0.5 0.255859375 0.5104166666666666 0.26171875 0.5034722222222222 0.25390625 0.4548611111111111 0.2421875 0.4826388888888889 0.228515625 0.46875 0.205078125 0.4826388888888889 0.19921875 0.4965277777777778 0.2109375 0.5173611111111112
0 0.2734375 0.46875 0.291015625 0.4479166666666667 0.3125 0.4618055555555556 0.322265625 0.4479166666666667 0.31640625 0.4201388888888889 0.3046875 0.4201388888888889 0.298828125 0.4375 0.287109375 0.4409722222222222 0.287109375 0.4201388888888889 0.28125 0.4201388888888889 0.26953125 0.4375 0.267578125 0.4548611111111111 0.2734375 0.46875
0 0.79296875 0.3611111111111111 0.83203125 0.3541666666666667 0.833984375 0.3229166666666667 0.818359375 0.3368055555555556 0.80078125 0.3229166666666667 0.791015625 0.34375 0.79296875 0.3611111111111111
0 0.00390625 0.5138888888888888 0.009765625 0.5 0.005859375 0.4618055555555556 0 0.4548611111111111 0.00390625 0.5138888888888888
0 0.52734375 0.3263888888888889 0.529296875 0.3090277777777778 0.5234375 0.2951388888888889 0.51171875 0.2951388888888889 0.505859375 0.3263888888888889 0.52734375 0.3263888888888889
0 0.34375 0.4722222222222222 0.345703125 0.4965277777777778 0.35546875 0.5 0.36328125 0.4826388888888889 0.376953125 0.4826388888888889 0.373046875 0.4652777777777778 0.392578125 0.4479166666666667 0.369140625 0.4652777777777778 0.35546875 0.4479166666666667 0.34375 0.4722222222222222
0 0.142578125 0.4826388888888889 0.1484375 0.5 0.158203125 0.4826388888888889 0.171875 0.5104166666666666 0.1796875 0.5104166666666666 0.177734375 0.46875 0.16015625 0.46875 0.16015625 0.4791666666666667 0.1484375 0.4826388888888889 0.13671875 0.4548611111111111 0.130859375 0.4791666666666667 0.142578125 0.4826388888888889
0 0.603515625 0.3125 0.60546875 0.2847222222222222 0.59375 0.28125 0.59375 0.3125 0.603515625 0.3125
0 0.892578125 0.2916666666666667 0.908203125 0.2881944444444444 0.91015625 0.2673611111111111 0.88671875 0.2638888888888889 0.884765625 0.28125 0.892578125 0.2916666666666667
0 0.181640625 0.4826388888888889 0.19921875 0.4930555555555556 0.216796875 0.4479166666666667 0.2109375 0.4375 0.189453125 0.4444444444444444 0.181640625 0.4618055555555556 0.181640625 0.4826388888888889