0 0.861328125 0.28125 0.861328125 0.2604166666666667 0.84765625 0.2534722222222222 0.837890625 0.2743055555555556 0.861328125 0.28125
0 0.28125 0.7361111111111112 0.287109375 0.7673611111111112 0.3046875 0.8090277777777778 0.314453125 0.8159722222222222 0.31640625 0.7013888888888888 0.28515625 0.6979166666666666 0.291015625 0.7118055555555556 0.28125 0.7361111111111112
0 0.3212890625 0.6892361111111112 0.005859375 0.003472222222222222
0 0 0.375 0.01953125 0.3645833333333333 0.0234375 0.3298611111111111 0.029296875 0.3229166666666667 0.029296875 0.3125 0.005859375 0.3090277777777778 0 0.3125 0 0.375
0 0.9375 0.2916666666666667 0.94921875 0.3055555555555556 0.96875 0.2951388888888889 0.966796875 0.2777777777777778 0.943359375 0.2743055555555556 0.9375 0.2777777777777778 0.9375 0.2916666666666667
0 0.89453125 0.9340277777777778 0.892578125 0.96875 0.904296875 0.9791666666666666 0.912109375 0.9722222222222222 0.921875 0.9965277777777778 0.955078125 0.9965277777777778 0.9375 0.9479166666666666 0.9375 0.9236111111111112 0.931640625 0.9131944444444444 0.935546875 0.8854166666666666 0.9296875 0.875 0.904296875 0.8784722222222222 0.90625 0.90625 0.89453125 0.9340277777777778
0 0.841796875 0.9027777777777778 0.8671875 0.9548611111111112 0.873046875 0.9479166666666666 0.875 0.9652777777777778 0.880859375 0.9652777777777778 0.875 0.9513888888888888 0.880859375 0.90625 0.8671875 0.8888888888888888 0.86328125 0.84375 0.84765625 0.8368055555555556 0.84765625 0.8854166666666666 0.841796875 0.9027777777777778
0 0.224609375 0.3576388888888889 0.234375 0.3611111111111111 0.2421875 0.3402777777777778 0.23046875 0.3159722222222222 0.224609375 0.3229166666666667 0.224609375 0.3576388888888889
0 0.2421875 0.4340277777777778 0.279296875 0.4375 0.28125 0.3888888888888889 0.2734375 0.375 0.255859375 0.3923611111111111 0.2421875 0.4201388888888889 0.2421875 0.4340277777777778
0 0.044921875 0.4097222222222222 0.048828125 0.3993055555555556 0.046875 0.375 0.033203125 0.3576388888888889 0.013671875 0.3784722222222222 0.013671875 0.4201388888888889 0.044921875 0.4097222222222222
0 0.1171875 0.4513888888888889 0.125 0.4618055555555556 0.134765625 0.4479166666666667 0.1328125 0.4201388888888889 0.1171875 0.4201388888888889 0.1171875 0.4513888888888889
0 0.06640625 0.4618055555555556 0.111328125 0.4618055555555556 0.1015625 0.4201388888888889 0.091796875 0.4340277777777778 0.068359375 0.4201388888888889 0.060546875 0.4479166666666667 0.06640625 0.4618055555555556
0 0.0625 0.4618055555555556 0.080078125 0.4618055555555556 0.0859375 0.4375 0.07421875 0.40625 0.060546875 0.4409722222222222 0.0625 0.4618055555555556
0 0.158203125 0.3958333333333333 0.201171875 0.3993055555555556 0.205078125 0.3888888888888889 0.19921875 0.3715277777777778 0.185546875 0.3576388888888889 0.15625 0.3576388888888889 0.158203125 0.3958333333333333
0 0.142578125 0.40625 0.142578125 0.3715277777777778 0.12890625 0.3576388888888889 0.125 0.4027777777777778 0.142578125 0.40625
0 0.830078125 0.8159722222222222 0.84765625 0.8298611111111112 0.859375 0.8263888888888888 0.86328125 0.8368055555555556 0.875 0.8090277777777778 0.85546875 0.7673611111111112 0.84375 0.7673611111111112 0.841796875 0.7951388888888888 0.830078125 0.8159722222222222
0 0.79296875 0.7986111111111112 0.802734375 0.7916666666666666 0.80078125 0.8125 0.82421875 0.8055555555555556 0.826171875 0.78125 0.818359375 0.7638888888888888 0.810546875 0.7951388888888888 0.80078125 0.7777777777777778 0.810546875 0.75 0.798828125 0.71875 0.79296875 0.7222222222222222 0.787109375 0.7604166666666666 0.79296875 0.7986111111111112
0 0.8046875 0.2743055555555556 0.8046875 0.24305555555555555 0.79296875 0.24305555555555555 0.791015625 0.2638888888888889 0.8046875 0.2743055555555556
0 0.111328125 0.4652777777777778 0.099609375 0.4236111111111111 0.0859375 0.4375 0.08203125 0.4652777777777778 0.111328125 0.4652777777777778
0 0.130859375 0.4618055555555556 0.13671875 0.4236111111111111 0.119140625 0.4201388888888889 0.1171875 0.4513888888888889 0.130859375 0.4618055555555556