0 0.380859375 0.46875 0.392578125 0.4236111111111111 0.37890625 0.4201388888888889 0.375 0.4652777777777778 0.380859375 0.46875
0 0.404296875 0.6215277777777778 0.416015625 0.6354166666666666 0.421875 0.5590277777777778 0.41796875 0.5486111111111112 0.404296875 0.5520833333333334 0.400390625 0.59375 0.404296875 0.6215277777777778
0 0.00390625 0.3229166666666667 0.0234375 0.3263888888888889 0.0234375 0.3055555555555556 0.005859375 0.2951388888888889 0 0.2986111111111111 0.00390625 0.3229166666666667
0 0.35546875 0.2951388888888889 0.360595703125 0.3133680555555556 0.359375 0.2916666666666667 0.35546875 0.2951388888888889
0 0.361328125 0.3263888888888889 0.36077880859375 0.3166232638888889 0.35546875 0.3229166666666667 0.361328125 0.3263888888888889
0 0.40625 0.22916666666666666 0.40625 0.2152777777777778 0.3984375 0.2152777777777778 0.3984375 0.2361111111111111 0.40625 0.22916666666666666
0 0.3828125 0.3298611111111111 0.384765625 0.2986111111111111 0.37890625 0.2986111111111111 0.375 0.3263888888888889 0.3828125 0.3298611111111111
0 0.349609375 0.3576388888888889 0.353515625 0.3263888888888889 0.34375 0.3229166666666667 0.341796875 0.34375 0.349609375 0.3576388888888889
0 0.05654046484375 0.31570512847222226 0.060546875 0.2986111111111111 0.048828125 0.2951388888888889 0.05654046484375 0.31570512847222226
0 0.05078125 0.3402777777777778 0.056361607421875 0.31646825347222224 0.046875 0.3333333333333333 0.05078125 0.3402777777777778
0 0.1484375 0.4027777777777778 0.154296875 0.3923611111111111 0.15625 0.3472222222222222 0.142578125 0.3472222222222222 0.138671875 0.4027777777777778 0.1484375 0.4027777777777778
0 0.0625 0.375 0.072265625 0.3784722222222222 0.07421875 0.34375 0.06640625 0.3402777777777778 0.060546875 0.34375 0.0625 0.375
0 0.6640625 0.75 0.66796875 0.7604166666666666 0.6875 0.7638888888888888 0.6875 0.7430555555555556 0.671875 0.7013888888888888 0.673828125 0.6701388888888888 0.662109375 0.6701388888888888 0.65625 0.65625 0.6484375 0.6631944444444444 0.6484375 0.6979166666666666 0.638671875 0.7291666666666666 0.638671875 0.75 0.6640625 0.75
0 0.26171875 0.2604166666666667 0.267578125 0.2604166666666667 0.265625 0.2326388888888889 0.259765625 0.2326388888888889 0.26171875 0.2604166666666667
0 0.404296875 0.5138888888888888 0.404296875 0.4722222222222222 0.388671875 0.46875 0.388671875 0.5138888888888888 0.404296875 0.5138888888888888
0 0.4609375 0.7152777777777778 0.466796875 0.7152777777777778 0.466796875 0.6215277777777778 0.44921875 0.625 0.443359375 0.6666666666666666 0.4609375 0.7152777777777778
0 0.560546875 0.7013888888888888 0.5546875 0.6805555555555556 0.55078125 0.6909722222222222 0.55859375 0.7013888888888888 0.556640625 0.71875 0.5625 0.71875 0.568359375 0.7465277777777778 0.5859375 0.7743055555555556 0.591796875 0.7673611111111112 0.59375 0.6805555555555556 0.58984375 0.6666666666666666 0.57421875 0.6701388888888888 0.572265625 0.6875 0.560546875 0.7013888888888888
0 0.59375 0.65625 0.587890625 0.6423611111111112 0.5859375 0.65625 0.59375 0.65625
0 0.31640625 0.2916666666666667 0.31640625 0.2638888888888889 0.310546875 0.2604166666666667 0.306640625 0.2916666666666667 0.31640625 0.2916666666666667
0 0.294921875 0.2951388888888889 0.294921875 0.2708333333333333 0.287109375 0.2743055555555556 0.287109375 0.2951388888888889 0.294921875 0.2951388888888889
0 0.16796875 0.4027777777777778 0.197265625 0.4027777777777778 0.205078125 0.3923611111111111 0.193359375 0.3611111111111111 0.173828125 0.3576388888888889 0.16796875 0.3680555555555556 0.162109375 0.3854166666666667 0.16796875 0.4027777777777778
0 0.39453125 0.3368055555555556 0.3984375 0.3090277777777778 0.392578125 0.2986111111111111 0.38671875 0.3263888888888889 0.39453125 0.3368055555555556
0 0.51171875 0.46875 0.51953125 0.4513888888888889 0.51953125 0.4201388888888889 0.505859375 0.4201388888888889 0.51171875 0.46875
0 0.36328125 0.3888888888888889 0.373046875 0.3923611111111111 0.375 0.3541666666666667 0.3671875 0.3472222222222222 0.361328125 0.375 0.36328125 0.3888888888888889
0 0.4296875 0.2986111111111111 0.4296875 0.2743055555555556 0.423828125 0.2673611111111111 0.41796875 0.2951388888888889 0.4296875 0.2986111111111111
0 0.21875 0.875 0.224609375 0.9027777777777778 0.236328125 0.9166666666666666 0.248046875 0.7951388888888888 0.224609375 0.7916666666666666 0.21875 0.7951388888888888 0.21875 0.875
0 0.8046875 0.4375 0.8125 0.4375 0.826171875 0.4097222222222222 0.81640625 0.375 0.806640625 0.375 0.787109375 0.40625 0.787109375 0.4340277777777778 0.8046875 0.4375