0 0.388671875 0.6076388888888888 0.392578125 0.5763888888888888 0.38671875 0.5555555555555556 0.380859375 0.5486111111111112 0.36328125 0.59375 0.365234375 0.6284722222222222 0.388671875 0.6076388888888888
0 0.416015625 0.6076388888888888 0.41796875 0.5729166666666666 0.40625 0.5659722222222222 0.41796875 0.5486111111111112 0.40625 0.5486111111111112 0.3984375 0.6076388888888888 0.416015625 0.6076388888888888
0 0.966796875 0.3055555555555556 0.98046875 0.28125 0.986328125 0.3055555555555556 0.998046875 0.2951388888888889 0.998046875 0.2777777777777778 0.962890625 0.2673611111111111 0.95703125 0.2951388888888889 0.966796875 0.3055555555555556
0 0.474609375 0.4340277777777778 0.484375 0.4201388888888889 0.48046875 0.3888888888888889 0.466796875 0.4027777777777778 0.451171875 0.3888888888888889 0.4609375 0.4236111111111111 0.474609375 0.4340277777777778
0 0.05078125 0.40625 0.0625 0.4340277777777778 0.072265625 0.4305555555555556 0.080078125 0.40625 0.068359375 0.375 0.05078125 0.375 0.05078125 0.40625
0 0.35546875 0.4618055555555556 0.359375 0.4166666666666667 0.34375 0.4201388888888889 0.34375 0.4513888888888889 0.35546875 0.4618055555555556
0 0.296875 0.4826388888888889 0.3125 0.4722222222222222 0.322265625 0.4791666666666667 0.330078125 0.46875 0.337890625 0.4791666666666667 0.34765625 0.46875 0.34375 0.4479166666666667 0.326171875 0.4513888888888889 0.318359375 0.4236111111111111 0.30078125 0.4409722222222222 0.29296875 0.4652777777777778 0.296875 0.4826388888888889
0 0.60546875 0.65625 0.619140625 0.6284722222222222 0.623046875 0.5868055555555556 0.6171875 0.5659722222222222 0.6015625 0.5625 0.599609375 0.5486111111111112 0.599609375 0.6527777777777778 0.60546875 0.65625
0 0.01171875 0.5451388888888888 0.01953125 0.5243055555555556 0.0302734375 0.5347222222222222 0.0625 0.5347222222222222 0.072265625 0.5138888888888888 0.06640625 0.4861111111111111 0.056640625 0.4861111111111111 0.017578125 0.5208333333333334 0.01171875 0.4826388888888889 0.001953125 0.4791666666666667 0 0.5451388888888888 0.01171875 0.5451388888888888
0 0.28125 0.3576388888888889 0.279296875 0.3263888888888889 0.267578125 0.3263888888888889 0.263671875 0.3576388888888889 0.28125 0.3576388888888889
0 0.8125 0.40625 0.84765625 0.4027777777777778 0.84765625 0.3680555555555556 0.822265625 0.3680555555555556 0.8125 0.3888888888888889 0.8125 0.40625
0 0.1171875 0.3958333333333333 0.125 0.4166666666666667 0.134765625 0.4201388888888889 0.142578125 0.3784722222222222 0.12890625 0.3576388888888889 0.1171875 0.3680555555555556 0.1171875 0.3958333333333333
0 0.11328125 0.4166666666666667 0.111328125 0.3784722222222222 0.099609375 0.3715277777777778 0.09375 0.3888888888888889 0.091796875 0.4201388888888889 0.11328125 0.4166666666666667
0 0.98046875 0.9097222222222222 0.98828125 0.9201388888888888 0.98828125 0.9479166666666666 0.998046875 0.96875 0.998046875 0.9125000000000001 0.9921875 0.9027777777777778 0.998046875 0.875 0.9921875 0.8715277777777778 0.990234375 0.90625 0.98046875 0.9097222222222222
0 0.939453125 0.375 0.94921875 0.3576388888888889 0.943359375 0.3368055555555556 0.912109375 0.34375 0.90625 0.375 0.939453125 0.375
0 0.537109375 0.53125 0.54296875 0.5625 0.55078125 0.5416666666666666 0.57421875 0.5451388888888888 0.580078125 0.53125 0.580078125 0.5138888888888888 0.568359375 0.5138888888888888 0.56640625 0.5243055555555556 0.548828125 0.4965277777777778 0.548828125 0.5138888888888888 0.537109375 0.53125
0 0.654296875 0.4965277777777778 0.685546875 0.4826388888888889 0.69140625 0.4548611111111111 0.689453125 0.4375 0.673828125 0.4409722222222222 0.66796875 0.4305555555555556 0.65625 0.4479166666666667 0.650390625 0.4722222222222222 0.654296875 0.4965277777777778
0 0.421875 0.4652777777777778 0.4296875 0.4513888888888889 0.4609375 0.4479166666666667 0.455078125 0.4201388888888889 0.423828125 0.4236111111111111 0.41796875 0.4479166666666667 0.421875 0.4652777777777778
0 0.599609375 0.3229166666666667 0.60546875 0.3125 0.60546875 0.2847222222222222 0.591796875 0.28125 0.587890625 0.3125 0.599609375 0.3229166666666667
0 0.67578125 0.4027777777777778 0.67578125 0.3611111111111111 0.6640625 0.3680555555555556 0.662109375 0.3576388888888889 0.6484375 0.3576388888888889 0.64453125 0.4027777777777778 0.67578125 0.4027777777777778
0 0.205078125 0.3993055555555556 0.197265625 0.3715277777777778 0.177734375 0.3576388888888889 0.16796875 0.3576388888888889 0.162109375 0.375 0.16015625 0.40625 0.205078125 0.3993055555555556
0 0.228515625 0.6701388888888888 0.234375 0.6388888888888888 0.23046875 0.6111111111111112 0.21875 0.6111111111111112 0.21875 0.625 0.205078125 0.6423611111111112 0.205078125 0.6840277777777778 0.228515625 0.6701388888888888
0 0.15625 0.7152777777777778 0.171875 0.7118055555555556 0.19140625 0.6701388888888888 0.19140625 0.6076388888888888 0.17578125 0.6111111111111112 0.162109375 0.6388888888888888 0.150390625 0.6909722222222222 0.15625 0.7152777777777778
0 0.740234375 0.4548611111111111 0.748046875 0.40625 0.724609375 0.40625 0.71875 0.3923611111111111 0.70703125 0.4201388888888889 0.705078125 0.4513888888888889 0.740234375 0.4548611111111111