0 0.38671875 0.3229166666666667 0.384765625 0.2847222222222222 0.3671875 0.28125 0.36328125 0.3090277777777778 0.38671875 0.3229166666666667
0 0.64453125 0.8263888888888888 0.6484375 0.8541666666666666 0.6796875 0.9027777777777778 0.6875 0.8923611111111112 0.712890625 0.9097222222222222 0.724609375 0.9340277777777778 0.740234375 0.9340277777777778 0.748046875 0.9097222222222222 0.736328125 0.8784722222222222 0.73046875 0.8263888888888888 0.7109375 0.8125 0.701171875 0.8402777777777778 0.685546875 0.84375 0.673828125 0.8194444444444444 0.673828125 0.7638888888888888 0.654296875 0.7673611111111112 0.654296875 0.8055555555555556 0.64453125 0.8263888888888888
0 0.486328125 0.5277777777777778 0.47265625 0.5 0.4609375 0.5 0.4609375 0.5451388888888888 0.486328125 0.5277777777777778
0 0.806640625 0.9930555555555556 0.873046875 0.9965277777777778 0.84765625 0.9305555555555556 0.830078125 0.9340277777777778 0.83203125 0.9513888888888888 0.806640625 0.9930555555555556
0 0.7421875 0.9375 0.75 0.9826388888888888 0.763671875 0.9965277777777778 0.798828125 0.9930555555555556 0.791015625 0.9756944444444444 0.79296875 0.9618055555555556 0.78125 0.9479166666666666 0.78515625 0.9409722222222222 0.767578125 0.9305555555555556 0.759765625 0.8888888888888888 0.75390625 0.8888888888888888 0.75390625 0.9166666666666666 0.7421875 0.9375
0 0.76171875 0.3368055555555556 0.763671875 0.2951388888888889 0.75 0.2986111111111111 0.748046875 0.3333333333333333 0.76171875 0.3368055555555556
0 0.068359375 0.5034722222222222 0.080078125 0.4861111111111111 0.080078125 0.4409722222222222 0.07421875 0.4375 0.0625 0.4375 0.068359375 0.5034722222222222
0 0.205078125 0.4791666666666667 0.21875 0.4513888888888889 0.2109375 0.4201388888888889 0.19921875 0.4201388888888889 0.197265625 0.4513888888888889 0.205078125 0.4791666666666667
0 0.34375 0.6736111111111112 0.359375 0.6840277777777778 0.3671875 0.7118055555555556 0.375 0.6909722222222222 0.375 0.6388888888888888 0.3671875 0.6076388888888888 0.349609375 0.6111111111111112 0.341796875 0.625 0.34375 0.6736111111111112
0 0.142578125 0.2743055555555556 0.1484375 0.2916666666666667 0.15625 0.2916666666666667 0.162109375 0.2847222222222222 0.162109375 0.2638888888888889 0.1484375 0.25 0.142578125 0.2534722222222222 0.142578125 0.2743055555555556
0 0.033203125 0.3263888888888889 0.04296875 0.3125 0.0390625 0.2916666666666667 0.025390625 0.2951388888888889 0.01953125 0.28125 0.013671875 0.2847222222222222 0.01171875 0.3263888888888889 0.033203125 0.3263888888888889
0 0.416015625 0.75 0.423828125 0.75 0.455078125 0.7013888888888888 0.455078125 0.6701388888888888 0.44921875 0.6423611111111112 0.44140625 0.6354166666666666 0.435546875 0.6701388888888888 0.423828125 0.6666666666666666 0.423828125 0.6527777777777778 0.41015625 0.6597222222222222 0.40625 0.7152777777777778 0.416015625 0.75
0 0.34375 0.8993055555555556 0.361328125 0.9513888888888888 0.3671875 0.9027777777777778 0.361328125 0.8854166666666666 0.36328125 0.8611111111111112 0.35546875 0.8541666666666666 0.34375 0.8611111111111112 0.34375 0.8993055555555556
0 0.37890625 0.9652777777777778 0.396484375 0.96875 0.40625 0.9548611111111112 0.40625 0.9375 0.41796875 0.9201388888888888 0.40625 0.8472222222222222 0.392578125 0.8576388888888888 0.375 0.9201388888888888 0.373046875 0.9513888888888888 0.37890625 0.9652777777777778
0 0.068359375 0.6215277777777778 0.080078125 0.6388888888888888 0.091796875 0.6111111111111112 0.091796875 0.59375 0.0859375 0.5833333333333334 0.0859375 0.5590277777777778 0.07421875 0.5486111111111112 0.068359375 0.5590277777777778 0.068359375 0.6215277777777778
0 0.10546875 0.2916666666666667 0.1015625 0.2534722222222222 0.087890625 0.2534722222222222 0.087890625 0.2847222222222222 0.10546875 0.2916666666666667
0 0.298828125 0.7361111111111112 0.3046875 0.7743055555555556 0.31640625 0.78125 0.326171875 0.8090277777777778 0.326171875 0.7916666666666666 0.318359375 0.7847222222222222 0.330078125 0.7673611111111112 0.330078125 0.71875 0.32421875 0.6909722222222222 0.31640625 0.6909722222222222 0.298828125 0.71875 0.298828125 0.7361111111111112
0 0.14453125 0.5416666666666666 0.150390625 0.5416666666666666 0.162109375 0.5034722222222222 0.15625 0.46875 0.142578125 0.4722222222222222 0.138671875 0.5 0.14453125 0.5416666666666666
0 0.22265625 0.3680555555555556 0.216796875 0.34375 0.193359375 0.3298611111111111 0.1875 0.3368055555555556 0.1796875 0.3715277777777778 0.22265625 0.3680555555555556
0 0.0859375 0.2777777777777778 0.0859375 0.25 0.07421875 0.25 0.072265625 0.2777777777777778 0.0859375 0.2777777777777778
0 0.236328125 0.8263888888888888 0.2421875 0.8263888888888888 0.25 0.7673611111111112 0.248046875 0.71875 0.23046875 0.7118055555555556 0.228515625 0.78125 0.236328125 0.8263888888888888
0 0.291015625 0.9930555555555556 0.296875 0.9375 0.29296875 0.84375 0.28125 0.8368055555555556 0.263671875 0.8472222222222222 0.26171875 0.9513888888888888 0.291015625 0.9930555555555556
0 0.80859375 0.375 0.810546875 0.3263888888888889 0.802734375 0.3125 0.79296875 0.3263888888888889 0.79296875 0.3680555555555556 0.80859375 0.375