0 0.048828125 0.3576388888888889 0.04296875 0.3263888888888889 0.03515625 0.3229166666666667 0.03125 0.3611111111111111 0.048828125 0.3576388888888889
0 0.06640625 0.4479166666666667 0.07421875 0.4409722222222222 0.07421875 0.40625 0.068359375 0.3784722222222222 0.056640625 0.3784722222222222 0.0546875 0.4201388888888889 0.06640625 0.4479166666666667
0 0.248046875 0.4722222222222222 0.25 0.4965277777777778 0.259765625 0.4965277777777778 0.26953125 0.46875 0.28515625 0.46875 0.29296875 0.4861111111111111 0.30078125 0.4791666666666667 0.296875 0.4375 0.283203125 0.4479166666666667 0.26171875 0.4375 0.26171875 0.4513888888888889 0.248046875 0.4722222222222222
0 0.318359375 0.4479166666666667 0.32421875 0.4513888888888889 0.328125 0.4375 0.361328125 0.4340277777777778 0.359375 0.40625 0.34375 0.40625 0.3359375 0.4201388888888889 0.330078125 0.4027777777777778 0.32421875 0.40625 0.31640625 0.4305555555555556 0.318359375 0.4479166666666667
0 0.681640625 0.4513888888888889 0.71875 0.4479166666666667 0.712890625 0.4166666666666667 0.69921875 0.4201388888888889 0.693359375 0.4340277777777778 0.6875 0.4166666666666667 0.673828125 0.4236111111111111 0.673828125 0.4618055555555556 0.681640625 0.4513888888888889
0 0.435546875 0.4027777777777778 0.4296875 0.3784722222222222 0.396484375 0.3819444444444444 0.39453125 0.4166666666666667 0.435546875 0.4027777777777778
0 0.068359375 0.3680555555555556 0.07421875 0.3576388888888889 0.0625 0.3472222222222222 0.07421875 0.3263888888888889 0.06640625 0.3090277777777778 0.060546875 0.3125 0.056640625 0.3368055555555556 0.068359375 0.3680555555555556
0 0.369140625 0.5277777777777778 0.380859375 0.53125 0.38671875 0.5138888888888888 0.42578125 0.5104166666666666 0.427734375 0.4652777777777778 0.41796875 0.4652777777777778 0.4140625 0.4826388888888889 0.392578125 0.4861111111111111 0.38671875 0.46875 0.3671875 0.5034722222222222 0.369140625 0.5277777777777778
0 0.5 0.4930555555555556 0.537109375 0.4791666666666667 0.537109375 0.4652777777777778 0.52734375 0.4618055555555556 0.517578125 0.4375 0.505859375 0.4479166666666667 0.5 0.4618055555555556 0.5 0.4930555555555556
0 0.005859375 0.4965277777777778 0.013671875 0.4965277777777778 0.025390625 0.4652777777777778 0.033203125 0.46875 0.03515625 0.4826388888888889 0.0625 0.4791666666666667 0.0625 0.4513888888888889 0.056640625 0.4409722222222222 0.03515625 0.4513888888888889 0.01171875 0.4444444444444444 0 0.4722222222222222 0.005859375 0.4965277777777778
0 0.099609375 0.4236111111111111 0.111328125 0.4305555555555556 0.1171875 0.4236111111111111 0.1171875 0.375 0.10546875 0.3576388888888889 0.099609375 0.3715277777777778 0.099609375 0.4236111111111111
0 0.15625 0.3645833333333333 0.142578125 0.375 0.154296875 0.3993055555555556 0.16015625 0.3923611111111111 0.16015625 0.3715277777777778 0.15625 0.34375 0.146484375 0.34375 0.142578125 0.3472222222222222 0.15625 0.3645833333333333
0 0.140625 0.4097222222222222 0.142578125 0.3576388888888889 0.130859375 0.3611111111111111 0.130859375 0.3993055555555556 0.140625 0.4097222222222222
0 0.6171875 0.4027777777777778 0.6171875 0.3715277777777778 0.611328125 0.3680555555555556 0.595703125 0.3888888888888889 0.59765625 0.4097222222222222 0.6171875 0.4027777777777778
0 0.091796875 0.4375 0.09765625 0.40625 0.091796875 0.3784722222222222 0.08203125 0.375 0.080078125 0.4201388888888889 0.091796875 0.4375
0 0.62890625 0.4375 0.6484375 0.4513888888888889 0.6484375 0.4097222222222222 0.638671875 0.40625 0.625 0.4340277777777778 0.623046875 0.4027777777777778 0.609375 0.40625 0.60546875 0.4479166666666667 0.62890625 0.4375
0 0.26171875 0.5902777777777778 0.310546875 0.5729166666666666 0.3125 0.5486111111111112 0.302734375 0.5277777777777778 0.279296875 0.5625 0.2734375 0.5590277777777778 0.2734375 0.5277777777777778 0.263671875 0.5138888888888888 0.25 0.53125 0.2421875 0.5590277777777778 0.26171875 0.5902777777777778
0 0.0546875 0.2951388888888889 0.046875 0.2673611111111111 0.03125 0.2638888888888889 0.03125 0.2916666666666667 0.0546875 0.2951388888888889
0 0.048828125 0.5763888888888888 0.0625 0.5451388888888888 0.068359375 0.5486111111111112 0.068359375 0.5625 0.087890625 0.5486111111111112 0.099609375 0.5590277777777778 0.109375 0.5416666666666666 0.109375 0.5173611111111112 0.103515625 0.5034722222222222 0.09375 0.5034722222222222 0.083984375 0.5416666666666666 0.072265625 0.5486111111111112 0.05859375 0.5381944444444444 0.05078125 0.5 0.046875 0.5277777777777778 0.037109375 0.5416666666666666 0.03515625 0.5694444444444444 0.048828125 0.5763888888888888
0 0.6875 0.3680555555555556 0.685546875 0.34375 0.654296875 0.34375 0.654296875 0.3784722222222222 0.6875 0.3680555555555556
0 0.16796875 0.4027777777777778 0.205078125 0.3993055555555556 0.19921875 0.375 0.16796875 0.3611111111111111 0.162109375 0.3888888888888889 0.16796875 0.4027777777777778
0 0.150390625 0.2951388888888889 0.162109375 0.2951388888888889 0.162109375 0.2638888888888889 0.146484375 0.2638888888888889 0.14453125 0.28125 0.150390625 0.2951388888888889