0 0.451171875 0.6909722222222222 0.46875 0.7326388888888888 0.474609375 0.7152777777777778 0.46875 0.6944444444444444 0.47265625 0.6666666666666666 0.4609375 0.6284722222222222 0.455078125 0.6284722222222222 0.44921875 0.6354166666666666 0.451171875 0.6909722222222222
0 0.421875 0.8402777777777778 0.423828125 0.8090277777777778 0.435546875 0.7916666666666666 0.435546875 0.7673611111111112 0.42578125 0.7361111111111112 0.416015625 0.7361111111111112 0.3984375 0.78125 0.39453125 0.8368055555555556 0.421875 0.8402777777777778
0 0.005859375 0.3402777777777778 0.0234375 0.34375 0.029296875 0.3229166666666667 0.009765625 0.2951388888888889 0 0.3229166666666667 0.005859375 0.3402777777777778
0 0.35546875 0.3368055555555556 0.359375 0.3055555555555556 0.349609375 0.2951388888888889 0.34765625 0.3229166666666667 0.35546875 0.3368055555555556
0 0.494140625 0.5138888888888888 0.50390625 0.4513888888888889 0.498046875 0.4375 0.48828125 0.4375 0.486328125 0.4479166666666667 0.486328125 0.5 0.494140625 0.5138888888888888
0 0.5830078125 0.6631944444444444 0.005859375 0.006944444444444444
0 0.599609375 0.6736111111111112 0.59765625 0.6979166666666666 0.583984375 0.7013888888888888 0.57421875 0.6875 0.576171875 0.7118055555555556 0.611328125 0.7465277777777778 0.611328125 0.71875 0.623046875 0.6805555555555556 0.61328125 0.65625 0.611328125 0.6701388888888888 0.599609375 0.6736111111111112
0 0.478515625 0.5451388888888888 0.484375 0.5451388888888888 0.47265625 0.5173611111111112 0.484375 0.5138888888888888 0.48046875 0.4861111111111111 0.46875 0.4826388888888889 0.46875 0.5138888888888888 0.478515625 0.5451388888888888
0 0.037109375 0.46875 0.0546875 0.4618055555555556 0.060546875 0.4513888888888889 0.060546875 0.4201388888888889 0.03515625 0.40625 0.03125 0.4340277777777778 0.037109375 0.46875
0 0.3046875 0.3888888888888889 0.318359375 0.375 0.3125 0.34375 0.3046875 0.34375 0.3046875 0.3888888888888889
0 0.099609375 0.5138888888888888 0.111328125 0.5173611111111112 0.1171875 0.4791666666666667 0.091796875 0.46875 0.087890625 0.4826388888888889 0.099609375 0.5138888888888888
0 0.6796875 0.8090277777777778 0.689453125 0.7986111111111112 0.69921875 0.8402777777777778 0.7109375 0.8298611111111112 0.705078125 0.7326388888888888 0.6875 0.7326388888888888 0.67578125 0.7743055555555556 0.662109375 0.7638888888888888 0.66796875 0.8055555555555556 0.6796875 0.8090277777777778
0 0.65625 0.7430555555555556 0.66796875 0.7534722222222222 0.66796875 0.71875 0.654296875 0.7118055555555556 0.650390625 0.7222222222222222 0.65625 0.7430555555555556
0 0.37890625 0.28125 0.38671875 0.2777777777777778 0.38671875 0.2534722222222222 0.380859375 0.25 0.375 0.2534722222222222 0.37890625 0.28125
0 0 0.6875 0.01171875 0.6840277777777778 0.01953125 0.6666666666666666 0.017578125 0.6076388888888888 0 0.6076388888888888 0 0.6875
0 0.16796875 0.4027777777777778 0.18359375 0.40625 0.197265625 0.3888888888888889 0.19921875 0.375 0.19140625 0.3611111111111111 0.16796875 0.3576388888888889 0.162109375 0.3854166666666667 0.16796875 0.4027777777777778
0 0.404296875 0.5243055555555556 0.416015625 0.4618055555555556 0.400390625 0.4548611111111111 0.3984375 0.5208333333333334 0.404296875 0.5243055555555556
0 0.041015625 0.3125 0.05078125 0.3090277777777778 0.046875 0.2777777777777778 0.037109375 0.2777777777777778 0.041015625 0.3125
0 0.83984375 0.6840277777777778 0.861328125 0.6979166666666666 0.875 0.6666666666666666 0.8671875 0.6458333333333334 0.88671875 0.6284722222222222 0.8671875 0.625 0.865234375 0.6493055555555556 0.859375 0.6493055555555556 0.84765625 0.6180555555555556 0.8359375 0.6215277777777778 0.83203125 0.6666666666666666 0.83984375 0.6840277777777778
0 0.3359375 0.7118055555555556 0.3359375 0.7326388888888888 0.375 0.8263888888888888 0.37890625 0.8125 0.369140625 0.71875 0.34765625 0.7222222222222222 0.3359375 0.7118055555555556
0 0.3779296875 0.7065972222222222 0.005859375 0.010416666666666666
0 0.263671875 0.6423611111111112 0.259765625 0.6180555555555556 0.267578125 0.6197916666666666 0.267578125 0.5798611111111112 0.2548828125 0.5798611111111112 0.2503125 0.5961111111111111 0.2578125 0.6111111111111112 0.263671875 0.6423611111111112
0 0.103515625 0.6979166666666666 0.111328125 0.7013888888888888 0.1171875 0.6805555555555556 0.1171875 0.6180555555555556 0.103515625 0.6111111111111112 0.09765625 0.625 0.09375 0.6597222222222222 0.103515625 0.6979166666666666
0 0.31640625 0.3368055555555556 0.318359375 0.3263888888888889 0.310546875 0.3125 0.318359375 0.3055555555555556 0.310546875 0.2986111111111111 0.306640625 0.3159722222222222 0.31640625 0.3368055555555556
0 0.07421875 0.59375 0.08203125 0.6180555555555556 0.091796875 0.5972222222222222 0.095703125 0.5451388888888888 0.07421875 0.5451388888888888 0.07421875 0.59375
0 0.080078125 0.3263888888888889 0.099609375 0.3263888888888889 0.099609375 0.2951388888888889 0.080078125 0.2847222222222222 0.07421875 0.2951388888888889 0.080078125 0.3263888888888889
0 0.326171875 0.7118055555555556 0.330078125 0.6354166666666666 0.318359375 0.625 0.3046875 0.6388888888888888 0.3046875 0.6840277777777778 0.326171875 0.7118055555555556
0 0.10546875 0.3993055555555556 0.1171875 0.3993055555555556 0.119140625 0.3611111111111111 0.10546875 0.3472222222222222 0.099609375 0.3576388888888889 0.10546875 0.3993055555555556
0 0.361328125 0.4618055555555556 0.369140625 0.5 0.376953125 0.5034722222222222 0.380859375 0.4965277777777778 0.369140625 0.4861111111111111 0.3671875 0.46875 0.380859375 0.4722222222222222 0.37890625 0.4479166666666667 0.369140625 0.4479166666666667 0.361328125 0.4513888888888889 0.361328125 0.4618055555555556
0 0.443359375 0.25 0.443359375 0.21875 0.439453125 0.2222222222222222 0.4375 0.25 0.443359375 0.25
0 0.15625 0.5277777777777778 0.15625 0.4826388888888889 0.13671875 0.46875 0.142578125 0.53125 0.15625 0.5277777777777778
0 0.1171875 0.5763888888888888 0.130859375 0.5972222222222222 0.13671875 0.5902777777777778 0.13671875 0.5347222222222222 0.123046875 0.53125 0.1171875 0.5416666666666666 0.1171875 0.5763888888888888
0 0.0625 0.3055555555555556 0.07421875 0.3055555555555556 0.080078125 0.28125 0.0703125 0.2638888888888889 0.0625 0.2673611111111111 0.056640625 0.2916666666666667 0.0625 0.3055555555555556
0 0.537109375 0.6805555555555556 0.541015625 0.6215277777777778 0.53515625 0.6041666666666666 0.517578125 0.6111111111111112 0.513671875 0.6666666666666666 0.537109375 0.6805555555555556
0 0.0146484375 0.9965277777777778 0.017578125 0.9826388888888888 0.025390625 0.9965277777777778 0.046875 0.9965277777777778 0.05078125 0.9791666666666666 0.03125 0.96875 0.005859375 0.9826388888888888 0 0.9930555555555556 0.0146484375 0.9965277777777778
0 0.630859375 0.78125 0.65625 0.8263888888888888 0.6640625 0.8263888888888888 0.666015625 0.7951388888888888 0.65625 0.7604166666666666 0.638671875 0.75 0.630859375 0.7638888888888888 0.630859375 0.78125
0 0.416015625 0.3125 0.41796875 0.2951388888888889 0.41015625 0.2986111111111111 0.41015625 0.2847222222222222 0.40625 0.2951388888888889 0.416015625 0.3125
0 0.21875 0.2743055555555556 0.23046875 0.2638888888888889 0.2265625 0.2326388888888889 0.21875 0.2326388888888889 0.21875 0.2743055555555556
0 0.431640625 0.7534722222222222 0.4375 0.7777777777777778 0.451171875 0.7916666666666666 0.4609375 0.78125 0.4609375 0.71875 0.44921875 0.6840277777777778 0.4375 0.6875 0.4296875 0.7013888888888888 0.431640625 0.7534722222222222
0 0.005859375 0.8888888888888888 0.021484375 0.9027777777777778 0.01953125 0.7847222222222222 0.001953125 0.7916666666666666 0 0.8680555555555556 0.005859375 0.8888888888888888
0 0.5625 0.625 0.568359375 0.625 0.57421875 0.6076388888888888 0.57421875 0.5625 0.56640625 0.5451388888888888 0.5546875 0.5486111111111112 0.55078125 0.5625 0.548828125 0.5902777777777778 0.5625 0.625
0 0.431640625 0.9479166666666666 0.431640625 0.96875 0.44921875 0.9930555555555556 0.478515625 0.9965277777777778 0.478515625 0.9722222222222222 0.466796875 0.9479166666666666 0.466796875 0.8888888888888888 0.44921875 0.8611111111111112 0.435546875 0.8715277777777778 0.443359375 0.9201388888888888 0.431640625 0.9479166666666666
0 0.400390625 0.9097222222222222 0.40625 0.9340277777777778 0.423828125 0.9375 0.41796875 0.9513888888888888 0.423828125 0.9548611111111112 0.4296875 0.9513888888888888 0.421875 0.9236111111111112 0.4296875 0.9097222222222222 0.41796875 0.84375 0.40625 0.84375 0.40625 0.8923611111111112 0.400390625 0.9097222222222222
0 0.279296875 0.4513888888888889 0.287109375 0.4305555555555556 0.28515625 0.3993055555555556 0.26953125 0.3923611111111111 0.26953125 0.4340277777777778 0.279296875 0.4513888888888889
0 0.05078125 0.7638888888888888 0.060546875 0.7743055555555556 0.068359375 0.7638888888888888 0.072265625 0.7361111111111112 0.068359375 0.6736111111111112 0.048828125 0.6736111111111112 0.04296875 0.71875 0.05078125 0.7638888888888888