0 0.1171875 0.4930555555555556 0.12890625 0.4791666666666667 0.13671875 0.4340277777777778 0.119140625 0.4305555555555556 0.111328125 0.4409722222222222 0.109375 0.4826388888888889 0.1171875 0.4930555555555556
0 0.037109375 0.4479166666666667 0.041015625 0.4305555555555556 0.03515625 0.40625 0.021484375 0.4027777777777778 0.017578125 0.4479166666666667 0.037109375 0.4479166666666667
0 0.986328125 0.2777777777777778 0.986328125 0.2604166666666667 0.97265625 0.25 0.95703125 0.2534722222222222 0.955078125 0.28125 0.986328125 0.2777777777777778
0 0.861328125 0.7118055555555556 0.875 0.7430555555555556 0.880859375 0.7430555555555556 0.880859375 0.7118055555555556 0.8671875 0.6875 0.861328125 0.6875 0.861328125 0.7118055555555556
0 0.810546875 0.7534722222222222 0.82421875 0.7534722222222222 0.82421875 0.71875 0.8046875 0.6840277777777778 0.80078125 0.7326388888888888 0.810546875 0.7534722222222222
0 0.16796875 0.40625 0.193359375 0.4027777777777778 0.193359375 0.3715277777777778 0.166015625 0.3611111111111111 0.162109375 0.3680555555555556 0.16796875 0.40625
0 0.46875 0.96875 0.48828125 0.9965277777777778 0.505859375 0.9930555555555556 0.509765625 0.9652777777777778 0.4921875 0.9201388888888888 0.478515625 0.9201388888888888 0.47265625 0.9340277777777778 0.478515625 0.9513888888888888 0.46875 0.96875
0 0.443359375 0.9305555555555556 0.4375 0.90625 0.421875 0.8993055555555556 0.41796875 0.90625 0.443359375 0.9305555555555556
0 0.267578125 0.4340277777777778 0.28125 0.4027777777777778 0.279296875 0.3888888888888889 0.267578125 0.3888888888888889 0.26171875 0.4131944444444444 0.267578125 0.4340277777777778
0 0.0625 0.4861111111111111 0.091796875 0.4826388888888889 0.0859375 0.4375 0.05078125 0.4548611111111111 0.048828125 0.46875 0.0625 0.4861111111111111
0 0.98046875 0.9305555555555556 0.9921875 0.8888888888888888 0.986328125 0.8854166666666666 0.98046875 0.8541666666666666 0.96875 0.8576388888888888 0.9609375 0.90625 0.98046875 0.9305555555555556
0 0.56640625 0.7534722222222222 0.568359375 0.7847222222222222 0.583984375 0.7777777777777778 0.587890625 0.7430555555555556 0.580078125 0.71875 0.580078125 0.6666666666666666 0.568359375 0.6527777777777778 0.560546875 0.6736111111111112 0.54296875 0.6701388888888888 0.548828125 0.7430555555555556 0.56640625 0.7534722222222222
0 0.005859375 0.5173611111111112 0.009765625 0.5451388888888888 0.01953125 0.5451388888888888 0.0234375 0.53125 0.05859375 0.5277777777777778 0.068359375 0.5173611111111112 0.068359375 0.5 0.05859375 0.4826388888888889 0.04296875 0.4861111111111111 0.037109375 0.5 0.025390625 0.5 0.013671875 0.4826388888888889 0.01171875 0.5104166666666666 0.005859375 0.5173611111111112
0 0.41796875 0.4791666666666667 0.4375 0.4791666666666667 0.44921875 0.4375 0.439453125 0.4166666666666667 0.423828125 0.4236111111111111 0.41796875 0.4375 0.41796875 0.4791666666666667
0 0.275390625 0.4652777777777778 0.30078125 0.4375 0.310546875 0.4375 0.3046875 0.4097222222222222 0.2890625 0.4027777777777778 0.271484375 0.4270833333333333 0.267578125 0.4513888888888889 0.275390625 0.4652777777777778
0 0.318359375 0.5104166666666666 0.34765625 0.5 0.349609375 0.4513888888888889 0.32421875 0.4479166666666667 0.318359375 0.4652777777777778 0.318359375 0.5104166666666666
0 0.119140625 0.4861111111111111 0.130859375 0.5034722222222222 0.16796875 0.4826388888888889 0.17578125 0.4618055555555556 0.173828125 0.4479166666666667 0.150390625 0.4513888888888889 0.142578125 0.4375 0.134765625 0.4409722222222222 0.130859375 0.46875 0.119140625 0.4861111111111111
0 0.005859375 0.4409722222222222 0.001953125 0.4166666666666667 0 0.4479166666666667 0.005859375 0.4409722222222222
0 0.193359375 0.5173611111111112 0.2109375 0.5173611111111112 0.208984375 0.4965277777777778 0.21875 0.5034722222222222 0.22265625 0.4826388888888889 0.216796875 0.4722222222222222 0.203125 0.4861111111111111 0.189453125 0.46875 0.173828125 0.4791666666666667 0.17578125 0.5347222222222222 0.193359375 0.5173611111111112
0 0.6171875 0.6597222222222222 0.623046875 0.6701388888888888 0.642578125 0.6666666666666666 0.6484375 0.6597222222222222 0.6484375 0.625 0.642578125 0.6076388888888888 0.62890625 0.6076388888888888 0.6171875 0.6111111111111112 0.6171875 0.6597222222222222
0 0.82421875 0.84375 0.830078125 0.8576388888888888 0.85546875 0.9027777777777778 0.888671875 0.9201388888888888 0.91796875 0.9513888888888888 0.9296875 0.9166666666666666 0.931640625 0.8784722222222222 0.9296875 0.8472222222222222 0.921875 0.8298611111111112 0.892578125 0.7847222222222222 0.875 0.8055555555555556 0.8359375 0.7986111111111112 0.82421875 0.8125 0.82421875 0.84375
0 0.634765625 0.9166666666666666 0.623046875 0.8888888888888888 0.599609375 0.8784722222222222 0.599609375 0.9305555555555556 0.634765625 0.9166666666666666
0 0.6796875 0.8993055555555556 0.685546875 0.9201388888888888 0.6875 0.875 0.66796875 0.90625 0.66796875 0.9201388888888888 0.6796875 0.8993055555555556
0 0.6611328125 0.8732638888888888 0.001953125 0.003472222222222222
0 0.07421875 0.6875 0.091796875 0.6597222222222222 0.115234375 0.6527777777777778 0.123046875 0.6111111111111112 0.111328125 0.5868055555555556 0.087890625 0.6111111111111112 0.068359375 0.59375 0.056640625 0.6284722222222222 0.056640625 0.6875 0.07421875 0.6875
0 0.46875 0.96875 0.486328125 0.9930555555555556 0.505859375 0.9930555555555556 0.509765625 0.9652777777777778 0.4921875 0.9201388888888888 0.474609375 0.9236111111111112 0.478515625 0.9513888888888888 0.46875 0.96875
0 0.755859375 0.7326388888888888 0.771484375 0.75 0.78125 0.71875 0.78125 0.6701388888888888 0.7734375 0.6527777777777778 0.755859375 0.6493055555555556 0.75 0.65625 0.755859375 0.7326388888888888