0 0.884765625 0.2777777777777778 0.87890625 0.25 0.861328125 0.2534722222222222 0.861328125 0.28125 0.884765625 0.2777777777777778
0 0.13671875 0.5138888888888888 0.15234375 0.5 0.154296875 0.4861111111111111 0.142578125 0.4479166666666667 0.130859375 0.4513888888888889 0.119140625 0.5 0.13671875 0.5138888888888888
0 0.798828125 0.2638888888888889 0.79296875 0.2361111111111111 0.77734375 0.2465277777777778 0.77734375 0.2673611111111111 0.798828125 0.2638888888888889
0 0.375 0.6909722222222222 0.400390625 0.6701388888888888 0.4296875 0.6666666666666666 0.4296875 0.59375 0.41796875 0.59375 0.404296875 0.6215277777777778 0.392578125 0.6076388888888888 0.380859375 0.6111111111111112 0.369140625 0.6597222222222222 0.3671875 0.6770833333333334 0.375 0.6909722222222222
0 0.701171875 0.4027777777777778 0.71484375 0.40625 0.72265625 0.3888888888888889 0.72265625 0.3680555555555556 0.71875 0.3611111111111111 0.70703125 0.375 0.69921875 0.3888888888888889 0.701171875 0.4027777777777778
0 0.9375 0.3715277777777778 0.98046875 0.3715277777777778 0.98828125 0.3576388888888889 0.96875 0.3472222222222222 0.96875 0.3263888888888889 0.955078125 0.3263888888888889 0.9375 0.3576388888888889 0.9375 0.3715277777777778
0 0.330078125 0.4409722222222222 0.36328125 0.4166666666666667 0.36328125 0.40625 0.34765625 0.40625 0.34375 0.3923611111111111 0.330078125 0.40625 0.32421875 0.4201388888888889 0.330078125 0.4409722222222222
0 0.037109375 0.4965277777777778 0.056640625 0.5104166666666666 0.072265625 0.5 0.072265625 0.4722222222222222 0.0546875 0.4722222222222222 0.037109375 0.4513888888888889 0.03125 0.4618055555555556 0.037109375 0.4965277777777778
0 0.517578125 0.3888888888888889 0.51953125 0.3576388888888889 0.505859375 0.3611111111111111 0.5 0.3888888888888889 0.517578125 0.3888888888888889
0 0.318359375 0.5590277777777778 0.3359375 0.5347222222222222 0.3359375 0.4826388888888889 0.310546875 0.4826388888888889 0.306640625 0.5486111111111112 0.318359375 0.5590277777777778
0 0.615234375 0.5 0.625 0.4826388888888889 0.623046875 0.4479166666666667 0.59375 0.4548611111111111 0.59375 0.5034722222222222 0.615234375 0.5
0 0.685546875 0.40625 0.6953125 0.4097222222222222 0.69921875 0.375 0.69140625 0.375 0.681640625 0.3923611111111111 0.685546875 0.40625
0 0.3046875 0.4826388888888889 0.3125 0.4513888888888889 0.287109375 0.4409722222222222 0.28515625 0.4791666666666667 0.3046875 0.4826388888888889
0 0.931640625 0.4479166666666667 0.9296875 0.4236111111111111 0.90625 0.4166666666666667 0.900390625 0.4027777777777778 0.880859375 0.4305555555555556 0.884765625 0.4479166666666667 0.931640625 0.4479166666666667
0 0.0087890625 0.5381944444444444 0.005859375 0.006944444444444444
0 0.005859375 0.5833333333333334 0.009765625 0.5972222222222222 0.029296875 0.59375 0.03515625 0.5729166666666666 0.048828125 0.5590277777777778 0.0546875 0.5138888888888888 0.04296875 0.5034722222222222 0.037109375 0.5208333333333334 0.013671875 0.5451388888888888 0 0.59375 0.005859375 0.5833333333333334
0 0.8046875 0.2743055555555556 0.81640625 0.2777777777777778 0.82421875 0.2638888888888889 0.818359375 0.2361111111111111 0.80078125 0.2465277777777778 0.798828125 0.2673611111111111 0.8046875 0.2743055555555556
0 0.52734375 0.46875 0.529296875 0.4236111111111111 0.505859375 0.4236111111111111 0.505859375 0.4722222222222222 0.52734375 0.46875
0 0.5546875 0.5173611111111112 0.560546875 0.4965277777777778 0.57421875 0.5104166666666666 0.568359375 0.4826388888888889 0.576171875 0.4809027777777778 0.57421875 0.4548611111111111 0.54296875 0.46875 0.537109375 0.5138888888888888 0.5546875 0.5173611111111112
0 0.40625 0.3888888888888889 0.40625 0.375 0.384765625 0.3680555555555556 0.37890625 0.3784722222222222 0.375 0.40625 0.40625 0.3888888888888889
0 0.546875 0.3263888888888889 0.5546875 0.3125 0.552734375 0.28125 0.54296875 0.28125 0.546875 0.3263888888888889
0 0.44921875 0.5798611111111112 0.451171875 0.6215277777777778 0.47265625 0.5972222222222222 0.490234375 0.5972222222222222 0.50390625 0.5625 0.498046875 0.5416666666666666 0.4921875 0.5694444444444444 0.46875 0.59375 0.46875 0.5486111111111112 0.4609375 0.5277777777777778 0.4609375 0.5590277777777778 0.44921875 0.5798611111111112
0 0.734375 0.25 0.732421875 0.22916666666666666 0.71875 0.22916666666666666 0.72265625 0.25 0.734375 0.25