0 0.505859375 0.6701388888888888 0.513671875 0.6701388888888888 0.51953125 0.6597222222222222 0.5234375 0.6111111111111112 0.51171875 0.5798611111111112 0.5 0.5972222222222222 0.494140625 0.6388888888888888 0.505859375 0.6701388888888888
0 0.076171875 0.4166666666666667 0.0859375 0.40625 0.0859375 0.375 0.080078125 0.3611111111111111 0.0703125 0.3611111111111111 0.068359375 0.40625 0.076171875 0.4166666666666667
0 0.025390625 0.4513888888888889 0.03125 0.4201388888888889 0.041015625 0.40625 0.03125 0.3888888888888889 0.01953125 0.3888888888888889 0.017578125 0.4270833333333333 0.025390625 0.4513888888888889
0 0 0.6597222222222222 0.0234375 0.65625 0.0234375 0.5659722222222222 0.01171875 0.5659722222222222 0 0.5763888888888888 0 0.6597222222222222
0 0.099609375 0.8159722222222222 0.111328125 0.78125 0.125 0.78125 0.125 0.75 0.09765625 0.75 0.09375 0.7951388888888888 0.099609375 0.8159722222222222
0 0.318359375 0.7951388888888888 0.3203125 0.7777777777777778 0.3359375 0.7743055555555556 0.33203125 0.71875 0.326171875 0.7048611111111112 0.306640625 0.7152777777777778 0.310546875 0.7847222222222222 0.318359375 0.7951388888888888
0 0.71875 0.8472222222222222 0.716796875 0.8888888888888888 0.724609375 0.9305555555555556 0.734375 0.9513888888888888 0.744140625 0.9548611111111112 0.75 0.9479166666666666 0.75 0.9027777777777778 0.7421875 0.8854166666666666 0.7421875 0.8263888888888888 0.73046875 0.8159722222222222 0.712890625 0.8263888888888888 0.71875 0.8472222222222222
0 0.333984375 0.5138888888888888 0.33203125 0.4791666666666667 0.322265625 0.4722222222222222 0.318359375 0.5138888888888888 0.333984375 0.5138888888888888
0 0.26171875 0.5034722222222222 0.26953125 0.53125 0.279296875 0.5 0.275390625 0.4722222222222222 0.26953125 0.46875 0.26171875 0.4722222222222222 0.26171875 0.5034722222222222
0 0.11328125 0.4027777777777778 0.125 0.3923611111111111 0.125 0.3576388888888889 0.111328125 0.3576388888888889 0.11328125 0.4027777777777778
0 0.845703125 0.8611111111111112 0.861328125 0.8854166666666666 0.88671875 0.8888888888888888 0.8828125 0.8576388888888888 0.8984375 0.8263888888888888 0.896484375 0.8055555555555556 0.869140625 0.84375 0.85546875 0.7916666666666666 0.83203125 0.7951388888888888 0.83203125 0.8576388888888888 0.845703125 0.8611111111111112
0 0.21875 0.8611111111111112 0.212890625 0.8888888888888888 0.23046875 0.9375 0.236328125 0.9375 0.244140625 0.90625 0.23828125 0.8645833333333334 0.2421875 0.84375 0.232421875 0.8090277777777778 0.212890625 0.8125 0.2109375 0.8368055555555556 0.21875 0.8611111111111112
0 0.34375 0.7951388888888888 0.349609375 0.8263888888888888 0.3671875 0.8541666666666666 0.375 0.8090277777777778 0.3671875 0.7638888888888888 0.35546875 0.7638888888888888 0.34375 0.7743055555555556 0.34375 0.7951388888888888
0 0.455078125 0.96875 0.451171875 0.9791666666666666 0.50390625 0.9930555555555556 0.505859375 0.9791666666666666 0.494140625 0.9513888888888888 0.478515625 0.9409722222222222 0.48046875 0.9201388888888888 0.47265625 0.9236111111111112 0.455078125 0.8854166666666666 0.447265625 0.8923611111111112 0.44140625 0.9340277777777778 0.455078125 0.96875
0 0.216796875 0.5138888888888888 0.2109375 0.46875 0.19921875 0.46875 0.193359375 0.4826388888888889 0.193359375 0.5277777777777778 0.216796875 0.5138888888888888
0 0.05078125 0.7743055555555556 0.0703125 0.7951388888888888 0.076171875 0.7604166666666666 0.068359375 0.7291666666666666 0.0546875 0.7222222222222222 0.04296875 0.7326388888888888 0.05078125 0.7743055555555556
0 0.150390625 0.7743055555555556 0.15625 0.78125 0.15625 0.8125 0.16796875 0.8263888888888888 0.185546875 0.78125 0.185546875 0.7326388888888888 0.177734375 0.7152777777777778 0.15625 0.7222222222222222 0.150390625 0.7361111111111112 0.150390625 0.7743055555555556
0 0.296875 0.6319444444444444 0.310546875 0.6388888888888888 0.318359375 0.6284722222222222 0.318359375 0.5868055555555556 0.3125 0.5763888888888888 0.298828125 0.5868055555555556 0.29296875 0.6076388888888888 0.296875 0.6319444444444444
0 0.142578125 0.6284722222222222 0.1484375 0.6527777777777778 0.15625 0.65625 0.166015625 0.6215277777777778 0.166015625 0.59375 0.16015625 0.5763888888888888 0.1484375 0.5763888888888888 0.142578125 0.5868055555555556 0.142578125 0.6284722222222222
0 0.583984375 0.6840277777777778 0.580078125 0.6111111111111112 0.5625 0.6111111111111112 0.568359375 0.6701388888888888 0.583984375 0.6840277777777778
0 0.28515625 0.5972222222222222 0.29296875 0.5798611111111112 0.29296875 0.5416666666666666 0.28515625 0.5347222222222222 0.275390625 0.5451388888888888 0.2734375 0.5833333333333334 0.28515625 0.5972222222222222
0 0.267578125 0.9930555555555556 0.3125 0.9930555555555556 0.298828125 0.9513888888888888 0.26953125 0.9548611111111112 0.26171875 0.9618055555555556 0.267578125 0.9930555555555556
0 0.244140625 0.84375 0.259765625 0.8576388888888888 0.2734375 0.8541666666666666 0.28125 0.8229166666666666 0.2734375 0.8090277777777778 0.2734375 0.7673611111111112 0.255859375 0.7361111111111112 0.244140625 0.75 0.23828125 0.7638888888888888 0.244140625 0.84375
0 0.0859375 0.75 0.09375 0.75 0.099609375 0.6493055555555556 0.076171875 0.6493055555555556 0.076171875 0.7013888888888888 0.0859375 0.75
0 0.03125 0.8680555555555556 0.03515625 0.9409722222222222 0.056640625 0.9652777777777778 0.046875 0.9791666666666666 0.0546875 0.9930555555555556 0.060546875 0.96875 0.056640625 0.9409722222222222 0.06640625 0.9305555555555556 0.0625 0.84375 0.03125 0.8472222222222222 0.025390625 0.8576388888888888 0.03125 0.8680555555555556
0 0.03125 0.3090277777777778 0.048828125 0.3090277777777778 0.041015625 0.2777777777777778 0.025390625 0.2777777777777778 0.0234375 0.2916666666666667 0.03125 0.3090277777777778
0 0.3046875 0.5243055555555556 0.3125 0.5104166666666666 0.3125 0.4722222222222222 0.296875 0.4652777777777778 0.29296875 0.46875 0.3046875 0.5243055555555556
0 0.66796875 0.9930555555555556 0.693359375 0.9930555555555556 0.6875 0.8888888888888888 0.673828125 0.8472222222222222 0.66015625 0.8541666666666666 0.65625 0.9513888888888888 0.66796875 0.9930555555555556
0 0.1171875 0.7048611111111112 0.12890625 0.7430555555555556 0.13671875 0.7430555555555556 0.14453125 0.7291666666666666 0.142578125 0.6701388888888888 0.125 0.6597222222222222 0.1171875 0.6736111111111112 0.1171875 0.7048611111111112
0 0.330078125 0.5902777777777778 0.34375 0.5729166666666666 0.34375 0.5486111111111112 0.337890625 0.53125 0.326171875 0.53125 0.32421875 0.5798611111111112 0.330078125 0.5902777777777778
0 0.384765625 0.6215277777777778 0.380859375 0.5972222222222222 0.38671875 0.5902777777777778 0.38671875 0.5659722222222222 0.376953125 0.5868055555555556 0.3671875 0.5868055555555556 0.3671875 0.625 0.384765625 0.6215277777777778
0 0.150390625 0.3541666666666667 0.154296875 0.3263888888888889 0.1484375 0.3125 0.138671875 0.3159722222222222 0.138671875 0.3472222222222222 0.150390625 0.3541666666666667
0 0.34375 0.9618055555555556 0.373046875 0.9791666666666666 0.375 0.8888888888888888 0.3671875 0.875 0.35546875 0.875 0.337890625 0.90625 0.337890625 0.9479166666666666 0.34375 0.9618055555555556
0 0.125 0.9548611111111112 0.142578125 0.9236111111111112 0.13671875 0.8541666666666666 0.1171875 0.84375 0.10546875 0.8611111111111112 0.10546875 0.9166666666666666 0.125 0.9548611111111112
0 0.60546875 0.6354166666666666 0.623046875 0.6354166666666666 0.623046875 0.6041666666666666 0.609375 0.5868055555555556 0.599609375 0.5972222222222222 0.60546875 0.6354166666666666
0 0.19921875 0.6388888888888888 0.20703125 0.6423611111111112 0.21875 0.625 0.212890625 0.5972222222222222 0.216796875 0.5763888888888888 0.2109375 0.5625 0.201171875 0.5625 0.193359375 0.5902777777777778 0.19921875 0.6388888888888888
0 0.173828125 0.9965277777777778 0.193359375 0.9965277777777778 0.205078125 0.9409722222222222 0.19921875 0.9097222222222222 0.1796875 0.9166666666666666 0.16796875 0.9375 0.173828125 0.9965277777777778