0 0.52734375 0.3263888888888889 0.53125 0.2916666666666667 0.51953125 0.28125 0.517578125 0.3263888888888889 0.52734375 0.3263888888888889
0 0.84375 0.2743055555555556 0.84375 0.2534722222222222 0.83203125 0.2361111111111111 0.82421875 0.25 0.82421875 0.2777777777777778 0.84375 0.2743055555555556
0 0.904296875 0.2777777777777778 0.8984375 0.25 0.88671875 0.25 0.880859375 0.2638888888888889 0.87890625 0.28125 0.904296875 0.2777777777777778
0 0.046875 0.4409722222222222 0.060546875 0.4375 0.056640625 0.3784722222222222 0.04296875 0.375 0.03515625 0.3888888888888889 0.033203125 0.4270833333333333 0.046875 0.4409722222222222
0 0.236328125 0.5 0.248046875 0.5 0.25 0.46875 0.248046875 0.4548611111111111 0.23828125 0.4548611111111111 0.220703125 0.4965277777777778 0.2109375 0.4930555555555556 0.208333333984375 0.4652777777777778 0.19921875 0.4652777777777778 0.193359375 0.4826388888888889 0.193359375 0.5138888888888888 0.205078125 0.5138888888888888 0.23046875 0.4861111111111111 0.236328125 0.5
0 0.478515625 0.3229166666666667 0.5 0.3229166666666667 0.498046875 0.2951388888888889 0.486328125 0.2916666666666667 0.474609375 0.2951388888888889 0.478515625 0.3229166666666667
0 0 0.4340277777777778 0.005859375 0.4513888888888889 0.017578125 0.4548611111111111 0.0234375 0.4479166666666667 0.0234375 0.4236111111111111 0.017578125 0.3993055555555556 0.005859375 0.3888888888888889 0 0.3993055555555556 0 0.4340277777777778
0 0.921875 0.4027777777777778 0.919921875 0.3854166666666667 0.9296875 0.3854166666666667 0.9296875 0.375 0.91796875 0.3854166666666667 0.91015625 0.3576388888888889 0.892578125 0.3784722222222222 0.888671875 0.40625 0.921875 0.4027777777777778
0 0.080078125 0.4166666666666667 0.087890625 0.4375 0.099609375 0.4340277777777778 0.09765625 0.3611111111111111 0.080078125 0.3576388888888889 0.07421875 0.3680555555555556 0.080078125 0.4166666666666667
0 0.056640625 0.40625 0.0625 0.4201388888888889 0.07421875 0.4201388888888889 0.07421875 0.375 0.06640625 0.3576388888888889 0.0546875 0.3576388888888889 0.056640625 0.40625
0 0.142578125 0.4027777777777778 0.13671875 0.3576388888888889 0.123046875 0.3576388888888889 0.123046875 0.4027777777777778 0.142578125 0.4027777777777778
0 0.818359375 0.2743055555555556 0.82421875 0.2465277777777778 0.81640625 0.2361111111111111 0.806640625 0.24305555555555555 0.8046875 0.2673611111111111 0.818359375 0.2743055555555556
0 0.8671875 0.28125 0.8671875 0.25 0.853515625 0.25 0.849609375 0.28125 0.8671875 0.28125
0 0.51171875 0.5277777777777778 0.5234375 0.5034722222222222 0.5234375 0.46875 0.50390625 0.4861111111111111 0.486328125 0.4583333333333333 0.478515625 0.5277777777777778 0.51171875 0.5277777777777778
0 0.150390625 0.2777777777777778 0.154296875 0.2638888888888889 0.1484375 0.2465277777777778 0.130859375 0.2465277777777778 0.130859375 0.2638888888888889 0.150390625 0.2777777777777778
0 0.29296875 0.5486111111111112 0.298828125 0.5763888888888888 0.30859375 0.5763888888888888 0.31640625 0.5590277777777778 0.35546875 0.5555555555555556 0.353515625 0.53125 0.330078125 0.5486111111111112 0.318359375 0.53125 0.31640625 0.5104166666666666 0.306640625 0.5173611111111112 0.3046875 0.5347222222222222 0.29296875 0.5486111111111112
0 0.6796875 0.3888888888888889 0.6875 0.375 0.685546875 0.34375 0.671875 0.3541666666666667 0.662109375 0.3472222222222222 0.65625 0.3576388888888889 0.650390625 0.3888888888888889 0.6796875 0.3888888888888889
0 0.486328125 0.5833333333333334 0.505859375 0.6076388888888888 0.51171875 0.5659722222222222 0.5234375 0.5590277777777778 0.5234375 0.5277777777777778 0.48046875 0.53125 0.478515625 0.5590277777777778 0.486328125 0.5833333333333334
0 0.154296875 0.6076388888888888 0.1484375 0.6041666666666666 0.14453125 0.6076388888888888 0.154296875 0.6076388888888888
0 0.10546875 0.6979166666666666 0.142578125 0.6805555555555556 0.15625 0.6597222222222222 0.17578125 0.6493055555555556 0.1796875 0.5902777777777778 0.15625 0.625 0.14453125 0.6215277777777778 0.142578125 0.65625 0.123046875 0.6076388888888888 0.1171875 0.6076388888888888 0.111328125 0.6388888888888888 0.099609375 0.65625 0.09765625 0.6840277777777778 0.10546875 0.6979166666666666