0 0.154296875 0.9965277777777778 0.1767578125 0.9965277777777778 0.177734375 0.9826388888888888 0.18798828125 0.9965277777777778 0.201171875 0.9930555555555556 0.1875 0.9722222222222222 0.14453125 0.9861111111111112 0.142578125 0.9930555555555556 0.154296875 0.9965277777777778
0 0.359375 0.6736111111111112 0.36328125 0.6111111111111112 0.359375 0.5972222222222222 0.34375 0.6041666666666666 0.34375 0.65625 0.359375 0.6736111111111112
0 0.068359375 0.3298611111111111 0.08203125 0.3402777777777778 0.0859375 0.3090277777777778 0.076171875 0.2951388888888889 0.068359375 0.2986111111111111 0.068359375 0.3298611111111111
0 0.39453125 0.3993055555555556 0.404296875 0.3888888888888889 0.404296875 0.3576388888888889 0.388671875 0.3576388888888889 0.39453125 0.3993055555555556
0 0.875 0.2743055555555556 0.875 0.2534722222222222 0.853515625 0.2534722222222222 0.84375 0.2743055555555556 0.875 0.2743055555555556
0 0.3046875 0.40625 0.310546875 0.3611111111111111 0.296875 0.3576388888888889 0.29296875 0.3784722222222222 0.3046875 0.40625
0 0.12890625 0.4375 0.130859375 0.3888888888888889 0.1171875 0.3854166666666667 0.1171875 0.4340277777777778 0.12890625 0.4375
0 0.181640625 0.2465277777777778 0.177734375 0.22916666666666666 0.15625 0.2326388888888889 0.154296875 0.25 0.181640625 0.2465277777777778
0 0.47745204296875 0.4653465347222222 0.48046875 0.4479166666666667 0.46875 0.4375 0.47745204296875 0.4653465347222222
0 0.474609375 0.4791666666666667 0.466796875 0.4756944444444444 0.47265625 0.4930555555555556 0.475446427734375 0.4769345243055556 0.474609375 0.4791666666666667
0 0.150390625 0.2777777777777778 0.146484375 0.25 0.125 0.2465277777777778 0.125 0.28125 0.150390625 0.2777777777777778
0 0.037109375 0.3263888888888889 0.03515625 0.2951388888888889 0.02734375 0.3055555555555556 0.0234375 0.2951388888888889 0.015625 0.2986111111111111 0.013671875 0.3298611111111111 0.037109375 0.3263888888888889
0 0.974609375 0.4340277777777778 0.974609375 0.4513888888888889 0.9921875 0.4618055555555556 0.998046875 0.4479166666666667 0.998046875 0.40856597222222224 0.9921875 0.40625 0.998046875 0.3888888888888889 0.9921875 0.3888888888888889 0.986328125 0.4166666666666667 0.974609375 0.4340277777777778
0 0.46484375 0.6909722222222222 0.478515625 0.6493055555555556 0.478515625 0.6076388888888888 0.474609375 0.5972222222222222 0.462890625 0.5972222222222222 0.451171875 0.6215277777777778 0.44921875 0.6666666666666666 0.46484375 0.6909722222222222
0 0.017578125 0.8923611111111112 0.0234375 0.9201388888888888 0.029296875 0.9201388888888888 0.041015625 0.90625 0.04296875 0.8263888888888888 0.005859375 0.8263888888888888 0.00390625 0.8784722222222222 0.017578125 0.8923611111111112
0 0.28515625 0.6736111111111112 0.28125 0.6597222222222222 0.29296875 0.6388888888888888 0.29296875 0.59375 0.26953125 0.59375 0.26953125 0.6388888888888888 0.28515625 0.6736111111111112
0 0.19921875 0.5729166666666666 0.216796875 0.5243055555555556 0.205078125 0.5034722222222222 0.193359375 0.5034722222222222 0.19140625 0.5451388888888888 0.19921875 0.5729166666666666
0 0.111328125 0.3229166666666667 0.125 0.3125 0.119140625 0.2951388888888889 0.109375 0.2951388888888889 0.10546875 0.3125 0.111328125 0.3229166666666667
0 0.88671875 0.4479166666666667 0.923828125 0.4479166666666667 0.9296875 0.4375 0.927734375 0.4201388888888889 0.91015625 0.4201388888888889 0.900390625 0.3923611111111111 0.888671875 0.3993055555555556 0.880859375 0.4236111111111111 0.88671875 0.4479166666666667
0 0.16015625 0.3229166666666667 0.17578125 0.3159722222222222 0.17578125 0.2986111111111111 0.16796875 0.2847222222222222 0.15625 0.2847222222222222 0.16015625 0.3229166666666667
0 0.04296875 0.3680555555555556 0.05078125 0.3576388888888889 0.068359375 0.3576388888888889 0.060546875 0.34375 0.068359375 0.3298611111111111 0.056640625 0.34375 0.04296875 0.3263888888888889 0.037109375 0.3368055555555556 0.04296875 0.3680555555555556
0 0.90625 0.2951388888888889 0.923828125 0.2951388888888889 0.9296875 0.2743055555555556 0.912109375 0.2604166666666667 0.90625 0.2673611111111111 0.90625 0.2951388888888889
0 0.4296875 0.6597222222222222 0.4296875 0.6076388888888888 0.41015625 0.6076388888888888 0.41015625 0.65625 0.4296875 0.6597222222222222
0 0.34375 0.3576388888888889 0.353515625 0.3611111111111111 0.35546875 0.3263888888888889 0.349609375 0.3159722222222222 0.34375 0.3229166666666667 0.34375 0.3576388888888889
0 0.380859375 0.6909722222222222 0.3984375 0.6909722222222222 0.3984375 0.6701388888888888 0.380859375 0.6597222222222222 0.375 0.6805555555555556 0.380859375 0.6909722222222222
0 0.10546875 0.2743055555555556 0.10546875 0.25 0.083984375 0.2465277777777778 0.08203125 0.2777777777777778 0.10546875 0.2743055555555556
0 0.60546875 0.3055555555555556 0.60546875 0.28125 0.59765625 0.28125 0.59375 0.2847222222222222 0.60546875 0.3055555555555556
0 0.09375 0.7847222222222222 0.09375 0.8125 0.10546875 0.8263888888888888 0.125 0.7465277777777778 0.10546875 0.71875 0.09375 0.7222222222222222 0.0859375 0.7638888888888888 0.09375 0.7847222222222222
0 0.8125 0.2743055555555556 0.818359375 0.2465277777777778 0.8046875 0.2361111111111111 0.796875 0.2604166666666667 0.8125 0.2743055555555556
0 0.16796875 0.4027777777777778 0.197265625 0.4027777777777778 0.205078125 0.3923611111111111 0.197265625 0.3680555555555556 0.1796875 0.3576388888888889 0.16796875 0.3680555555555556 0.162109375 0.3854166666666667 0.16796875 0.4027777777777778
0 0.1875 0.8888888888888888 0.205078125 0.8784722222222222 0.2109375 0.7951388888888888 0.205078125 0.78125 0.173828125 0.7916666666666666 0.173828125 0.8680555555555556 0.1875 0.8888888888888888
0 0.794921875 0.4097222222222222 0.80078125 0.4201388888888889 0.818359375 0.3888888888888889 0.810546875 0.3541666666666667 0.78125 0.375 0.775390625 0.4097222222222222 0.794921875 0.4097222222222222