0 0.16796875 0.4027777777777778 0.205078125 0.3993055555555556 0.19921875 0.375 0.1796875 0.3576388888888889 0.169921875 0.3611111111111111 0.162109375 0.3888888888888889 0.16796875 0.4027777777777778
0 0.46875 0.3263888888888889 0.46875 0.2951388888888889 0.45703125 0.2951388888888889 0.45703125 0.3229166666666667 0.46875 0.3263888888888889
0 0.0546875 0.375 0.080078125 0.3680555555555556 0.080078125 0.3263888888888889 0.064453125 0.3194444444444444 0.0546875 0.34375 0.0546875 0.375
0 0.43359375 0.3263888888888889 0.435546875 0.2951388888888889 0.42578125 0.2951388888888889 0.423828125 0.3194444444444444 0.43359375 0.3263888888888889
0 0.3671875 0.3055555555555556 0.373046875 0.3159722222222222 0.37890625 0.3055555555555556 0.37890625 0.28125 0.3671875 0.28125 0.3671875 0.3055555555555556
0 0.39453125 0.2743055555555556 0.3984375 0.25 0.392578125 0.2361111111111111 0.388671875 0.24305555555555555 0.38671875 0.2569444444444444 0.39453125 0.2743055555555556
0 0.0029296875 0.3645833333333333 0.005859375 0.041666666666666664
0 0.40625 0.3298611111111111 0.416015625 0.3263888888888889 0.412109375 0.2986111111111111 0.40625 0.2986111111111111 0.40625 0.3298611111111111
0 0.28515625 0.2534722222222222 0.28515625 0.2326388888888889 0.2734375 0.2326388888888889 0.26953125 0.25 0.28515625 0.2534722222222222
0 0.48046875 0.3263888888888889 0.484375 0.2951388888888889 0.474609375 0.28125 0.47265625 0.3229166666666667 0.48046875 0.3263888888888889
0 0.0546875 0.6076388888888888 0.060546875 0.5277777777777778 0.05078125 0.5277777777777778 0.046875 0.5451388888888888 0.04296875 0.59375 0.0546875 0.6076388888888888
0 0.0859375 0.3020833333333333 0.109375 0.3055555555555556 0.10546875 0.2777777777777778 0.09375 0.2743055555555556 0.0859375 0.28125 0.0859375 0.3020833333333333
0 0.623046875 0.7916666666666666 0.619140625 0.75 0.59765625 0.7465277777777778 0.59375 0.7534722222222222 0.623046875 0.7916666666666666
0 0.57421875 0.7430555555555556 0.58203125 0.75 0.580078125 0.7222222222222222 0.57421875 0.7222222222222222 0.57421875 0.7430555555555556
0 0.244140625 0.28125 0.25390625 0.28125 0.25 0.25 0.2421875 0.25 0.244140625 0.28125
0 0.349609375 0.3055555555555556 0.341796875 0.3263888888888889 0.349609375 0.3368055555555556 0.353515625 0.3125 0.349609375 0.2951388888888889 0.34375 0.2951388888888889 0.341796875 0.3020833333333333 0.349609375 0.3055555555555556
0 0.037109375 0.3263888888888889 0.03125 0.2951388888888889 0.0234375 0.2951388888888889 0.01953125 0.3229166666666667 0.037109375 0.3263888888888889
0 0.162109375 0.8263888888888888 0.16796875 0.8611111111111112 0.185546875 0.8784722222222222 0.19140625 0.8715277777777778 0.197265625 0.8263888888888888 0.193359375 0.7708333333333334 0.173828125 0.7673611111111112 0.162109375 0.78125 0.162109375 0.8263888888888888
0 0.39453125 0.4791666666666667 0.4140625 0.4965277777777778 0.41796875 0.4513888888888889 0.412109375 0.4340277777777778 0.390625 0.4340277777777778 0.38671875 0.4513888888888889 0.39453125 0.4791666666666667
0 0.474609375 0.6701388888888888 0.494140625 0.6875 0.494140625 0.6736111111111112 0.505859375 0.6666666666666666 0.50390625 0.625 0.5 0.5972222222222222 0.486328125 0.5972222222222222 0.474609375 0.6076388888888888 0.474609375 0.6701388888888888
0 0.3125 0.2465277777777778 0.310546875 0.21875 0.3046875 0.2326388888888889 0.3125 0.2465277777777778
0 0.1484375 0.75 0.154296875 0.7534722222222222 0.173828125 0.6875 0.14453125 0.6840277777777778 0.142578125 0.71875 0.1484375 0.75
0 0.19921875 0.5763888888888888 0.205078125 0.5902777777777778 0.2109375 0.5902777777777778 0.216796875 0.5625 0.216796875 0.5138888888888888 0.19921875 0.5138888888888888 0.19921875 0.5763888888888888
0 0.130859375 0.5590277777777778 0.140625 0.6006944444444444 0.154296875 0.6041666666666666 0.162109375 0.5625 0.15234375 0.5243055555555556 0.13671875 0.5243055555555556 0.130859375 0.53125 0.130859375 0.5590277777777778
0 0.330078125 0.3194444444444444 0.330078125 0.3055555555555556 0.32421875 0.3055555555555556 0.330078125 0.3194444444444444
0 0.322265625 0.3263888888888889 0.330078125 0.3368055555555556 0.330078125 0.3194444444444444 0.322265625 0.3263888888888889
0 0.44140625 0.25 0.443359375 0.21875 0.4375 0.21875 0.44140625 0.25
0 0.119140625 0.3888888888888889 0.125 0.3993055555555556 0.138671875 0.3888888888888889 0.138671875 0.3576388888888889 0.125 0.3541666666666667 0.119140625 0.3611111111111111 0.119140625 0.3888888888888889
0 0.2734375 0.34375 0.2734375 0.3055555555555556 0.265625 0.3020833333333333 0.26171875 0.34375 0.2734375 0.34375
0 0.3046875 0.3263888888888889 0.30078125 0.3368055555555556 0.310546875 0.3125 0.3046875 0.2986111111111111 0.298828125 0.2986111111111111 0.3046875 0.3263888888888889
0 0.0546875 0.3263888888888889 0.068359375 0.3090277777777778 0.068359375 0.2847222222222222 0.05078125 0.28125 0.048828125 0.3090277777777778 0.0546875 0.3263888888888889
0 0.14453125 0.4027777777777778 0.15625 0.3993055555555556 0.16015625 0.3680555555555556 0.15234375 0.3541666666666667 0.142578125 0.3541666666666667 0.138671875 0.3923611111111111 0.14453125 0.4027777777777778
0 0.0625 0.6423611111111112 0.07421875 0.6527777777777778 0.091796875 0.625 0.091796875 0.6076388888888888 0.08203125 0.5659722222222222 0.068359375 0.5625 0.0625 0.5729166666666666 0.0625 0.6423611111111112
0 0.048828125 0.7951388888888888 0.048828125 0.8541666666666666 0.06640625 0.8888888888888888 0.080078125 0.84375 0.080078125 0.7638888888888888 0.04296875 0.78125 0.048828125 0.7951388888888888
0 0.361328125 0.5763888888888888 0.37890625 0.5347222222222222 0.36328125 0.5243055555555556 0.349609375 0.5416666666666666 0.34765625 0.5590277777777778 0.361328125 0.5763888888888888
0 0.44921875 0.3263888888888889 0.44921875 0.2951388888888889 0.44140625 0.2951388888888889 0.4375 0.3263888888888889 0.44921875 0.3263888888888889
0 0.484375 0.7604166666666666 0.4921875 0.75 0.486328125 0.7361111111111112 0.48046875 0.7673611111111112 0.48646129296875 0.7844065659722221 0.4921875 0.7708333333333334 0.484375 0.7604166666666666
0 0.5 0.7847222222222222 0.513671875 0.7777777777777778 0.5234375 0.7534722222222222 0.5234375 0.7326388888888888 0.5 0.7326388888888888 0.5 0.7847222222222222
0 0.1171875 0.7604166666666666 0.125 0.7326388888888888 0.123046875 0.6666666666666666 0.1171875 0.65625 0.099609375 0.6666666666666666 0.099609375 0.71875 0.1171875 0.7604166666666666
0 0.181640625 0.9930555555555556 0.171875 0.9236111111111112 0.138671875 0.9409722222222222 0.13671875 0.9930555555555556 0.181640625 0.9930555555555556
0 0.5234375 0.75 0.55078125 0.7430555555555556 0.544921875 0.6875 0.51953125 0.6875 0.5234375 0.75