0 0.896484375 0.2951388888888889 0.904296875 0.2847222222222222 0.8984375 0.2638888888888889 0.875 0.2638888888888889 0.875 0.2916666666666667 0.896484375 0.2951388888888889
0 0.4375 0.3888888888888889 0.4384765625 0.40625 0.455078125 0.4027777777777778 0.455078125 0.375 0.44921875 0.375 0.447265625 0.3888888888888889 0.4296875 0.375 0.419921875 0.3819444444444444 0.41796875 0.4097222222222222 0.4375 0.3888888888888889
0 0.130859375 0.4166666666666667 0.154296875 0.4166666666666667 0.1484375 0.375 0.134765625 0.3715277777777778 0.12890625 0.3576388888888889 0.125 0.4027777777777778 0.130859375 0.4166666666666667
0 0.03125 0.3402777777777778 0.05078125 0.34375 0.0546875 0.3055555555555556 0.037109375 0.3055555555555556 0.03125 0.3159722222222222 0.03125 0.3402777777777778
0 0.900390625 0.2777777777777778 0.923828125 0.2847222222222222 0.923828125 0.2638888888888889 0.91015625 0.2534722222222222 0.900390625 0.2638888888888889 0.900390625 0.2777777777777778
0 0.197265625 0.4027777777777778 0.205078125 0.3923611111111111 0.19140625 0.3576388888888889 0.166015625 0.3611111111111111 0.166015625 0.3993055555555556 0.197265625 0.4027777777777778
0 0.10546875 0.4375 0.10546875 0.3888888888888889 0.099609375 0.3784722222222222 0.087890625 0.3854166666666667 0.0859375 0.4375 0.10546875 0.4375
0 0.267578125 0.4375 0.275390625 0.4131944444444444 0.283203125 0.4340277777777778 0.296875 0.4375 0.298828125 0.3923611111111111 0.28125 0.4097222222222222 0.267578125 0.3993055555555556 0.255859375 0.4201388888888889 0.255859375 0.4409722222222222 0.267578125 0.4375
0 0.767578125 0.4166666666666667 0.765625 0.3888888888888889 0.74609375 0.3888888888888889 0.7421875 0.375 0.720703125 0.3993055555555556 0.72265625 0.4236111111111111 0.767578125 0.4166666666666667
0 0.068359375 0.3090277777777778 0.091796875 0.3090277777777778 0.0859375 0.2743055555555556 0.07421875 0.2638888888888889 0.0625 0.2777777777777778 0.068359375 0.3090277777777778
0 0.017578125 0.4618055555555556 0.0234375 0.4513888888888889 0.0234375 0.4201388888888889 0.017578125 0.40625 0.005859375 0.4027777777777778 0.005859375 0.4548611111111111 0.017578125 0.4618055555555556
0 0.5546875 0.5416666666666666 0.568359375 0.4826388888888889 0.55078125 0.4861111111111111 0.54296875 0.5486111111111112 0.5546875 0.5416666666666666
0 0.3671875 0.3298611111111111 0.3671875 0.2951388888888889 0.35546875 0.2916666666666667 0.35546875 0.3368055555555556 0.3671875 0.3298611111111111
0 0.32421875 0.4097222222222222 0.337890625 0.4166666666666667 0.34375 0.40625 0.34375 0.3784722222222222 0.3125 0.3784722222222222 0.306640625 0.4201388888888889 0.32421875 0.4097222222222222
0 0.04296875 0.4479166666666667 0.048828125 0.4340277777777778 0.046875 0.40625 0.041015625 0.3888888888888889 0.029296875 0.3888888888888889 0.025390625 0.4305555555555556 0.04296875 0.4479166666666667
0 0.712890625 0.3888888888888889 0.755859375 0.3576388888888889 0.71875 0.3472222222222222 0.7109375 0.3715277777777778 0.712890625 0.3888888888888889
0 0.85546875 0.4201388888888889 0.880859375 0.4409722222222222 0.892578125 0.4340277777777778 0.89453125 0.3923611111111111 0.880859375 0.3888888888888889 0.8671875 0.40625 0.859375 0.3854166666666667 0.853515625 0.3888888888888889 0.849609375 0.4097222222222222 0.85546875 0.4201388888888889
0 0.716796875 0.25 0.712890625 0.21875 0.69921875 0.21875 0.697265625 0.2465277777777778 0.716796875 0.25
0 0.0625 0.4340277777777778 0.068359375 0.4513888888888889 0.080078125 0.4479166666666667 0.0859375 0.4340277777777778 0.080078125 0.3854166666666667 0.07421875 0.3784722222222222 0.0625 0.3923611111111111 0.0625 0.4340277777777778
0 0.642578125 0.4375 0.642578125 0.40625 0.623046875 0.3993055555555556 0.61328125 0.4097222222222222 0.611328125 0.4340277777777778 0.642578125 0.4375
0 0.609375 0.4722222222222222 0.6171875 0.4618055555555556 0.615234375 0.4375 0.583984375 0.4270833333333333 0.57421875 0.46875 0.609375 0.4722222222222222
0 0.548828125 0.59375 0.560546875 0.59375 0.57421875 0.5763888888888888 0.5859375 0.5868055555555556 0.591796875 0.53125 0.5546875 0.53125 0.54296875 0.5555555555555556 0.548828125 0.59375
0 0.642578125 0.46875 0.6484375 0.4861111111111111 0.6640625 0.4722222222222222 0.6796875 0.4826388888888889 0.6875 0.4652777777777778 0.685546875 0.4375 0.669921875 0.4479166666666667 0.66015625 0.4201388888888889 0.6484375 0.4409722222222222 0.6484375 0.4618055555555556 0.642578125 0.46875
0 0.59375 0.3125 0.60546875 0.3125 0.603515625 0.28125 0.59375 0.28125 0.59375 0.3125
0 0.8671875 0.3125 0.873046875 0.2986111111111111 0.8671875 0.2777777777777778 0.84765625 0.2847222222222222 0.84765625 0.3125 0.8671875 0.3125
0 0.65625 0.3854166666666667 0.685546875 0.3680555555555556 0.681640625 0.34375 0.65625 0.34375 0.6484375 0.3611111111111111 0.65625 0.3854166666666667
0 0.056640625 0.5798611111111112 0.09375 0.5555555555555556 0.11328125 0.5659722222222222 0.125 0.5590277777777778 0.119140625 0.5138888888888888 0.10546875 0.5173611111111112 0.091796875 0.5347222222222222 0.091796875 0.5520833333333334 0.080078125 0.5555555555555556 0.07421875 0.5416666666666666 0.080078125 0.5173611111111112 0.076171875 0.5277777777777778 0.068359375 0.5138888888888888 0.05078125 0.5659722222222222 0.056640625 0.5798611111111112
0 0.8359375 0.3576388888888889 0.84375 0.3402777777777778 0.8359375 0.3159722222222222 0.826171875 0.3229166666666667 0.818359375 0.3125 0.8125 0.3229166666666667 0.8046875 0.3576388888888889 0.8359375 0.3576388888888889