0 0.3984375 0.6527777777777778 0.408203125 0.65625 0.412109375 0.5763888888888888 0.388671875 0.5798611111111112 0.388671875 0.625 0.3984375 0.6527777777777778
0 0.25390625 0.7118055555555556 0.26171875 0.7534722222222222 0.275390625 0.7673611111111112 0.28125 0.7673611111111112 0.291015625 0.7326388888888888 0.2890625 0.71875 0.26953125 0.7291666666666666 0.25390625 0.7118055555555556
0 0.73046875 0.375 0.73046875 0.3576388888888889 0.71875 0.3854166666666667 0.73046875 0.375
0 0.716796875 0.3784722222222222 0.70703125 0.3402777777777778 0.697265625 0.3576388888888889 0.693359375 0.3854166666666667 0.716796875 0.3784722222222222
0 0.130859375 0.3090277777777778 0.130859375 0.2777777777777778 0.125 0.2673611111111111 0.111328125 0.28125 0.111328125 0.3125 0.130859375 0.3090277777777778
0 0.412109375 0.59375 0.421875 0.5972222222222222 0.4296875 0.5798611111111112 0.4296875 0.5555555555555556 0.423828125 0.5173611111111112 0.412109375 0.5173611111111112 0.40625 0.53125 0.412109375 0.59375
0 0.580078125 0.78125 0.5859375 0.7673611111111112 0.591796875 0.78125 0.580078125 0.7361111111111112 0.568359375 0.7361111111111112 0.5546875 0.7604166666666666 0.580078125 0.78125
0 0.330078125 0.6284722222222222 0.34375 0.625 0.34375 0.5625 0.33203125 0.5590277777777778 0.32421875 0.5729166666666666 0.322265625 0.59375 0.330078125 0.6284722222222222
0 0.365234375 0.8125 0.392578125 0.78125 0.38671875 0.75 0.361328125 0.7604166666666666 0.361328125 0.84375 0.365234375 0.8125
0 0.29296875 0.5729166666666666 0.30078125 0.5902777777777778 0.3125 0.5729166666666666 0.3125 0.5243055555555556 0.298828125 0.5173611111111112 0.29296875 0.53125 0.29296875 0.5729166666666666
0 0.17578125 0.6875 0.181640625 0.6909722222222222 0.193359375 0.6527777777777778 0.193359375 0.6041666666666666 0.17578125 0.5972222222222222 0.171875 0.6493055555555556 0.17578125 0.6875
0 0.349609375 0.6909722222222222 0.361328125 0.7222222222222222 0.35546875 0.7361111111111112 0.3671875 0.7152777777777778 0.369140625 0.6909722222222222 0.38671875 0.7013888888888888 0.376953125 0.6875 0.38671875 0.6701388888888888 0.37890625 0.6493055555555556 0.34765625 0.6493055555555556 0.349609375 0.6909722222222222
0 0.76953125 0.9236111111111112 0.79296875 0.9409722222222222 0.787109375 0.8854166666666666 0.767578125 0.8854166666666666 0.76953125 0.9236111111111112
0 0.724609375 0.8368055555555556 0.736328125 0.8628472222222222 0.724609375 0.8680555555555556 0.73046875 0.8888888888888888 0.736328125 0.8854166666666666 0.73828125 0.8298611111111112 0.748046875 0.8159722222222222 0.736328125 0.8125 0.736328125 0.8402777777777778 0.724609375 0.8368055555555556
0 0.4501953125 0.5381944444444444 0.001953125 0.006944444444444444
0 0.447265625 0.5590277777777778 0.447265625 0.5868055555555556 0.455078125 0.6041666666666666 0.466796875 0.5659722222222222 0.48046875 0.5590277777777778 0.48046875 0.5347222222222222 0.47265625 0.53125 0.458984375 0.5590277777777778 0.447265625 0.5590277777777778
0 0.130859375 0.28125 0.146484375 0.2847222222222222 0.1484375 0.25 0.12890625 0.2465277777777778 0.125 0.2638888888888889 0.130859375 0.28125
0 0.29296875 0.8541666666666666 0.306640625 0.8888888888888888 0.318359375 0.8993055555555556 0.326171875 0.8472222222222222 0.32421875 0.8125 0.30078125 0.8125 0.29296875 0.8263888888888888 0.29296875 0.8541666666666666
0 0.767578125 0.5451388888888888 0.775390625 0.5451388888888888 0.779296875 0.5 0.755859375 0.4826388888888889 0.75 0.5 0.767578125 0.5451388888888888
0 0.29296875 0.5729166666666666 0.3046875 0.5833333333333334 0.298828125 0.59375 0.3046875 0.6041666666666666 0.298828125 0.6111111111111112 0.298828125 0.6388888888888888 0.310546875 0.6388888888888888 0.3125 0.5347222222222222 0.30078125 0.5173611111111112 0.29296875 0.53125 0.29296875 0.5729166666666666
0 0.30859375 0.3402777777777778 0.298828125 0.3611111111111111 0.30859375 0.3715277777777778 0.310546875 0.3368055555555556 0.306640625 0.3125 0.298828125 0.3090277777777778 0.296875 0.3263888888888889 0.30859375 0.3402777777777778
0 0.34375 0.4375 0.349609375 0.3923611111111111 0.333984375 0.3923611111111111 0.33203125 0.4201388888888889 0.34375 0.4375
0 0.380859375 0.3263888888888889 0.38671875 0.3263888888888889 0.38671875 0.2951388888888889 0.37890625 0.2951388888888889 0.380859375 0.3263888888888889
0 0.16796875 0.4027777777777778 0.19921875 0.4027777777777778 0.205078125 0.3923611111111111 0.197265625 0.3680555555555556 0.1796875 0.3576388888888889 0.16796875 0.3680555555555556 0.162109375 0.3854166666666667 0.16796875 0.4027777777777778
0 0.71875 0.8854166666666666 0.7109375 0.8472222222222222 0.705078125 0.8472222222222222 0.69140625 0.8611111111111112 0.71875 0.8854166666666666
0 0.65625 0.8368055555555556 0.654296875 0.8159722222222222 0.642578125 0.8159722222222222 0.638671875 0.8229166666666666 0.65625 0.8368055555555556
0 0.748046875 0.4409722222222222 0.796875 0.4340277777777778 0.79296875 0.3993055555555556 0.78515625 0.3993055555555556 0.771484375 0.4236111111111111 0.76171875 0.4201388888888889 0.76171875 0.3923611111111111 0.748046875 0.3923611111111111 0.75 0.4027777777777778 0.744140625 0.4097222222222222 0.7421875 0.4340277777777778 0.748046875 0.4409722222222222
0 0.697265625 0.3576388888888889 0.705078125 0.3402777777777778 0.697265625 0.3125 0.67578125 0.3333333333333333 0.67578125 0.3611111111111111 0.697265625 0.3576388888888889
0 0.224609375 0.5277777777777778 0.23046875 0.5347222222222222 0.2421875 0.5138888888888888 0.2421875 0.4826388888888889 0.234375 0.4722222222222222 0.22265625 0.4791666666666667 0.224609375 0.5277777777777778
0 0.0859375 0.9930555555555556 0.11328125 0.9930555555555556 0.125 0.96875 0.1171875 0.9479166666666666 0.1171875 0.9236111111111112 0.134765625 0.8611111111111112 0.123046875 0.875 0.0859375 0.8784722222222222 0.080078125 0.8888888888888888 0.0859375 0.9930555555555556
0 0.474609375 0.6666666666666666 0.48828125 0.6909722222222222 0.4921875 0.6354166666666666 0.48046875 0.6180555555555556 0.474609375 0.6215277777777778 0.474609375 0.6666666666666666
0 0.4296875 0.5555555555555556 0.4375 0.5763888888888888 0.443359375 0.5763888888888888 0.447265625 0.5590277777777778 0.443359375 0.5347222222222222 0.44921875 0.5034722222222222 0.44140625 0.5034722222222222 0.4296875 0.5138888888888888 0.4296875 0.5555555555555556
0 0.51953125 0.625 0.51953125 0.6354166666666666 0.505859375 0.6423611111111112 0.505859375 0.6875 0.51953125 0.6805555555555556 0.54296875 0.7013888888888888 0.54296875 0.6076388888888888 0.5234375 0.6111111111111112 0.509765625 0.5972222222222222 0.505859375 0.6197916666666666 0.51953125 0.625
0 0.421875 0.4930555555555556 0.41796875 0.46875 0.404296875 0.4722222222222222 0.400390625 0.5 0.421875 0.4930555555555556
0 0.443359375 0.7430555555555556 0.44921875 0.7361111111111112 0.44921875 0.7118055555555556 0.4375 0.7013888888888888 0.435546875 0.7256944444444444 0.443359375 0.7430555555555556
0 0.48046875 0.7222222222222222 0.48046875 0.6909722222222222 0.4609375 0.6875 0.4609375 0.7326388888888888 0.48046875 0.7222222222222222
0 0.103515625 0.2743055555555556 0.10546875 0.2465277777777778 0.099609375 0.2361111111111111 0.091796875 0.2326388888888889 0.08203125 0.2465277777777778 0.080078125 0.2743055555555556 0.103515625 0.2743055555555556
0 0.423828125 0.4652777777777778 0.4296875 0.4340277777777778 0.41796875 0.4305555555555556 0.41796875 0.4548611111111111 0.423828125 0.4652777777777778
0 0.548828125 0.75 0.580078125 0.78125 0.5859375 0.7673611111111112 0.591796875 0.78125 0.580078125 0.7361111111111112 0.568359375 0.7361111111111112 0.56640625 0.7638888888888888 0.548828125 0.75
0 0.541015625 0.7326388888888888 0.537109375 0.7465277777777778 0.54296875 0.75 0.541015625 0.7222222222222222 0.53125 0.71875 0.529296875 0.7326388888888888 0.541015625 0.7326388888888888
0 0.59375 0.6840277777777778 0.580078125 0.7013888888888888 0.580078125 0.71875 0.59375 0.7430555555555556 0.6171875 0.7534722222222222 0.630859375 0.7291666666666666 0.630859375 0.7118055555555556 0.62109375 0.6944444444444444 0.630859375 0.6840277777777778 0.6171875 0.6770833333333334 0.619140625 0.65625 0.599609375 0.6493055555555556 0.587890625 0.6666666666666666 0.59375 0.6701388888888888 0.59375 0.6840277777777778
0 0.298828125 0.4826388888888889 0.3125 0.4791666666666667 0.31640625 0.4479166666666667 0.310546875 0.4375 0.296875 0.4409722222222222 0.29296875 0.4618055555555556 0.298828125 0.4826388888888889
0 0.375 0.2222222222222222 0.380859375 0.21875 0.380859375 0.2013888888888889 0.375 0.2013888888888889 0.375 0.2222222222222222