0 0.123046875 0.3125 0.130859375 0.2951388888888889 0.12890625 0.28125 0.099609375 0.2847222222222222 0.099609375 0.3159722222222222 0.123046875 0.3125
0 0.1875 0.3125 0.185546875 0.28125 0.17578125 0.2847222222222222 0.173828125 0.3090277777777778 0.1875 0.3125
0 0.05078125 0.3541666666666667 0.0546875 0.3159722222222222 0.03515625 0.3125 0.03125 0.3576388888888889 0.05078125 0.3541666666666667
0 0.115234375 0.4236111111111111 0.1171875 0.3888888888888889 0.111328125 0.3680555555555556 0.103515625 0.3680555555555556 0.099609375 0.4201388888888889 0.115234375 0.4236111111111111
0 0.79296875 0.6701388888888888 0.830078125 0.6979166666666666 0.849609375 0.6805555555555556 0.83203125 0.59375 0.81640625 0.6111111111111112 0.79296875 0.59375 0.787109375 0.625 0.79296875 0.6701388888888888
0 0.025390625 0.6041666666666666 0.03515625 0.5486111111111112 0.017578125 0.5486111111111112 0.013671875 0.5763888888888888 0.025390625 0.6041666666666666
0 0.08984375 0.3298611111111111 0.091796875 0.3125 0.0859375 0.2986111111111111 0.076171875 0.2986111111111111 0.076171875 0.3263888888888889 0.08984375 0.3298611111111111
0 0.17578125 0.4027777777777778 0.19921875 0.4027777777777778 0.205078125 0.3923611111111111 0.193359375 0.3680555555555556 0.16796875 0.3576388888888889 0.166015625 0.3854166666666667 0.17578125 0.4027777777777778
0 0.04296875 0.5972222222222222 0.068359375 0.6354166666666666 0.0625 0.625 0.068359375 0.6215277777777778 0.060546875 0.59375 0.0625 0.5625 0.056640625 0.5763888888888888 0.037109375 0.5763888888888888 0.03125 0.5902777777777778 0.03125 0.6180555555555556 0.04296875 0.5972222222222222
0 0.162109375 0.3541666666666667 0.171875 0.3472222222222222 0.171875 0.3159722222222222 0.16015625 0.2986111111111111 0.15625 0.3472222222222222 0.162109375 0.3541666666666667
0 0.142578125 0.3263888888888889 0.154296875 0.3229166666666667 0.15625 0.2951388888888889 0.1484375 0.28125 0.138671875 0.2951388888888889 0.13671875 0.3159722222222222 0.142578125 0.3263888888888889
0 0.173828125 0.4305555555555556 0.169921875 0.3888888888888889 0.1484375 0.40625 0.138671875 0.40625 0.13671875 0.3888888888888889 0.130859375 0.3888888888888889 0.125 0.4305555555555556 0.173828125 0.4305555555555556
0 0.2421875 0.3576388888888889 0.2421875 0.3229166666666667 0.23828125 0.3090277777777778 0.23046875 0.3090277777777778 0.228515625 0.3541666666666667 0.2421875 0.3576388888888889
0 0.810546875 0.46875 0.810546875 0.4201388888888889 0.78515625 0.4201388888888889 0.771484375 0.4444444444444444 0.76953125 0.46875 0.810546875 0.46875
0 0.28125 0.34375 0.28125 0.2986111111111111 0.267578125 0.3020833333333333 0.263671875 0.3368055555555556 0.28125 0.34375
0 0.2421875 0.3819444444444444 0.25 0.40625 0.2578125 0.40625 0.26171875 0.3576388888888889 0.25 0.3541666666666667 0.2421875 0.3611111111111111 0.2421875 0.3819444444444444
0 0.05078125 0.3055555555555556 0.0546875 0.2847222222222222 0.0390625 0.2777777777777778 0.037109375 0.2986111111111111 0.05078125 0.3055555555555556
0 0.29296875 0.3402777777777778 0.298828125 0.3263888888888889 0.298828125 0.2951388888888889 0.28515625 0.2951388888888889 0.28125 0.3298611111111111 0.29296875 0.3402777777777778
0 0.353515625 0.3715277777777778 0.34765625 0.34375 0.330078125 0.34375 0.326171875 0.375 0.353515625 0.3715277777777778
0 0.287109375 0.4027777777777778 0.310546875 0.4027777777777778 0.310546875 0.3576388888888889 0.28515625 0.3611111111111111 0.28125 0.3888888888888889 0.287109375 0.4027777777777778
0 0.181640625 0.28125 0.177734375 0.2569444444444444 0.169921875 0.2569444444444444 0.16796875 0.28125 0.181640625 0.28125
0 0.330078125 0.7916666666666666 0.330078125 0.7673611111111112 0.34765625 0.7326388888888888 0.34765625 0.71875 0.3359375 0.7013888888888888 0.31640625 0.7118055555555556 0.3125 0.75 0.330078125 0.7916666666666666
0 0.380859375 0.7152777777777778 0.412109375 0.7013888888888888 0.412109375 0.6388888888888888 0.38671875 0.6423611111111112 0.380859375 0.6597222222222222 0.380859375 0.7152777777777778
0 0.0546875 0.3159722222222222 0.07421875 0.3125 0.072265625 0.28125 0.060546875 0.28125 0.0546875 0.2916666666666667 0.0546875 0.3159722222222222
0 0.580078125 0.6041666666666666 0.611328125 0.6284722222222222 0.60546875 0.5763888888888888 0.591796875 0.5694444444444444 0.599609375 0.5555555555555556 0.59765625 0.5416666666666666 0.58203125 0.5486111111111112 0.576171875 0.5659722222222222 0.580078125 0.6041666666666666
0 0.0390625 0.7395833333333334 0.04296875 0.7638888888888888 0.06640625 0.7534722222222222 0.060546875 0.6666666666666666 0.0546875 0.65625 0.03125 0.6597222222222222 0.03125 0.7326388888888888 0.0390625 0.7395833333333334
0 0.3046875 0.96875 0.31640625 0.9791666666666666 0.32421875 0.9548611111111112 0.32421875 0.8680555555555556 0.318359375 0.8263888888888888 0.29296875 0.8263888888888888 0.29296875 0.9201388888888888 0.3046875 0.96875
0 0.73828125 0.46875 0.755859375 0.46875 0.76171875 0.4409722222222222 0.7578125 0.4201388888888889 0.724609375 0.4201388888888889 0.72265625 0.4375 0.73828125 0.46875