0 0.875 0.28125 0.88671875 0.2916666666666667 0.888671875 0.2638888888888889 0.8984375 0.2638888888888889 0.904296875 0.2916666666666667 0.916015625 0.2951388888888889 0.91796875 0.2777777777777778 0.90625 0.2604166666666667 0.880859375 0.2604166666666667 0.875 0.2638888888888889 0.875 0.28125
0 0.07421875 0.4166666666666667 0.08203125 0.4340277777777778 0.095703125 0.4375 0.09765625 0.4027777777777778 0.091796875 0.3784722222222222 0.080078125 0.3715277777777778 0.072265625 0.375 0.07421875 0.4166666666666667
0 0.224609375 0.4930555555555556 0.236328125 0.4826388888888889 0.2734375 0.4791666666666667 0.26953125 0.4375 0.259765625 0.4375 0.248046875 0.4618055555555556 0.240234375 0.4583333333333333 0.236328125 0.4375 0.224609375 0.4513888888888889 0.21875 0.4791666666666667 0.224609375 0.4930555555555556
0 0.8046875 0.4201388888888889 0.80859375 0.40625 0.84375 0.40625 0.84375 0.3888888888888889 0.826171875 0.3854166666666667 0.818359375 0.3715277777777778 0.796875 0.3958333333333333 0.796875 0.4201388888888889 0.8046875 0.4201388888888889
0 0.01171875 0.4513888888888889 0.02734375 0.4652777777777778 0.037109375 0.4548611111111111 0.037109375 0.4340277777777778 0.029296875 0.40625 0.01171875 0.3923611111111111 0.005859375 0.3923611111111111 0.01171875 0.4513888888888889
0 0.96875 0.3472222222222222 0.998046875 0.3263888888888889 0.990234375 0.3125 0.962890625 0.3125 0.9609375 0.3368055555555556 0.96875 0.3472222222222222
0 0.431640625 0.5138888888888888 0.44140625 0.5 0.46875 0.5 0.47265625 0.46875 0.4375 0.4618055555555556 0.42578125 0.4826388888888889 0.423828125 0.5104166666666666 0.431640625 0.5138888888888888
0 0.06640625 0.4513888888888889 0.072265625 0.4409722222222222 0.068359375 0.4097222222222222 0.060546875 0.3888888888888889 0.048828125 0.3888888888888889 0.048828125 0.4444444444444444 0.06640625 0.4513888888888889
0 0.130859375 0.4201388888888889 0.130859375 0.3923611111111111 0.111328125 0.3784722222222222 0.109375 0.4201388888888889 0.130859375 0.4201388888888889
0 0.150390625 0.4201388888888889 0.15625 0.40625 0.15625 0.375 0.140625 0.3715277777777778 0.13671875 0.3993055555555556 0.150390625 0.4201388888888889
0 0.48828125 0.4409722222222222 0.5 0.4166666666666667 0.505859375 0.4375 0.5234375 0.4305555555555556 0.521484375 0.40625 0.494140625 0.40625 0.484375 0.4236111111111111 0.48828125 0.4409722222222222
0 0.4609375 0.4340277777777778 0.4609375 0.4548611111111111 0.48046875 0.4826388888888889 0.48828125 0.46875 0.484375 0.4340277777777778 0.4765625 0.4479166666666667 0.4609375 0.4340277777777778
0 0.974609375 0.3472222222222222 0.998046875 0.3263888888888889 0.998046875 0.2951388888888889 0.986328125 0.2951388888888889 0.978515625 0.3125 0.962890625 0.3125 0.9609375 0.3368055555555556 0.974609375 0.3472222222222222
0 0.40625 0.4652777777777778 0.443359375 0.4409722222222222 0.44140625 0.4166666666666667 0.42578125 0.4305555555555556 0.412109375 0.4166666666666667 0.40625 0.4305555555555556 0.400390625 0.4513888888888889 0.40625 0.4652777777777778
0 0.849609375 0.28125 0.865234375 0.28125 0.8671875 0.2638888888888889 0.85546875 0.2604166666666667 0.849609375 0.2638888888888889 0.849609375 0.28125
0 0.166015625 0.3993055555555556 0.19921875 0.4027777777777778 0.205078125 0.3923611111111111 0.185546875 0.3611111111111111 0.16796875 0.3576388888888889 0.162109375 0.3680555555555556 0.166015625 0.3993055555555556
0 0.21875 0.625 0.220703125 0.6527777777777778 0.236328125 0.6527777777777778 0.244140625 0.6284722222222222 0.256509765625 0.6284722222222222 0.25 0.6111111111111112 0.26171875 0.6041666666666666 0.268880859375 0.6284722222222222 0.287109375 0.6215277777777778 0.287109375 0.5729166666666666 0.265625 0.5972222222222222 0.25 0.5902777777777778 0.2421875 0.5729166666666666 0.236328125 0.5763888888888888 0.234375 0.5972222222222222 0.21875 0.625