0 0.048828125 0.3368055555555556 0.0546875 0.3090277777777778 0.048828125 0.2951388888888889 0.041015625 0.2986111111111111 0.041015625 0.3368055555555556 0.048828125 0.3368055555555556
0 0.7421875 0.3472222222222222 0.755859375 0.3159722222222222 0.736328125 0.3125 0.73046875 0.3229166666666667 0.728515625 0.34375 0.7421875 0.3472222222222222
0 0.318359375 0.4097222222222222 0.32421875 0.3784722222222222 0.318359375 0.3576388888888889 0.306640625 0.3680555555555556 0.3046875 0.3923611111111111 0.318359375 0.4097222222222222
0 0.287109375 0.4965277777777778 0.296875 0.5243055555555556 0.3046875 0.5034722222222222 0.3046875 0.4513888888888889 0.287109375 0.4513888888888889 0.287109375 0.4965277777777778
0 0.205078125 0.3993055555555556 0.197265625 0.3680555555555556 0.16796875 0.3576388888888889 0.162109375 0.3993055555555556 0.205078125 0.3993055555555556
0 0.13671875 0.2916666666666667 0.12890625 0.2638888888888889 0.11328125 0.2673611111111111 0.111328125 0.2986111111111111 0.13671875 0.2916666666666667
0 0 0.3715277777777778 0.0234375 0.3680555555555556 0.0234375 0.3368055555555556 0.01171875 0.3159722222222222 0 0.3159722222222222 0 0.3715277777777778
0 0.61328125 0.8888888888888888 0.64453125 0.9201388888888888 0.65625 0.9201388888888888 0.671875 0.9618055555555556 0.6875 0.9513888888888888 0.6875 0.90625 0.6796875 0.8923611111111112 0.67578125 0.8472222222222222 0.666015625 0.8298611111111112 0.654296875 0.8472222222222222 0.654296875 0.8715277777777778 0.64453125 0.875 0.6171875 0.8125 0.6015625 0.8263888888888888 0.599609375 0.8472222222222222 0.61328125 0.8888888888888888
0 0.83203125 0.2743055555555556 0.837890625 0.25 0.82421875 0.24305555555555555 0.818359375 0.2673611111111111 0.83203125 0.2743055555555556
0 0.3671875 0.5416666666666666 0.37890625 0.59375 0.38671875 0.5555555555555556 0.38671875 0.5069444444444444 0.375 0.4965277777777778 0.3671875 0.5 0.3671875 0.5416666666666666
0 0.568359375 0.7372673611111111 0.568359375 0.7743055555555556 0.5859375 0.8125 0.599609375 0.8229166666666666 0.6171875 0.7777777777777778 0.6171875 0.7465277777777778 0.60546875 0.7222222222222222 0.580078125 0.7465277777777778 0.5703125 0.71875 0.57421875 0.7326388888888888 0.568359375 0.7372673611111111
0 0.3046875 0.3298611111111111 0.306640625 0.3125 0.298828125 0.3055555555555556 0.296875 0.3263888888888889 0.3046875 0.3298611111111111
0 0.248046875 0.59375 0.255859375 0.5729166666666666 0.255859375 0.5243055555555556 0.23828125 0.5138888888888888 0.236328125 0.5868055555555556 0.248046875 0.59375
0 0.5625 0.5034722222222222 0.576171875 0.5243055555555556 0.58203125 0.46875 0.580078125 0.4513888888888889 0.568359375 0.4513888888888889 0.5625 0.4618055555555556 0.5625 0.5034722222222222
0 0.09375 0.3368055555555556 0.111328125 0.3298611111111111 0.109375 0.2951388888888889 0.09375 0.2951388888888889 0.09375 0.3368055555555556
0 0.912109375 0.28125 0.921875 0.2847222222222222 0.9296875 0.2604166666666667 0.94140625 0.28125 0.939453125 0.2604166666666667 0.921875 0.2534722222222222 0.912109375 0.2673611111111111 0.912109375 0.28125
0 0.326171875 0.4236111111111111 0.3359375 0.4513888888888889 0.341796875 0.4375 0.33984375 0.3993055555555556 0.326171875 0.3993055555555556 0.326171875 0.4236111111111111
0 0.3671875 0.4375 0.373046875 0.4236111111111111 0.373046875 0.3888888888888889 0.361328125 0.3888888888888889 0.3671875 0.4375
0 0.318359375 0.6805555555555556 0.33203125 0.6979166666666666 0.32421875 0.7152777777777778 0.330078125 0.71875 0.341796875 0.6736111111111112 0.34375 0.6284722222222222 0.337890625 0.6111111111111112 0.330078125 0.6215277777777778 0.31640625 0.6111111111111112 0.3125 0.6388888888888888 0.318359375 0.6805555555555556
0 0.25 0.7743055555555556 0.263671875 0.71875 0.263671875 0.6701388888888888 0.26171875 0.65625 0.2421875 0.6597222222222222 0.2421875 0.7708333333333334 0.25 0.7743055555555556