0 0.154296875 0.4201388888888889 0.15625 0.3472222222222222 0.154296875 0.3645833333333333 0.14453125 0.3611111111111111 0.138671875 0.3784722222222222 0.13671875 0.40625 0.154296875 0.4201388888888889
0 0.359375 0.3854166666666667 0.38671875 0.3784722222222222 0.38671875 0.34375 0.361328125 0.34375 0.35546875 0.3576388888888889 0.359375 0.3854166666666667
0 0.04296875 0.3055555555555556 0.0625 0.2916666666666667 0.060546875 0.2777777777777778 0.04296875 0.2673611111111111 0.037109375 0.28125 0.04296875 0.3055555555555556
0 0.23828125 0.4201388888888889 0.25 0.40625 0.2734375 0.40625 0.267578125 0.375 0.2421875 0.375 0.236328125 0.3958333333333333 0.23828125 0.4201388888888889
0 0.248046875 0.2743055555555556 0.25 0.2465277777777778 0.2421875 0.24305555555555555 0.23828125 0.2638888888888889 0.248046875 0.2743055555555556
0 0.29296875 0.5972222222222222 0.298828125 0.6180555555555556 0.3046875 0.6180555555555556 0.3125 0.59375 0.30859375 0.5451388888888888 0.29296875 0.5451388888888888 0.29296875 0.5972222222222222
0 0.50390625 0.6319444444444444 0.517578125 0.6388888888888888 0.5234375 0.5625 0.509765625 0.5555555555555556 0.494140625 0.5659722222222222 0.4921875 0.6076388888888888 0.50390625 0.6319444444444444
0 0.724609375 0.8923611111111112 0.71875 0.9166666666666666 0.728515625 0.9236111111111112 0.7265625 0.9340277777777778 0.71875 0.9340277777777778 0.7421875 0.9652777777777778 0.75 0.9548611111111112 0.75 0.8715277777777778 0.744140625 0.8611111111111112 0.73046875 0.8611111111111112 0.71875 0.875 0.724609375 0.8923611111111112
0 0.775390625 0.9826388888888888 0.787109375 0.9965277777777778 0.82421875 0.9965277777777778 0.82421875 0.9722222222222222 0.8046875 0.9166666666666666 0.798828125 0.84375 0.79296875 0.8368055555555556 0.78125 0.8611111111111112 0.78515625 0.9027777777777778 0.775390625 0.9826388888888888
0 0.1484375 0.2951388888888889 0.1484375 0.2673611111111111 0.13671875 0.2638888888888889 0.130859375 0.2916666666666667 0.1484375 0.2951388888888889
0 0 0.3993055555555556 0.005859375 0.4340277777777778 0.0234375 0.4479166666666667 0.0234375 0.3923611111111111 0.01171875 0.3888888888888889 0.00390625 0.40625 0 0.3993055555555556
0 0.01171875 0.3055555555555556 0.03125 0.3090277777777778 0.03125 0.2847222222222222 0.01953125 0.2743055555555556 0.01171875 0.2777777777777778 0.01171875 0.3055555555555556
0 0.560546875 0.6840277777777778 0.537109375 0.6701388888888888 0.552734375 0.7604166666666666 0.568359375 0.7743055555555556 0.580078125 0.7638888888888888 0.5859375 0.7326388888888888 0.57421875 0.6493055555555556 0.564453125 0.6597222222222222 0.560546875 0.6840277777777778
0 0.20703125 0.75 0.21875 0.8125 0.224609375 0.8125 0.228515625 0.7951388888888888 0.216796875 0.78125 0.23046875 0.7638888888888888 0.23046875 0.7013888888888888 0.22265625 0.6979166666666666 0.205078125 0.7013888888888888 0.20703125 0.75
0 0.318359375 0.3854166666666667 0.318359375 0.3576388888888889 0.302734375 0.3611111111111111 0.298828125 0.34375 0.29296875 0.3541666666666667 0.287109375 0.3888888888888889 0.318359375 0.3854166666666667
0 0.44140625 0.4861111111111111 0.435546875 0.4722222222222222 0.44140625 0.46875 0.4375 0.4340277777777778 0.42578125 0.4340277777777778 0.423828125 0.4513888888888889 0.44140625 0.4861111111111111
0 0.068359375 0.4166666666666667 0.068359375 0.3923611111111111 0.0625 0.3819444444444444 0.06640625 0.3715277777777778 0.048828125 0.375 0.046875 0.4201388888888889 0.068359375 0.4166666666666667
0 0.361328125 0.6423611111111112 0.3671875 0.6284722222222222 0.361328125 0.5659722222222222 0.341796875 0.5763888888888888 0.337890625 0.6076388888888888 0.361328125 0.6423611111111112
0 0.173828125 0.3993055555555556 0.1953125 0.4027777777777778 0.205078125 0.3923611111111111 0.1953125 0.3680555555555556 0.16796875 0.3611111111111111 0.166015625 0.3854166666666667 0.173828125 0.3993055555555556
0 0.13671875 0.40625 0.13671875 0.3541666666666667 0.12890625 0.3541666666666667 0.125 0.4027777777777778 0.13671875 0.40625
0 0.248046875 0.6701388888888888 0.259765625 0.6736111111111112 0.267578125 0.6527777777777778 0.26953125 0.59375 0.25 0.5902777777777778 0.248046875 0.6006944444444444 0.244140625 0.65625 0.248046875 0.6701388888888888
0 0.255859375 0.84375 0.259765625 0.8576388888888888 0.25 0.8680555555555556 0.25 0.8888888888888888 0.26171875 0.9166666666666666 0.267578125 0.9201388888888888 0.28125 0.8819444444444444 0.29296875 0.8715277777777778 0.318359375 0.9236111111111112 0.3046875 0.8368055555555556 0.29296875 0.8298611111111112 0.283203125 0.8402777777777778 0.28125 0.8680555555555556 0.271484375 0.8854166666666666 0.25390625 0.8368055555555556 0.25 0.8472222222222222 0.255859375 0.84375
0 0.09375 0.3888888888888889 0.099609375 0.40625 0.1171875 0.40625 0.111328125 0.3611111111111111 0.099609375 0.3472222222222222 0.09375 0.3472222222222222 0.09375 0.3888888888888889
0 0.068359375 0.40625 0.0859375 0.4166666666666667 0.09765625 0.40625 0.091796875 0.3715277777777778 0.06640625 0.3680555555555556 0.0625 0.3784722222222222 0.068359375 0.40625
0 0.8740234375 0.9965277777777778 0.87890625 0.9826388888888888 0.88671875 0.9965277777777778 0.875 0.9722222222222222 0.86328125 0.96875 0.861328125 0.9965277777777778 0.8740234375 0.9965277777777778
0 0.67578125 0.8993055555555556 0.685546875 0.9027777777777778 0.693359375 0.8784722222222222 0.685546875 0.8125 0.67578125 0.78125 0.662109375 0.7847222222222222 0.66796875 0.8784722222222222 0.67578125 0.8993055555555556
0 0.84375 0.2777777777777778 0.84375 0.25 0.828125 0.25 0.82421875 0.2708333333333333 0.84375 0.2777777777777778
0 0.23046875 0.2847222222222222 0.228515625 0.25 0.22265625 0.2465277777777778 0.21875 0.28125 0.23046875 0.2847222222222222
0 0.611328125 0.875 0.6328125 0.9305555555555556 0.66015625 0.96875 0.66796875 0.9548611111111112 0.66796875 0.9375 0.6484375 0.8263888888888888 0.619140625 0.8472222222222222 0.6171875 0.8715277777777778 0.611328125 0.875
0 0.8046875 0.2743055555555556 0.802734375 0.2465277777777778 0.7890625 0.25 0.787109375 0.2638888888888889 0.8046875 0.2743055555555556
0 0.57421875 0.5833333333333334 0.58203125 0.625 0.587890625 0.625 0.59765625 0.5972222222222222 0.587890625 0.5451388888888888 0.580078125 0.5451388888888888 0.57421875 0.5486111111111112 0.57421875 0.5833333333333334
0 0.7734375 0.2604166666666667 0.775390625 0.2361111111111111 0.76171875 0.2326388888888889 0.759765625 0.2569444444444444 0.7734375 0.2604166666666667
0 0.775390625 0.4791666666666667 0.8046875 0.4652777777777778 0.8125 0.4409722222222222 0.802734375 0.40625 0.787109375 0.4097222222222222 0.7734375 0.4409722222222222 0.775390625 0.4791666666666667