0 0.8984375 0.2916666666666667 0.904296875 0.28125 0.904296875 0.2638888888888889 0.892578125 0.2534722222222222 0.880859375 0.2604166666666667 0.880859375 0.2916666666666667 0.8984375 0.2916666666666667
0 0.7109375 0.2465277777777778 0.732421875 0.25 0.734375 0.2222222222222222 0.716796875 0.21875 0.7109375 0.2222222222222222 0.7109375 0.2465277777777778
0 0.58984375 0.3263888888888889 0.599609375 0.3090277777777778 0.59375 0.2847222222222222 0.5859375 0.2847222222222222 0.580078125 0.3159722222222222 0.58984375 0.3263888888888889
0 0.8056640625 0.40625 0.806640625 0.3854166666666667 0.818359375 0.40625 0.822265625 0.3993055555555556 0.822265625 0.3715277777777778 0.791015625 0.3715277777777778 0.78125 0.40625 0.8056640625 0.40625
0 0.048828125 0.4340277777777778 0.060546875 0.4166666666666667 0.05078125 0.3784722222222222 0.041015625 0.375 0.037109375 0.4201388888888889 0.048828125 0.4340277777777778
0 0 0.8923611111111112 0.041015625 0.8680555555555556 0.056640625 0.8472222222222222 0.078125 0.84375 0.091796875 0.8125 0.080078125 0.78125 0.0859375 0.7673611111111112 0.07421875 0.7916666666666666 0.076171875 0.8055555555555556 0.064453125 0.8125 0.0625 0.7951388888888888 0.0546875 0.7881944444444444 0.060546875 0.7638888888888888 0.05078125 0.7326388888888888 0.037109375 0.7361111111111112 0.025390625 0.7604166666666666 0.009765625 0.7673611111111112 0.009765625 0.7777777777777778 0 0.7743055555555556 0.017578125 0.7881944444444444 0 0.8125 0 0.8923611111111112
0 0.130859375 0.6076388888888888 0.1171875 0.625 0.119140625 0.6493055555555556 0.13671875 0.6527777777777778 0.142578125 0.6388888888888888 0.16796875 0.6354166666666666 0.173828125 0.625 0.205078125 0.625 0.205078125 0.5798611111111112 0.177734375 0.5590277777777778 0.16796875 0.53125 0.13671875 0.5451388888888888 0.138671875 0.5763888888888888 0.130859375 0.6076388888888888
0 0.27734375 0.5138888888888888 0.28125 0.4652777777777778 0.2578125 0.4756944444444444 0.255859375 0.5 0.27734375 0.5138888888888888
0 0.224609375 0.5243055555555556 0.25 0.5104166666666666 0.244140625 0.4895833333333333 0.248046875 0.46875 0.23828125 0.4618055555555556 0.23046875 0.4722222222222222 0.22265625 0.5034722222222222 0.224609375 0.5243055555555556
0 0.130859375 0.40625 0.130859375 0.375 0.125 0.3611111111111111 0.11328125 0.3576388888888889 0.111328125 0.40625 0.130859375 0.40625
0 0.09765625 0.5868055555555556 0.134765625 0.5729166666666666 0.13671875 0.5416666666666666 0.158203125 0.5277777777777778 0.16015625 0.5173611111111112 0.154296875 0.5277777777777778 0.1484375 0.5173611111111112 0.12890625 0.5451388888888888 0.123046875 0.5138888888888888 0.12109375 0.5277777777777778 0.111328125 0.5138888888888888 0.1171875 0.5416666666666666 0.09765625 0.5451388888888888 0.09375 0.5555555555555556 0.091796875 0.5763888888888888 0.09765625 0.5868055555555556
0 0.875 0.4340277777777778 0.92578125 0.4375 0.921875 0.4027777777777778 0.91015625 0.40625 0.90625 0.3888888888888889 0.888671875 0.3923611111111111 0.875 0.4201388888888889 0.875 0.4340277777777778
0 0.150390625 0.4027777777777778 0.15625 0.3715277777777778 0.1484375 0.3472222222222222 0.138671875 0.3541666666666667 0.138671875 0.3923611111111111 0.150390625 0.4027777777777778
0 0.01171875 0.4479166666666667 0.0234375 0.4479166666666667 0.03125 0.4375 0.029296875 0.4027777777777778 0.0234375 0.3888888888888889 0.009765625 0.3888888888888889 0.005859375 0.4340277777777778 0.01171875 0.4479166666666667
0 0.568359375 0.4479166666666667 0.576171875 0.4375 0.611328125 0.4340277777777778 0.611328125 0.40625 0.580078125 0.4027777777777778 0.5703125 0.4166666666666667 0.5625 0.4305555555555556 0.568359375 0.4479166666666667
0 0.505859375 0.4826388888888889 0.517578125 0.46875 0.548828125 0.46875 0.548828125 0.4340277777777778 0.51171875 0.4340277777777778 0.50390625 0.4618055555555556 0.505859375 0.4826388888888889
0 0.5625 0.3263888888888889 0.572265625 0.3263888888888889 0.57421875 0.2847222222222222 0.560546875 0.2916666666666667 0.556640625 0.3090277777777778 0.5625 0.3263888888888889
0 0.849609375 0.28125 0.8671875 0.28125 0.873046875 0.2638888888888889 0.8671875 0.25 0.849609375 0.25 0.849609375 0.28125
0 0.16796875 0.4027777777777778 0.205078125 0.3993055555555556 0.19140625 0.3611111111111111 0.171875 0.3611111111111111 0.162109375 0.3854166666666667 0.16796875 0.4027777777777778