0 0.822265625 0.2638888888888889 0.818359375 0.2465277777777778 0.8046875 0.24305555555555555 0.8046875 0.2673611111111111 0.822265625 0.2638888888888889
0 0.248046875 0.5347222222222222 0.25 0.5590277777777778 0.255859375 0.5590277777777778 0.25 0.5451388888888888 0.26171875 0.53125 0.26171875 0.4861111111111111 0.2421875 0.4965277777777778 0.23828125 0.5138888888888888 0.248046875 0.5347222222222222
0 0.07421875 0.3055555555555556 0.076171875 0.2881944444444444 0.06640625 0.2638888888888889 0.05078125 0.2743055555555556 0.05078125 0.3055555555555556 0.07421875 0.3055555555555556
0 0.25 0.25 0.259765625 0.25 0.255859375 0.2222222222222222 0.25 0.2222222222222222 0.25 0.25
0 0.25390625 0.6527777777777778 0.267578125 0.7465277777777778 0.2734375 0.7326388888888888 0.267578125 0.71875 0.28125 0.6909722222222222 0.28125 0.6388888888888888 0.271484375 0.6215277777777778 0.26171875 0.6215277777777778 0.25390625 0.6354166666666666 0.25390625 0.6527777777777778
0 0.005859375 0.3055555555555556 0.0234375 0.3090277777777778 0.0234375 0.28125 0.01171875 0.2743055555555556 0.005859375 0.28125 0.005859375 0.3055555555555556
0 0.275390625 0.4201388888888889 0.287109375 0.4027777777777778 0.287109375 0.3854166666666667 0.26953125 0.375 0.267578125 0.3958333333333333 0.275390625 0.4201388888888889
0 0.142578125 0.3125 0.142578125 0.2847222222222222 0.13671875 0.2743055555555556 0.126953125 0.2777777777777778 0.125 0.3090277777777778 0.142578125 0.3125
0 0.767578125 0.4340277777777778 0.767578125 0.4618055555555556 0.779296875 0.4652777777777778 0.78515625 0.4513888888888889 0.796875 0.4652777777777778 0.8125 0.4340277777777778 0.8125 0.3854166666666667 0.798828125 0.375 0.783203125 0.4166666666666667 0.767578125 0.4340277777777778
0 0.3154296875 0.234375 0.005859375 0.024305555555555556
0 0.21875 0.2743055555555556 0.23046875 0.2604166666666667 0.224609375 0.2326388888888889 0.21875 0.2326388888888889 0.21875 0.2743055555555556
0 0.130859375 0.3090277777777778 0.138671875 0.2951388888888889 0.134765625 0.2673611111111111 0.11328125 0.2777777777777778 0.11328125 0.3090277777777778 0.130859375 0.3090277777777778
0 0.30078125 0.2951388888888889 0.310546875 0.2916666666666667 0.306640625 0.2638888888888889 0.298828125 0.2638888888888889 0.30078125 0.2951388888888889
0 0.205078125 0.3993055555555556 0.197265625 0.3680555555555556 0.16796875 0.3576388888888889 0.1640625 0.4027777777777778 0.205078125 0.3993055555555556
0 0.2890625 0.3090277777777778 0.291015625 0.2916666666666667 0.28125 0.2777777777777778 0.279296875 0.3055555555555556 0.2890625 0.3090277777777778
0 0.23828125 0.4826388888888889 0.248046875 0.4652777777777778 0.25 0.4236111111111111 0.234375 0.4201388888888889 0.23046875 0.4548611111111111 0.23828125 0.4826388888888889
0 0.279296875 0.2777777777777778 0.28125 0.2534722222222222 0.26953125 0.2534722222222222 0.26953125 0.2743055555555556 0.279296875 0.2777777777777778
0 0.318359375 0.2777777777777778 0.322265625 0.25 0.31640625 0.2465277777777778 0.3125 0.2743055555555556 0.318359375 0.2777777777777778
0 0.142578125 0.3125 0.16015625 0.3159722222222222 0.166015625 0.2951388888888889 0.16015625 0.28125 0.150390625 0.28125 0.142578125 0.2951388888888889 0.142578125 0.3125
0 0.330078125 0.3645833333333333 0.337890625 0.3680555555555556 0.34375 0.3402777777777778 0.330078125 0.3298611111111111 0.326171875 0.3472222222222222 0.330078125 0.3645833333333333
0 0.880859375 0.2743055555555556 0.875 0.25 0.857421875 0.2569444444444444 0.859375 0.2777777777777778 0.880859375 0.2743055555555556
0 0.28515625 0.5 0.296875 0.4548611111111111 0.291015625 0.4236111111111111 0.28125 0.4236111111111111 0.28515625 0.5
0 0.361934267578125 0.2596982743055556 0.3671875 0.2534722222222222 0.361328125 0.25 0.361934267578125 0.2596982743055556
0 0.3671875 0.2743055555555556 0.362092390625 0.26222826041666664 0.36328125 0.28125 0.3671875 0.2743055555555556
0 0.1875 0.5104166666666666 0.201171875 0.4826388888888889 0.19921875 0.4513888888888889 0.1875 0.4513888888888889 0.1875 0.5104166666666666
0 0.78125 0.25 0.78125 0.22916666666666666 0.767578125 0.2326388888888889 0.763671875 0.25 0.78125 0.25
0 0.74609375 0.34375 0.755859375 0.3125 0.734375 0.3159722222222222 0.73046875 0.34375 0.74609375 0.34375