0 0.830078125 0.2743055555555556 0.859375 0.28125 0.85546875 0.2534722222222222 0.83203125 0.2465277777777778 0.826171875 0.2534722222222222 0.830078125 0.2743055555555556
0 0.068359375 0.4201388888888889 0.0859375 0.4201388888888889 0.091796875 0.40625 0.080078125 0.375 0.068359375 0.375 0.068359375 0.4201388888888889
0 0.029296875 0.375 0.029296875 0.3888888888888889 0.03515625 0.3888888888888889 0.041015625 0.3715277777777778 0.037109375 0.3472222222222222 0.01953125 0.34375 0.017578125 0.3541666666666667 0.029296875 0.375
0 0.36328125 0.4236111111111111 0.361328125 0.3923611111111111 0.353515625 0.3923611111111111 0.349609375 0.4548611111111111 0.36328125 0.4236111111111111
0 0.4375 0.625 0.443359375 0.6076388888888888 0.44140625 0.5763888888888888 0.431640625 0.5729166666666666 0.423828125 0.5868055555555556 0.42578125 0.6180555555555556 0.4375 0.625
0 0.0234375 0.4375 0.029296875 0.4305555555555556 0.029296875 0.4027777777777778 0.013671875 0.3888888888888889 0.01171875 0.4375 0.0234375 0.4375
0 0.201171875 0.4826388888888889 0.2109375 0.4652777777777778 0.2109375 0.4236111111111111 0.205078125 0.4201388888888889 0.193359375 0.4201388888888889 0.201171875 0.4826388888888889
0 0.248046875 0.5243055555555556 0.2421875 0.53125 0.25 0.5625 0.271484375 0.59375 0.267578125 0.5833333333333334 0.2734375 0.5711805555555556 0.2734375 0.5138888888888888 0.263671875 0.5243055555555556 0.244140625 0.5138888888888888 0.236328125 0.4826388888888889 0.23046875 0.4826388888888889 0.248046875 0.5243055555555556
0 0.23046875 0.3055555555555556 0.236328125 0.3055555555555556 0.228515625 0.2916666666666667 0.228515625 0.2743055555555556 0.236328125 0.2743055555555556 0.228515625 0.2673611111111111 0.224609375 0.2847222222222222 0.23046875 0.3055555555555556
0 0.087890625 0.3229166666666667 0.091796875 0.2986111111111111 0.07421875 0.2916666666666667 0.072265625 0.3229166666666667 0.087890625 0.3229166666666667
0 0.01953125 0.5555555555555556 0.03125 0.4965277777777778 0.0234375 0.4826388888888889 0.009765625 0.4826388888888889 0.005859375 0.5277777777777778 0.01953125 0.5555555555555556
0 0.138671875 0.4027777777777778 0.1484375 0.40625 0.15625 0.3888888888888889 0.15625 0.3611111111111111 0.1484375 0.3472222222222222 0.13671875 0.3472222222222222 0.134765625 0.3888888888888889 0.138671875 0.4027777777777778
0 0.068359375 0.3402777777777778 0.06640625 0.3125 0.046875 0.3125 0.04296875 0.34375 0.068359375 0.3402777777777778
0 0.41015625 0.7916666666666666 0.423828125 0.8263888888888888 0.447265625 0.8263888888888888 0.443359375 0.75 0.421875 0.75 0.412109375 0.7604166666666666 0.416015625 0.7743055555555556 0.41015625 0.7916666666666666
0 0.37890625 0.8472222222222222 0.380859375 0.8854166666666666 0.3984375 0.9166666666666666 0.3984375 0.8125 0.388671875 0.78125 0.375 0.7847222222222222 0.369140625 0.8298611111111112 0.37890625 0.8472222222222222
0 0.0625 0.6388888888888888 0.076171875 0.6666666666666666 0.0859375 0.6701388888888888 0.0859375 0.6458333333333334 0.091796875 0.6354166666666666 0.087890625 0.5972222222222222 0.072265625 0.5902777777777778 0.0625 0.59375 0.0625 0.6388888888888888
0 0.171875 0.3541666666666667 0.1796875 0.3472222222222222 0.181640625 0.3263888888888889 0.17578125 0.3125 0.166015625 0.3159722222222222 0.16015625 0.34375 0.171875 0.3541666666666667
0 0.271484375 0.59375 0.267578125 0.5798611111111112 0.2734375 0.5720486111111112 0.2734375 0.5173611111111112 0.251953125 0.5277777777777778 0.25 0.5625 0.271484375 0.59375
0 0.0859375 0.4930555555555556 0.091796875 0.4513888888888889 0.0859375 0.4340277777777778 0.068359375 0.4340277777777778 0.068359375 0.4826388888888889 0.0859375 0.4930555555555556
0 0.21875 0.4479166666666667 0.236328125 0.4236111111111111 0.236328125 0.375 0.224609375 0.3611111111111111 0.2109375 0.375 0.21875 0.4479166666666667
0 0.7421875 0.5763888888888888 0.759765625 0.5486111111111112 0.763671875 0.5034722222222222 0.744140625 0.5034722222222222 0.73828125 0.5138888888888888 0.736328125 0.5763888888888888 0.7421875 0.5763888888888888
0 0.048828125 0.4513888888888889 0.068359375 0.4305555555555556 0.068359375 0.4097222222222222 0.0546875 0.3993055555555556 0.048828125 0.4027777777777778 0.048828125 0.4513888888888889
0 0.09375 0.53125 0.099609375 0.5173611111111112 0.11328125 0.5138888888888888 0.1171875 0.46875 0.09765625 0.4652777777777778 0.091796875 0.4756944444444444 0.087890625 0.5173611111111112 0.09375 0.53125
0 0.580078125 0.6284722222222222 0.5859375 0.6041666666666666 0.5859375 0.5486111111111112 0.564453125 0.5590277777777778 0.56640625 0.6111111111111112 0.580078125 0.6284722222222222
0 0.10546875 0.3055555555555556 0.12109375 0.2951388888888889 0.125 0.28125 0.111328125 0.2673611111111111 0.10546875 0.2743055555555556 0.10546875 0.3055555555555556
0 0.1171875 0.3993055555555556 0.125 0.4305555555555556 0.13671875 0.4201388888888889 0.13671875 0.4027777777777778 0.130859375 0.3680555555555556 0.123046875 0.3715277777777778 0.1171875 0.375 0.1171875 0.3993055555555556
0 0.01953125 0.3055555555555556 0.037109375 0.3090277777777778 0.037109375 0.28125 0.0234375 0.2777777777777778 0.017578125 0.28125 0.01953125 0.3055555555555556
0 0.88671875 0.2777777777777778 0.884765625 0.2534722222222222 0.865234375 0.2569444444444444 0.86328125 0.2777777777777778 0.88671875 0.2777777777777778
0 0.263671875 0.3090277777777778 0.26171875 0.2847222222222222 0.251953125 0.2881944444444444 0.25 0.3125 0.263671875 0.3090277777777778
0 0.640625 0.8020833333333334 0.654296875 0.8125 0.654296875 0.7534722222222222 0.6484375 0.7361111111111112 0.634765625 0.7361111111111112 0.625 0.7604166666666666 0.640625 0.8020833333333334
0 0.3359375 0.8263888888888888 0.341796875 0.8159722222222222 0.341796875 0.71875 0.318359375 0.7152777777777778 0.318359375 0.78125 0.3359375 0.8263888888888888
0 0.35546875 0.7430555555555556 0.361328125 0.7430555555555556 0.375 0.7048611111111112 0.375 0.6875 0.369140625 0.6597222222222222 0.34375 0.6597222222222222 0.341796875 0.6875 0.35546875 0.7430555555555556
0 0.5625 0.9930555555555556 0.560546875 0.9652777777777778 0.548828125 0.9583333333333334 0.548828125 0.9375 0.54296875 0.9305555555555556 0.51953125 0.9375 0.513671875 0.9513888888888888 0.513671875 0.9965277777777778 0.5625 0.9930555555555556
0 0.474609375 0.9548611111111112 0.486328125 0.9930555555555556 0.498046875 0.9930555555555556 0.48828125 0.8888888888888888 0.474609375 0.8888888888888888 0.474609375 0.9548611111111112
0 0.638671875 0.71875 0.6484375 0.71875 0.642578125 0.6701388888888888 0.62890625 0.6666666666666666 0.625 0.6909722222222222 0.638671875 0.71875
0 0.603515625 0.6770833333333334 0.591796875 0.7013888888888888 0.599609375 0.7048611111111112 0.60546875 0.6805555555555556 0.599609375 0.65625 0.59375 0.65625 0.591796875 0.6736111111111112 0.603515625 0.6770833333333334
0 0.1171875 0.9166666666666666 0.142578125 0.9513888888888888 0.142578125 0.9097222222222222 0.1484375 0.8993055555555556 0.14453125 0.8368055555555556 0.13671875 0.8229166666666666 0.1171875 0.8298611111111112 0.111328125 0.8368055555555556 0.1171875 0.9166666666666666
0 0.412109375 0.9930555555555556 0.447265625 0.9930555555555556 0.44140625 0.9618055555555556 0.44140625 0.8888888888888888 0.423828125 0.8923611111111112 0.412109375 0.90625 0.412109375 0.9930555555555556
0 0.19140625 0.4166666666666667 0.19921875 0.3784722222222222 0.1796875 0.3541666666666667 0.16796875 0.3576388888888889 0.162109375 0.4027777777777778 0.19140625 0.4166666666666667
0 0.26953125 0.8368055555555556 0.3046875 0.8888888888888888 0.3046875 0.7847222222222222 0.296875 0.7673611111111112 0.287109375 0.7673611111111112 0.267578125 0.78125 0.26953125 0.8368055555555556