0 0.8125 0.2673611111111111 0.830078125 0.2673611111111111 0.83203125 0.25 0.8203125 0.24305555555555555 0.8125 0.24305555555555555 0.8125 0.2673611111111111
0 0.162109375 0.5868055555555556 0.171875 0.59375 0.173828125 0.5659722222222222 0.1796875 0.5590277777777778 0.177734375 0.53125 0.162109375 0.53125 0.162109375 0.5868055555555556
0 0.162109375 0.3993055555555556 0.205078125 0.3993055555555556 0.19921875 0.3715277777777778 0.173828125 0.3576388888888889 0.162109375 0.3784722222222222 0.162109375 0.3993055555555556
0 0.1171875 0.6111111111111112 0.123046875 0.6180555555555556 0.134765625 0.6076388888888888 0.134765625 0.5555555555555556 0.111328125 0.5555555555555556 0.111328125 0.5972222222222222 0.1171875 0.6111111111111112
0 0.236328125 0.9201388888888888 0.234375 0.9409722222222222 0.21875 0.9513888888888888 0.228515625 0.96875 0.23046875 0.9930555555555556 0.2734375 0.9930555555555556 0.265625 0.9166666666666666 0.2734375 0.8715277777777778 0.263671875 0.875 0.263671875 0.9097222222222222 0.255859375 0.8993055555555556 0.236328125 0.90625 0.234375 0.9166666666666666 0.21875 0.90625 0.21875 0.9305555555555556 0.236328125 0.9201388888888888
0 0.099609375 0.4618055555555556 0.10546875 0.4722222222222222 0.1171875 0.4548611111111111 0.115234375 0.4201388888888889 0.099609375 0.4201388888888889 0.099609375 0.4618055555555556
0 0.380859375 0.5868055555555556 0.392578125 0.5451388888888888 0.392578125 0.5104166666666666 0.38671875 0.5 0.376953125 0.5034722222222222 0.375 0.5486111111111112 0.380859375 0.5868055555555556
0 0.263671875 0.2743055555555556 0.263671875 0.2534722222222222 0.255859375 0.2465277777777778 0.25390625 0.2673611111111111 0.263671875 0.2743055555555556
0 0.33203125 0.9791666666666666 0.332681640625 0.9965277777777778 0.353515625 0.9965277777777778 0.361328125 0.9791666666666666 0.36328125 0.9375 0.32421875 0.9826388888888888 0.322265625 0.9965277777777778 0.33203125 0.9791666666666666
0 0.037109375 0.4548611111111111 0.046875 0.4548611111111111 0.048828125 0.40625 0.03515625 0.4027777777777778 0.03125 0.4236111111111111 0.037109375 0.4548611111111111
0 0.275390625 0.2916666666666667 0.28125 0.2916666666666667 0.28125 0.2638888888888889 0.2734375 0.2638888888888889 0.275390625 0.2916666666666667
0 0.1171875 0.5034722222222222 0.13671875 0.53125 0.142578125 0.5243055555555556 0.138671875 0.4826388888888889 0.1171875 0.4826388888888889 0.1171875 0.5034722222222222
0 0.76953125 0.9409722222222222 0.7734375 0.9548611111111112 0.779296875 0.9479166666666666 0.80078125 0.9791666666666666 0.818359375 0.9513888888888888 0.810546875 0.9270833333333334 0.8125 0.90625 0.798828125 0.8611111111111112 0.78125 0.8611111111111112 0.775390625 0.8888888888888888 0.78125 0.9340277777777778 0.76953125 0.9409722222222222
0 0.724609375 0.90625 0.75390625 0.9305555555555556 0.759765625 0.9166666666666666 0.748046875 0.875 0.75390625 0.8576388888888888 0.748046875 0.8541666666666666 0.744140625 0.8298611111111112 0.73046875 0.8125 0.724609375 0.8159722222222222 0.71875 0.8888888888888888 0.724609375 0.90625
0 0.162109375 0.2916666666666667 0.154296875 0.2638888888888889 0.14453125 0.2951388888888889 0.162109375 0.2916666666666667
0 0.275390625 0.5243055555555556 0.275390625 0.4861111111111111 0.26171875 0.4826388888888889 0.255859375 0.5104166666666666 0.275390625 0.5243055555555556
0 0 0.7291666666666666 0.005859375 0.7291666666666666 0.005859375 0.7048611111111112 0.013671875 0.6909722222222222 0.01171875 0.6215277777777778 0 0.6284722222222222 0 0.7291666666666666
0 0.16796875 0.2986111111111111 0.174045138671875 0.3067129618055555 0.171875 0.2951388888888889 0.16796875 0.2986111111111111
0 0.177734375 0.3263888888888889 0.1748621328125 0.31107026041666663 0.16796875 0.3263888888888889 0.177734375 0.3263888888888889
0 0.37109375 0.8506944444444444 0.380859375 0.8680555555555556 0.392578125 0.8368055555555556 0.392578125 0.8125 0.404296875 0.8055555555555556 0.3984375 0.78125 0.404296875 0.75 0.369140625 0.7777777777777778 0.36328125 0.8090277777777778 0.37109375 0.8506944444444444
0 0.287109375 0.5590277777777778 0.298828125 0.5763888888888888 0.3046875 0.5243055555555556 0.30078125 0.5138888888888888 0.28515625 0.5138888888888888 0.28125 0.53125 0.287109375 0.5590277777777778
0 0.3046875 0.5138888888888888 0.310546875 0.5138888888888888 0.3125 0.4652777777777778 0.298828125 0.4618055555555556 0.296875 0.4861111111111111 0.3046875 0.5138888888888888
0 0.099609375 0.5972222222222222 0.095703125 0.5763888888888888 0.068359375 0.5729166666666666 0.080078125 0.625 0.099609375 0.5972222222222222
0 0.2421875 0.4826388888888889 0.255859375 0.46875 0.251953125 0.4201388888888889 0.23828125 0.4201388888888889 0.2421875 0.4826388888888889
0 0.19140625 0.65625 0.19921875 0.6354166666666666 0.201171875 0.59375 0.193359375 0.5763888888888888 0.185546875 0.5763888888888888 0.17578125 0.6076388888888888 0.19140625 0.65625
0 0.283203125 0.4027777777777778 0.29296875 0.3888888888888889 0.29296875 0.3680555555555556 0.291015625 0.3576388888888889 0.275390625 0.3611111111111111 0.2734375 0.3993055555555556 0.283203125 0.4027777777777778
0 0.318359375 0.5625 0.32421875 0.5625 0.330078125 0.5104166666666666 0.32421875 0.4861111111111111 0.31640625 0.4895833333333333 0.3125 0.5416666666666666 0.318359375 0.5625
0 0.15625 0.4930555555555556 0.162109375 0.4826388888888889 0.162109375 0.4479166666666667 0.14453125 0.4375 0.142578125 0.4861111111111111 0.15625 0.4930555555555556
0 0.03125 0.6527777777777778 0.04296875 0.625 0.04296875 0.5659722222222222 0.01953125 0.5763888888888888 0.01953125 0.625 0.03125 0.6527777777777778
0 0.12890625 0.9201388888888888 0.134765625 0.9236111111111112 0.130859375 0.9375 0.138671875 0.9548611111111112 0.138671875 0.9930555555555556 0.169921875 0.9861111111111112 0.173828125 0.9027777777777778 0.16796875 0.875 0.150390625 0.875 0.134765625 0.9027777777777778 0.13671875 0.9131944444444444 0.12890625 0.9201388888888888
0 0.05078125 0.3159722222222222 0.048828125 0.2847222222222222 0.04296875 0.28125 0.037109375 0.3125 0.05078125 0.3159722222222222
0 0.6875 0.8993055555555556 0.697265625 0.9097222222222222 0.697265625 0.9965277777777778 0.736328125 0.9965277777777778 0.73046875 0.9791666666666666 0.734375 0.9618055555555556 0.716796875 0.8888888888888888 0.703125 0.9027777777777778 0.6875 0.8993055555555556
0 0.662109375 0.9340277777777778 0.662109375 0.9513888888888888 0.669921875 0.9513888888888888 0.673828125 0.96875 0.673828125 0.9513888888888888 0.662109375 0.9236111111111112 0.673828125 0.9027777777777778 0.666015625 0.8958333333333334 0.666015625 0.875 0.6484375 0.875 0.64453125 0.8854166666666666 0.64453125 0.9236111111111112 0.662109375 0.9340277777777778
0 0.15625 0.6736111111111112 0.1484375 0.6875 0.162109375 0.6701388888888888 0.16796875 0.6979166666666666 0.1796875 0.7013888888888888 0.1796875 0.6666666666666666 0.171875 0.6493055555555556 0.142578125 0.6493055555555556 0.15625 0.6736111111111112
0 0.517578125 0.6458333333333334 0.53515625 0.6701388888888888 0.546875 0.7291666666666666 0.5625 0.7291666666666666 0.5625 0.6701388888888888 0.556640625 0.6493055555555556 0.560546875 0.6388888888888888 0.5546875 0.6284722222222222 0.53125 0.6388888888888888 0.51953125 0.6180555555555556 0.529296875 0.6493055555555556 0.517578125 0.6458333333333334
0 0.3046875 0.2638888888888889 0.30078125 0.24305555555555555 0.298828125 0.2673611111111111 0.3046875 0.2638888888888889
0 0.126953125 0.3159722222222222 0.134765625 0.3055555555555556 0.130859375 0.2847222222222222 0.1171875 0.2881944444444444 0.11328125 0.3125 0.126953125 0.3159722222222222
0 0.380859375 0.3541666666666667 0.384765625 0.3159722222222222 0.375 0.3125 0.375 0.34375 0.380859375 0.3541666666666667
0 0.173828125 0.8541666666666666 0.185546875 0.8263888888888888 0.1796875 0.7534722222222222 0.15625 0.7534722222222222 0.15625 0.8229166666666666 0.173828125 0.8541666666666666
0 0.482421875 0.4826388888888889 0.486328125 0.4409722222222222 0.474609375 0.4305555555555556 0.474609375 0.46875 0.482421875 0.4826388888888889
0 0.392578125 0.9097222222222222 0.404296875 0.9305555555555556 0.392578125 0.9513888888888888 0.392578125 0.96875 0.404296875 0.9930555555555556 0.44921875 0.9965277777777778 0.451171875 0.9826388888888888 0.42578125 0.8888888888888888 0.40234375 0.8958333333333334 0.3828125 0.8680555555555556 0.38671875 0.9166666666666666 0.392578125 0.9097222222222222
0 0.435546875 0.875 0.4375 0.8611111111111112 0.4296875 0.875 0.435546875 0.875
0 0.181640625 0.5138888888888888 0.19140625 0.5173611111111112 0.197265625 0.5104166666666666 0.197265625 0.46875 0.19140625 0.4513888888888889 0.1796875 0.4513888888888889 0.17578125 0.4930555555555556 0.181640625 0.5138888888888888
0 0.806640625 0.4513888888888889 0.81640625 0.4027777777777778 0.80078125 0.4097222222222222 0.79296875 0.4479166666666667 0.806640625 0.4513888888888889