0 0.119140625 0.3090277777777778 0.115234375 0.2777777777777778 0.099609375 0.28125 0.099609375 0.3125 0.119140625 0.3090277777777778
0 0.251953125 0.4097222222222222 0.26171875 0.375 0.259765625 0.3472222222222222 0.248046875 0.34375 0.23828125 0.3576388888888889 0.236328125 0.3993055555555556 0.251953125 0.4097222222222222
0 0.1875 0.3125 0.1875 0.2847222222222222 0.1796875 0.2673611111111111 0.173828125 0.3055555555555556 0.1875 0.3125
0 0.005859375 0.375 0.029296875 0.3680555555555556 0.02734375 0.3368055555555556 0.005859375 0.3368055555555556 0 0.34375 0.005859375 0.375
0 0.0546875 0.5034722222222222 0.0625 0.5104166666666666 0.07421875 0.5 0.07421875 0.4618055555555556 0.068359375 0.4513888888888889 0.05078125 0.4513888888888889 0.048828125 0.4826388888888889 0.0546875 0.5034722222222222
0 0.205078125 0.3993055555555556 0.197265625 0.3715277777777778 0.16796875 0.3611111111111111 0.1640625 0.4027777777777778 0.205078125 0.3993055555555556
0 0.06640625 0.4201388888888889 0.08203125 0.4479166666666667 0.087890625 0.4375 0.087890625 0.4097222222222222 0.07421875 0.375 0.06640625 0.375 0.06640625 0.4201388888888889
0 0.33203125 0.5625 0.337890625 0.5659722222222222 0.34375 0.5625 0.349609375 0.5138888888888888 0.3359375 0.5034722222222222 0.326171875 0.5138888888888888 0.33203125 0.5625
0 0.23046875 0.2638888888888889 0.244140625 0.2604166666666667 0.236328125 0.2326388888888889 0.228515625 0.2465277777777778 0.23046875 0.2638888888888889
0 0.82421875 0.2638888888888889 0.8203125 0.24305555555555555 0.8125 0.2361111111111111 0.8046875 0.2638888888888889 0.82421875 0.2638888888888889
0 0.80078125 0.4305555555555556 0.81640625 0.4305555555555556 0.830078125 0.4097222222222222 0.8125 0.3611111111111111 0.8046875 0.3611111111111111 0.796875 0.3784722222222222 0.79296875 0.4097222222222222 0.80078125 0.4305555555555556
0 0.037109375 0.34375 0.04296875 0.3090277777777778 0.03515625 0.2951388888888889 0.025390625 0.3055555555555556 0.025390625 0.3263888888888889 0.037109375 0.34375
0 0.3984375 0.8784722222222222 0.4296875 0.9236111111111112 0.423828125 0.9131944444444444 0.431640625 0.8993055555555556 0.4375 0.8402777777777778 0.423828125 0.8090277777777778 0.42578125 0.7951388888888888 0.40625 0.7986111111111112 0.392578125 0.8298611111111112 0.38671875 0.7986111111111112 0.380859375 0.7986111111111112 0.380859375 0.8368055555555556 0.3984375 0.8784722222222222
0 0.01171875 0.5590277777777778 0.03515625 0.5104166666666666 0.00390625 0.4861111111111111 0 0.5277777777777778 0.01171875 0.5590277777777778
0 0.142578125 0.3229166666666667 0.142578125 0.2916666666666667 0.12890625 0.2847222222222222 0.125 0.3229166666666667 0.142578125 0.3229166666666667
0 0.09375 0.3229166666666667 0.09375 0.28125 0.076171875 0.2847222222222222 0.07421875 0.3194444444444444 0.09375 0.3229166666666667
0 0.091796875 0.5277777777777778 0.099609375 0.5277777777777778 0.111328125 0.4826388888888889 0.099609375 0.46875 0.087890625 0.4791666666666667 0.08203125 0.5034722222222222 0.091796875 0.5277777777777778
0 0.236328125 0.3472222222222222 0.236328125 0.3125 0.228515625 0.3125 0.224609375 0.3402777777777778 0.236328125 0.3472222222222222
0 0.7734375 0.3888888888888889 0.791015625 0.3993055555555556 0.798828125 0.3472222222222222 0.78125 0.3472222222222222 0.7734375 0.3611111111111111 0.7734375 0.3888888888888889
0 0.06640625 0.375 0.076171875 0.3611111111111111 0.072265625 0.34375 0.0625 0.34375 0.06640625 0.375
0 0.12890625 0.5590277777777778 0.12890625 0.5104166666666666 0.109375 0.4965277777777778 0.10546875 0.53125 0.12890625 0.5590277777777778
0 0.466796875 0.4513888888888889 0.466796875 0.4201388888888889 0.4609375 0.4097222222222222 0.44921875 0.4166666666666667 0.44921875 0.4548611111111111 0.466796875 0.4513888888888889
0 0.51171875 0.9965277777777778 0.505859375 0.9618055555555556 0.509765625 0.9375 0.48828125 0.9375 0.474609375 0.96875 0.46875 0.96875 0.45703125 0.9444444444444444 0.45703125 0.90625 0.443359375 0.9201388888888888 0.443359375 0.9930555555555556 0.51171875 0.9965277777777778
0 0.73828125 0.4791666666666667 0.748046875 0.4201388888888889 0.7421875 0.4097222222222222 0.728515625 0.4201388888888889 0.724609375 0.4652777777777778 0.73828125 0.4791666666666667
0 0.0625 0.5972222222222222 0.068359375 0.6354166666666666 0.07421875 0.6354166666666666 0.08203125 0.625 0.0859375 0.5798611111111112 0.08203125 0.5625 0.068359375 0.5555555555555556 0.0625 0.5625 0.0625 0.5972222222222222
0 0.099609375 0.6840277777777778 0.1171875 0.65625 0.1171875 0.59375 0.10546875 0.5868055555555556 0.09375 0.59375 0.087890625 0.6111111111111112 0.0859375 0.6388888888888888 0.099609375 0.6840277777777778