0 0.5 0.4201388888888889 0.517578125 0.4166666666666667 0.517578125 0.3784722222222222 0.498046875 0.3784722222222222 0.494140625 0.40625 0.5 0.4201388888888889
0 0.255859375 0.5034722222222222 0.255859375 0.5243055555555556 0.28515625 0.5104166666666666 0.28125 0.4791666666666667 0.267578125 0.46875 0.263671875 0.4965277777777778 0.255859375 0.5034722222222222
0 0.048828125 0.4618055555555556 0.048828125 0.4340277777777778 0.041015625 0.4201388888888889 0.03125 0.4305555555555556 0.013671875 0.4236111111111111 0.013671875 0.4618055555555556 0.048828125 0.4618055555555556
0 0.1953125 0.3993055555555556 0.19921875 0.375 0.19140625 0.3576388888888889 0.166015625 0.3576388888888889 0.1640625 0.4027777777777778 0.1953125 0.3993055555555556
0 0.111328125 0.2986111111111111 0.123046875 0.2951388888888889 0.1171875 0.2673611111111111 0.103515625 0.2708333333333333 0.099609375 0.28125 0.111328125 0.2986111111111111
0 0.75 0.46875 0.796875 0.4652777777777778 0.798828125 0.4375 0.79296875 0.4201388888888889 0.755859375 0.4236111111111111 0.744140625 0.4513888888888889 0.75 0.46875
0 0.111328125 0.3229166666666667 0.111328125 0.2951388888888889 0.099609375 0.28125 0.09375 0.3159722222222222 0.111328125 0.3229166666666667
0 0.369140625 0.4826388888888889 0.37890625 0.4826388888888889 0.388671875 0.4652777777777778 0.392578125 0.4375 0.384765625 0.4305555555555556 0.375 0.4479166666666667 0.3671875 0.46875 0.369140625 0.4826388888888889
0 0.09375 0.2951388888888889 0.099609375 0.2847222222222222 0.091796875 0.2673611111111111 0.076171875 0.2673611111111111 0.068359375 0.2951388888888889 0.09375 0.2951388888888889
0 0.861328125 0.4236111111111111 0.880859375 0.4513888888888889 0.89453125 0.4513888888888889 0.904296875 0.4340277777777778 0.900390625 0.40625 0.90625 0.3888888888888889 0.88671875 0.3923611111111111 0.8828125 0.4166666666666667 0.8671875 0.4027777777777778 0.861328125 0.40625 0.861328125 0.4236111111111111
0 0.38671875 0.5451388888888888 0.404296875 0.5416666666666666 0.41015625 0.4826388888888889 0.3984375 0.4652777777777778 0.384765625 0.4791666666666667 0.380859375 0.5347222222222222 0.38671875 0.5451388888888888
0 0.54296875 0.5416666666666666 0.5625 0.53125 0.5859375 0.5347222222222222 0.591796875 0.5243055555555556 0.591796875 0.4826388888888889 0.57421875 0.4722222222222222 0.56640625 0.4826388888888889 0.546875 0.4756944444444444 0.537109375 0.5138888888888888 0.54296875 0.5416666666666666
0 0.04296875 0.53125 0.037109375 0.53125 0.037109375 0.5104166666666666 0.03515625 0.5173611111111112 0.0234375 0.5 0.03125 0.5243055555555556 0.0234375 0.5416666666666666 0.037109375 0.5416666666666666 0.037109375 0.5555555555555556 0.05078125 0.5451388888888888 0.080078125 0.5451388888888888 0.072265625 0.4722222222222222 0.056640625 0.4722222222222222 0.0546875 0.5104166666666666 0.04296875 0.53125
0 0.318359375 0.4722222222222222 0.34375 0.4722222222222222 0.34765625 0.4618055555555556 0.34765625 0.4375 0.306640625 0.4340277777777778 0.3046875 0.4548611111111111 0.318359375 0.4722222222222222
0 0.10546875 0.4305555555555556 0.10546875 0.3888888888888889 0.0859375 0.3784722222222222 0.080078125 0.4027777777777778 0.10546875 0.4305555555555556
0 0.0546875 0.4375 0.064453125 0.4375 0.06640625 0.3888888888888889 0.05078125 0.3888888888888889 0.05078125 0.4236111111111111 0.0546875 0.4375
0 0.125 0.5 0.130859375 0.5277777777777778 0.154296875 0.5138888888888888 0.15625 0.53125 0.166015625 0.53125 0.173828125 0.5173611111111112 0.173828125 0.4826388888888889 0.162109375 0.46875 0.13671875 0.46875 0.13671875 0.4826388888888889 0.125 0.5
0 0.568359375 0.4375 0.576171875 0.4201388888888889 0.576171875 0.40625 0.568359375 0.4027777777777778 0.537109375 0.40625 0.53125 0.4513888888888889 0.568359375 0.4375
0 0 0.5763888888888888 0.033203125 0.5763888888888888 0.037109375 0.5590277777777778 0.017578125 0.53125 0.013671875 0.5416666666666666 0 0.5416666666666666 0 0.5763888888888888
0 0.6484375 0.46875 0.673828125 0.4930555555555556 0.685546875 0.4826388888888889 0.6875 0.46875 0.681640625 0.4409722222222222 0.6484375 0.4375 0.63671875 0.4548611111111111 0.630859375 0.46875 0.6484375 0.46875
0 0.349609375 0.46875 0.357421875 0.46875 0.361328125 0.4513888888888889 0.375 0.4479166666666667 0.380859375 0.4305555555555556 0.373046875 0.3993055555555556 0.359375 0.4097222222222222 0.349609375 0.4305555555555556 0.349609375 0.46875
0 0.279296875 0.5625 0.29296875 0.5451388888888888 0.32421875 0.5451388888888888 0.3359375 0.5 0.287109375 0.4965277777777778 0.275390625 0.5277777777777778 0.2734375 0.5555555555555556 0.279296875 0.5625
0 0.45703125 0.4722222222222222 0.494140625 0.4513888888888889 0.4921875 0.4305555555555556 0.4609375 0.4236111111111111 0.455078125 0.4375 0.45703125 0.4722222222222222
0 0.67578125 0.3888888888888889 0.693359375 0.3854166666666667 0.697265625 0.3680555555555556 0.69140625 0.3472222222222222 0.671875 0.3472222222222222 0.66796875 0.375 0.67578125 0.3888888888888889
0 0.236328125 0.46875 0.244140625 0.4409722222222222 0.2421875 0.4236111111111111 0.23046875 0.4201388888888889 0.224609375 0.40625 0.201171875 0.4236111111111111 0.20703125 0.4652777777777778 0.236328125 0.46875
0 0.16015625 0.59375 0.162109375 0.6180555555555556 0.1796875 0.59375 0.216796875 0.5868055555555556 0.21875 0.5590277777777778 0.212890625 0.5763888888888888 0.19921875 0.5486111111111112 0.1796875 0.5347222222222222 0.173828125 0.5416666666666666 0.171875 0.5729166666666666 0.16015625 0.59375