0 0.150390625 0.9340277777777778 0.142578125 0.9375 0.142578125 0.9479166666666666 0.16015625 0.9826388888888888 0.1796875 0.8923611111111112 0.173828125 0.8680555555555556 0.154296875 0.875 0.1484375 0.8888888888888888 0.14453125 0.8784722222222222 0.142578125 0.8993055555555556 0.150390625 0.9340277777777778
0 0.26171875 0.875 0.2734375 0.8888888888888888 0.275390625 0.9201388888888888 0.28125 0.9305555555555556 0.291015625 0.9236111111111112 0.298828125 0.9513888888888888 0.3046875 0.9375 0.3046875 0.8263888888888888 0.29296875 0.8229166666666666 0.2734375 0.84375 0.26171875 0.8402777777777778 0.255859375 0.8472222222222222 0.26171875 0.875
0 0.51171875 0.5729166666666666 0.525390625 0.59375 0.529296875 0.5555555555555556 0.5234375 0.5243055555555556 0.517578125 0.5208333333333334 0.51171875 0.5347222222222222 0.51171875 0.5729166666666666
0 0.041015625 0.5173611111111112 0.046875 0.5104166666666666 0.048828125 0.4722222222222222 0.04296875 0.4548611111111111 0.03125 0.4548611111111111 0.029296875 0.4895833333333333 0.041015625 0.5173611111111112
0 0.8046875 0.9791666666666666 0.806640625 0.9965277777777778 0.841796875 0.9965277777777778 0.82421875 0.9479166666666666 0.818359375 0.9409722222222222 0.8125 0.9513888888888888 0.8125 0.96875 0.8046875 0.9791666666666666
0 0.599609375 0.5347222222222222 0.59375 0.5416666666666666 0.60546875 0.5555555555555556 0.608952703125 0.577233482638889 0.611328125 0.5659722222222222 0.599609375 0.5347222222222222
0 0.60546875 0.59375 0.60847355859375 0.5795049861111111 0.591796875 0.5729166666666666 0.60546875 0.59375
0 0.884765625 0.71875 0.89453125 0.7465277777777778 0.90625 0.75 0.912109375 0.7222222222222222 0.91015625 0.6736111111111112 0.8984375 0.6423611111111112 0.875 0.6597222222222222 0.875 0.71875 0.884765625 0.71875
0 0.84765625 0.65625 0.84765625 0.6388888888888888 0.8359375 0.6388888888888888 0.8359375 0.6736111111111112 0.84765625 0.65625
0 0.548828125 0.5277777777777778 0.548828125 0.46875 0.53515625 0.46875 0.53125 0.5034722222222222 0.548828125 0.5277777777777778
0 0.19921875 0.6076388888888888 0.20703125 0.6215277777777778 0.216796875 0.6076388888888888 0.216796875 0.5590277777777778 0.2109375 0.5451388888888888 0.19921875 0.5451388888888888 0.19921875 0.6076388888888888
0 0.091796875 0.6701388888888888 0.099609375 0.6458333333333334 0.099609375 0.5868055555555556 0.080078125 0.5868055555555556 0.080078125 0.65625 0.091796875 0.6701388888888888
0 0.859375 0.7951388888888888 0.880859375 0.8368055555555556 0.8984375 0.8402777777777778 0.89453125 0.7534722222222222 0.884765625 0.7361111111111112 0.861328125 0.75 0.85546875 0.78125 0.859375 0.7951388888888888
0 0.82421875 0.71875 0.837890625 0.7326388888888888 0.84375 0.7638888888888888 0.84375 0.7361111111111112 0.830078125 0.7013888888888888 0.82421875 0.7013888888888888 0.82421875 0.71875
0 0.04296875 0.8125 0.048828125 0.8368055555555556 0.0546875 0.8368055555555556 0.072265625 0.7951388888888888 0.07421875 0.7326388888888888 0.041015625 0.7326388888888888 0.037109375 0.75 0.04296875 0.8125
0 0.234375 0.5277777777777778 0.234375 0.5 0.224609375 0.4861111111111111 0.21875 0.4930555555555556 0.21875 0.5243055555555556 0.234375 0.5277777777777778
0 0.1953125 0.5173611111111112 0.205078125 0.4652777777777778 0.1875 0.4548611111111111 0.1875 0.5104166666666666 0.1953125 0.5173611111111112
0 0.09375 0.3888888888888889 0.1015625 0.375 0.1171875 0.3784722222222222 0.1171875 0.3541666666666667 0.111328125 0.34375 0.091796875 0.34375 0.087890625 0.375 0.09375 0.3888888888888889
0 0.88671875 0.84375 0.8984375 0.8402777777777778 0.8984375 0.7638888888888888 0.888671875 0.7465277777777778 0.861328125 0.7569444444444444 0.86328125 0.8055555555555556 0.88671875 0.84375
0 0.173828125 0.7881944444444444 0.1875 0.8090277777777778 0.1875 0.8263888888888888 0.19921875 0.8263888888888888 0.2109375 0.8541666666666666 0.216796875 0.8472222222222222 0.216796875 0.8194444444444444 0.22265625 0.8159722222222222 0.216796875 0.8090277777777778 0.216796875 0.7638888888888888 0.2109375 0.75 0.1875 0.75 0.173828125 0.7638888888888888 0.173828125 0.7881944444444444
0 0.236328125 0.6597222222222222 0.2421875 0.6527777777777778 0.2421875 0.6076388888888888 0.234375 0.5868055555555556 0.224609375 0.5868055555555556 0.22265625 0.6493055555555556 0.236328125 0.6597222222222222
0 0.455078125 0.8298611111111112 0.46875 0.8125 0.486328125 0.8298611111111112 0.4765625 0.8125 0.48828125 0.7986111111111112 0.486328125 0.7534722222222222 0.474609375 0.75 0.45703125 0.7638888888888888 0.44921875 0.7291666666666666 0.443359375 0.7638888888888888 0.455078125 0.8298611111111112
0 0.12890625 0.8159722222222222 0.125 0.8298611111111112 0.1328125 0.8263888888888888 0.12890625 0.84375 0.142578125 0.8159722222222222 0.142578125 0.7951388888888888 0.154296875 0.78125 0.142578125 0.7534722222222222 0.134765625 0.7534722222222222 0.1171875 0.7604166666666666 0.12890625 0.8159722222222222
0 0.2421875 0.4965277777777778 0.25 0.4861111111111111 0.25 0.4513888888888889 0.23046875 0.4409722222222222 0.224609375 0.4618055555555556 0.2421875 0.4965277777777778
0 0.2734375 0.4965277777777778 0.28125 0.4444444444444444 0.267578125 0.4340277777777778 0.263671875 0.46875 0.2734375 0.4965277777777778
0 0.267578125 0.5902777777777778 0.28125 0.6041666666666666 0.287109375 0.5625 0.279296875 0.5486111111111112 0.26953125 0.5555555555555556 0.263671875 0.5659722222222222 0.267578125 0.5902777777777778
0 0.19921875 0.4027777777777778 0.205078125 0.3923611111111111 0.19140625 0.3611111111111111 0.16796875 0.3576388888888889 0.1640625 0.4027777777777778 0.19921875 0.4027777777777778
0 0.16796875 0.6701388888888888 0.181640625 0.65625 0.1796875 0.6215277777777778 0.173828125 0.59375 0.15625 0.59375 0.15625 0.65625 0.16796875 0.6701388888888888
0 0.287109375 0.5555555555555556 0.29296875 0.5486111111111112 0.29296875 0.5104166666666666 0.291015625 0.5 0.27734375 0.5 0.275390625 0.53125 0.287109375 0.5555555555555556
0 0 0.6909722222222222 0.005859375 0.6909722222222222 0.009765625 0.6631944444444444 0.01953125 0.65625 0.013671875 0.6215277777777778 0.017578125 0.6076388888888888 0.009765625 0.5972222222222222 0 0.5972222222222222 0 0.6909722222222222
0 0.30078125 0.75 0.298828125 0.71875 0.279296875 0.7222222222222222 0.263671875 0.7430555555555556 0.28125 0.75 0.290127841796875 0.7626262638888889 0.30078125 0.75
0 0.125 0.5555555555555556 0.130859375 0.5868055555555556 0.140625 0.59375 0.1484375 0.5347222222222222 0.134765625 0.5173611111111112 0.125 0.5277777777777778 0.125 0.5555555555555556
0 0.892578125 0.4479166666666667 0.9296875 0.4479166666666667 0.91796875 0.3854166666666667 0.900390625 0.3888888888888889 0.8828125 0.4270833333333333 0.880859375 0.4375 0.892578125 0.4479166666666667
0 0.45703125 0.6875 0.478515625 0.6875 0.484375 0.65625 0.48046875 0.6284722222222222 0.462890625 0.625 0.455078125 0.6388888888888888 0.45703125 0.6875
0 0.875 0.7013888888888888 0.90625 0.75 0.912109375 0.7222222222222222 0.91015625 0.6736111111111112 0.8984375 0.6423611111111112 0.880859375 0.65625 0.875 0.6666666666666666 0.875 0.7013888888888888
0 0.642578125 0.7430555555555556 0.673828125 0.7951388888888888 0.681640625 0.7951388888888888 0.681640625 0.7534722222222222 0.666015625 0.71875 0.6484375 0.7118055555555556 0.638671875 0.71875 0.642578125 0.7430555555555556
0 0.509765625 0.7048611111111112 0.5234375 0.6909722222222222 0.525390625 0.6666666666666666 0.51953125 0.6423611111111112 0.50390625 0.6493055555555556 0.5 0.7013888888888888 0.509765625 0.7048611111111112
0 0.1484375 0.71875 0.150390625 0.6527777777777778 0.142578125 0.6423611111111112 0.125 0.6493055555555556 0.125 0.6875 0.1484375 0.71875
0 0.59375 0.6875 0.6171875 0.7013888888888888 0.611328125 0.6354166666666666 0.599609375 0.6354166666666666 0.59375 0.6388888888888888 0.59375 0.6875
0 0.373046875 0.8888888888888888 0.376953125 0.9131944444444444 0.38671875 0.9201388888888888 0.392578125 0.8784722222222222 0.384765625 0.7847222222222222 0.369140625 0.7847222222222222 0.35546875 0.8263888888888888 0.357421875 0.8819444444444444 0.373046875 0.8888888888888888
0 0.599609375 0.9930555555555556 0.60546875 0.9409722222222222 0.59375 0.9097222222222222 0.580078125 0.90625 0.568359375 0.9236111111111112 0.56640625 0.9895833333333334 0.599609375 0.9930555555555556
0 0.53515625 0.9791666666666666 0.5546875 0.9791666666666666 0.548828125 0.9340277777777778 0.537109375 0.9340277777777778 0.529296875 0.90625 0.525390625 0.9201388888888888 0.525390625 0.9618055555555556 0.53515625 0.9791666666666666
0 0.443359375 0.9375 0.443359375 0.9513888888888888 0.455078125 0.9722222222222222 0.45703125 0.9930555555555556 0.505859375 0.9930555555555556 0.5 0.9756944444444444 0.505859375 0.9479166666666666 0.50390625 0.8993055555555556 0.462890625 0.9236111111111112 0.44921875 0.8923611111111112 0.44921875 0.9340277777777778 0.443359375 0.9375