0 0.4296875 0.6493055555555556 0.46484375 0.7013888888888888 0.474609375 0.7048611111111112 0.478515625 0.6701388888888888 0.46875 0.6215277777777778 0.4609375 0.6111111111111112 0.443359375 0.6354166666666666 0.435546875 0.6111111111111112 0.4296875 0.6215277777777778 0.4296875 0.6493055555555556
0 0.48046875 0.7152777777777778 0.486328125 0.7430555555555556 0.4921875 0.75 0.501953125 0.7222222222222222 0.51171875 0.7569444444444444 0.529296875 0.7777777777777778 0.537109375 0.75 0.529296875 0.6875 0.517578125 0.6736111111111112 0.5078125 0.7013888888888888 0.486328125 0.6805555555555556 0.484375 0.6875 0.498046875 0.7048611111111112 0.48046875 0.7152777777777778
0 0.384765625 0.7083333333333334 0.39453125 0.71875 0.38671875 0.7291666666666666 0.38671875 0.7465277777777778 0.3984375 0.7743055555555556 0.42578125 0.8055555555555556 0.431640625 0.7951388888888888 0.421875 0.7951388888888888 0.41796875 0.78125 0.431640625 0.7638888888888888 0.423828125 0.6909722222222222 0.412109375 0.6909722222222222 0.404296875 0.7048611111111112 0.38671875 0.6875 0.392578125 0.6979166666666666 0.384765625 0.7083333333333334
0 0.525390625 0.5 0.548828125 0.5416666666666666 0.55078125 0.4791666666666667 0.546875 0.46875 0.537109375 0.4722222222222222 0.525390625 0.4861111111111111 0.525390625 0.5
0 0.4296875 0.4513888888888889 0.4375 0.4722222222222222 0.4453125 0.4722222222222222 0.451171875 0.4201388888888889 0.435546875 0.4097222222222222 0.4296875 0.4201388888888889 0.4296875 0.4513888888888889
0 0.595703125 0.59375 0.599609375 0.5451388888888888 0.591796875 0.5173611111111112 0.572265625 0.5277777777777778 0.5625 0.5138888888888888 0.564453125 0.5659722222222222 0.595703125 0.59375
0 0.3046875 0.5486111111111112 0.326171875 0.5798611111111112 0.34375 0.5763888888888888 0.341796875 0.5590277777777778 0.330078125 0.5416666666666666 0.328125 0.5173611111111112 0.318359375 0.5138888888888888 0.3046875 0.5243055555555556 0.3046875 0.5486111111111112
0 0.251953125 0.3854166666666667 0.26171875 0.3923611111111111 0.263671875 0.3402777777777778 0.24609375 0.3402777777777778 0.244140625 0.3576388888888889 0.251953125 0.3854166666666667
0 0.48046875 0.9930555555555556 0.478515625 0.9618055555555556 0.46484375 0.9201388888888888 0.44140625 0.9236111111111112 0.435546875 0.9409722222222222 0.443359375 0.9618055555555556 0.4296875 0.96875 0.40625 0.9166666666666666 0.40625 0.8888888888888888 0.392578125 0.8854166666666666 0.388671875 0.9930555555555556 0.48046875 0.9930555555555556
0 0.025390625 0.5625 0.04296875 0.5902777777777778 0.060546875 0.5902777777777778 0.060546875 0.5277777777777778 0.0546875 0.5138888888888888 0.03515625 0.5173611111111112 0.025390625 0.53125 0.025390625 0.5625
0 0.41015625 0.5729166666666666 0.4296875 0.5902777777777778 0.435546875 0.5277777777777778 0.427734375 0.5 0.412109375 0.5138888888888888 0.40625 0.53125 0.41015625 0.5729166666666666
0 0.83203125 0.8576388888888888 0.841796875 0.8680555555555556 0.86328125 0.8611111111111112 0.859375 0.875 0.86328125 0.8715277777777778 0.8671875 0.8888888888888888 0.87890625 0.8854166666666666 0.876953125 0.9027777777777778 0.90234375 0.90625 0.921875 0.9513888888888888 0.9296875 0.9409722222222222 0.931640625 0.90625 0.921875 0.8784722222222222 0.923828125 0.8472222222222222 0.91796875 0.8368055555555556 0.89453125 0.8159722222222222 0.89453125 0.8541666666666666 0.880859375 0.8819444444444444 0.869140625 0.8784722222222222 0.869140625 0.84375 0.85546875 0.7986111111111112 0.841796875 0.7847222222222222 0.830078125 0.7951388888888888 0.826171875 0.8229166666666666 0.83203125 0.8576388888888888
0 0.767578125 0.9513888888888888 0.763671875 0.9965277777777778 0.794921875 0.9965277777777778 0.80078125 0.9826388888888888 0.8046875 0.9930555555555556 0.82421875 0.9965277777777778 0.8671875 0.9930555555555556 0.84375 0.9305555555555556 0.84765625 0.9097222222222222 0.841796875 0.8993055555555556 0.830078125 0.8993055555555556 0.818359375 0.9236111111111112 0.796875 0.9236111111111112 0.78515625 0.9027777777777778 0.775390625 0.90625 0.779296875 0.875 0.755859375 0.8680555555555556 0.75390625 0.9131944444444444 0.767578125 0.9513888888888888
0 0.16796875 0.40625 0.189453125 0.40625 0.205078125 0.3923611111111111 0.1875 0.3576388888888889 0.16796875 0.3611111111111111 0.162109375 0.3854166666666667 0.16796875 0.40625
0 0.724609375 0.9722222222222222 0.736328125 0.9930555555555556 0.76171875 0.9930555555555556 0.767578125 0.9513888888888888 0.75 0.9201388888888888 0.75 0.8888888888888888 0.73828125 0.8923611111111112 0.724609375 0.90625 0.724609375 0.9722222222222222
0 0.6796875 0.9479166666666666 0.7109375 0.9618055555555556 0.7109375 0.9097222222222222 0.69921875 0.8923611111111112 0.693359375 0.8576388888888888 0.681640625 0.8472222222222222 0.67578125 0.8576388888888888 0.66796875 0.9201388888888888 0.6796875 0.9479166666666666
0 0.306640625 0.6701388888888888 0.34375 0.7048611111111112 0.353515625 0.7013888888888888 0.35546875 0.6388888888888888 0.34375 0.5972222222222222 0.3359375 0.6041666666666666 0.33203125 0.59375 0.3203125 0.6354166666666666 0.3046875 0.625 0.298828125 0.65625 0.306640625 0.6701388888888888
0 0.08203125 0.78125 0.080078125 0.7951388888888888 0.091796875 0.8229166666666666 0.10546875 0.8402777777777778 0.111328125 0.8263888888888888 0.13671875 0.8715277777777778 0.12890625 0.7534722222222222 0.1171875 0.75 0.10546875 0.7638888888888888 0.109375 0.7777777777777778 0.0859375 0.7638888888888888 0.09375 0.7777777777777778 0.08203125 0.78125
0 0.375 0.3715277777777778 0.3828125 0.3784722222222222 0.392578125 0.3680555555555556 0.392578125 0.3298611111111111 0.37890625 0.3263888888888889 0.369140625 0.34375 0.375 0.3715277777777778
0 0.291015625 0.46875 0.298828125 0.4652777777777778 0.298828125 0.4791666666666667 0.3046875 0.4375 0.296875 0.4201388888888889 0.28515625 0.4236111111111111 0.28125 0.4479166666666667 0.291015625 0.46875
0 0.369140625 0.5625 0.38671875 0.5902777777777778 0.392578125 0.53125 0.38671875 0.5138888888888888 0.375 0.5138888888888888 0.369140625 0.5277777777777778 0.369140625 0.5625
0 0.25 0.5729166666666666 0.271484375 0.5798611111111112 0.283203125 0.6076388888888888 0.283203125 0.5347222222222222 0.2734375 0.5243055555555556 0.255859375 0.5486111111111112 0.248046875 0.53125 0.244140625 0.5451388888888888 0.25 0.5729166666666666
0 0.697265625 0.6875 0.705078125 0.7013888888888888 0.734375 0.7152777777777778 0.73828125 0.7326388888888888 0.75390625 0.7326388888888888 0.755859375 0.7118055555555556 0.7421875 0.6423611111111112 0.7265625 0.6597222222222222 0.71875 0.6597222222222222 0.716796875 0.6493055555555556 0.70703125 0.65625 0.70703125 0.6354166666666666 0.69921875 0.6284722222222222 0.693359375 0.6597222222222222 0.697265625 0.6875
0 0.04296875 0.4722222222222222 0.072265625 0.46875 0.072265625 0.4201388888888889 0.060546875 0.4097222222222222 0.04296875 0.4236111111111111 0.04296875 0.4722222222222222
0 0.6171875 0.6180555555555556 0.642578125 0.6284722222222222 0.65625 0.6076388888888888 0.6484375 0.5659722222222222 0.625 0.5763888888888888 0.61328125 0.5868055555555556 0.6171875 0.6180555555555556
0 0.3984375 0.4479166666666667 0.412109375 0.4618055555555556 0.41796875 0.4201388888888889 0.40625 0.4166666666666667 0.3984375 0.4201388888888889 0.3984375 0.4479166666666667
0 0.771484375 0.9670138888888888 0.00390625 0.003472222222222222
0 0.806640625 0.9513888888888888 0.818359375 0.9826388888888888 0.82421875 0.9930555555555556 0.865234375 0.9965277777777778 0.84375 0.9305555555555556 0.84375 0.90625 0.83203125 0.9027777777777778 0.82421875 0.9166666666666666 0.822265625 0.9340277777777778 0.806640625 0.9513888888888888
0 0.205078125 0.53125 0.224609375 0.5451388888888888 0.22265625 0.4722222222222222 0.19921875 0.4861111111111111 0.197265625 0.5138888888888888 0.205078125 0.53125
0 0.166015625 0.5451388888888888 0.173828125 0.5625 0.173828125 0.4826388888888889 0.150390625 0.5 0.150390625 0.5416666666666666 0.166015625 0.5451388888888888
0 0.931640625 0.9965277777777778 0.96533203125 0.9965277777777778 0.96875 0.9826388888888888 0.98046875 0.9930555555555556 0.9609375 0.96875 0.95703125 0.9409722222222222 0.943359375 0.9409722222222222 0.943359375 0.96875 0.931640625 0.9965277777777778
0 0.76953125 0.8576388888888888 0.779296875 0.8576388888888888 0.78515625 0.8298611111111112 0.796875 0.8159722222222222 0.79296875 0.8055555555555556 0.798828125 0.7986111111111112 0.798828125 0.7673611111111112 0.779296875 0.7638888888888888 0.76953125 0.7847222222222222 0.759765625 0.8402777777777778 0.76953125 0.8576388888888888
0 0.7421875 0.8263888888888888 0.75390625 0.8263888888888888 0.75 0.7430555555555556 0.736328125 0.7361111111111112 0.73046875 0.7534722222222222 0.724609375 0.78125 0.7421875 0.8263888888888888
0 0.59375 0.7916666666666666 0.607421875 0.7986111111111112 0.625 0.8402777777777778 0.630859375 0.8402777777777778 0.638671875 0.8055555555555556 0.6484375 0.7916666666666666 0.6484375 0.7604166666666666 0.625 0.71875 0.61328125 0.7222222222222222 0.599609375 0.7465277777777778 0.603515625 0.7673611111111112 0.59375 0.7916666666666666
0 0.103515625 0.3125 0.10546875 0.2916666666666667 0.0859375 0.2777777777777778 0.08203125 0.3125 0.103515625 0.3125
0 0.578125 0.9722222222222222 0.587890625 0.9930555555555556 0.609375 0.9965277777777778 0.609375 0.9652777777777778 0.59765625 0.9340277777777778 0.59765625 0.9097222222222222 0.5859375 0.8854166666666666 0.5859375 0.8611111111111112 0.576171875 0.8576388888888888 0.560546875 0.8819444444444444 0.5546875 0.9513888888888888 0.578125 0.9722222222222222
0 0.53125 0.9340277777777778 0.54296875 0.9375 0.546875 0.8888888888888888 0.529296875 0.8715277777777778 0.53125 0.8576388888888888 0.537109375 0.8576388888888888 0.529296875 0.8541666666666666 0.53125 0.84375 0.517578125 0.8125 0.517578125 0.8993055555555556 0.53125 0.9340277777777778
0 0.625 0.7152777777777778 0.63671875 0.7291666666666666 0.6640625 0.7291666666666666 0.66796875 0.75 0.6796875 0.7638888888888888 0.6875 0.75 0.6875 0.7326388888888888 0.673828125 0.65625 0.662109375 0.6597222222222222 0.646484375 0.7013888888888888 0.63671875 0.6805555555555556 0.63671875 0.6597222222222222 0.62890625 0.65625 0.619140625 0.6875 0.625 0.7152777777777778
0 0.197265625 0.6319444444444444 0.1875 0.6354166666666666 0.1875 0.6701388888888888 0.197265625 0.6701388888888888 0.212890625 0.7013888888888888 0.236328125 0.71875 0.234375 0.6423611111111112 0.224609375 0.625 0.2109375 0.625 0.205078125 0.6423611111111112 0.19140625 0.6111111111111112 0.1875 0.6180555555555556 0.197265625 0.6319444444444444
0 0.248046875 0.7743055555555556 0.26953125 0.7777777777777778 0.28125 0.8125 0.291015625 0.8090277777777778 0.279296875 0.7013888888888888 0.267578125 0.7013888888888888 0.248046875 0.7326388888888888 0.248046875 0.7465277777777778 0.23828125 0.7465277777777778 0.23828125 0.7604166666666666 0.248046875 0.7743055555555556