0 0.15625 0.4965277777777778 0.162109375 0.5173611111111112 0.173828125 0.53125 0.193359375 0.5173611111111112 0.1875 0.4826388888888889 0.1796875 0.46875 0.166015625 0.46875 0.166015625 0.4826388888888889 0.15625 0.4965277777777778
0 0.080078125 0.3263888888888889 0.099609375 0.3125 0.095703125 0.2881944444444444 0.0859375 0.2847222222222222 0.076171875 0.2951388888888889 0.080078125 0.3263888888888889
0 0.44140625 0.3263888888888889 0.443359375 0.2951388888888889 0.431640625 0.2951388888888889 0.431640625 0.3159722222222222 0.44140625 0.3263888888888889
0 0.0390625 0.3125 0.037109375 0.2777777777777778 0.0234375 0.2743055555555556 0.01953125 0.3055555555555556 0.0390625 0.3125
0 0.3046875 0.3055555555555556 0.310546875 0.3159722222222222 0.31640625 0.3125 0.31640625 0.28125 0.3046875 0.28125 0.3046875 0.3055555555555556
0 0.072265625 0.3888888888888889 0.076171875 0.4166666666666667 0.0859375 0.4201388888888889 0.091796875 0.375 0.080078125 0.3611111111111111 0.072265625 0.3715277777777778 0.072265625 0.3888888888888889
0 0.33203125 0.5451388888888888 0.33984375 0.5451388888888888 0.341796875 0.4861111111111111 0.326171875 0.4861111111111111 0.32421875 0.5243055555555556 0.33203125 0.5451388888888888
0 0.380859375 0.5138888888888888 0.39453125 0.5416666666666666 0.400390625 0.4861111111111111 0.3984375 0.4722222222222222 0.388671875 0.4722222222222222 0.380859375 0.4861111111111111 0.380859375 0.5138888888888888
0 0.14453125 0.2916666666666667 0.154296875 0.2638888888888889 0.1484375 0.2465277777777778 0.130859375 0.24305555555555555 0.12890625 0.2743055555555556 0.14453125 0.2916666666666667
0 0.455078125 0.5277777777777778 0.46875 0.53125 0.47265625 0.4722222222222222 0.462890625 0.46875 0.455078125 0.4826388888888889 0.455078125 0.5277777777777778
0 0.453125 0.6875 0.455078125 0.625 0.44921875 0.59375 0.431640625 0.6076388888888888 0.423828125 0.6701388888888888 0.453125 0.6875
0 0.32421875 0.2743055555555556 0.322265625 0.24305555555555555 0.318359375 0.2638888888888889 0.32421875 0.2743055555555556
0 0.041015625 0.3020833333333333 0.0546875 0.3055555555555556 0.0546875 0.2777777777777778 0.04296875 0.2638888888888889 0.037109375 0.2743055555555556 0.041015625 0.3020833333333333
0 0.228515625 0.5138888888888888 0.234375 0.4965277777777778 0.23046875 0.4513888888888889 0.22265625 0.4375 0.201171875 0.4340277777777778 0.205078125 0.4965277777777778 0.228515625 0.5138888888888888
0 0.6953125 0.3784722222222222 0.708984375 0.3645833333333333 0.712890625 0.34375 0.69140625 0.3402777777777778 0.67578125 0.3576388888888889 0.673828125 0.375 0.6953125 0.3784722222222222
0 0.337890625 0.2638888888888889 0.34375 0.2638888888888889 0.341796875 0.2326388888888889 0.3359375 0.2326388888888889 0.337890625 0.2638888888888889
0 0.16796875 0.9965277777777778 0.185546875 0.9965277777777778 0.1875 0.9027777777777778 0.181640625 0.8576388888888888 0.177734375 0.8680555555555556 0.15625 0.875 0.15625 0.96875 0.16796875 0.9965277777777778
0 0.94921875 0.2916666666666667 0.955078125 0.28125 0.943359375 0.2534722222222222 0.92578125 0.2638888888888889 0.923828125 0.2916666666666667 0.94921875 0.2916666666666667
0 0.7412109375 0.4479166666666667 0.744140625 0.4340277777777778 0.75390625 0.4513888888888889 0.76171875 0.4479166666666667 0.75 0.4340277777777778 0.759765625 0.4201388888888889 0.74609375 0.4340277777777778 0.736328125 0.40625 0.712890625 0.4236111111111111 0.71875 0.4513888888888889 0.7412109375 0.4479166666666667
0 0.7109375 0.4340277777777778 0.7109375 0.3888888888888889 0.701171875 0.3993055555555556 0.693359375 0.3923611111111111 0.69140625 0.4340277777777778 0.7109375 0.4340277777777778
0 0.35546875 0.2951388888888889 0.361328125 0.2951388888888889 0.361328125 0.2638888888888889 0.353515625 0.2638888888888889 0.35546875 0.2951388888888889
0 0.3359375 0.6493055555555556 0.3671875 0.6666666666666666 0.3671875 0.5763888888888888 0.361328125 0.5590277777777778 0.33203125 0.5659722222222222 0.32421875 0.625 0.3359375 0.6493055555555556
0 0.10546875 0.2777777777777778 0.103515625 0.2465277777777778 0.083984375 0.2465277777777778 0.08203125 0.2777777777777778 0.10546875 0.2777777777777778
0 0.45703125 0.2048611111111111 0.451171875 0.2013888888888889 0.455078125 0.22916666666666666 0.45703125 0.2048611111111111
0 0.173828125 0.6041666666666666 0.205078125 0.6527777777777778 0.20703125 0.6041666666666666 0.216796875 0.5659722222222222 0.181640625 0.5659722222222222 0.173828125 0.5798611111111112 0.173828125 0.6041666666666666
0 0.16796875 0.4027777777777778 0.201171875 0.3993055555555556 0.201171875 0.375 0.193359375 0.3611111111111111 0.1875 0.3680555555555556 0.16796875 0.3576388888888889 0.162109375 0.3854166666666667 0.16796875 0.4027777777777778