0 0.091796875 0.34375 0.09375 0.3159722222222222 0.0703125 0.3159722222222222 0.068359375 0.34375 0.091796875 0.34375
0 0.1484375 0.28125 0.1484375 0.25 0.12890625 0.25 0.125 0.2638888888888889 0.1484375 0.28125
0 0.0234375 0.3472222222222222 0.05078125 0.34375 0.048828125 0.3125 0.0234375 0.3125 0.0234375 0.3472222222222222
0 0.005859375 0.6701388888888888 0.01171875 0.6701388888888888 0.017578125 0.6527777777777778 0.01953125 0.5868055555555556 0.00390625 0.5798611111111112 0 0.6284722222222222 0.005859375 0.6701388888888888
0 0.119140625 0.3125 0.13671875 0.3159722222222222 0.134765625 0.2847222222222222 0.12890625 0.2847222222222222 0.119140625 0.2951388888888889 0.119140625 0.3125
0 0.0859375 0.71875 0.09765625 0.7326388888888888 0.109375 0.6875 0.109375 0.6388888888888888 0.10546875 0.6180555555555556 0.08203125 0.6388888888888888 0.080078125 0.6944444444444444 0.0859375 0.71875
0 0.23828125 0.2743055555555556 0.244140625 0.2673611111111111 0.2421875 0.2465277777777778 0.236328125 0.2465277777777778 0.23828125 0.2743055555555556
0 0.234375 0.6076388888888888 0.23046875 0.5729166666666666 0.205078125 0.5729166666666666 0.205078125 0.6215277777777778 0.234375 0.6076388888888888
0 0.259765625 0.6041666666666666 0.251953125 0.5486111111111112 0.2421875 0.5451388888888888 0.236328125 0.5555555555555556 0.236328125 0.6076388888888888 0.259765625 0.6041666666666666
0 0.166015625 0.375 0.171875 0.3541666666666667 0.16796875 0.3298611111111111 0.16015625 0.3263888888888889 0.15625 0.375 0.166015625 0.375
0 0.173828125 0.4930555555555556 0.1796875 0.5034722222222222 0.1796875 0.5277777777777778 0.185546875 0.5277777777777778 0.193359375 0.5104166666666666 0.193359375 0.4618055555555556 0.1796875 0.4513888888888889 0.173828125 0.4513888888888889 0.173828125 0.4930555555555556
0 0.091796875 0.5729166666666666 0.099609375 0.5625 0.099609375 0.5138888888888888 0.08984375 0.5 0.080078125 0.5104166666666666 0.07421875 0.4965277777777778 0.08203125 0.5625 0.091796875 0.5729166666666666
0 0.41796875 0.59375 0.44921875 0.6111111111111112 0.44921875 0.5763888888888888 0.44140625 0.5659722222222222 0.41796875 0.5763888888888888 0.41796875 0.59375
0 0.591796875 0.9583333333333334 0.603515625 0.9826388888888888 0.609375 0.9826388888888888 0.6171875 0.9375 0.611328125 0.9305555555555556 0.6171875 0.9236111111111112 0.611328125 0.9201388888888888 0.60546875 0.9444444444444444 0.591796875 0.9583333333333334
0 0.330078125 0.6111111111111112 0.32421875 0.6354166666666666 0.35546875 0.6666666666666666 0.361328125 0.6111111111111112 0.35546875 0.6041666666666666 0.353515625 0.5763888888888888 0.3359375 0.5763888888888888 0.32421875 0.5972222222222222 0.330078125 0.6111111111111112
0 0.08203125 0.2916666666666667 0.091796875 0.2951388888888889 0.09375 0.3125 0.1015625 0.3090277777777778 0.103515625 0.2847222222222222 0.087890625 0.2743055555555556 0.08203125 0.2777777777777778 0.08203125 0.2916666666666667
0 0.830078125 0.28125 0.82421875 0.2534722222222222 0.810546875 0.2534722222222222 0.8046875 0.2777777777777778 0.830078125 0.28125
0 0.181640625 0.4166666666666667 0.19921875 0.4166666666666667 0.2109375 0.4409722222222222 0.21875 0.4375 0.21875 0.3923611111111111 0.212890625 0.3784722222222222 0.16796875 0.3576388888888889 0.162109375 0.3993055555555556 0.181640625 0.4166666666666667
0 0.048828125 0.9652777777777778 0.05078125 0.9791666666666666 0.064453125 0.9826388888888888 0.06640625 0.9965277777777778 0.111328125 0.9965277777777778 0.111328125 0.9600694444444444 0.103515625 0.9479166666666666 0.109375 0.9375 0.0703125 0.96875 0.048828125 0.9652777777777778