0 0.8359375 0.2743055555555556 0.849609375 0.2743055555555556 0.853515625 0.2638888888888889 0.84375 0.2361111111111111 0.830078125 0.25 0.8359375 0.2743055555555556
0 0.767578125 0.3854166666666667 0.763671875 0.3576388888888889 0.73828125 0.3576388888888889 0.73046875 0.3993055555555556 0.767578125 0.3854166666666667
0 0.95703125 0.2951388888888889 0.95703125 0.28125 0.94921875 0.2743055555555556 0.92578125 0.28125 0.927734375 0.2986111111111111 0.95703125 0.2951388888888889
0 0.2421875 0.4965277777777778 0.2421875 0.4791666666666667 0.224609375 0.4409722222222222 0.20703125 0.4548611111111111 0.20703125 0.5 0.2421875 0.4965277777777778
0 0.0234375 0.4375 0.04296875 0.4513888888888889 0.048828125 0.4375 0.04296875 0.3993055555555556 0.03515625 0.3923611111111111 0.0234375 0.4097222222222222 0.0234375 0.4375
0 0.099609375 0.4791666666666667 0.103515625 0.4652777777777778 0.091796875 0.4479166666666667 0.0859375 0.4583333333333333 0.099609375 0.4791666666666667
0 0.04296875 0.4791666666666667 0.046875 0.5034722222222222 0.0546875 0.5034722222222222 0.0546875 0.4895833333333333 0.072265625 0.4618055555555556 0.0625 0.4409722222222222 0.0546875 0.4479166666666667 0.0546875 0.4652777777777778 0.04296875 0.4791666666666667
0 0.25 0.4791666666666667 0.29296875 0.4791666666666667 0.298828125 0.46875 0.296875 0.4340277777777778 0.25 0.4375 0.2421875 0.4513888888888889 0.25 0.4791666666666667
0 0.62890625 0.3784722222222222 0.63671875 0.3680555555555556 0.63671875 0.3472222222222222 0.625 0.3298611111111111 0.60546875 0.3472222222222222 0.603515625 0.375 0.62890625 0.3784722222222222
0 0 0.4513888888888889 0.017578125 0.4513888888888889 0.01953125 0.4375 0.005859375 0.4097222222222222 0 0.4097222222222222 0 0.4513888888888889
0 0.998046875 0.40625 0.986328125 0.40625 0.9752428203125 0.43186936805555554 0.986328125 0.4548611111111111 0.994140625 0.4513888888888889 0.998046875 0.40625
0 0.265625 0.5798611111111112 0.275390625 0.5625 0.298828125 0.5625 0.3046875 0.5486111111111112 0.3046875 0.5138888888888888 0.29296875 0.5173611111111112 0.28515625 0.5451388888888888 0.2734375 0.5034722222222222 0.267578125 0.5034722222222222 0.25390625 0.5763888888888888 0.265625 0.5798611111111112
0 0.44140625 0.4513888888888889 0.447265625 0.4375 0.48046875 0.4166666666666667 0.48046875 0.375 0.44921875 0.3888888888888889 0.4375 0.4097222222222222 0.431640625 0.4375 0.44140625 0.4513888888888889
0 0.35546875 0.6875 0.375 0.6493055555555556 0.384765625 0.6701388888888888 0.3984375 0.6666666666666666 0.40625 0.6284722222222222 0.400390625 0.6180555555555556 0.404296875 0.59375 0.39453125 0.59375 0.380859375 0.6423611111111112 0.373046875 0.6458333333333334 0.3671875 0.6319444444444444 0.373046875 0.6215277777777778 0.361328125 0.5972222222222222 0.353515625 0.5972222222222222 0.34375 0.6840277777777778 0.35546875 0.6875
0 0.04296875 0.53125 0.056640625 0.5416666666666666 0.076171875 0.5173611111111112 0.078125 0.5277777777777778 0.0859375 0.5173611111111112 0.103515625 0.5243055555555556 0.10546875 0.4861111111111111 0.087890625 0.4826388888888889 0.076171875 0.5138888888888888 0.0625 0.5173611111111112 0.056640625 0.5 0.05078125 0.5034722222222222 0.04296875 0.5138888888888888 0.04296875 0.53125
0 0.15625 0.4201388888888889 0.16796875 0.4201388888888889 0.171875 0.4097222222222222 0.1640625 0.375 0.150390625 0.375 0.15625 0.4201388888888889
0 0.16015625 0.5451388888888888 0.17578125 0.5277777777777778 0.203125 0.5277777777777778 0.205078125 0.5 0.162109375 0.4791666666666667 0.14453125 0.5173611111111112 0.14453125 0.5416666666666666 0.16015625 0.5451388888888888
0 0.13671875 0.4236111111111111 0.146484375 0.4236111111111111 0.14453125 0.375 0.130859375 0.375 0.12890625 0.4097222222222222 0.13671875 0.4236111111111111
0 0.123046875 0.4340277777777778 0.123046875 0.3854166666666667 0.111328125 0.375 0.10546875 0.3888888888888889 0.10546875 0.4340277777777778 0.123046875 0.4340277777777778
0 0.580078125 0.3229166666666667 0.57421875 0.28125 0.568359375 0.2847222222222222 0.5625 0.3125 0.580078125 0.3229166666666667
0 0.099609375 0.4201388888888889 0.09765625 0.375 0.08203125 0.375 0.08203125 0.4166666666666667 0.099609375 0.4201388888888889
0 0.986328125 0.3055555555555556 0.9921875 0.2986111111111111 0.990234375 0.2743055555555556 0.96875 0.2777777777777778 0.9609375 0.2951388888888889 0.986328125 0.3055555555555556
0 0.423828125 0.4027777777777778 0.447265625 0.3888888888888889 0.451171875 0.3715277777777778 0.439453125 0.3715277777777778 0.435546875 0.3576388888888889 0.42578125 0.3680555555555556 0.41796875 0.3888888888888889 0.423828125 0.4027777777777778
0 0.57421875 0.3993055555555556 0.57421875 0.3715277777777778 0.58203125 0.3680555555555556 0.58984375 0.3993055555555556 0.59765625 0.40625 0.603515625 0.375 0.57421875 0.3611111111111111 0.568359375 0.3888888888888889 0.57421875 0.3993055555555556
0 0.673828125 0.4652777777777778 0.697265625 0.4305555555555556 0.70703125 0.4618055555555556 0.71875 0.4479166666666667 0.71875 0.4201388888888889 0.701171875 0.4305555555555556 0.6875 0.4201388888888889 0.6796875 0.4305555555555556 0.673828125 0.4409722222222222 0.673828125 0.4652777777777778
0 0.599609375 0.3368055555555556 0.611328125 0.3263888888888889 0.611328125 0.3125 0.59765625 0.2986111111111111 0.59375 0.3263888888888889 0.599609375 0.3368055555555556
0 0.63671875 0.40625 0.6484375 0.3715277777777778 0.658203125 0.3715277777777778 0.662109375 0.3993055555555556 0.673828125 0.3854166666666667 0.66796875 0.3611111111111111 0.642578125 0.3611111111111111 0.63671875 0.3715277777777778 0.630859375 0.3854166666666667 0.63671875 0.40625
0 0.545454544921875 0.2948232326388889 0.556640625 0.2881944444444444 0.546875 0.2847222222222222 0.545454544921875 0.2948232326388889
0 0.54296875 0.3125 0.5546875 0.3229166666666667 0.556640625 0.3125 0.545325970703125 0.2957375486111111 0.54296875 0.3125
0 0.8125 0.2743055555555556 0.8125 0.25 0.796875 0.25 0.79296875 0.2638888888888889 0.8125 0.2743055555555556
0 0.759765625 0.2604166666666667 0.755859375 0.2361111111111111 0.73828125 0.2222222222222222 0.736328125 0.25 0.759765625 0.2604166666666667
0 0.806640625 0.3611111111111111 0.8046875 0.3402777777777778 0.8125 0.34375 0.810546875 0.3680555555555556 0.81640625 0.3680555555555556 0.82421875 0.34375 0.80078125 0.3263888888888889 0.787109375 0.34375 0.787109375 0.3680555555555556 0.806640625 0.3611111111111111