0 0.16796875 0.40625 0.205078125 0.4027777777777778 0.19921875 0.3784722222222222 0.16796875 0.3611111111111111 0.162109375 0.3854166666666667 0.16796875 0.40625
0 0.34375 0.71875 0.380859375 0.6840277777777778 0.384765625 0.6388888888888888 0.349609375 0.6284722222222222 0.34375 0.6423611111111112 0.337890625 0.6597222222222222 0.34375 0.71875
0 0.591796875 0.53125 0.59375 0.46875 0.568359375 0.4722222222222222 0.5625 0.5416666666666666 0.591796875 0.53125
0 0.162109375 0.2951388888888889 0.1875 0.2916666666666667 0.185546875 0.25 0.173828125 0.25 0.166015625 0.2638888888888889 0.16015625 0.2777777777777778 0.162109375 0.2951388888888889
0 0.25 0.4236111111111111 0.26953125 0.4305555555555556 0.275390625 0.4166666666666667 0.2734375 0.3888888888888889 0.259765625 0.3993055555555556 0.25 0.3784722222222222 0.23828125 0.3888888888888889 0.236328125 0.4375 0.25 0.4236111111111111
0 0.34375 0.3576388888888889 0.33984375 0.34375 0.31640625 0.3472222222222222 0.31640625 0.3854166666666667 0.34375 0.3576388888888889
0 0.025390625 0.3402777777777778 0.048828125 0.3402777777777778 0.0546875 0.3125 0.03515625 0.3055555555555556 0.0234375 0.3159722222222222 0.025390625 0.3402777777777778
0 0.30078125 0.5416666666666666 0.30078125 0.5763888888888888 0.32421875 0.5729166666666666 0.32421875 0.53125 0.31640625 0.5451388888888888 0.30078125 0.5416666666666666
0 0.29296875 0.5798611111111112 0.29296875 0.5486111111111112 0.28515625 0.5243055555555556 0.275390625 0.5277777777777778 0.267578125 0.5486111111111112 0.263671875 0.5972222222222222 0.29296875 0.5798611111111112
0 0.431640625 0.5659722222222222 0.431640625 0.5868055555555556 0.4375 0.59375 0.466796875 0.5868055555555556 0.478515625 0.5625 0.47265625 0.53125 0.48046875 0.5277777777777778 0.48046875 0.5138888888888888 0.46484375 0.5347222222222222 0.44921875 0.5243055555555556 0.4375 0.53125 0.4375 0.5590277777777778 0.431640625 0.5659722222222222
0 0.068359375 0.4791666666666667 0.08203125 0.4513888888888889 0.09375 0.4618055555555556 0.1015625 0.4548611111111111 0.109375 0.4722222222222222 0.1171875 0.4548611111111111 0.1171875 0.4305555555555556 0.111328125 0.4201388888888889 0.099609375 0.4201388888888889 0.08203125 0.4409722222222222 0.080078125 0.4236111111111111 0.068359375 0.4166666666666667 0.0625 0.4340277777777778 0.060546875 0.4652777777777778 0.068359375 0.4791666666666667
0 0.361328125 0.3888888888888889 0.37890625 0.3784722222222222 0.380859375 0.3576388888888889 0.3671875 0.3472222222222222 0.361328125 0.3576388888888889 0.35546875 0.375 0.361328125 0.3888888888888889
0 0.125 0.4201388888888889 0.13671875 0.4305555555555556 0.142578125 0.4201388888888889 0.142578125 0.3611111111111111 0.13671875 0.3402777777777778 0.130859375 0.3402777777777778 0.125 0.3472222222222222 0.125 0.4201388888888889
0 0.068359375 0.375 0.080078125 0.3715277777777778 0.078125 0.3368055555555556 0.06640625 0.3368055555555556 0.068359375 0.375
0 0.44921875 0.375 0.451171875 0.3576388888888889 0.443359375 0.3472222222222222 0.423828125 0.3541666666666667 0.423828125 0.3854166666666667 0.44921875 0.375
0 0.673828125 0.5138888888888888 0.685546875 0.5104166666666666 0.6875 0.4513888888888889 0.6796875 0.4479166666666667 0.669921875 0.4652777777777778 0.650390625 0.4652777777777778 0.6484375 0.4722222222222222 0.673828125 0.5138888888888888
0 0.380859375 0.3923611111111111 0.38671875 0.3993055555555556 0.40625 0.3888888888888889 0.40625 0.3611111111111111 0.388671875 0.3541666666666667 0.380859375 0.3611111111111111 0.380859375 0.3923611111111111
0 0.068359375 0.3125 0.091796875 0.3159722222222222 0.091796875 0.2847222222222222 0.07421875 0.2743055555555556 0.068359375 0.28125 0.068359375 0.3125
0 0.5234375 0.5416666666666666 0.548828125 0.5138888888888888 0.54296875 0.5069444444444444 0.5390625 0.4722222222222222 0.529296875 0.4722222222222222 0.5234375 0.4861111111111111 0.5234375 0.5416666666666666