0 0.177734375 0.3784722222222222 0.1875 0.40625 0.205078125 0.3993055555555556 0.201171875 0.375 0.193359375 0.3680555555555556 0.181640625 0.3854166666666667 0.1796875 0.3611111111111111 0.171875 0.3576388888888889 0.16796875 0.375 0.177734375 0.3784722222222222
0 0.88671875 0.25 0.88671875 0.2361111111111111 0.869140625 0.2361111111111111 0.869140625 0.2604166666666667 0.88671875 0.25
0 0.599609375 0.40625 0.6171875 0.3888888888888889 0.6171875 0.3784722222222222 0.603515625 0.375 0.59375 0.3923611111111111 0.599609375 0.40625
0 0.78515625 0.2638888888888889 0.78125 0.2465277777777778 0.767578125 0.25 0.767578125 0.2638888888888889 0.78515625 0.2638888888888889
0 0.65625 0.3854166666666667 0.673828125 0.3854166666666667 0.67578125 0.34375 0.650390625 0.34375 0.650390625 0.375 0.65625 0.3854166666666667
0 0.07421875 0.4201388888888889 0.080078125 0.4375 0.08984375 0.4375 0.09375 0.3854166666666667 0.080078125 0.3784722222222222 0.07421875 0.3888888888888889 0.07421875 0.4201388888888889
0 0.30078125 0.4375 0.330078125 0.4340277777777778 0.330078125 0.40625 0.29296875 0.4097222222222222 0.287109375 0.4513888888888889 0.30078125 0.4375
0 0.400390625 0.4826388888888889 0.412109375 0.46875 0.451171875 0.4652777777777778 0.44921875 0.4375 0.427734375 0.4479166666666667 0.412109375 0.4375 0.39453125 0.46875 0.400390625 0.4826388888888889
0 0.701171875 0.4236111111111111 0.712890625 0.4236111111111111 0.72265625 0.40625 0.73046875 0.40625 0.724609375 0.4236111111111111 0.728515625 0.4305555555555556 0.7421875 0.4201388888888889 0.73828125 0.3923611111111111 0.734375 0.4027777777777778 0.71875 0.3993055555555556 0.7109375 0.375 0.703125 0.3923611111111111 0.697265625 0.40625 0.701171875 0.4236111111111111
0 0.1484375 0.28125 0.146484375 0.2534722222222222 0.134765625 0.25 0.130859375 0.2847222222222222 0.1484375 0.28125
0 0.8671875 0.4201388888888889 0.888671875 0.4305555555555556 0.8984375 0.3923611111111111 0.8828125 0.3923611111111111 0.875 0.375 0.8671875 0.375 0.861328125 0.3854166666666667 0.8671875 0.4201388888888889
0 0.2490234375 0.4652777777777778 0.24609375 0.4479166666666667 0.25927734375 0.4652777777777778 0.26953125 0.4652777777777778 0.265625 0.4305555555555556 0.23828125 0.4375 0.23046875 0.4236111111111111 0.21875 0.46875 0.2490234375 0.4652777777777778
0 0.478515625 0.4965277777777778 0.498046875 0.5 0.5 0.4513888888888889 0.486328125 0.46875 0.4765625 0.46875 0.47265625 0.4513888888888889 0.466796875 0.4513888888888889 0.45703125 0.4791666666666667 0.45703125 0.5104166666666666 0.478515625 0.4965277777777778
0 0.52734375 0.5138888888888888 0.537109375 0.5138888888888888 0.544921875 0.5 0.5625 0.5034722222222222 0.572265625 0.4791666666666667 0.56640625 0.4652777777777778 0.54296875 0.4513888888888889 0.53125 0.4722222222222222 0.5234375 0.5 0.52734375 0.5138888888888888
0 0.005859375 0.4305555555555556 0.013671875 0.4513888888888889 0.0234375 0.4513888888888889 0.03125 0.4409722222222222 0.03125 0.4166666666666667 0.0234375 0.3923611111111111 0.01171875 0.3923611111111111 0.005859375 0.4027777777777778 0.005859375 0.4305555555555556
0 0.080078125 0.3298611111111111 0.09765625 0.3263888888888889 0.099609375 0.2951388888888889 0.080078125 0.2916666666666667 0.076171875 0.3090277777777778 0.07421875 0.3229166666666667 0.080078125 0.3298611111111111
0 0.14453125 0.3923611111111111 0.150390625 0.4097222222222222 0.1796875 0.4166666666666667 0.185546875 0.40625 0.1796875 0.375 0.14453125 0.375 0.14453125 0.3923611111111111
0 0.125 0.3993055555555556 0.138671875 0.3993055555555556 0.138671875 0.3611111111111111 0.123046875 0.3576388888888889 0.119140625 0.375 0.125 0.3993055555555556
0 0.681640625 0.3993055555555556 0.697265625 0.40625 0.7109375 0.3680555555555556 0.69921875 0.3472222222222222 0.69140625 0.3576388888888889 0.6796875 0.3888888888888889 0.681640625 0.3993055555555556
0 0.34375 0.53125 0.341796875 0.5138888888888888 0.3125 0.5451388888888888 0.310546875 0.5590277777777778 0.34375 0.53125
0 0.1015625 0.4166666666666667 0.123046875 0.4201388888888889 0.125 0.3888888888888889 0.1171875 0.375 0.099609375 0.375 0.09375 0.3888888888888889 0.1015625 0.4166666666666667
0 0.04296875 0.4375 0.0546875 0.4340277777777778 0.060546875 0.4097222222222222 0.048828125 0.3854166666666667 0.041015625 0.3854166666666667 0.04296875 0.4375
0 0.005859375 0.5277777777777778 0.00390625 0.4965277777777778 0 0.53125 0.005859375 0.5277777777777778
0 0.90625 0.2916666666666667 0.9296875 0.2916666666666667 0.9296875 0.2638888888888889 0.91015625 0.2638888888888889 0.904296875 0.2743055555555556 0.90625 0.2916666666666667
0 0.59375 0.46875 0.599609375 0.46875 0.61328125 0.4340277777777778 0.625 0.4618055555555556 0.63671875 0.4513888888888889 0.630859375 0.4201388888888889 0.611328125 0.4305555555555556 0.60546875 0.4097222222222222 0.591796875 0.4479166666666667 0.59375 0.46875
0 0.4296875 0.3298611111111111 0.435546875 0.3368055555555556 0.443359375 0.3263888888888889 0.439453125 0.2951388888888889 0.4296875 0.2951388888888889 0.4296875 0.3298611111111111
0 0.599609375 0.3263888888888889 0.599609375 0.2951388888888889 0.587890625 0.2916666666666667 0.587890625 0.3229166666666667 0.599609375 0.3263888888888889
0 0.03125 0.5034722222222222 0.04296875 0.5 0.0546875 0.4652777777777778 0.046875 0.4513888888888889 0.03125 0.46875 0.025390625 0.4965277777777778 0.03125 0.5034722222222222
0 0.080078125 0.4930555555555556 0.087890625 0.4930555555555556 0.09375 0.4826388888888889 0.0859375 0.4513888888888889 0.072265625 0.4513888888888889 0.068359375 0.46875 0.080078125 0.4930555555555556
0 0.8125 0.2777777777777778 0.830078125 0.2743055555555556 0.830078125 0.2534722222222222 0.810546875 0.2534722222222222 0.806640625 0.2673611111111111 0.8125 0.2777777777777778
0 0.244140625 0.375 0.259765625 0.3715277777777778 0.263671875 0.3472222222222222 0.255859375 0.3298611111111111 0.234375 0.3402777777777778 0.23046875 0.3611111111111111 0.244140625 0.375
0 0.037109375 0.5625 0.0625 0.5277777777777778 0.06640625 0.5451388888888888 0.083984375 0.5451388888888888 0.09765625 0.5243055555555556 0.08984375 0.4965277777777778 0.07421875 0.4965277777777778 0.048828125 0.5277777777777778 0.04296875 0.5 0.03515625 0.5 0.029296875 0.5243055555555556 0.01953125 0.53125 0.017578125 0.5555555555555556 0.037109375 0.5625
0 0.7734375 0.3888888888888889 0.791015625 0.3715277777777778 0.78515625 0.3472222222222222 0.759765625 0.34375 0.75 0.3576388888888889 0.75 0.3888888888888889 0.7734375 0.3888888888888889