0 0.388671875 0.5590277777777778 0.3984375 0.5625 0.40625 0.5451388888888888 0.41796875 0.5451388888888888 0.419921875 0.53125 0.4296875 0.5451388888888888 0.443359375 0.5416666666666666 0.44140625 0.5104166666666666 0.416015625 0.5277777777777778 0.412109375 0.5 0.404296875 0.5 0.38671875 0.53125 0.388671875 0.5590277777777778
0 0.486328125 0.3263888888888889 0.494140625 0.3368055555555556 0.498046875 0.3159722222222222 0.48828125 0.2916666666666667 0.494140625 0.3090277777777778 0.486328125 0.3263888888888889
0 0.95703125 0.28125 0.9609375 0.2951388888888889 0.974609375 0.2951388888888889 0.97265625 0.2777777777777778 0.94921875 0.2673611111111111 0.943359375 0.2916666666666667 0.95703125 0.28125
0 0.45703125 0.4618055555555556 0.498046875 0.4513888888888889 0.50390625 0.4375 0.5 0.4166666666666667 0.46875 0.4201388888888889 0.455078125 0.4375 0.45703125 0.4618055555555556
0 0.7421875 0.375 0.75 0.3576388888888889 0.748046875 0.3402777777777778 0.736328125 0.34375 0.73046875 0.3784722222222222 0.7421875 0.375
0 0.0625 0.4305555555555556 0.078125 0.4375 0.080078125 0.4027777777777778 0.07421875 0.3888888888888889 0.060546875 0.3888888888888889 0.056640625 0.40625 0.0625 0.4305555555555556
0 0.892578125 0.40625 0.904296875 0.3888888888888889 0.90234375 0.3715277777777778 0.87890625 0.375 0.875 0.3576388888888889 0.859375 0.3784722222222222 0.85546875 0.40625 0.892578125 0.40625
0 0.5234375 0.4236111111111111 0.556640625 0.4166666666666667 0.556640625 0.3888888888888889 0.54296875 0.3888888888888889 0.537109375 0.3784722222222222 0.5234375 0.3888888888888889 0.517578125 0.4131944444444444 0.5234375 0.4236111111111111
0 0 0.4375 0.005859375 0.4513888888888889 0.01953125 0.4375 0.009765625 0.3888888888888889 0 0.4027777777777778 0 0.4375
0 0.6796875 0.4375 0.693359375 0.4201388888888889 0.681640625 0.4305555555555556 0.6796875 0.4375
0 0.67578125 0.4513888888888889 0.69140625 0.4548611111111111 0.6796875 0.4375 0.67578125 0.4513888888888889
0 0.701171875 0.4513888888888889 0.705078125 0.4375 0.7109375 0.4513888888888889 0.72265625 0.4479166666666667 0.724609375 0.4236111111111111 0.712890625 0.4201388888888889 0.69921875 0.4375 0.701171875 0.4513888888888889
0 0.4921875 0.5104166666666666 0.51171875 0.4930555555555556 0.51953125 0.4965277777777778 0.53125 0.46875 0.494140625 0.4548611111111111 0.486328125 0.4722222222222222 0.484375 0.5069444444444444 0.4921875 0.5104166666666666
0 0.185546875 0.5625 0.1875 0.5763888888888888 0.22265625 0.5659722222222222 0.224609375 0.5520833333333334 0.23828125 0.5729166666666666 0.25390625 0.5625 0.25 0.5138888888888888 0.23046875 0.5520833333333334 0.212890625 0.5381944444444444 0.2109375 0.5104166666666666 0.19921875 0.5034722222222222 0.19921875 0.5243055555555556 0.185546875 0.5625
0 0.13671875 0.4097222222222222 0.154296875 0.4166666666666667 0.15625 0.3784722222222222 0.142578125 0.3680555555555556 0.13671875 0.3715277777777778 0.13671875 0.4097222222222222
0 0.63671875 0.4305555555555556 0.63671875 0.3993055555555556 0.619140625 0.4027777777777778 0.6171875 0.3888888888888889 0.603515625 0.3993055555555556 0.59375 0.4305555555555556 0.63671875 0.4305555555555556
0 0.806640625 0.4513888888888889 0.822265625 0.4305555555555556 0.8125 0.4097222222222222 0.798828125 0.4201388888888889 0.79296875 0.4513888888888889 0.806640625 0.4513888888888889
0 0.052734375 0.4340277777777778 0.05078125 0.3923611111111111 0.03515625 0.3888888888888889 0.03515625 0.4305555555555556 0.052734375 0.4340277777777778
0 0.875 0.2777777777777778 0.892578125 0.2777777777777778 0.888671875 0.2534722222222222 0.873046875 0.25 0.869140625 0.2673611111111111 0.875 0.2777777777777778
0 0.916015625 0.3888888888888889 0.9375 0.3715277777777778 0.94921875 0.375 0.955078125 0.3541666666666667 0.9375 0.3680555555555556 0.9296875 0.34375 0.921875 0.34375 0.908203125 0.3680555555555556 0.90625 0.3854166666666667 0.916015625 0.3888888888888889
0 0.095703125 0.4236111111111111 0.099609375 0.4027777777777778 0.09375 0.375 0.080078125 0.375 0.080078125 0.4201388888888889 0.095703125 0.4236111111111111
0 0.5234375 0.5277777777777778 0.53515625 0.5138888888888888 0.5625 0.5138888888888888 0.568359375 0.5 0.56640625 0.4652777777777778 0.548828125 0.4826388888888889 0.541015625 0.4722222222222222 0.525390625 0.4826388888888889 0.517578125 0.5 0.5234375 0.5277777777777778
0 0.689453125 0.4201388888888889 0.69140625 0.40625 0.681640625 0.4236111111111111 0.673828125 0.4027777777777778 0.662109375 0.40625 0.65625 0.4201388888888889 0.658203125 0.4513888888888889 0.689453125 0.4201388888888889
0 0.59765625 0.3263888888888889 0.60546875 0.3263888888888889 0.60546875 0.2951388888888889 0.59765625 0.2951388888888889 0.59375 0.3125 0.59765625 0.3263888888888889
0 0.126953125 0.6840277777777778 0.142578125 0.6597222222222222 0.16015625 0.65625 0.162109375 0.6423611111111112 0.169921875 0.65625 0.1796875 0.6527777777777778 0.19140625 0.6111111111111112 0.185546875 0.5972222222222222 0.169921875 0.625 0.134765625 0.59375 0.11328125 0.6423611111111112 0.115234375 0.6770833333333334 0.126953125 0.6840277777777778
0 0.759765625 0.4305555555555556 0.771484375 0.4201388888888889 0.794921875 0.4236111111111111 0.8046875 0.40625 0.802734375 0.3715277777777778 0.79296875 0.3715277777777778 0.78125 0.3888888888888889 0.763671875 0.3888888888888889 0.755859375 0.4097222222222222 0.759765625 0.4305555555555556