0 0.08203125 0.4166666666666667 0.10546875 0.4201388888888889 0.10546875 0.3888888888888889 0.099609375 0.375 0.08203125 0.3784722222222222 0.076171875 0.3888888888888889 0.08203125 0.4166666666666667
0 0.296875 0.3993055555555556 0.3203125 0.40625 0.322265625 0.3715277777777778 0.298828125 0.3576388888888889 0.287109375 0.3854166666666667 0.296875 0.3993055555555556
0 0.73046875 0.46875 0.7421875 0.4791666666666667 0.78515625 0.4652777777777778 0.787109375 0.4409722222222222 0.779296875 0.4236111111111111 0.767578125 0.4340277777777778 0.759765625 0.4166666666666667 0.736328125 0.4236111111111111 0.73046875 0.4375 0.73046875 0.46875
0 0.005859375 0.5 0.01171875 0.5173611111111112 0.068359375 0.4965277777777778 0.06640625 0.4548611111111111 0.048828125 0.4652777777777778 0.03515625 0.4965277777777778 0.03125 0.4652777777777778 0.01953125 0.4513888888888889 0.017578125 0.4756944444444444 0.005859375 0.5
0 0.248046875 0.4826388888888889 0.25390625 0.4652777777777778 0.25390625 0.4513888888888889 0.23828125 0.4548611111111111 0.234375 0.4409722222222222 0.224609375 0.4409722222222222 0.21875 0.5 0.248046875 0.4826388888888889
0 0.1171875 0.5486111111111112 0.1171875 0.5104166666666666 0.111328125 0.4965277777777778 0.10546875 0.5034722222222222 0.103515625 0.53125 0.0859375 0.53125 0.07421875 0.5173611111111112 0.068359375 0.5902777777777778 0.1171875 0.5486111111111112
0 0.17578125 0.4618055555555556 0.173828125 0.4375 0.185546875 0.4340277777777778 0.193359375 0.4618055555555556 0.19921875 0.4513888888888889 0.193359375 0.4201388888888889 0.173828125 0.4340277777777778 0.16796875 0.4097222222222222 0.162109375 0.4097222222222222 0.15625 0.4375 0.15625 0.4722222222222222 0.17578125 0.4618055555555556
0 0.6328125 0.4618055555555556 0.66015625 0.4791666666666667 0.66796875 0.4618055555555556 0.66015625 0.4270833333333333 0.662109375 0.40625 0.642578125 0.40625 0.63671875 0.4166666666666667 0.62890625 0.4375 0.6328125 0.4618055555555556
0 0.69921875 0.5 0.705078125 0.4618055555555556 0.69921875 0.4201388888888889 0.6796875 0.4166666666666667 0.66796875 0.4305555555555556 0.66796875 0.5034722222222222 0.69921875 0.5
0 0.404296875 0.3993055555555556 0.404296875 0.3576388888888889 0.38671875 0.3715277777777778 0.38671875 0.3923611111111111 0.404296875 0.3993055555555556
0 0.3515625 0.4236111111111111 0.357421875 0.4097222222222222 0.380859375 0.40625 0.384765625 0.3854166666666667 0.380859375 0.375 0.376953125 0.3854166666666667 0.35546875 0.375 0.34765625 0.3888888888888889 0.34375 0.4201388888888889 0.3515625 0.4236111111111111
0 0.599609375 0.4166666666666667 0.60546875 0.4305555555555556 0.62890625 0.4375 0.638671875 0.3958333333333333 0.61328125 0.375 0.599609375 0.3993055555555556 0.599609375 0.4166666666666667
0 0.28515625 0.4201388888888889 0.296875 0.4027777777777778 0.287109375 0.375 0.28125 0.3854166666666667 0.275390625 0.3715277777777778 0.26171875 0.3715277777777778 0.255859375 0.3854166666666667 0.25 0.4201388888888889 0.28515625 0.4201388888888889
0 0.7265625 0.4548611111111111 0.736328125 0.4201388888888889 0.734375 0.3993055555555556 0.705078125 0.40625 0.705078125 0.4513888888888889 0.7265625 0.4548611111111111