0 0.232421875 0.9861111111111112 0.233724609375 0.9965277777777778 0.255859375 0.9965277777777778 0.26171875 0.9861111111111112 0.25390625 0.9791666666666666 0.26953125 0.9479166666666666 0.23828125 0.9826388888888888 0.224609375 0.9861111111111112 0.22265625 0.9965277777777778 0.232421875 0.9861111111111112
0 0.04296875 0.3298611111111111 0.0625 0.3229166666666667 0.0625 0.3055555555555556 0.0546875 0.2951388888888889 0.04296875 0.2951388888888889 0.04296875 0.3298611111111111
0 0.400390625 0.4166666666666667 0.40625 0.3888888888888889 0.404296875 0.3784722222222222 0.39453125 0.3784722222222222 0.392578125 0.4166666666666667 0.400390625 0.4166666666666667
0 0.35546875 0.2847222222222222 0.361328125 0.2847222222222222 0.361328125 0.2604166666666667 0.35546875 0.2604166666666667 0.35546875 0.2847222222222222
0 0.423828125 0.9201388888888888 0.431640625 0.9652777777777778 0.44140625 0.96875 0.4375 0.84375 0.423828125 0.8368055555555556 0.412109375 0.8576388888888888 0.40625 0.9201388888888888 0.423828125 0.9201388888888888
0 0.0625 0.3541666666666667 0.0859375 0.3576388888888889 0.091796875 0.34375 0.080078125 0.3125 0.0625 0.3263888888888889 0.056640625 0.3368055555555556 0.0625 0.3541666666666667
0 0.318359375 0.375 0.31640625 0.3402777777777778 0.30078125 0.3368055555555556 0.298828125 0.3715277777777778 0.318359375 0.375
0 0.2421875 0.2743055555555556 0.25390625 0.2673611111111111 0.25390625 0.25 0.2421875 0.25 0.2421875 0.2743055555555556
0 0.775390625 0.8854166666666666 0.79296875 0.9166666666666666 0.80078125 0.9027777777777778 0.80078125 0.875 0.79296875 0.8506944444444444 0.787109375 0.7847222222222222 0.75390625 0.7847222222222222 0.736328125 0.7534722222222222 0.72265625 0.75 0.71875 0.8229166666666666 0.775390625 0.8854166666666666
0 0.091796875 0.3125 0.0859375 0.28125 0.072265625 0.2847222222222222 0.0703125 0.3090277777777778 0.091796875 0.3125
0 0.033203125 0.3854166666666667 0.03515625 0.3576388888888889 0.0234375 0.34375 0.005859375 0.34375 0.005859375 0.3923611111111111 0.033203125 0.3854166666666667
0 0.287109375 0.3159722222222222 0.28515625 0.2847222222222222 0.279296875 0.2847222222222222 0.275390625 0.3055555555555556 0.287109375 0.3159722222222222
0 0.291015625 0.3819444444444444 0.28125 0.40625 0.287109375 0.4097222222222222 0.29296875 0.3715277777777778 0.287109375 0.3611111111111111 0.28125 0.3680555555555556 0.28125 0.3784722222222222 0.291015625 0.3819444444444444
0 0.787109375 0.7465277777777778 0.798828125 0.7777777777777778 0.82421875 0.8125 0.8359375 0.8159722222222222 0.85546875 0.78125 0.849609375 0.7222222222222222 0.830078125 0.7256944444444444 0.830078125 0.7881944444444444 0.82421875 0.7951388888888888 0.80078125 0.71875 0.791015625 0.7118055555555556 0.78515625 0.7118055555555556 0.787109375 0.7465277777777778
0 0.31640625 0.5972222222222222 0.32421875 0.5347222222222222 0.322265625 0.5138888888888888 0.3125 0.5138888888888888 0.306640625 0.5625 0.31640625 0.5972222222222222
0 0.447265625 0.6527777777777778 0.44921875 0.6840277777777778 0.44921875 0.6597222222222222 0.45703125 0.6666666666666666 0.4609375 0.6388888888888888 0.4609375 0.5868055555555556 0.4375 0.59375 0.435546875 0.625 0.447265625 0.6527777777777778
0 0.291015625 0.4513888888888889 0.298828125 0.4513888888888889 0.298828125 0.4131944444444444 0.29296875 0.40625 0.287109375 0.4375 0.291015625 0.4513888888888889
0 0.505859375 0.7638888888888888 0.515625 0.7638888888888888 0.517578125 0.6875 0.51171875 0.6701388888888888 0.5 0.6666666666666666 0.498046875 0.6840277777777778 0.48046875 0.6875 0.474609375 0.7152777777777778 0.505859375 0.7638888888888888
0 0.224609375 0.6076388888888888 0.236328125 0.5763888888888888 0.234375 0.53125 0.21875 0.53125 0.224609375 0.6076388888888888
0 0.3359375 0.4166666666666667 0.345703125 0.4236111111111111 0.349609375 0.3854166666666667 0.341796875 0.3715277777777778 0.3359375 0.375 0.3359375 0.4166666666666667
0 0.154296875 0.3055555555555556 0.16015625 0.2673611111111111 0.1484375 0.2638888888888889 0.142578125 0.2743055555555556 0.138671875 0.2951388888888889 0.154296875 0.3055555555555556
0 0.119140625 0.3125 0.119140625 0.3263888888888889 0.125 0.3402777777777778 0.146484375 0.34375 0.1484375 0.3229166666666667 0.13671875 0.2986111111111111 0.1328125 0.3125 0.119140625 0.3125
0 0.205078125 0.3993055555555556 0.201171875 0.3715277777777778 0.16796875 0.3576388888888889 0.162109375 0.3993055555555556 0.205078125 0.3993055555555556
0 0.337890625 0.3541666666666667 0.34375 0.34375 0.34375 0.3159722222222222 0.3359375 0.3125 0.330078125 0.3368055555555556 0.337890625 0.3541666666666667
0 0.712890625 0.6666666666666666 0.71875 0.7013888888888888 0.705078125 0.6944444444444444 0.705078125 0.71875 0.712890625 0.7430555555555556 0.732421875 0.75 0.734375 0.7256944444444444 0.75 0.7118055555555556 0.767578125 0.7291666666666666 0.759765625 0.7118055555555556 0.767578125 0.7013888888888888 0.76171875 0.6944444444444444 0.76171875 0.6493055555555556 0.75390625 0.6284722222222222 0.736328125 0.625 0.724609375 0.6701388888888888 0.7109375 0.6597222222222222 0.705078125 0.6701388888888888 0.712890625 0.6666666666666666
0 0.123046875 0.3055555555555556 0.123046875 0.2951388888888889 0.109375 0.28125 0.1015625 0.2881944444444444 0.103515625 0.3159722222222222 0.123046875 0.3055555555555556
0 0.23046875 0.4826388888888889 0.2421875 0.5104166666666666 0.244140625 0.4930555555555556 0.232421875 0.4861111111111111 0.2421875 0.46875 0.224609375 0.4618055555555556 0.22265625 0.4826388888888889 0.23046875 0.4826388888888889
0 0.53125 0.46875 0.53515625 0.4375 0.517578125 0.4340277777777778 0.517578125 0.46875 0.53125 0.46875
0 0.3125 0.3263888888888889 0.3125 0.3055555555555556 0.30078125 0.2951388888888889 0.298828125 0.3263888888888889 0.3125 0.3263888888888889
0 0.23046875 0.28125 0.228515625 0.25 0.22265625 0.25 0.21875 0.28125 0.23046875 0.28125
0 0.333984375 0.2847222222222222 0.3359375 0.2534722222222222 0.330078125 0.25 0.326171875 0.2743055555555556 0.333984375 0.2847222222222222
0 0.173828125 0.3368055555555556 0.1796875 0.3229166666666667 0.173828125 0.2951388888888889 0.16015625 0.2951388888888889 0.15625 0.3298611111111111 0.173828125 0.3368055555555556
0 0.041015625 0.3055555555555556 0.04296875 0.28125 0.025390625 0.2777777777777778 0.0234375 0.3055555555555556 0.041015625 0.3055555555555556
0 0.4609375 0.5451388888888888 0.46875 0.5173611111111112 0.46875 0.4826388888888889 0.462890625 0.4722222222222222 0.451171875 0.4826388888888889 0.451171875 0.5243055555555556 0.4609375 0.5451388888888888
0 0.392578125 0.4965277777777778 0.3984375 0.5138888888888888 0.404296875 0.5034722222222222 0.40234375 0.4513888888888889 0.392578125 0.4513888888888889 0.392578125 0.4965277777777778
0 0.380859375 0.3854166666666667 0.38671875 0.375 0.38671875 0.34375 0.376953125 0.3402777777777778 0.375 0.375 0.380859375 0.3854166666666667
0 0.271484375 0.28125 0.2734375 0.2673611111111111 0.26171875 0.2534722222222222 0.259765625 0.2777777777777778 0.271484375 0.28125
0 0.4296875 0.7534722222222222 0.423828125 0.7673611111111112 0.4296875 0.7743055555555556 0.42578125 0.7847222222222222 0.435546875 0.8090277777777778 0.4375 0.84375 0.44921875 0.8472222222222222 0.44921875 0.7326388888888888 0.431640625 0.7361111111111112 0.423828125 0.7465277777777778 0.4296875 0.7534722222222222
0 0.41796875 0.5625 0.423828125 0.5451388888888888 0.423828125 0.4965277777777778 0.412109375 0.4965277777777778 0.40625 0.53125 0.41796875 0.5625
0 0.59375 0.84375 0.599609375 0.8611111111111112 0.60546875 0.8715277777777778 0.615234375 0.8680555555555556 0.625 0.8854166666666666 0.642578125 0.8888888888888888 0.65625 0.9236111111111112 0.66796875 0.9305555555555556 0.673828125 0.9201388888888888 0.673828125 0.8854166666666666 0.66015625 0.8125 0.6484375 0.8055555555555556 0.6328125 0.8541666666666666 0.619140625 0.8576388888888888 0.609375 0.78125 0.599609375 0.7673611111111112 0.59375 0.78125 0.59375 0.84375
0 0.40625 0.3125 0.39453125 0.3090277777777778 0.3984375 0.34375 0.40625 0.3125
0 0.65625 0.71875 0.666015625 0.75 0.66015625 0.7291666666666666 0.671875 0.7222222222222222 0.671875 0.6388888888888888 0.63671875 0.6388888888888888 0.63671875 0.6944444444444444 0.65625 0.71875
0 0.349609375 0.3090277777777778 0.35546875 0.2847222222222222 0.34765625 0.2777777777777778 0.34375 0.2986111111111111 0.349609375 0.3090277777777778
0 0.236328125 0.8090277777777778 0.248046875 0.7673611111111112 0.25 0.7118055555555556 0.244140625 0.6979166666666666 0.228515625 0.6979166666666666 0.224609375 0.7951388888888888 0.236328125 0.8090277777777778
0 0.322265625 0.24305555555555555 0.32421875 0.21875 0.318359375 0.21875 0.322265625 0.24305555555555555