0 0.94140625 0.28125 0.939453125 0.2638888888888889 0.921875 0.2604166666666667 0.921875 0.2951388888888889 0.94140625 0.28125
0 0.76953125 0.3715277777777778 0.791015625 0.3715277777777778 0.796875 0.3576388888888889 0.79296875 0.3298611111111111 0.76171875 0.3263888888888889 0.759765625 0.34375 0.76953125 0.3715277777777778
0 0.884765625 0.28125 0.880859375 0.25 0.865234375 0.2534722222222222 0.861328125 0.28125 0.884765625 0.28125
0 0.048828125 0.4513888888888889 0.048828125 0.4201388888888889 0.04296875 0.40625 0.01953125 0.4097222222222222 0.0234375 0.4548611111111111 0.048828125 0.4513888888888889
0 0.302734375 0.4479166666666667 0.314453125 0.4479166666666667 0.3125 0.4166666666666667 0.279296875 0.4097222222222222 0.29296875 0.4236111111111111 0.2841796875 0.4444444444444444 0.3046875 0.4201388888888889 0.302734375 0.4479166666666667
0 0.26953125 0.4618055555555556 0.279296875 0.45023148263888885 0.263671875 0.4409722222222222 0.26953125 0.4618055555555556
0 0.53515625 0.3229166666666667 0.54296875 0.3125 0.5390625 0.2916666666666667 0.53125 0.2916666666666667 0.53515625 0.3229166666666667
0 0 0.4652777777777778 0.01171875 0.4618055555555556 0.009765625 0.40625 0 0.40625 0 0.4652777777777778
0 0.974609375 0.3368055555555556 0.986328125 0.3263888888888889 0.98046875 0.2986111111111111 0.95703125 0.2986111111111111 0.94921875 0.3263888888888889 0.974609375 0.3368055555555556
0 0.447265625 0.4305555555555556 0.45703125 0.4166666666666667 0.474609375 0.4201388888888889 0.48046875 0.4097222222222222 0.48046875 0.3888888888888889 0.4609375 0.375 0.44921875 0.3888888888888889 0.44140625 0.4097222222222222 0.447265625 0.4305555555555556
0 0.4609375 0.6041666666666666 0.44921875 0.6111111111111112 0.455078125 0.6180555555555556 0.486328125 0.5902777777777778 0.4921875 0.5277777777777778 0.486328125 0.5138888888888888 0.45703125 0.5173611111111112 0.451171875 0.5625 0.44921875 0.5833333333333334 0.4609375 0.6041666666666666
0 0.099609375 0.5277777777777778 0.10546875 0.5138888888888888 0.142578125 0.5138888888888888 0.1484375 0.4826388888888889 0.142578125 0.46875 0.130859375 0.46875 0.11328125 0.4861111111111111 0.111328125 0.46875 0.10546875 0.46875 0.091796875 0.5 0.087890625 0.5138888888888888 0.099609375 0.5277777777777778
0 0.154296875 0.4097222222222222 0.154296875 0.3680555555555556 0.140625 0.3576388888888889 0.13671875 0.4027777777777778 0.154296875 0.4097222222222222
0 0.861328125 0.2777777777777778 0.8671875 0.25 0.84765625 0.25 0.84375 0.2673611111111111 0.861328125 0.2777777777777778
0 0.611328125 0.3888888888888889 0.626953125 0.3888888888888889 0.630859375 0.3993055555555556 0.63671875 0.3923611111111111 0.63671875 0.3680555555555556 0.625 0.34375 0.619140625 0.3472222222222222 0.611328125 0.3576388888888889 0.611328125 0.3888888888888889
0 0.998046875 0.2951388888888889 0.998046875 0.2638888888888889 0.986328125 0.2708333333333333 0.984375 0.2951388888888889 0.998046875 0.2951388888888889
0 0.55859375 0.3159722222222222 0.560546875 0.2916666666666667 0.548828125 0.2847222222222222 0.54296875 0.3090277777777778 0.55859375 0.3159722222222222
0 0.78125 0.2534722222222222 0.787109375 0.2638888888888889 0.802734375 0.2638888888888889 0.8046875 0.2465277777777778 0.798828125 0.2326388888888889 0.78125 0.2326388888888889 0.78125 0.2534722222222222
0 0.171875 0.3993055555555556 0.19140625 0.4027777777777778 0.205078125 0.3923611111111111 0.19140625 0.3576388888888889 0.16796875 0.3611111111111111 0.162109375 0.3888888888888889 0.171875 0.3993055555555556
0 0.91796875 0.3090277777777778 0.921875 0.2916666666666667 0.916015625 0.2777777777777778 0.89453125 0.2777777777777778 0.89453125 0.2951388888888889 0.91796875 0.3090277777777778