0 0.892578125 0.2951388888888889 0.912109375 0.2951388888888889 0.916015625 0.2673611111111111 0.89453125 0.2638888888888889 0.88671875 0.2847222222222222 0.892578125 0.2951388888888889
0 0.837890625 0.28125 0.8359375 0.2534722222222222 0.818359375 0.2534722222222222 0.8125 0.2777777777777778 0.837890625 0.28125
0 0.9375 0.2916666666666667 0.943359375 0.28125 0.943359375 0.2638888888888889 0.91796875 0.2638888888888889 0.916015625 0.2916666666666667 0.9375 0.2916666666666667
0 0.837890625 0.28125 0.86328125 0.2743055555555556 0.861328125 0.2326388888888889 0.849609375 0.2326388888888889 0.8359375 0.2534722222222222 0.837890625 0.28125
0 0.73046875 0.4791666666666667 0.744140625 0.4409722222222222 0.7421875 0.4201388888888889 0.732421875 0.4201388888888889 0.73046875 0.4097222222222222 0.71875 0.4097222222222222 0.7109375 0.4375 0.7109375 0.4791666666666667 0.73046875 0.4791666666666667
0 0.802734375 0.34375 0.80078125 0.3125 0.791015625 0.2986111111111111 0.783203125 0.3020833333333333 0.787109375 0.34375 0.802734375 0.34375
0 0 0.4375 0.0234375 0.4513888888888889 0.03125 0.4305555555555556 0.029296875 0.4097222222222222 0.005859375 0.3923611111111111 0 0.3993055555555556 0 0.4375
0 0.306640625 0.4166666666666667 0.3046875 0.3888888888888889 0.29296875 0.3888888888888889 0.291015625 0.3993055555555556 0.2734375 0.3888888888888889 0.26953125 0.4305555555555556 0.306640625 0.4166666666666667
0 0.103515625 0.3055555555555556 0.099609375 0.28125 0.08203125 0.28125 0.08203125 0.3159722222222222 0.103515625 0.3055555555555556
0 0.8984375 0.375 0.94140625 0.375 0.94140625 0.3368055555555556 0.912109375 0.3298611111111111 0.8984375 0.3541666666666667 0.8984375 0.375
0 0.21875 0.5625 0.2421875 0.5729166666666666 0.267578125 0.5625 0.2734375 0.5451388888888888 0.2734375 0.5243055555555556 0.267578125 0.5138888888888888 0.25390625 0.5243055555555556 0.24609375 0.4965277777777778 0.216796875 0.5034722222222222 0.212890625 0.5138888888888888 0.21875 0.5625
0 0.263671875 0.4930555555555556 0.279296875 0.4652777777777778 0.279296875 0.4409722222222222 0.267578125 0.4375 0.25390625 0.4513888888888889 0.263671875 0.4930555555555556
0 0.0234375 0.5347222222222222 0.09375 0.5104166666666666 0.080078125 0.4722222222222222 0.0546875 0.5 0.0546875 0.4791666666666667 0.037109375 0.46875 0.017578125 0.5104166666666666 0.0234375 0.5347222222222222
0 0.966796875 0.2951388888888889 0.986328125 0.25 0.978515625 0.2638888888888889 0.97265625 0.25 0.955078125 0.2638888888888889 0.951171875 0.2916666666666667 0.966796875 0.2951388888888889
0 0.099609375 0.5277777777777778 0.103515625 0.5416666666666666 0.11328125 0.5451388888888888 0.14453125 0.5243055555555556 0.16015625 0.53125 0.166015625 0.5173611111111112 0.16015625 0.4826388888888889 0.14453125 0.4826388888888889 0.13671875 0.5 0.125 0.4965277777777778 0.12109375 0.4791666666666667 0.111328125 0.4826388888888889 0.111328125 0.5034722222222222 0.099609375 0.5277777777777778
0 0 0.5173611111111112 0.009765625 0.4965277777777778 0.00390625 0.4791666666666667 0 0.4722222222222222 0 0.5173611111111112
0 0.14453125 0.4618055555555556 0.16796875 0.4513888888888889 0.16796875 0.4340277777777778 0.1796875 0.4201388888888889 0.1796875 0.4513888888888889 0.19140625 0.4513888888888889 0.19140625 0.4236111111111111 0.185546875 0.4166666666666667 0.150390625 0.4201388888888889 0.138671875 0.4375 0.14453125 0.4618055555555556
0 0.603515625 0.3923611111111111 0.62890625 0.3993055555555556 0.625 0.3680555555555556 0.61328125 0.375 0.603515625 0.3576388888888889 0.59375 0.375 0.59375 0.40625 0.603515625 0.3923611111111111
0 0.181640625 0.3993055555555556 0.197265625 0.4027777777777778 0.205078125 0.3923611111111111 0.19921875 0.375 0.16796875 0.3576388888888889 0.166015625 0.375 0.181640625 0.3993055555555556
0 0.51171875 0.4201388888888889 0.51171875 0.3888888888888889 0.484375 0.3888888888888889 0.48046875 0.4166666666666667 0.51171875 0.4201388888888889
0 0.54296875 0.4479166666666667 0.568359375 0.4166666666666667 0.580078125 0.4305555555555556 0.572265625 0.4166666666666667 0.572265625 0.4027777777777778 0.578125 0.3993055555555556 0.56640625 0.4027777777777778 0.55078125 0.3888888888888889 0.54296875 0.4027777777777778 0.537109375 0.4201388888888889 0.54296875 0.4479166666666667
0 0.423828125 0.4201388888888889 0.4296875 0.4097222222222222 0.423828125 0.3784722222222222 0.40625 0.3888888888888889 0.40625 0.4201388888888889 0.423828125 0.4201388888888889
0 0.375 0.4479166666666667 0.40625 0.4375 0.392578125 0.4097222222222222 0.369140625 0.4097222222222222 0.3671875 0.4270833333333333 0.375 0.4479166666666667
0 0.322265625 0.5173611111111112 0.341796875 0.5138888888888888 0.349609375 0.4826388888888889 0.361328125 0.5034722222222222 0.369140625 0.4965277777777778 0.36328125 0.4618055555555556 0.35546875 0.4618055555555556 0.353515625 0.4826388888888889 0.34375 0.4791666666666667 0.341796875 0.4548611111111111 0.318359375 0.4826388888888889 0.31640625 0.5104166666666666 0.322265625 0.5173611111111112
0 0.400390625 0.4930555555555556 0.40625 0.4965277777777778 0.423828125 0.4826388888888889 0.470703125 0.4826388888888889 0.48046875 0.4930555555555556 0.48828125 0.4722222222222222 0.484375 0.4409722222222222 0.4609375 0.4548611111111111 0.4296875 0.4409722222222222 0.40625 0.4548611111111111 0.3984375 0.4722222222222222 0.400390625 0.4930555555555556
0 0.005859375 0.3402777777777778 0.029296875 0.3368055555555556 0.03515625 0.3263888888888889 0.033203125 0.3090277777777778 0.01171875 0.2986111111111111 0.005859375 0.3090277777777778 0.005859375 0.3402777777777778
0 0.548828125 0.5 0.5703125 0.4861111111111111 0.580078125 0.4965277777777778 0.5859375 0.4791666666666667 0.5859375 0.4409722222222222 0.576171875 0.4409722222222222 0.572265625 0.4618055555555556 0.56640625 0.4375 0.5546875 0.4375 0.548828125 0.4513888888888889 0.54296875 0.4826388888888889 0.548828125 0.5
0 0.560546875 0.375 0.56640625 0.3576388888888889 0.560546875 0.3472222222222222 0.537109375 0.34375 0.53125 0.3888888888888889 0.560546875 0.375
0 0.6171875 0.46875 0.630859375 0.4548611111111111 0.66015625 0.46875 0.671875 0.4375 0.658203125 0.4201388888888889 0.64453125 0.4305555555555556 0.630859375 0.4166666666666667 0.615234375 0.4444444444444444 0.6171875 0.46875
0 0.1015625 0.8090277777777778 0.115234375 0.78125 0.12890625 0.7743055555555556 0.12890625 0.75 0.1171875 0.7222222222222222 0.10546875 0.71875 0.08203125 0.7743055555555556 0.08203125 0.8090277777777778 0.1015625 0.8090277777777778
0 0.13671875 0.7222222222222222 0.13671875 0.7361111111111112 0.150390625 0.7638888888888888 0.162109375 0.7638888888888888 0.173828125 0.7430555555555556 0.173828125 0.6875 0.14453125 0.6909722222222222 0.14453125 0.7152777777777778 0.13671875 0.7222222222222222
0 0.8828125 0.3541666666666667 0.88671875 0.3263888888888889 0.85546875 0.3125 0.84375 0.3541666666666667 0.8828125 0.3541666666666667
0 0.208984375 0.5451388888888888 0.21875 0.5138888888888888 0.212890625 0.5069444444444444 0.23828125 0.4791666666666667 0.236328125 0.4583333333333333 0.228515625 0.4409722222222222 0.21875 0.4409722222222222 0.21875 0.4618055555555556 0.193359375 0.5034722222222222 0.19140625 0.5347222222222222 0.208984375 0.5451388888888888