0 0.88671875 0.2743055555555556 0.88671875 0.2534722222222222 0.86328125 0.25 0.861328125 0.2743055555555556 0.88671875 0.2743055555555556
0 0.798828125 0.375 0.81640625 0.3680555555555556 0.8125 0.34375 0.796875 0.3472222222222222 0.787109375 0.3298611111111111 0.77734375 0.3402777777777778 0.7734375 0.3611111111111111 0.798828125 0.375
0 0.599609375 0.3472222222222222 0.59765625 0.3263888888888889 0.58203125 0.3229166666666667 0.580078125 0.3472222222222222 0.599609375 0.3472222222222222
0 0 0.5104166666666666 0.0234375 0.5138888888888888 0.03125 0.5034722222222222 0.03125 0.4861111111111111 0.0234375 0.4722222222222222 0.025390625 0.4513888888888889 0.017578125 0.4375 0 0.4375 0 0.5104166666666666
0 0.19921875 0.4444444444444444 0.1796875 0.4236111111111111 0.173828125 0.4375 0.162109375 0.4409722222222222 0.16015625 0.4756944444444444 0.171875 0.4826388888888889 0.1796875 0.4618055555555556 0.19921875 0.4444444444444444
0 0.359375 0.4097222222222222 0.380859375 0.4097222222222222 0.37890625 0.3784722222222222 0.36328125 0.3888888888888889 0.361328125 0.375 0.35546875 0.375 0.34765625 0.3923611111111111 0.34765625 0.4236111111111111 0.359375 0.4097222222222222
0 0.154296875 0.4201388888888889 0.154296875 0.3715277777777778 0.142578125 0.3715277777777778 0.13671875 0.4097222222222222 0.154296875 0.4201388888888889
0 0.11328125 0.40625 0.1171875 0.3611111111111111 0.09765625 0.3645833333333333 0.09765625 0.40625 0.11328125 0.40625
0 0.091796875 0.4340277777777778 0.09375 0.3854166666666667 0.076171875 0.3715277777777778 0.07421875 0.4166666666666667 0.091796875 0.4340277777777778
0 0 0.5104166666666666 0.029296875 0.5104166666666666 0.03125 0.4861111111111111 0.01171875 0.4791666666666667 0 0.4930555555555556 0 0.5104166666666666
0 0.48828125 0.3888888888888889 0.484375 0.4027777777777778 0.478515625 0.3993055555555556 0.48046875 0.40625 0.509765625 0.3923611111111111 0.513671875 0.3784722222222222 0.509765625 0.3576388888888889 0.482421875 0.3680555555555556 0.478515625 0.3784722222222222 0.48828125 0.3888888888888889
0 0.998046875 0.3055555555555556 0.998046875 0.2638888888888889 0.974609375 0.2777777777777778 0.974609375 0.2951388888888889 0.998046875 0.3055555555555556
0 0.3984375 0.4201388888888889 0.412109375 0.4097222222222222 0.431640625 0.4166666666666667 0.44140625 0.3923611111111111 0.4375 0.375 0.41015625 0.375 0.3984375 0.3993055555555556 0.3984375 0.4201388888888889
0 0.837890625 0.2777777777777778 0.84375 0.2673611111111111 0.837890625 0.25 0.826171875 0.25 0.826171875 0.2743055555555556 0.837890625 0.2777777777777778