0 0.32421875 0.5 0.3359375 0.5 0.341796875 0.4826388888888889 0.337890625 0.4513888888888889 0.322265625 0.4513888888888889 0.318359375 0.4722222222222222 0.32421875 0.5
0 0.28125 0.6475694444444444 0.28515625 0.6111111111111112 0.279296875 0.5902777777777778 0.267578125 0.5902777777777778 0.26171875 0.59375 0.26171875 0.6215277777777778 0.272786458984375 0.6490740729166666 0.28125 0.6475694444444444
0 0.56640625 0.2951388888888889 0.560546875 0.2847222222222222 0.568359375 0.2604166666666667 0.560546875 0.2534722222222222 0.556640625 0.28125 0.56640625 0.2951388888888889
0 0.392578125 0.5972222222222222 0.423828125 0.6423611111111112 0.412109375 0.6180555555555556 0.423828125 0.6111111111111112 0.421875 0.5625 0.404296875 0.5555555555555556 0.392578125 0.5625 0.392578125 0.5972222222222222
0 0.8125 0.4166666666666667 0.818359375 0.3576388888888889 0.806640625 0.3576388888888889 0.798828125 0.3784722222222222 0.798828125 0.40625 0.8125 0.4166666666666667
0 0.1171875 0.3229166666666667 0.115234375 0.2881944444444444 0.103515625 0.28125 0.1015625 0.3229166666666667 0.1171875 0.3229166666666667
0 0.888671875 0.2534722222222222 0.88671875 0.2326388888888889 0.869140625 0.24305555555555555 0.875 0.2604166666666667 0.888671875 0.2534722222222222
0 0.34375 0.4236111111111111 0.33203125 0.4340277777777778 0.341796875 0.4409722222222222 0.34765625 0.3923611111111111 0.33203125 0.3888888888888889 0.330078125 0.40625 0.34375 0.4236111111111111
0 0.818359375 0.9340277777777778 0.875 0.9722222222222222 0.880859375 0.9965277777777778 0.90625 0.9930555555555556 0.91015625 0.96875 0.8984375 0.9479166666666666 0.88671875 0.8576388888888888 0.873046875 0.8576388888888888 0.861328125 0.8715277777777778 0.873046875 0.9305555555555556 0.86328125 0.9479166666666666 0.849609375 0.9340277777777778 0.84375 0.9131944444444444 0.84765625 0.8993055555555556 0.830078125 0.8611111111111112 0.81640625 0.84375 0.806640625 0.8576388888888888 0.8046875 0.9027777777777778 0.818359375 0.9340277777777778
0 0.29296875 0.21875 0.296875 0.2013888888888889 0.291015625 0.2013888888888889 0.29296875 0.21875
0 0.751953125 0.3680555555555556 0.78125 0.3680555555555556 0.787109375 0.3298611111111111 0.759765625 0.3298611111111111 0.75 0.3541666666666667 0.751953125 0.3680555555555556
0 0.548828125 0.4375 0.5546875 0.4479166666666667 0.5625 0.4375 0.5625 0.40625 0.548828125 0.40625 0.548828125 0.4375
0 0.0625 0.3472222222222222 0.060546875 0.3229166666666667 0.037109375 0.3263888888888889 0.037109375 0.3576388888888889 0.0625 0.3472222222222222
0 0.287109375 0.5277777777777778 0.298828125 0.4791666666666667 0.29296875 0.4618055555555556 0.27734375 0.4652777777777778 0.2734375 0.4826388888888889 0.287109375 0.5277777777777778
0 0.3671875 0.53125 0.384765625 0.5451388888888888 0.38671875 0.4722222222222222 0.369140625 0.4826388888888889 0.361328125 0.5138888888888888 0.3671875 0.53125
0 0.271484375 0.4548611111111111 0.2734375 0.4027777777777778 0.263671875 0.4027777777777778 0.263671875 0.4513888888888889 0.271484375 0.4548611111111111
0 0.4609375 0.5347222222222222 0.47265625 0.5590277777777778 0.478515625 0.5 0.474609375 0.4826388888888889 0.466796875 0.4826388888888889 0.4609375 0.4861111111111111 0.4609375 0.5347222222222222
0 0.716796875 0.6701388888888888 0.71875 0.71875 0.763671875 0.7743055555555556 0.76953125 0.7604166666666666 0.763671875 0.6944444444444444 0.767578125 0.6527777777777778 0.7578125 0.6388888888888888 0.73828125 0.6388888888888888 0.736328125 0.6215277777777778 0.716796875 0.625 0.7109375 0.6597222222222222 0.716796875 0.6701388888888888
0 0.51171875 0.4965277777777778 0.517578125 0.5034722222222222 0.53125 0.4826388888888889 0.53125 0.4548611111111111 0.525390625 0.4548611111111111 0.51171875 0.4618055555555556 0.51171875 0.4965277777777778
0 0.45703125 0.2916666666666667 0.462890625 0.2638888888888889 0.455078125 0.2638888888888889 0.45703125 0.2916666666666667
0 0.57421875 0.5590277777777778 0.568359375 0.5659722222222222 0.57421875 0.5868055555555556 0.59765625 0.6111111111111112 0.59765625 0.53125 0.58203125 0.53125 0.568359375 0.5451388888888888 0.57421875 0.5590277777777778
0 0.130859375 0.2743055555555556 0.1484375 0.2638888888888889 0.146484375 0.2465277777777778 0.12890625 0.2361111111111111 0.125 0.2534722222222222 0.130859375 0.2743055555555556
0 0.09375 0.3159722222222222 0.099609375 0.3125 0.099609375 0.2847222222222222 0.109375 0.2777777777777778 0.099609375 0.2673611111111111 0.087890625 0.28125 0.0859375 0.3125 0.09375 0.3159722222222222
0 0.8671875 0.8125 0.89453125 0.8715277777777778 0.900390625 0.9375 0.91796875 0.96875 0.94140625 0.96875 0.943359375 0.9201388888888888 0.92578125 0.8888888888888888 0.923828125 0.8125 0.90234375 0.7951388888888888 0.873046875 0.7916666666666666 0.8671875 0.7951388888888888 0.8671875 0.8125
0 0.330078125 0.6076388888888888 0.3359375 0.5729166666666666 0.33203125 0.53125 0.3125 0.5347222222222222 0.310546875 0.5625 0.330078125 0.6076388888888888
0 0.82421875 0.2673611111111111 0.82421875 0.25 0.806640625 0.25 0.806640625 0.2673611111111111 0.82421875 0.2673611111111111
0 0.779296875 0.5972222222222222 0.787109375 0.6111111111111112 0.767578125 0.625 0.7734375 0.6388888888888888 0.80078125 0.6597222222222222 0.82421875 0.6493055555555556 0.82421875 0.6076388888888888 0.81640625 0.59375 0.798828125 0.59375 0.7890625 0.6111111111111112 0.78125 0.59375 0.76953125 0.59375 0.767578125 0.6006944444444444 0.779296875 0.5972222222222222
0 0.48046875 0.71875 0.4921875 0.7291666666666666 0.48828125 0.7430555555555556 0.501953125 0.7569444444444444 0.5 0.7673611111111112 0.513671875 0.7638888888888888 0.53125 0.7986111111111112 0.541015625 0.7951388888888888 0.537109375 0.7326388888888888 0.529296875 0.7083333333333334 0.53125 0.6840277777777778 0.5234375 0.6840277777777778 0.529296875 0.7013888888888888 0.515625 0.7013888888888888 0.505859375 0.71875 0.5 0.6979166666666666 0.5 0.7326388888888888 0.48046875 0.71875
0 0.537109375 0.6979166666666666 0.56640625 0.75 0.57421875 0.75 0.580078125 0.7326388888888888 0.57421875 0.6493055555555556 0.568359375 0.6354166666666666 0.55078125 0.6388888888888888 0.54296875 0.6180555555555556 0.53515625 0.6215277777777778 0.53125 0.65625 0.537109375 0.6979166666666666
0 0.318359375 0.3263888888888889 0.32421875 0.2986111111111111 0.3125 0.28125 0.3125 0.3263888888888889 0.318359375 0.3263888888888889
0 0.41796875 0.5243055555555556 0.41796875 0.5486111111111112 0.423828125 0.5555555555555556 0.423828125 0.4861111111111111 0.40625 0.4861111111111111 0.404296875 0.5 0.41796875 0.5243055555555556
0 0.673828125 0.9166666666666666 0.6875 0.9305555555555556 0.6796875 0.8923611111111112 0.67578125 0.8993055555555556 0.673828125 0.8888888888888888 0.66796875 0.8888888888888888 0.673828125 0.9166666666666666
0 0.69921875 0.9409722222222222 0.69921875 0.9618055555555556 0.703125 0.9513888888888888 0.712890625 0.9583333333333334 0.7109375 0.9826388888888888 0.72265625 0.9965277777777778 0.755859375 0.9965277777777778 0.75390625 0.9722222222222222 0.76171875 0.9409722222222222 0.7421875 0.8854166666666666 0.73046875 0.8784722222222222 0.70703125 0.9097222222222222 0.69921875 0.8993055555555556 0.693359375 0.90625 0.69140625 0.9409722222222222 0.69921875 0.9409722222222222
0 0.6796875 0.8888888888888888 0.6875 0.8888888888888888 0.685546875 0.8611111111111112 0.6796875 0.8611111111111112 0.6796875 0.8888888888888888
0 0.404296875 0.46875 0.412109375 0.4409722222222222 0.41015625 0.4166666666666667 0.40625 0.40625 0.39453125 0.40625 0.39453125 0.4652777777777778 0.404296875 0.46875
0 0.619140625 0.22916666666666666 0.62890625 0.21875 0.623046875 0.2013888888888889 0.6171875 0.21180555555555555 0.619140625 0.22916666666666666
0 0.287109375 0.4236111111111111 0.29296875 0.4201388888888889 0.29296875 0.375 0.28125 0.375 0.28125 0.4236111111111111 0.287109375 0.4236111111111111
0 0.380859375 0.40625 0.38671875 0.3715277777777778 0.384765625 0.3576388888888889 0.375 0.3576388888888889 0.373046875 0.3854166666666667 0.380859375 0.40625
0 0.39453125 0.7430555555555556 0.40625 0.75 0.40625 0.7326388888888888 0.412109375 0.7361111111111112 0.427734375 0.7743055555555556 0.4375 0.78125 0.44140625 0.75 0.435546875 0.7291666666666666 0.41015625 0.7326388888888888 0.38671875 0.7048611111111112 0.380859375 0.7118055555555556 0.39453125 0.7430555555555556
0 0.451171875 0.6041666666666666 0.45703125 0.53125 0.44140625 0.5347222222222222 0.4375 0.5659722222222222 0.451171875 0.6041666666666666
0 0.23828125 0.5625 0.248046875 0.5555555555555556 0.255859375 0.4826388888888889 0.224609375 0.4826388888888889 0.23828125 0.5625
0 0.2578125 0.75 0.26171875 0.7777777777777778 0.271484375 0.7847222222222222 0.259765625 0.7534722222222222 0.279296875 0.7465277777777778 0.2734375 0.7118055555555556 0.279296875 0.6875 0.26171875 0.6805555555555556 0.2421875 0.6909722222222222 0.23828125 0.71875 0.2578125 0.75
0 0.798828125 0.3784722222222222 0.8125 0.3541666666666667 0.8125 0.3298611111111111 0.802734375 0.3263888888888889 0.787109375 0.34375 0.78125 0.375 0.798828125 0.3784722222222222
0 0.85546875 0.2534722222222222 0.85546875 0.22916666666666666 0.837890625 0.23958333333333334 0.8359375 0.25 0.85546875 0.2534722222222222
0 0.5234375 0.5486111111111112 0.5234375 0.59375 0.53125 0.6111111111111112 0.541015625 0.6111111111111112 0.5546875 0.59375 0.5546875 0.5625 0.548828125 0.5138888888888888 0.533203125 0.5208333333333334 0.53125 0.5416666666666666 0.5234375 0.5486111111111112
0 0.474609375 0.4479166666666667 0.48828125 0.4375 0.474609375 0.4340277777777778 0.474609375 0.4479166666666667
0 0.474609375 0.4479166666666667 0.474609375 0.46875 0.484375 0.4930555555555556 0.48828125 0.4652777777777778 0.474609375 0.4479166666666667
0 0.509765625 0.5277777777777778 0.517578125 0.5034722222222222 0.51171875 0.4722222222222222 0.498046875 0.4652777777777778 0.494140625 0.5138888888888888 0.509765625 0.5277777777777778
0 0.35546875 0.25 0.359375 0.2326388888888889 0.353515625 0.22916666666666666 0.349609375 0.2361111111111111 0.35546875 0.25
0 0.98046875 0.2673611111111111 0.994140625 0.2743055555555556 0.998046875 0.2361111111111111 0.98828125 0.24305555555555555 0.98046875 0.25 0.98046875 0.2673611111111111
0 0.65625 0.8055555555555556 0.673828125 0.8125 0.6875 0.7951388888888888 0.69140625 0.7638888888888888 0.68359375 0.7291666666666666 0.662109375 0.7430555555555556 0.66015625 0.7361111111111112 0.654296875 0.75 0.63671875 0.7465277777777778 0.642578125 0.7916666666666666 0.65625 0.8055555555555556
0 0.609375 0.6631944444444444 0.619140625 0.6840277777777778 0.6484375 0.6979166666666666 0.65625 0.6875 0.6484375 0.6180555555555556 0.625 0.6076388888888888 0.609375 0.6423611111111112 0.609375 0.6631944444444444
0 0.455078125 0.4826388888888889 0.455078125 0.4375 0.44140625 0.4375 0.4375 0.4826388888888889 0.455078125 0.4826388888888889
0 0.3125 0.28125 0.31640625 0.2673611111111111 0.306640625 0.2534722222222222 0.306640625 0.28125 0.3125 0.28125
0 0.392578125 0.7361111111111112 0.404296875 0.75 0.419921875 0.75 0.435546875 0.78125 0.44140625 0.75 0.431640625 0.7222222222222222 0.431640625 0.6666666666666666 0.41015625 0.6354166666666666 0.388671875 0.6388888888888888 0.38671875 0.6527777777777778 0.384765625 0.7152777777777778 0.392578125 0.7361111111111112
0 0.5 0.59375 0.509765625 0.59375 0.517578125 0.5729166666666666 0.51171875 0.5347222222222222 0.486328125 0.5347222222222222 0.48046875 0.5625 0.5 0.59375
0 0.5859375 0.8923611111111112 0.595703125 0.9097222222222222 0.5859375 0.9201388888888888 0.59375 0.9652777777777778 0.611328125 0.9930555555555556 0.6484375 0.9965277777777778 0.6484375 0.9340277777777778 0.61328125 0.9236111111111112 0.5859375 0.8923611111111112
0 0.58203125 0.8784722222222222 0.599609375 0.8368055555555556 0.611328125 0.8298611111111112 0.59375 0.8125 0.58203125 0.8229166666666666 0.57421875 0.8472222222222222 0.58203125 0.8784722222222222
0 0.708984375 0.6527777777777778 0.7109375 0.5625 0.693359375 0.5451388888888888 0.677734375 0.5659722222222222 0.673828125 0.5486111111111112 0.662109375 0.5555555555555556 0.662109375 0.6180555555555556 0.708984375 0.6527777777777778