0 0.34375 0.6354166666666666 0.34765625 0.5763888888888888 0.330078125 0.5763888888888888 0.326171875 0.625 0.34375 0.6354166666666666
0 0.111328125 0.5625 0.111328125 0.5138888888888888 0.09375 0.5243055555555556 0.09375 0.5625 0.111328125 0.5625
0 0.11328125 0.3888888888888889 0.1171875 0.3611111111111111 0.111328125 0.34375 0.099609375 0.3541666666666667 0.099609375 0.3888888888888889 0.11328125 0.3888888888888889
0 0.029296875 0.3576388888888889 0.037109375 0.34375 0.03515625 0.3159722222222222 0.017578125 0.3194444444444444 0.017578125 0.3576388888888889 0.029296875 0.3576388888888889
0 0.64453125 0.4930555555555556 0.6484375 0.4236111111111111 0.634765625 0.4201388888888889 0.630859375 0.46875 0.64453125 0.4930555555555556
0 0.361328125 0.4930555555555556 0.3671875 0.4930555555555556 0.375 0.4722222222222222 0.373046875 0.4513888888888889 0.359375 0.4513888888888889 0.35546875 0.46875 0.361328125 0.4930555555555556
0 0.82421875 0.40625 0.849609375 0.3854166666666667 0.841796875 0.34375 0.830078125 0.34375 0.82421875 0.3576388888888889 0.818359375 0.3854166666666667 0.82421875 0.40625
0 0.13671875 0.5347222222222222 0.14453125 0.5555555555555556 0.15625 0.5625 0.162109375 0.5451388888888888 0.16015625 0.4930555555555556 0.14453125 0.4861111111111111 0.13671875 0.5 0.13671875 0.5347222222222222
0 0.060546875 0.53125 0.068359375 0.5555555555555556 0.07421875 0.53125 0.072265625 0.4861111111111111 0.05078125 0.4861111111111111 0.05078125 0.53125 0.060546875 0.53125
0 0.279296875 0.5347222222222222 0.287109375 0.5104166666666666 0.287109375 0.4826388888888889 0.279296875 0.46875 0.267578125 0.46875 0.26171875 0.5 0.279296875 0.5347222222222222
0 0.4375 0.4027777777777778 0.458984375 0.4236111111111111 0.4609375 0.375 0.45703125 0.3611111111111111 0.447265625 0.3576388888888889 0.4375 0.375 0.4375 0.4027777777777778
0 0.400390625 0.375 0.404296875 0.3611111111111111 0.3984375 0.34375 0.388671875 0.34375 0.388671875 0.3715277777777778 0.400390625 0.375
0 0.0859375 0.2951388888888889 0.099609375 0.2951388888888889 0.099609375 0.2638888888888889 0.09375 0.25 0.080078125 0.25 0.0859375 0.2951388888888889
0 0.005859375 0.8055555555555556 0.025390625 0.84375 0.048828125 0.8611111111111112 0.046875 0.7534722222222222 0.03125 0.7465277777777778 0.01953125 0.7604166666666666 0.005859375 0.78125 0.005859375 0.8055555555555556
0 0.173828125 0.3958333333333333 0.19140625 0.40625 0.19140625 0.3680555555555556 0.185546875 0.3472222222222222 0.1796875 0.3472222222222222 0.173828125 0.3576388888888889 0.173828125 0.3958333333333333
0 0.88671875 0.3923611111111111 0.88671875 0.4097222222222222 0.91015625 0.4305555555555556 0.912109375 0.3888888888888889 0.900390625 0.3888888888888889 0.89453125 0.3993055555555556 0.88671875 0.3923611111111111
0 0.205078125 0.7743055555555556 0.2109375 0.6840277777777778 0.205078125 0.65625 0.185546875 0.6701388888888888 0.1796875 0.7326388888888888 0.205078125 0.7743055555555556
0 0.109375 0.7013888888888888 0.11328125 0.6840277777777778 0.12890625 0.6805555555555556 0.130859375 0.7118055555555556 0.134765625 0.7013888888888888 0.12890625 0.6701388888888888 0.13671875 0.6527777777777778 0.123046875 0.6215277777777778 0.103515625 0.625 0.091796875 0.6597222222222222 0.109375 0.7013888888888888
0 0.16796875 0.4618055555555556 0.173828125 0.4409722222222222 0.171875 0.4097222222222222 0.166015625 0.3993055555555556 0.15625 0.4027777777777778 0.154296875 0.4409722222222222 0.16796875 0.4618055555555556
0 0.33203125 0.4097222222222222 0.337890625 0.3784722222222222 0.33203125 0.3611111111111111 0.32421875 0.3680555555555556 0.322265625 0.3888888888888889 0.33203125 0.4097222222222222
0 0.296875 0.4652777777777778 0.298828125 0.4375 0.291015625 0.4201388888888889 0.28125 0.4201388888888889 0.28125 0.4652777777777778 0.296875 0.4652777777777778
0 0.337890625 0.5104166666666666 0.337890625 0.4826388888888889 0.330078125 0.4722222222222222 0.318359375 0.4826388888888889 0.318359375 0.5243055555555556 0.337890625 0.5104166666666666
0 0.11328125 0.46875 0.1171875 0.4201388888888889 0.111328125 0.40625 0.099609375 0.4097222222222222 0.099609375 0.4548611111111111 0.11328125 0.46875
0 0 0.4826388888888889 0.01171875 0.4826388888888889 0.009765625 0.4201388888888889 0 0.4201388888888889 0 0.4826388888888889
0 0.595703125 0.3159722222222222 0.595703125 0.2847222222222222 0.583984375 0.28125 0.580078125 0.3125 0.595703125 0.3159722222222222
0 0.0703125 0.4548611111111111 0.080078125 0.4375 0.080078125 0.4097222222222222 0.060546875 0.40625 0.056640625 0.4375 0.0703125 0.4548611111111111
0 0.125 0.4513888888888889 0.138671875 0.4479166666666667 0.142578125 0.3888888888888889 0.125 0.3888888888888889 0.125 0.4513888888888889
0 0.0546875 0.6284722222222222 0.0546875 0.5590277777777778 0.041015625 0.5347222222222222 0.033203125 0.5381944444444444 0.03125 0.6076388888888888 0.0546875 0.6284722222222222
0 0.07421875 0.9444444444444444 0.07421875 0.9652777777777778 0.087890625 0.9930555555555556 0.099609375 0.9930555555555556 0.10546875 0.9027777777777778 0.099609375 0.8611111111111112 0.080078125 0.8576388888888888 0.068359375 0.875 0.068359375 0.9375 0.07421875 0.9444444444444444
0 0.04296875 0.2986111111111111 0.048828125 0.2986111111111111 0.0546875 0.28125 0.041015625 0.2638888888888889 0.0546875 0.25 0.04296875 0.25 0.037109375 0.2743055555555556 0.04296875 0.2986111111111111
0 0.185546875 0.2743055555555556 0.193359375 0.2743055555555556 0.19921875 0.24305555555555555 0.1875 0.22916666666666666 0.17578125 0.25 0.185546875 0.2743055555555556
0 0.423828125 0.5034722222222222 0.44921875 0.5138888888888888 0.447265625 0.46875 0.4375 0.46875 0.423828125 0.4826388888888889 0.423828125 0.5034722222222222
0 0.142578125 0.6493055555555556 0.150390625 0.59375 0.142578125 0.5625 0.125 0.5625 0.12890625 0.6319444444444444 0.142578125 0.6493055555555556
0 0.392578125 0.4479166666666667 0.3984375 0.4375 0.3984375 0.4097222222222222 0.38671875 0.40625 0.384765625 0.4305555555555556 0.392578125 0.4479166666666667
0 0.34375 0.4618055555555556 0.353515625 0.4166666666666667 0.34375 0.3993055555555556 0.3359375 0.40625 0.33203125 0.4305555555555556 0.34375 0.4618055555555556
0 0.298828125 0.75 0.3046875 0.75 0.3125 0.6979166666666666 0.310546875 0.6666666666666666 0.3046875 0.65625 0.287109375 0.65625 0.287109375 0.71875 0.298828125 0.75
0 0.07421875 0.3090277777777778 0.076171875 0.2708333333333333 0.064453125 0.2673611111111111 0.0625 0.3090277777777778 0.07421875 0.3090277777777778
0 0.51953125 0.34375 0.529296875 0.3125 0.517578125 0.2986111111111111 0.51171875 0.3263888888888889 0.51953125 0.34375
0 0.33203125 0.875 0.361328125 0.9097222222222222 0.375 0.8888888888888888 0.36328125 0.78125 0.345703125 0.8020833333333334 0.337890625 0.8298611111111112 0.33203125 0.875
0 0.58203125 0.4201388888888889 0.5859375 0.4375 0.599609375 0.4375 0.60546875 0.375 0.587890625 0.375 0.580078125 0.3888888888888889 0.58203125 0.4201388888888889
0 0.494140625 0.34375 0.5 0.3090277777777778 0.48828125 0.2916666666666667 0.484375 0.3263888888888889 0.494140625 0.34375
0 0.611328125 0.3854166666666667 0.619140625 0.3402777777777778 0.6171875 0.3263888888888889 0.60546875 0.3263888888888889 0.60546875 0.375 0.611328125 0.3854166666666667
0 0.19921875 0.6076388888888888 0.21875 0.6284722222222222 0.22265625 0.5590277777777778 0.21875 0.5486111111111112 0.205078125 0.5486111111111112 0.197265625 0.5625 0.19921875 0.6076388888888888