0 0.2421875 0.5868055555555556 0.279296875 0.5416666666666666 0.2734375 0.5104166666666666 0.255859375 0.53125 0.25 0.5104166666666666 0.23828125 0.5138888888888888 0.23046875 0.5868055555555556 0.2421875 0.5868055555555556
0 0.474609375 0.3784722222222222 0.470703125 0.34375 0.451171875 0.3576388888888889 0.45703125 0.3888888888888889 0.474609375 0.3784722222222222
0 0.0078125 0.4270833333333333 0.0234375 0.4305555555555556 0.017578125 0.3854166666666667 0.005859375 0.3888888888888889 0 0.40625 0.0078125 0.4270833333333333
0 0.166015625 0.4375 0.2109375 0.4340277777777778 0.205078125 0.3888888888888889 0.162109375 0.3888888888888889 0.15625 0.4201388888888889 0.166015625 0.4375
0 0.73046875 0.59375 0.7421875 0.5659722222222222 0.7421875 0.53125 0.716796875 0.5451388888888888 0.7109375 0.5902777777777778 0.73046875 0.59375
0 0.12890625 0.3055555555555556 0.13671875 0.2986111111111111 0.134765625 0.2673611111111111 0.123046875 0.2638888888888889 0.119140625 0.2951388888888889 0.12890625 0.3055555555555556
0 0.375 0.4375 0.37890625 0.4930555555555556 0.390625 0.4444444444444444 0.40625 0.4375 0.412109375 0.4201388888888889 0.41015625 0.4027777777777778 0.39453125 0.4097222222222222 0.392578125 0.3923611111111111 0.38671875 0.3958333333333333 0.38671875 0.4201388888888889 0.375 0.4375
0 0.0546875 0.5590277777777778 0.060546875 0.5625 0.072265625 0.5451388888888888 0.091796875 0.5451388888888888 0.103515625 0.5277777777777778 0.10546875 0.5034722222222222 0.08203125 0.5 0.080078125 0.4722222222222222 0.064453125 0.4895833333333333 0.0546875 0.5138888888888888 0.0546875 0.5590277777777778
0 0.330078125 0.4965277777777778 0.353515625 0.4791666666666667 0.353515625 0.4340277777777778 0.32421875 0.4375 0.318359375 0.4930555555555556 0.330078125 0.4965277777777778
0 0.119140625 0.5 0.145833984375 0.4826388888888889 0.142578125 0.46875 0.150390625 0.4583333333333333 0.156900390625 0.4826388888888889 0.16796875 0.4826388888888889 0.171875 0.46875 0.16796875 0.4409722222222222 0.15625 0.4375 0.15625 0.4513888888888889 0.138671875 0.46875 0.125 0.4375 0.11328125 0.4409722222222222 0.109375 0.46875 0.119140625 0.5
0 0.1171875 0.4201388888888889 0.11328125 0.375 0.09765625 0.375 0.09375 0.40625 0.1171875 0.4201388888888889
0 0.01953125 0.4930555555555556 0.04296875 0.4861111111111111 0.052734375 0.4965277777777778 0.068359375 0.4791666666666667 0.06640625 0.4513888888888889 0.048828125 0.4548611111111111 0.0390625 0.4513888888888889 0.037109375 0.4375 0.025390625 0.4375 0.017578125 0.4652777777777778 0.01953125 0.4930555555555556
0 0.484375 0.40625 0.4921875 0.3923611111111111 0.505859375 0.3993055555555556 0.5234375 0.3784722222222222 0.517578125 0.3611111111111111 0.5 0.3611111111111111 0.4921875 0.3472222222222222 0.48828125 0.3541666666666667 0.478515625 0.3784722222222222 0.484375 0.40625
0 0.4296875 0.3923611111111111 0.451171875 0.3993055555555556 0.455078125 0.3854166666666667 0.447265625 0.3576388888888889 0.4375 0.375 0.42578125 0.3576388888888889 0.41796875 0.4027777777777778 0.4296875 0.3923611111111111
0 0.583984375 0.7013888888888888 0.599609375 0.7326388888888888 0.60546875 0.7291666666666666 0.609375 0.7118055555555556 0.59375 0.6388888888888888 0.576171875 0.65625 0.568359375 0.6979166666666666 0.583984375 0.7013888888888888
0 0.556640625 0.6979166666666666 0.56640625 0.6701388888888888 0.560546875 0.625 0.55078125 0.625 0.548828125 0.6701388888888888 0.556640625 0.6979166666666666