0 0.2421875 0.4652777777777778 0.2578125 0.4548611111111111 0.28125 0.4618055555555556 0.291015625 0.4513888888888889 0.291015625 0.4201388888888889 0.2578125 0.4201388888888889 0.251953125 0.4027777777777778 0.244140625 0.4027777777777778 0.23828125 0.4201388888888889 0.236328125 0.4513888888888889 0.2421875 0.4652777777777778
0 0.798828125 0.2638888888888889 0.798828125 0.2465277777777778 0.78515625 0.2361111111111111 0.78125 0.2638888888888889 0.798828125 0.2638888888888889
0 0.599609375 0.3125 0.599609375 0.2847222222222222 0.587890625 0.28125 0.5859375 0.3125 0.599609375 0.3125
0 0 0.4513888888888889 0.01171875 0.4618055555555556 0.017578125 0.4375 0.01171875 0.3958333333333333 0.005859375 0.3923611111111111 0 0.3993055555555556 0 0.4513888888888889
0 0.142578125 0.40625 0.15234375 0.40625 0.154296875 0.3680555555555556 0.1484375 0.3541666666666667 0.138671875 0.3541666666666667 0.13671875 0.3854166666666667 0.142578125 0.40625
0 0.142578125 0.40625 0.1328125 0.3680555555555556 0.119140625 0.3715277777777778 0.119140625 0.40625 0.142578125 0.40625
0 0.1484375 0.2916666666666667 0.1484375 0.25 0.138671875 0.25 0.130859375 0.2777777777777778 0.1484375 0.2916666666666667
0 0 0.5763888888888888 0.009765625 0.5729166666666666 0.017578125 0.5277777777777778 0.01171875 0.4826388888888889 0 0.4826388888888889 0 0.5763888888888888
0 0.34375 0.4305555555555556 0.380859375 0.40625 0.37890625 0.3854166666666667 0.365234375 0.3888888888888889 0.361328125 0.40625 0.349609375 0.3888888888888889 0.34375 0.3923611111111111 0.337890625 0.40625 0.34375 0.4305555555555556
0 0.111328125 0.53125 0.1171875 0.5138888888888888 0.109375 0.4722222222222222 0.099609375 0.4722222222222222 0.083984375 0.5034722222222222 0.07421875 0.5069444444444444 0.0625 0.4722222222222222 0.05078125 0.4861111111111111 0.048828125 0.5034722222222222 0.05078125 0.5555555555555556 0.111328125 0.53125
0 0.11328125 0.3125 0.130859375 0.3229166666666667 0.13671875 0.3125 0.1328125 0.2951388888888889 0.11328125 0.2951388888888889 0.11328125 0.3125
0 0.10546875 0.4166666666666667 0.109375 0.40625 0.099609375 0.3645833333333333 0.08203125 0.3576388888888889 0.080078125 0.4131944444444444 0.10546875 0.4166666666666667
0 0.103515625 0.4513888888888889 0.10546875 0.4652777777777778 0.130859375 0.4861111111111111 0.142578125 0.46875 0.13671875 0.4375 0.12890625 0.4375 0.1171875 0.4513888888888889 0.103515625 0.4513888888888889
0 0.6171875 0.34375 0.61328125 0.3159722222222222 0.60546875 0.3125 0.603515625 0.34375 0.6171875 0.34375
0 0.078125 0.4201388888888889 0.080078125 0.3784722222222222 0.07421875 0.3680555555555556 0.064453125 0.3715277777777778 0.0625 0.4097222222222222 0.078125 0.4201388888888889
0 0.03125 0.4375 0.044921875 0.4409722222222222 0.048828125 0.4166666666666667 0.04296875 0.375 0.037109375 0.375 0.03125 0.3888888888888889 0.03125 0.4375
0 0.841796875 0.2743055555555556 0.859375 0.2673611111111111 0.859375 0.25 0.837890625 0.25 0.8359375 0.2638888888888889 0.841796875 0.2743055555555556
0 0.974609375 0.3680555555555556 0.97265625 0.3472222222222222 0.966796875 0.34375 0.943359375 0.3368055555555556 0.9296875 0.3472222222222222 0.9296875 0.375 0.974609375 0.3680555555555556
0 0.900390625 0.4236111111111111 0.916015625 0.4305555555555556 0.91796875 0.4409722222222222 0.9296875 0.4375 0.921875 0.40625 0.90625 0.40625 0.900390625 0.3888888888888889 0.884765625 0.3993055555555556 0.884765625 0.4340277777777778 0.900390625 0.4236111111111111
0 0.580078125 0.4340277777777778 0.587890625 0.4479166666666667 0.603515625 0.4513888888888889 0.603515625 0.40625 0.587890625 0.4201388888888889 0.578125 0.4027777777777778 0.57421875 0.4166666666666667 0.580078125 0.4340277777777778
0 0.619140625 0.9930555555555556 0.6171875 0.9826388888888888 0.60546875 0.9826388888888888 0.599609375 0.9965277777777778 0.619140625 0.9930555555555556
0 0.580078125 0.9930555555555556 0.57421875 0.9826388888888888 0.572265625 0.9409722222222222 0.5625 0.9236111111111112 0.55078125 0.9305555555555556 0.55078125 0.9965277777777778 0.580078125 0.9930555555555556
0 0.162109375 0.3993055555555556 0.16796875 0.40625 0.205078125 0.3993055555555556 0.19140625 0.3611111111111111 0.16796875 0.3611111111111111 0.162109375 0.3715277777777778 0.162109375 0.3993055555555556
0 0.248046875 0.25 0.248046875 0.2326388888888889 0.23828125 0.22916666666666666 0.236328125 0.25 0.248046875 0.25