0 0.33203125 0.8541666666666666 0.33203125 0.8263888888888888 0.326171875 0.8263888888888888 0.33203125 0.8541666666666666
0 0.3359375 0.8159722222222222 0.349609375 0.8263888888888888 0.349609375 0.8402777777777778 0.337890625 0.8576388888888888 0.3359375 0.875 0.345703125 0.8784722222222222 0.349609375 0.8680555555555556 0.361328125 0.8923611111111112 0.36328125 0.9305555555555556 0.375 0.9340277777777778 0.380859375 0.84375 0.373046875 0.8055555555555556 0.36328125 0.7916666666666666 0.34375 0.7986111111111112 0.34375 0.8159722222222222 0.3359375 0.8159722222222222
0 0.099609375 0.4305555555555556 0.111328125 0.4375 0.111328125 0.3888888888888889 0.099609375 0.3923611111111111 0.09375 0.4027777777777778 0.099609375 0.4305555555555556
0 0.4140625 0.6076388888888888 0.421875 0.59375 0.423828125 0.5590277777777778 0.41015625 0.5486111111111112 0.40625 0.59375 0.4140625 0.6076388888888888
0 0 0.46875 0.009765625 0.46875 0.01171875 0.4166666666666667 0.00390625 0.3993055555555556 0 0.3923611111111111 0 0.46875
0 0.5234375 0.6388888888888888 0.529296875 0.625 0.529296875 0.5902777777777778 0.521484375 0.5625 0.51171875 0.5659722222222222 0.505859375 0.59375 0.5234375 0.6388888888888888
0 0.900390625 0.2951388888888889 0.923828125 0.2951388888888889 0.923828125 0.2673611111111111 0.90625 0.2638888888888889 0.8984375 0.2777777777777778 0.900390625 0.2951388888888889
0 0.16015625 0.3680555555555556 0.16015625 0.3263888888888889 0.1484375 0.3263888888888889 0.1484375 0.3680555555555556 0.16015625 0.3680555555555556
0 0.482421875 0.6423611111111112 0.4921875 0.625 0.4921875 0.5868055555555556 0.484375 0.5729166666666666 0.474609375 0.5729166666666666 0.474609375 0.6354166666666666 0.482421875 0.6423611111111112
0 0.32421875 0.6284722222222222 0.330078125 0.6076388888888888 0.330078125 0.5625 0.32421875 0.5486111111111112 0.30859375 0.5590277777777778 0.310546875 0.6215277777777778 0.32421875 0.6284722222222222
0 0.28125 0.5173611111111112 0.28515625 0.46875 0.28125 0.4548611111111111 0.26953125 0.4618055555555556 0.267578125 0.4965277777777778 0.28125 0.5173611111111112
0 0.259765625 0.8194444444444444 0.26953125 0.8576388888888888 0.28515625 0.8402777777777778 0.296875 0.7916666666666666 0.291015625 0.78125 0.267578125 0.7916666666666666 0.267578125 0.8090277777777778 0.259765625 0.8194444444444444
0 0.609375 0.5 0.611328125 0.4548611111111111 0.599609375 0.4548611111111111 0.587890625 0.4722222222222222 0.5859375 0.5 0.609375 0.5
0 0.037109375 0.5555555555555556 0.04296875 0.5138888888888888 0.03515625 0.4861111111111111 0.025390625 0.4930555555555556 0.0234375 0.5347222222222222 0.037109375 0.5555555555555556
0 0.224609375 0.5625 0.248046875 0.5590277777777778 0.2421875 0.5138888888888888 0.23046875 0.5138888888888888 0.224609375 0.5173611111111112 0.224609375 0.5625
0 0.171875 0.6666666666666666 0.181640625 0.6423611111111112 0.181640625 0.59375 0.17578125 0.5798611111111112 0.162109375 0.5798611111111112 0.16015625 0.6180555555555556 0.171875 0.6666666666666666
0 0.1171875 0.5451388888888888 0.123046875 0.5034722222222222 0.10546875 0.5 0.10546875 0.5486111111111112 0.1171875 0.5451388888888888
0 0.1875 0.5451388888888888 0.1875 0.5763888888888888 0.19921875 0.59375 0.205078125 0.5763888888888888 0.205078125 0.53125 0.19140625 0.53125 0.181640625 0.5486111111111112 0.1875 0.5451388888888888
0 0.880859375 0.8090277777777778 0.90625 0.8298611111111112 0.916015625 0.8263888888888888 0.9296875 0.7638888888888888 0.943359375 0.75 0.94140625 0.7361111111111112 0.927734375 0.7638888888888888 0.9296875 0.7361111111111112 0.919921875 0.7638888888888888 0.912109375 0.7534722222222222 0.912109375 0.78125 0.89453125 0.8090277777777778 0.8984375 0.7673611111111112 0.88671875 0.7326388888888888 0.861328125 0.7430555555555556 0.859375 0.7638888888888888 0.880859375 0.8090277777777778
0 0.8359375 0.2743055555555556 0.85546875 0.2777777777777778 0.85546875 0.25 0.84375 0.2465277777777778 0.8359375 0.2534722222222222 0.8359375 0.2743055555555556
0 0.275390625 0.5902777777777778 0.259765625 0.59375 0.263671875 0.6215277777777778 0.28125 0.5868055555555556 0.28125 0.5590277777777778 0.2734375 0.5416666666666666 0.26171875 0.5451388888888888 0.259765625 0.5625 0.275390625 0.5902777777777778
0 0.07421875 0.3576388888888889 0.07421875 0.3125 0.0625 0.3125 0.0625 0.3472222222222222 0.07421875 0.3576388888888889
0 0.26171875 0.9513888888888888 0.259765625 0.9965277777777778 0.298828125 0.9965277777777778 0.287109375 0.9548611111111112 0.26171875 0.9236111111111112 0.2734375 0.9444444444444444 0.26171875 0.9513888888888888
0 0.5 0.7361111111111112 0.5 0.7743055555555556 0.51171875 0.7916666666666666 0.529296875 0.7430555555555556 0.529296875 0.7013888888888888 0.498046875 0.7013888888888888 0.494140625 0.71875 0.5 0.7361111111111112
0 0.83203125 0.7013888888888888 0.84375 0.7118055555555556 0.853515625 0.7013888888888888 0.875 0.7291666666666666 0.888671875 0.7291666666666666 0.88671875 0.6597222222222222 0.87890625 0.6388888888888888 0.861328125 0.6354166666666666 0.859375 0.6840277777777778 0.849609375 0.6875 0.8359375 0.625 0.82421875 0.625 0.82421875 0.6840277777777778 0.83203125 0.7013888888888888
0 0.2734375 0.7118055555555556 0.298828125 0.7673611111111112 0.296875 0.65625 0.28125 0.6493055555555556 0.2734375 0.65625 0.2734375 0.7118055555555556
0 0.466796875 0.9652777777777778 0.494140625 0.9826388888888888 0.5 0.9965277777777778 0.529296875 0.9930555555555556 0.529296875 0.96875 0.513671875 0.9305555555555556 0.513671875 0.8888888888888888 0.5 0.8576388888888888 0.48046875 0.875 0.484375 0.9166666666666666 0.4609375 0.9201388888888888 0.45703125 0.9513888888888888 0.466796875 0.9652777777777778
0 0.4375 0.9340277777777778 0.447265625 0.9375 0.44921875 0.8784722222222222 0.44140625 0.8645833333333334 0.44140625 0.84375 0.431640625 0.8472222222222222 0.42578125 0.9027777777777778 0.4375 0.9340277777777778
0 0.140625 0.8854166666666666 0.130859375 0.9027777777777778 0.142578125 0.9236111111111112 0.142578125 0.9375 0.15625 0.9513888888888888 0.162109375 0.9826388888888888 0.169921875 0.9861111111111112 0.173828125 0.9826388888888888 0.162109375 0.96875 0.173828125 0.9600694444444444 0.173828125 0.84375 0.158203125 0.8576388888888888 0.14453125 0.8541666666666666 0.130859375 0.875 0.140625 0.8854166666666666
0 0.29296875 0.5486111111111112 0.30078125 0.5625 0.306640625 0.5243055555555556 0.31640625 0.5104166666666666 0.310546875 0.4965277777777778 0.298828125 0.5 0.29296875 0.5138888888888888 0.29296875 0.5486111111111112
0 0.216796875 0.4861111111111111 0.224609375 0.4618055555555556 0.22265625 0.4236111111111111 0.20703125 0.4236111111111111 0.20703125 0.4652777777777778 0.216796875 0.4861111111111111
0 0.35546875 0.625 0.373046875 0.6944444444444444 0.384765625 0.7013888888888888 0.38671875 0.6388888888888888 0.37890625 0.6111111111111112 0.369140625 0.625 0.35546875 0.625
0 0.134765625 0.3125 0.134765625 0.2847222222222222 0.119140625 0.28125 0.1171875 0.3125 0.134765625 0.3125
0 0.205078125 0.7430555555555556 0.228515625 0.6909722222222222 0.21875 0.6597222222222222 0.205078125 0.6597222222222222 0.19921875 0.6701388888888888 0.193359375 0.71875 0.205078125 0.7430555555555556
0 0.748046875 0.9965277777777778 0.736328125 0.9375 0.7109375 0.9513888888888888 0.705078125 0.9930555555555556 0.748046875 0.9965277777777778
0 0.7431640625 0.9201388888888888 0.001953125 0.006944444444444444
0 0.66796875 0.9201388888888888 0.6875 0.9548611111111112 0.67578125 0.96875 0.681640625 0.9930555555555556 0.693359375 0.9930555555555556 0.693359375 0.9409722222222222 0.6875 0.9340277777777778 0.69140625 0.90625 0.673828125 0.8923611111111112 0.66796875 0.8993055555555556 0.66796875 0.9201388888888888
0 0.361328125 0.5763888888888888 0.353515625 0.5833333333333334 0.373046875 0.5763888888888888 0.373046875 0.5486111111111112 0.35546875 0.5451388888888888 0.353515625 0.5590277777777778 0.361328125 0.5763888888888888
0 0.7421875 0.6666666666666666 0.787109375 0.6909722222222222 0.78125 0.6736111111111112 0.78515625 0.6423611111111112 0.76953125 0.6215277777777778 0.78125 0.6076388888888888 0.759765625 0.6284722222222222 0.75 0.6215277777777778 0.7421875 0.5972222222222222 0.73828125 0.6076388888888888 0.736328125 0.65625 0.7421875 0.6666666666666666
0 0.7431640625 0.5885416666666666 0.001953125 0.003472222222222222
0 0.244140625 0.6909722222222222 0.25390625 0.6701388888888888 0.25390625 0.6215277777777778 0.244140625 0.6041666666666666 0.234375 0.6076388888888888 0.23046875 0.6666666666666666 0.244140625 0.6909722222222222
0 0.74609375 0.375 0.76171875 0.3541666666666667 0.76171875 0.3229166666666667 0.73828125 0.3402777777777778 0.736328125 0.3715277777777778 0.74609375 0.375
0 0.53125 0.6701388888888888 0.548828125 0.7013888888888888 0.548828125 0.6770833333333334 0.560546875 0.6527777777777778 0.5625 0.6215277777777778 0.55078125 0.6180555555555556 0.541015625 0.6354166666666666 0.529296875 0.625 0.525390625 0.6423611111111112 0.53125 0.6701388888888888
0 0.26953125 0.9513888888888888 0.265625 0.9305555555555556 0.26171875 0.9444444444444444 0.26953125 0.9513888888888888
0 0.2744140625 0.9149305555555556 0.001953125 0.010416666666666666
0 0.298828125 0.9826388888888888 0.3046875 0.9930555555555556 0.330078125 0.9965277777777778 0.330078125 0.90625 0.3046875 0.90625 0.296875 0.9201388888888888 0.298828125 0.9826388888888888
0 0.943359375 0.9930555555555556 0.9921875 0.9930555555555556 0.9921875 0.9722222222222222 0.978515625 0.9479166666666666 0.97265625 0.9097222222222222 0.94921875 0.8888888888888888 0.923828125 0.8888888888888888 0.9140625 0.875 0.9375 0.9236111111111112 0.943359375 0.9930555555555556
0 0.970703125 0.8767361111111112 0.00390625 0.003472222222222222
0 0.6328125 0.3715277777777778 0.63671875 0.3263888888888889 0.625 0.3263888888888889 0.625 0.3715277777777778 0.6328125 0.3715277777777778
0 0.244140625 0.5173611111111112 0.25 0.5555555555555556 0.259765625 0.5555555555555556 0.26171875 0.4861111111111111 0.25 0.4826388888888889 0.244140625 0.4930555555555556 0.244140625 0.5173611111111112
0 0.16796875 0.4027777777777778 0.201171875 0.3993055555555556 0.19921875 0.375 0.16796875 0.3576388888888889 0.162109375 0.3854166666666667 0.16796875 0.4027777777777778
0 0.40625 0.71875 0.39453125 0.7361111111111112 0.419921875 0.7118055555555556 0.423828125 0.7326388888888888 0.4296875 0.7326388888888888 0.421875 0.7152777777777778 0.4296875 0.7100694444444444 0.427734375 0.6840277777777778 0.41796875 0.7048611111111112 0.412109375 0.6840277777777778 0.392578125 0.6840277777777778 0.388671875 0.6979166666666666 0.40625 0.71875
0 0.337890625 0.7430555555555556 0.35546875 0.71875 0.375 0.7777777777777778 0.380859375 0.7777777777777778 0.365234375 0.6840277777777778 0.349609375 0.6805555555555556 0.3359375 0.7048611111111112 0.33203125 0.7222222222222222 0.337890625 0.7430555555555556
0 0.154296875 0.46875 0.154296875 0.4201388888888889 0.142578125 0.4201388888888889 0.142578125 0.4652777777777778 0.154296875 0.46875
0 0.1171875 0.7013888888888888 0.125 0.7048611111111112 0.134765625 0.6805555555555556 0.134765625 0.6354166666666666 0.130859375 0.6215277777777778 0.109375 0.625 0.10546875 0.65625 0.1171875 0.7013888888888888
0 0.0546875 0.3298611111111111 0.0546875 0.3055555555555556 0.037109375 0.2951388888888889 0.03125 0.3298611111111111 0.0546875 0.3298611111111111
0 0.888671875 0.2777777777777778 0.88671875 0.25 0.865234375 0.2569444444444444 0.86328125 0.28125 0.888671875 0.2777777777777778
0 0.0234375 0.9965277777777778 0.068359375 0.9930555555555556 0.060546875 0.9375 0.0546875 0.9305555555555556 0.0234375 0.9409722222222222 0.017578125 0.9479166666666666 0.0234375 0.9965277777777778
0 0.4501953125 0.7465277777777778 0.001953125 0.006944444444444444
0 0.466796875 0.78125 0.482421875 0.7847222222222222 0.48046875 0.8159722222222222 0.5 0.8472222222222222 0.50390625 0.8263888888888888 0.498046875 0.7638888888888888 0.48828125 0.7326388888888888 0.478515625 0.7326388888888888 0.4609375 0.7638888888888888 0.466796875 0.78125
0 0.505859375 0.8402777777777778 0.51953125 0.875 0.521484375 0.8993055555555556 0.53125 0.90625 0.53125 0.9270833333333334 0.546875 0.9375 0.5625 0.96875 0.57421875 0.9652777777777778 0.568359375 0.9097222222222222 0.572265625 0.875 0.5625 0.8506944444444444 0.568359375 0.8402777777777778 0.5625 0.8298611111111112 0.548828125 0.8298611111111112 0.53125 0.8576388888888888 0.517578125 0.8368055555555556 0.51171875 0.8090277777777778 0.505859375 0.8090277777777778 0.505859375 0.8402777777777778
0 0.396484375 0.65625 0.400390625 0.6319444444444444 0.412109375 0.625 0.412109375 0.6076388888888888 0.400390625 0.5625 0.38671875 0.5625 0.38671875 0.6493055555555556 0.396484375 0.65625
0 0.4296875 0.8472222222222222 0.4375 0.8368055555555556 0.44140625 0.78125 0.423828125 0.7743055555555556 0.412109375 0.8125 0.41015625 0.8298611111111112 0.4296875 0.8472222222222222
0 0.400390625 0.8020833333333334 0.392578125 0.8125 0.400390625 0.8263888888888888 0.404296875 0.7916666666666666 0.39453125 0.7673611111111112 0.392578125 0.7951388888888888 0.400390625 0.8020833333333334
0 0.4296875 0.6736111111111112 0.443359375 0.6979166666666666 0.455078125 0.7013888888888888 0.462890625 0.6736111111111112 0.474609375 0.6701388888888888 0.47265625 0.6423611111111112 0.46875 0.625 0.44921875 0.625 0.447265625 0.6076388888888888 0.44140625 0.6076388888888888 0.4296875 0.6354166666666666 0.4296875 0.6736111111111112
0 0.580078125 0.8715277777777778 0.60546875 0.8958333333333334 0.599609375 0.90625 0.61328125 0.9375 0.62109375 0.9340277777777778 0.625 0.8993055555555556 0.64453125 0.8784722222222222 0.638671875 0.8263888888888888 0.6171875 0.8298611111111112 0.60546875 0.8472222222222222 0.5859375 0.8368055555555556 0.576171875 0.8472222222222222 0.580078125 0.8715277777777778
0 0.59765625 0.7326388888888888 0.62890625 0.7638888888888888 0.630859375 0.7118055555555556 0.619140625 0.6875 0.60546875 0.6875 0.591796875 0.7013888888888888 0.59765625 0.7326388888888888
0 0.201171875 0.8125 0.201171875 0.8263888888888888 0.216796875 0.8576388888888888 0.21875 0.8923611111111112 0.236328125 0.9097222222222222 0.2421875 0.9027777777777778 0.2421875 0.8125 0.236328125 0.8055555555555556 0.236328125 0.7847222222222222 0.216796875 0.7916666666666666 0.208984375 0.8125 0.201171875 0.8125
0 0.673828125 0.5868055555555556 0.6875 0.6076388888888888 0.693359375 0.6388888888888888 0.701171875 0.6388888888888888 0.7109375 0.625 0.7109375 0.5798611111111112 0.69921875 0.5486111111111112 0.681640625 0.5625 0.673828125 0.5451388888888888 0.66796875 0.5451388888888888 0.673828125 0.5868055555555556