0 0.8046875 0.2638888888888889 0.802734375 0.2465277777777778 0.78515625 0.24305555555555555 0.78125 0.2638888888888889 0.8046875 0.2638888888888889
0 0.51171875 0.28125 0.517578125 0.2916666666666667 0.517578125 0.2534722222222222 0.51171875 0.2534722222222222 0.51171875 0.28125
0 0.16796875 0.4027777777777778 0.19921875 0.4027777777777778 0.205078125 0.3923611111111111 0.19140625 0.3611111111111111 0.173828125 0.3576388888888889 0.16796875 0.3680555555555556 0.162109375 0.3854166666666667 0.16796875 0.4027777777777778
0 0.37109375 0.2326388888888889 0.3671875 0.2222222222222222 0.373046875 0.2152777777777778 0.365234375 0.2048611111111111 0.36328125 0.21875 0.37109375 0.2326388888888889
0 0.34375 0.3090277777777778 0.34375 0.2673611111111111 0.3359375 0.2673611111111111 0.33203125 0.2986111111111111 0.34375 0.3090277777777778
0 0.97265625 0.4375 0.974609375 0.4479166666666667 0.994140625 0.4548611111111111 0.998046875 0.4131944444444444 0.9921875 0.4027777777777778 0.998046875 0.3888888888888889 0.9921875 0.3888888888888889 0.990234375 0.40625 0.97265625 0.4375
0 0.296875 0.5451388888888888 0.30078125 0.4791666666666667 0.291015625 0.4722222222222222 0.287109375 0.53125 0.296875 0.5451388888888888
0 0.39453125 0.9375 0.412109375 0.9791666666666666 0.423828125 0.9791666666666666 0.423828125 0.90625 0.41796875 0.8923611111111112 0.416015625 0.84375 0.3984375 0.8472222222222222 0.375 0.8993055555555556 0.369140625 0.9340277777777778 0.39453125 0.9375
0 0.35546875 0.84375 0.36328125 0.84375 0.359375 0.8854166666666666 0.365234375 0.8923611111111112 0.375 0.8715277777777778 0.3671875 0.84375 0.375 0.7951388888888888 0.361328125 0.7986111111111112 0.3671875 0.8368055555555556 0.35546875 0.84375
0 0.2265625 0.6423611111111112 0.236328125 0.6180555555555556 0.236328125 0.5729166666666666 0.234375 0.5625 0.22265625 0.5625 0.21875 0.5729166666666666 0.21875 0.6284722222222222 0.2265625 0.6423611111111112
0 0.298828125 0.4201388888888889 0.298828125 0.375 0.287109375 0.375 0.287109375 0.4166666666666667 0.298828125 0.4201388888888889
0 0.2734375 0.3993055555555556 0.279296875 0.3888888888888889 0.2734375 0.3472222222222222 0.255859375 0.3472222222222222 0.26171875 0.3888888888888889 0.2734375 0.3993055555555556
0 0.068359375 0.3055555555555556 0.064453125 0.2777777777777778 0.0546875 0.2673611111111111 0.048828125 0.2743055555555556 0.048828125 0.3090277777777778 0.068359375 0.3055555555555556
0 0.931640625 0.4479166666666667 0.9296875 0.4201388888888889 0.91796875 0.3923611111111111 0.90625 0.40625 0.8984375 0.4409722222222222 0.931640625 0.4479166666666667
0 0.279296875 0.3125 0.28125 0.28125 0.271484375 0.28125 0.26953125 0.3090277777777778 0.279296875 0.3125
0 0.359375 0.2326388888888889 0.361328125 0.21875 0.35546875 0.21180555555555555 0.353515625 0.22569444444444445 0.359375 0.2326388888888889
0 0.935546875 0.28125 0.935546875 0.2638888888888889 0.927734375 0.25 0.91796875 0.2534722222222222 0.91796875 0.28125 0.935546875 0.28125
0 0.39453125 0.2986111111111111 0.392578125 0.2743055555555556 0.38671875 0.2743055555555556 0.380859375 0.2951388888888889 0.39453125 0.2986111111111111
0 0.353515625 0.3506944444444444 0.3671875 0.3576388888888889 0.3671875 0.3159722222222222 0.35546875 0.3125 0.349609375 0.3229166666666667 0.353515625 0.3506944444444444
0 0.3671875 0.4791666666666667 0.373046875 0.4375 0.3671875 0.4201388888888889 0.359375 0.4201388888888889 0.35546875 0.4652777777777778 0.3671875 0.4791666666666667
0 0.466796875 0.24305555555555555 0.45703125 0.2361111111111111 0.4609375 0.2673611111111111 0.466796875 0.24305555555555555
0 0.76171875 0.2534722222222222 0.76171875 0.2361111111111111 0.75 0.2326388888888889 0.748046875 0.25 0.76171875 0.2534722222222222