0 0.513671875 0.3263888888888889 0.513671875 0.2951388888888889 0.486328125 0.2881944444444444 0.48046875 0.3263888888888889 0.513671875 0.3263888888888889
0 0.96875 0.7951388888888888 0.974609375 0.8020833333333334 0.978515625 0.7951388888888888 0.97265625 0.7916666666666666 0.978515625 0.78125 0.97265625 0.7847222222222222 0.96875 0.7951388888888888
0 0.9921875 0.7638888888888888 0.998046875 0.7604166666666666 0.9921875 0.75 0.986328125 0.75 0.9921875 0.7638888888888888
0 0.923828125 0.7951388888888888 0.935546875 0.7777777777777778 0.9375 0.7951388888888888 0.94921875 0.7951388888888888 0.953125 0.78125 0.958984375 0.7951388888888888 0.974609375 0.7638888888888888 0.96875 0.7430555555555556 0.9375 0.7743055555555556 0.9375 0.7326388888888888 0.921875 0.7291666666666666 0.9140625 0.7430555555555556 0.912109375 0.7604166666666666 0.923828125 0.7951388888888888
0 0.9921875 0.7465277777777778 0.998046875 0.7222222222222222 0.982421875 0.6979166666666666 0.974609375 0.6979166666666666 0.9921875 0.7465277777777778
0 0.162109375 0.3993055555555556 0.19921875 0.3993055555555556 0.193359375 0.3611111111111111 0.169921875 0.3611111111111111 0.162109375 0.3784722222222222 0.162109375 0.3993055555555556
0 0.2109375 0.4513888888888889 0.212890625 0.4861111111111111 0.21875 0.4965277777777778 0.232421875 0.4861111111111111 0.248046875 0.4930555555555556 0.25 0.4513888888888889 0.2421875 0.4479166666666667 0.224609375 0.4618055555555556 0.2109375 0.4513888888888889
0 0 0.4513888888888889 0.009765625 0.4618055555555556 0.017578125 0.4513888888888889 0.017578125 0.4201388888888889 0.009765625 0.4166666666666667 0.005859375 0.3888888888888889 0 0.3888888888888889 0 0.4513888888888889
0 0.04296875 0.4930555555555556 0.048828125 0.5034722222222222 0.099609375 0.4826388888888889 0.10546875 0.46875 0.099609375 0.4409722222222222 0.08203125 0.4479166666666667 0.080078125 0.4722222222222222 0.064453125 0.4826388888888889 0.0625 0.4479166666666667 0.056640625 0.4375 0.048828125 0.4409722222222222 0.04296875 0.4618055555555556 0.04296875 0.4930555555555556
0 0.3203125 0.4722222222222222 0.3359375 0.4548611111111111 0.330078125 0.4340277777777778 0.287109375 0.4409722222222222 0.287109375 0.4826388888888889 0.3203125 0.4722222222222222
0 0.724609375 0.40625 0.767578125 0.4027777777777778 0.767578125 0.3784722222222222 0.755859375 0.3611111111111111 0.744140625 0.375 0.734375 0.3576388888888889 0.72265625 0.375 0.71875 0.3993055555555556 0.724609375 0.40625
0 0.099609375 0.4201388888888889 0.1171875 0.4201388888888889 0.11328125 0.375 0.09765625 0.3715277777777778 0.09375 0.3993055555555556 0.099609375 0.4201388888888889
0 0.0625 0.40625 0.080078125 0.4166666666666667 0.0859375 0.4340277777777778 0.091796875 0.4236111111111111 0.087890625 0.3923611111111111 0.07421875 0.3784722222222222 0.07421875 0.40625 0.0625 0.40625
0 0.01171875 0.4166666666666667 0.025390625 0.4479166666666667 0.041015625 0.4513888888888889 0.0546875 0.4201388888888889 0.05078125 0.3993055555555556 0.01953125 0.3993055555555556 0.01171875 0.4027777777777778 0.01171875 0.4166666666666667
0 0.97265625 0.2916666666666667 0.966796875 0.2638888888888889 0.947265625 0.2673611111111111 0.943359375 0.2916666666666667 0.97265625 0.2916666666666667
0 0.326171875 0.5034722222222222 0.328125 0.5138888888888888 0.34765625 0.5138888888888888 0.35546875 0.5243055555555556 0.35546875 0.4965277777777778 0.341796875 0.5034722222222222 0.318359375 0.4930555555555556 0.318359375 0.5138888888888888 0.326171875 0.5034722222222222
0 0.41015625 0.4340277777777778 0.41796875 0.4201388888888889 0.447265625 0.4201388888888889 0.443359375 0.3888888888888889 0.412109375 0.3888888888888889 0.404296875 0.4097222222222222 0.41015625 0.4340277777777778
0 0.44921875 0.3368055555555556 0.44921875 0.3055555555555556 0.443359375 0.2951388888888889 0.421875 0.2951388888888889 0.41796875 0.3298611111111111 0.44921875 0.3368055555555556
0 0.693359375 0.4201388888888889 0.685546875 0.4027777777777778 0.693359375 0.3993055555555556 0.693359375 0.3784722222222222 0.681640625 0.3923611111111111 0.671875 0.3715277777777778 0.662109375 0.375 0.693359375 0.4201388888888889
0 0.818359375 0.2673611111111111 0.81640625 0.2465277777777778 0.798828125 0.24305555555555555 0.798828125 0.2673611111111111 0.818359375 0.2673611111111111
0 0.15625 0.40625 0.16015625 0.3993055555555556 0.154296875 0.3680555555555556 0.1484375 0.3576388888888889 0.13671875 0.3611111111111111 0.13671875 0.40625 0.15625 0.40625