0 0.537109375 0.6875 0.53125 0.6979166666666666 0.54296875 0.6875 0.5546875 0.7118055555555556 0.5546875 0.6666666666666666 0.5390625 0.65625 0.53125 0.65625 0.537109375 0.6875
0 0.48828125 0.7048611111111112 0.5 0.7291666666666666 0.513671875 0.7326388888888888 0.51953125 0.6909722222222222 0.513671875 0.6909722222222222 0.505859375 0.6597222222222222 0.498046875 0.6527777777777778 0.498046875 0.6840277777777778 0.48828125 0.7048611111111112
0 0.0546875 0.3368055555555556 0.048828125 0.3055555555555556 0.03125 0.3125 0.03125 0.3541666666666667 0.0546875 0.3368055555555556
0 0.009765625 0.34375 0.01171875 0.3125 0.00390625 0.2951388888888889 0 0.34375 0.009765625 0.34375
0 0.978515625 0.3055555555555556 0.998046875 0.2986111111111111 0.998046875 0.2673611111111111 0.96875 0.2673611111111111 0.96875 0.2951388888888889 0.978515625 0.3055555555555556
0 0.4296875 0.6180555555555556 0.44140625 0.6423611111111112 0.4453125 0.625 0.462890625 0.6354166666666666 0.455078125 0.5625 0.435546875 0.5625 0.42578125 0.5798611111111112 0.4296875 0.6180555555555556
0 0.90625 0.9965277777777778 0.91015625 0.9826388888888888 0.9169921875 0.9965277777777778 0.955078125 0.9930555555555556 0.935546875 0.9652777777777778 0.92578125 0.9201388888888888 0.912109375 0.9166666666666666 0.90625 0.9479166666666666 0.912109375 0.9548611111111112 0.90625 0.9965277777777778
0 0.82421875 0.9201388888888888 0.830078125 0.96875 0.84375 0.9930555555555556 0.87890625 0.9930555555555556 0.87890625 0.9722222222222222 0.85546875 0.8923611111111112 0.830078125 0.8784722222222222 0.830078125 0.9097222222222222 0.82421875 0.9201388888888888
0 0.263671875 0.9722222222222222 0.26953125 0.9965277777777778 0.291015625 0.9965277777777778 0.29296875 0.96875 0.310546875 0.9965277777777778 0.34765625 0.9930555555555556 0.3359375 0.9236111111111112 0.32421875 0.9201388888888888 0.302734375 0.9479166666666666 0.291015625 0.9479166666666666 0.279296875 0.8923611111111112 0.267578125 0.8923611111111112 0.2734375 0.9548611111111112 0.263671875 0.9722222222222222
0 0.1171875 0.5451388888888888 0.126953125 0.5347222222222222 0.13671875 0.5486111111111112 0.142578125 0.53125 0.13671875 0.46875 0.12890625 0.46875 0.111328125 0.4965277777777778 0.109375 0.5208333333333334 0.1171875 0.5451388888888888
0 0.16796875 0.3229166666666667 0.1796875 0.34375 0.1875 0.3298611111111111 0.181640625 0.2951388888888889 0.16796875 0.2951388888888889 0.16796875 0.3229166666666667
0 0.25 0.5625 0.255859375 0.5972222222222222 0.28515625 0.6388888888888888 0.28125 0.5486111111111112 0.267578125 0.5590277777777778 0.25390625 0.5347222222222222 0.255859375 0.5555555555555556 0.25 0.5625
0 0.16796875 0.5034722222222222 0.17578125 0.5277777777777778 0.1875 0.53125 0.19921875 0.5104166666666666 0.197265625 0.4826388888888889 0.185546875 0.4618055555555556 0.154296875 0.4618055555555556 0.1484375 0.4791666666666667 0.16796875 0.5034722222222222
0 0.76171875 0.84375 0.765625 0.8819444444444444 0.78125 0.8923611111111112 0.79296875 0.9166666666666666 0.8125 0.9166666666666666 0.818359375 0.8993055555555556 0.810546875 0.8263888888888888 0.796875 0.8090277777777778 0.787109375 0.7777777777777778 0.7734375 0.7951388888888888 0.7734375 0.8229166666666666 0.76171875 0.84375
0 0.724609375 0.7743055555555556 0.71875 0.7847222222222222 0.724609375 0.8229166666666666 0.736328125 0.8263888888888888 0.736328125 0.84375 0.755859375 0.8680555555555556 0.759765625 0.8159722222222222 0.7421875 0.7916666666666666 0.7421875 0.7465277777777778 0.728515625 0.7152777777777778 0.716796875 0.7222222222222222 0.712890625 0.7465277777777778 0.724609375 0.7743055555555556
0 0.66796875 0.78125 0.685546875 0.8090277777777778 0.681640625 0.8298611111111112 0.7109375 0.8715277777777778 0.712890625 0.9027777777777778 0.7265625 0.9097222222222222 0.73046875 0.8680555555555556 0.724609375 0.8263888888888888 0.708984375 0.8020833333333334 0.705078125 0.78125 0.685546875 0.7951388888888888 0.66796875 0.78125
0 0.0546875 0.5173611111111112 0.06640625 0.5173611111111112 0.072265625 0.4930555555555556 0.068359375 0.4548611111111111 0.0546875 0.4513888888888889 0.048828125 0.4548611111111111 0.0546875 0.5173611111111112
0 0.142578125 0.3402777777777778 0.1484375 0.3125 0.13671875 0.2951388888888889 0.130859375 0.3263888888888889 0.142578125 0.3402777777777778
0 0.318359375 0.5625 0.32421875 0.5902777777777778 0.34375 0.5798611111111112 0.35546875 0.5972222222222222 0.349609375 0.5868055555555556 0.35546875 0.5763888888888888 0.353515625 0.5555555555555556 0.341796875 0.5173611111111112 0.330078125 0.5 0.3046875 0.5138888888888888 0.298828125 0.53125 0.318359375 0.5625
0 0.068359375 0.4027777777777778 0.076171875 0.3888888888888889 0.07421875 0.3541666666666667 0.0625 0.3472222222222222 0.0625 0.4027777777777778 0.068359375 0.4027777777777778
0 0.30078125 0.8125 0.30078125 0.8263888888888888 0.30859375 0.84375 0.328125 0.84375 0.330078125 0.8715277777777778 0.34375 0.8784722222222222 0.34765625 0.8368055555555556 0.3359375 0.7986111111111112 0.3359375 0.7534722222222222 0.32421875 0.7430555555555556 0.3125 0.7673611111111112 0.3125 0.8090277777777778 0.30078125 0.8125
0 0.439453125 0.6770833333333334 0.4296875 0.6793993055555556 0.431640625 0.7291666666666666 0.443359375 0.75 0.46875 0.7534722222222222 0.48046875 0.78125 0.490234375 0.7777777777777778 0.4921875 0.75 0.48046875 0.6840277777777778 0.474609375 0.6736111111111112 0.462890625 0.6840277777777778 0.458984375 0.7013888888888888 0.44921875 0.6979166666666666 0.435546875 0.6597222222222222 0.4296875 0.6597222222222222 0.439453125 0.6770833333333334
0 0.59765625 0.8472222222222222 0.634765625 0.8541666666666666 0.654296875 0.8090277777777778 0.6484375 0.78125 0.630859375 0.8125 0.62109375 0.8090277777777778 0.603515625 0.7673611111111112 0.591796875 0.7638888888888888 0.587890625 0.78125 0.5859375 0.8263888888888888 0.59765625 0.8472222222222222
0 0.1953125 0.4027777777777778 0.205078125 0.3923611111111111 0.197265625 0.3715277777777778 0.16796875 0.3576388888888889 0.162109375 0.3993055555555556 0.1953125 0.4027777777777778
0 0.318359375 0.4479166666666667 0.322265625 0.3888888888888889 0.310546875 0.3888888888888889 0.306640625 0.4201388888888889 0.318359375 0.4479166666666667
0 0.34765625 0.4826388888888889 0.349609375 0.4201388888888889 0.33203125 0.4097222222222222 0.330078125 0.4513888888888889 0.34765625 0.4826388888888889
0 0.07421875 0.4930555555555556 0.080078125 0.4201388888888889 0.064453125 0.4201388888888889 0.0625 0.4479166666666667 0.07421875 0.4930555555555556
0 0.103515625 0.3263888888888889 0.1171875 0.3263888888888889 0.119140625 0.3055555555555556 0.11328125 0.2881944444444444 0.10546875 0.2847222222222222 0.099609375 0.2951388888888889 0.09765625 0.3159722222222222 0.103515625 0.3263888888888889
0 0.330078125 0.6458333333333334 0.31640625 0.65625 0.318359375 0.6701388888888888 0.333984375 0.6875 0.33203125 0.6388888888888888 0.322265625 0.625 0.31640625 0.625 0.330078125 0.6458333333333334
0 0.3515625 0.6805555555555556 0.359375 0.7013888888888888 0.369140625 0.7048611111111112 0.375 0.6875 0.3671875 0.6284722222222222 0.361328125 0.6076388888888888 0.349609375 0.625 0.341796875 0.6840277777777778 0.3515625 0.6805555555555556
0 0.10546875 0.40625 0.11328125 0.3888888888888889 0.111328125 0.3715277777777778 0.095703125 0.3611111111111111 0.09375 0.3888888888888889 0.10546875 0.40625
0 0.638671875 0.9305555555555556 0.7109375 0.9930555555555556 0.728515625 0.9930555555555556 0.73046875 0.9618055555555556 0.7109375 0.90625 0.705078125 0.8611111111111112 0.681640625 0.875 0.6796875 0.8888888888888888 0.66015625 0.8888888888888888 0.642578125 0.8576388888888888 0.62890625 0.8611111111111112 0.625 0.8888888888888888 0.638671875 0.9305555555555556
0 0.296875 0.4652777777777778 0.298828125 0.40625 0.28515625 0.40625 0.28125 0.4375 0.296875 0.4652777777777778
0 0.146484375 0.4097222222222222 0.15625 0.40625 0.15625 0.3680555555555556 0.14453125 0.34375 0.138671875 0.3784722222222222 0.146484375 0.4097222222222222
0 0.142578125 0.625 0.16015625 0.65625 0.166015625 0.65625 0.16796875 0.6354166666666666 0.166015625 0.5763888888888888 0.142578125 0.5763888888888888 0.142578125 0.625
0 0.26953125 0.4791666666666667 0.2734375 0.4513888888888889 0.265625 0.4305555555555556 0.255859375 0.4305555555555556 0.255859375 0.46875 0.26953125 0.4791666666666667
0 0.82421875 0.9236111111111112 0.830078125 0.9340277777777778 0.830078125 0.96875 0.84375 0.9930555555555556 0.87890625 0.9930555555555556 0.87890625 0.9722222222222222 0.85546875 0.8923611111111112 0.830078125 0.8784722222222222 0.830078125 0.9097222222222222 0.82421875 0.9236111111111112
0 0.10546875 0.4513888888888889 0.123046875 0.4409722222222222 0.123046875 0.4201388888888889 0.111328125 0.4166666666666667 0.10546875 0.4201388888888889 0.10546875 0.4513888888888889
0 0.099609375 0.6388888888888888 0.099609375 0.65625 0.111328125 0.6527777777777778 0.111328125 0.5798611111111112 0.087890625 0.5868055555555556 0.0859375 0.6076388888888888 0.099609375 0.6388888888888888
0 0.123046875 0.7777777777777778 0.125 0.8298611111111112 0.134765625 0.8680555555555556 0.138671875 0.8159722222222222 0.158203125 0.7777777777777778 0.171875 0.7777777777777778 0.17578125 0.7604166666666666 0.162109375 0.7465277777777778 0.15625 0.7013888888888888 0.138671875 0.7048611111111112 0.125 0.7326388888888888 0.111328125 0.7048611111111112 0.10546875 0.75 0.123046875 0.7777777777777778
0 0.50390625 0.7534722222222222 0.521484375 0.8194444444444444 0.5625 0.84375 0.576171875 0.875 0.5859375 0.8715277777777778 0.5859375 0.8298611111111112 0.57421875 0.8090277777777778 0.568359375 0.7534722222222222 0.556640625 0.7638888888888888 0.5546875 0.8055555555555556 0.544921875 0.8229166666666666 0.541015625 0.7847222222222222 0.51953125 0.7361111111111112 0.50390625 0.7361111111111112 0.50390625 0.7534722222222222
0 0.599609375 0.9930555555555556 0.615560546875 0.9965277777777778 0.619140625 0.9826388888888888 0.625 0.9826388888888888 0.625650390625 0.9965277777777778 0.66796875 0.9930555555555556 0.654296875 0.9479166666666666 0.64453125 0.9479166666666666 0.626953125 0.9756944444444444 0.615234375 0.9756944444444444 0.5859375 0.90625 0.576171875 0.9166666666666666 0.576171875 0.9479166666666666 0.599609375 0.9930555555555556
0 0.0546875 0.3263888888888889 0.072265625 0.3229166666666667 0.06640625 0.2951388888888889 0.048828125 0.2986111111111111 0.046875 0.3125 0.0546875 0.3263888888888889
0 0.4921875 0.5763888888888888 0.5 0.5173611111111112 0.474609375 0.5138888888888888 0.46875 0.5416666666666666 0.4921875 0.5763888888888888
0 0.4375 0.8784722222222222 0.466796875 0.9236111111111112 0.474609375 0.9513888888888888 0.486328125 0.9548611111111112 0.48046875 0.8472222222222222 0.46875 0.8229166666666666 0.4609375 0.8229166666666666 0.455078125 0.84375 0.4375 0.8506944444444444 0.4296875 0.8402777777777778 0.42578125 0.8125 0.412109375 0.7986111111111112 0.412109375 0.875 0.4375 0.8784722222222222
0 0.14453125 0.90625 0.15625 0.9201388888888888 0.15625 0.9375 0.173828125 0.9548611111111112 0.173828125 0.9722222222222222 0.185546875 0.9826388888888888 0.193359375 0.9618055555555556 0.19140625 0.9305555555555556 0.19921875 0.9166666666666666 0.193359375 0.8611111111111112 0.1796875 0.8368055555555556 0.1484375 0.8541666666666666 0.150390625 0.8854166666666666 0.14453125 0.90625
0 0.625 0.7048611111111112 0.64453125 0.7326388888888888 0.66015625 0.7326388888888888 0.666015625 0.7152777777777778 0.66015625 0.6701388888888888 0.64453125 0.6666666666666666 0.642578125 0.6875 0.634765625 0.6979166666666666 0.62890625 0.6909722222222222 0.625 0.65625 0.623046875 0.6666666666666666 0.611328125 0.6597222222222222 0.611328125 0.7048611111111112 0.625 0.7048611111111112
0 0.19921875 0.59375 0.197265625 0.6076388888888888 0.2109375 0.6388888888888888 0.216796875 0.6354166666666666 0.21875 0.5798611111111112 0.212890625 0.5590277777777778 0.193359375 0.5625 0.1875 0.5868055555555556 0.19921875 0.59375