0 0.09765625 0.4305555555555556 0.11328125 0.40625 0.111328125 0.3680555555555556 0.08203125 0.3680555555555556 0.08203125 0.40625 0.09765625 0.4305555555555556
0 0.6171875 0.21875 0.611328125 0.1909722222222222 0.60546875 0.1909722222222222 0.603515625 0.21875 0.6171875 0.21875
0 0.0625 0.3472222222222222 0.060546875 0.3159722222222222 0.046875 0.3090277777777778 0.04296875 0.34375 0.0625 0.3472222222222222
0 0.162109375 0.4479166666666667 0.16796875 0.4548611111111111 0.201171875 0.4513888888888889 0.205078125 0.4409722222222222 0.19921875 0.4166666666666667 0.16796875 0.40625 0.162109375 0.4097222222222222 0.162109375 0.4479166666666667
0 0.0546875 0.4305555555555556 0.064453125 0.4409722222222222 0.068359375 0.3784722222222222 0.0546875 0.375 0.048828125 0.3854166666666667 0.0546875 0.4305555555555556
0 0.236328125 0.4965277777777778 0.244140625 0.4930555555555556 0.25390625 0.4548611111111111 0.234375 0.4548611111111111 0.23046875 0.4722222222222222 0.236328125 0.4965277777777778
0 0.23046875 0.4965277777777778 0.216796875 0.4409722222222222 0.205078125 0.4583333333333333 0.19921875 0.5 0.23046875 0.4965277777777778
0 0.330078125 0.4722222222222222 0.330078125 0.4965277777777778 0.34765625 0.4965277777777778 0.361328125 0.4791666666666667 0.359375 0.4375 0.34765625 0.4236111111111111 0.34765625 0.4375 0.330078125 0.4722222222222222
0 0.3203125 0.4652777777777778 0.30078125 0.4861111111111111 0.30078125 0.5 0.32421875 0.5 0.322265625 0.4618055555555556 0.330078125 0.4305555555555556 0.3125 0.4201388888888889 0.3046875 0.4513888888888889 0.322265625 0.4444444444444444 0.3203125 0.4652777777777778
0 0.392578125 0.40625 0.421875 0.40625 0.421875 0.375 0.404296875 0.3854166666666667 0.392578125 0.375 0.384765625 0.3888888888888889 0.384765625 0.4166666666666667 0.392578125 0.40625
0 0.03515625 0.5138888888888888 0.03515625 0.5034722222222222 0.052734375 0.5 0.0546875 0.5277777777777778 0.080078125 0.5173611111111112 0.07421875 0.4861111111111111 0.037109375 0.5 0.037109375 0.46875 0.013671875 0.4861111111111111 0.01171875 0.53125 0.03515625 0.5138888888888888
0 0.16796875 0.3923611111111111 0.201171875 0.3993055555555556 0.205078125 0.3888888888888889 0.1875 0.3576388888888889 0.16796875 0.3576388888888889 0.16796875 0.3923611111111111
0 0.974609375 0.3993055555555556 0.984375 0.4097222222222222 0.98046875 0.4340277777777778 0.986328125 0.4375 0.9921875 0.4305555555555556 0.984375 0.4166666666666667 0.9921875 0.4131944444444444 0.998046875 0.3888888888888889 0.998046875 0.3576388888888889 0.97265625 0.3611111111111111 0.96875 0.375 0.974609375 0.3993055555555556
0 0.1171875 0.5243055555555556 0.150390625 0.5034722222222222 0.173828125 0.5104166666666666 0.173828125 0.46875 0.15625 0.4722222222222222 0.140625 0.5069444444444444 0.134765625 0.4652777777777778 0.115234375 0.4930555555555556 0.111328125 0.5138888888888888 0.1171875 0.5243055555555556
0 0.38671875 0.4513888888888889 0.388671875 0.4826388888888889 0.408203125 0.4826388888888889 0.416015625 0.4930555555555556 0.4296875 0.4826388888888889 0.4296875 0.4513888888888889 0.400390625 0.4548611111111111 0.392578125 0.4409722222222222 0.39453125 0.4513888888888889 0.38671875 0.4513888888888889
0 0.359375 0.53125 0.3984375 0.5277777777777778 0.388671875 0.4861111111111111 0.380859375 0.4965277777777778 0.35546875 0.4930555555555556 0.34375 0.5104166666666666 0.34375 0.5451388888888888 0.359375 0.53125
0 0.455078125 0.6388888888888888 0.486328125 0.6111111111111112 0.494140625 0.5868055555555556 0.48828125 0.5486111111111112 0.48046875 0.5590277777777778 0.466796875 0.5486111111111112 0.4609375 0.5590277777777778 0.455078125 0.5833333333333334 0.455078125 0.6388888888888888
0 0.01171875 0.59375 0.025390625 0.59375 0.017578125 0.5451388888888888 0.001953125 0.5555555555555556 0 0.5798611111111112 0.01171875 0.59375
0 0.05078125 0.5798611111111112 0.068359375 0.5868055555555556 0.080078125 0.5763888888888888 0.080078125 0.5451388888888888 0.07421875 0.5277777777777778 0.056640625 0.53125 0.037109375 0.5729166666666666 0.03125 0.59375 0.05078125 0.5798611111111112
0 0.224609375 0.3576388888888889 0.2421875 0.3576388888888889 0.2421875 0.3229166666666667 0.23046875 0.3159722222222222 0.224609375 0.3229166666666667 0.224609375 0.3576388888888889
0 0.134765625 0.3368055555555556 0.134765625 0.3159722222222222 0.123046875 0.3090277777777778 0.123046875 0.3368055555555556 0.134765625 0.3368055555555556
0 0.25 0.4513888888888889 0.28125 0.4513888888888889 0.287109375 0.4375 0.28125 0.40625 0.267578125 0.4201388888888889 0.25390625 0.4097222222222222 0.2421875 0.4305555555555556 0.25 0.4513888888888889
0 0.1171875 0.3298611111111111 0.11328125 0.2986111111111111 0.103515625 0.2986111111111111 0.099609375 0.3368055555555556 0.1171875 0.3298611111111111
0 0.09375 0.46875 0.10546875 0.46875 0.111328125 0.4548611111111111 0.119140625 0.4618055555555556 0.142578125 0.4513888888888889 0.14453125 0.4236111111111111 0.134765625 0.4097222222222222 0.099609375 0.4201388888888889 0.091796875 0.4479166666666667 0.09375 0.46875
0 0.935546875 0.34375 0.94140625 0.3159722222222222 0.9296875 0.2986111111111111 0.916015625 0.3055555555555556 0.912109375 0.3402777777777778 0.935546875 0.34375
0 0.009765625 0.4236111111111111 0.00390625 0.3784722222222222 0 0.4375 0.009765625 0.4236111111111111
0 0.080078125 0.34375 0.087890625 0.3263888888888889 0.08203125 0.2951388888888889 0.076171875 0.2951388888888889 0.07421875 0.3368055555555556 0.080078125 0.34375
0 0.123046875 0.4027777777777778 0.140625 0.40625 0.138671875 0.3576388888888889 0.125 0.3541666666666667 0.1171875 0.3576388888888889 0.123046875 0.4027777777777778
0 0.017578125 0.4236111111111111 0.03515625 0.4409722222222222 0.03125 0.3888888888888889 0.01953125 0.3923611111111111 0.013671875 0.4027777777777778 0.017578125 0.4236111111111111
0 0.02734375 0.3125 0.03125 0.28125 0.01953125 0.2743055555555556 0.017578125 0.3125 0.02734375 0.3125
0 0.974609375 0.3402777777777778 0.998046875 0.34375 0.998046875 0.3125 0.98828125 0.3125 0.98046875 0.2986111111111111 0.97265625 0.3125 0.974609375 0.3402777777777778
0 0.861328125 0.4340277777777778 0.88671875 0.4375 0.88671875 0.4097222222222222 0.865234375 0.4131944444444444 0.853515625 0.3923611111111111 0.84375 0.40625 0.861328125 0.4340277777777778
0 0.44921875 0.53125 0.470703125 0.5173611111111112 0.474609375 0.4965277777777778 0.48828125 0.5138888888888888 0.494140625 0.4965277777777778 0.490234375 0.4652777777777778 0.4765625 0.4861111111111111 0.466796875 0.4861111111111111 0.4609375 0.4618055555555556 0.451171875 0.4791666666666667 0.443359375 0.5104166666666666 0.44921875 0.53125
0 0.142578125 0.2951388888888889 0.142578125 0.2534722222222222 0.12890625 0.2638888888888889 0.125 0.2777777777777778 0.142578125 0.2951388888888889
0 0.34765625 0.4965277777777778 0.359375 0.4826388888888889 0.353515625 0.4513888888888889 0.330078125 0.4722222222222222 0.3125 0.4548611111111111 0.3046875 0.4618055555555556 0.3046875 0.5034722222222222 0.34765625 0.4965277777777778
0 0.48046875 0.4375 0.494140625 0.46875 0.50390625 0.4652777777777778 0.509765625 0.4305555555555556 0.50390625 0.4201388888888889 0.486328125 0.4201388888888889 0.48046875 0.4236111111111111 0.48046875 0.4375
0 0.94921875 0.3263888888888889 0.955078125 0.2986111111111111 0.935546875 0.2847222222222222 0.9296875 0.3055555555555556 0.94921875 0.3263888888888889