0 0.080078125 0.5590277777777778 0.0859375 0.5763888888888888 0.1015625 0.5798611111111112 0.103515625 0.5173611111111112 0.09765625 0.5 0.0859375 0.5034722222222222 0.080078125 0.5138888888888888 0.080078125 0.5590277777777778
0 0.595703125 0.375 0.599609375 0.3263888888888889 0.587890625 0.3368055555555556 0.587890625 0.3680555555555556 0.595703125 0.375
0 0.048828125 0.4513888888888889 0.0546875 0.4513888888888889 0.0546875 0.4236111111111111 0.060546875 0.4166666666666667 0.0546875 0.3888888888888889 0.04296875 0.3888888888888889 0.048828125 0.4513888888888889
0 0.671875 0.5486111111111112 0.6796875 0.4861111111111111 0.646484375 0.4861111111111111 0.6484375 0.5277777777777778 0.671875 0.5486111111111112
0 0.494140625 0.3993055555555556 0.505859375 0.4201388888888889 0.509765625 0.375 0.5 0.3680555555555556 0.494140625 0.375 0.494140625 0.3993055555555556
0 0.75 0.71875 0.76171875 0.7465277777777778 0.771484375 0.75 0.779296875 0.7361111111111112 0.779296875 0.71875 0.755859375 0.6527777777777778 0.75 0.6493055555555556 0.7421875 0.6666666666666666 0.728515625 0.7118055555555556 0.75 0.71875
0 0.7109375 0.7118055555555556 0.724609375 0.7118055555555556 0.728515625 0.6805555555555556 0.705078125 0.6423611111111112 0.701171875 0.6909722222222222 0.7109375 0.7118055555555556
0 0.013671875 0.4826388888888889 0.03515625 0.5451388888888888 0.037109375 0.5208333333333334 0.03125 0.5173611111111112 0.037109375 0.4791666666666667 0.03515625 0.46875 0.0234375 0.4652777777777778 0.013671875 0.46875 0.013671875 0.4826388888888889
0 0.3046875 0.4340277777777778 0.310546875 0.4305555555555556 0.31640625 0.3993055555555556 0.310546875 0.3784722222222222 0.298828125 0.3784722222222222 0.298828125 0.4305555555555556 0.3046875 0.4340277777777778
0 0.01171875 0.6666666666666666 0.037109375 0.7013888888888888 0.03515625 0.6180555555555556 0.025390625 0.5972222222222222 0.013671875 0.5972222222222222 0.005859375 0.6111111111111112 0.01171875 0.6666666666666666
0 0.19140625 0.6840277777777778 0.19140625 0.6701388888888888 0.181640625 0.6701388888888888 0.185546875 0.7013888888888888 0.193359375 0.7048611111111112 0.193359375 0.7152777777777778 0.185546875 0.71875 0.19921875 0.75 0.21875 0.7534722222222222 0.236328125 0.7743055555555556 0.23828125 0.71875 0.22265625 0.6666666666666666 0.19921875 0.6875 0.19140625 0.6840277777777778
0 0.486328125 0.4826388888888889 0.48046875 0.4930555555555556 0.51171875 0.5138888888888888 0.51171875 0.46875 0.498046875 0.4548611111111111 0.48046875 0.4722222222222222 0.486328125 0.4826388888888889
0 0.326171875 0.3784722222222222 0.33203125 0.40625 0.34375 0.40625 0.34375 0.3576388888888889 0.3359375 0.3472222222222222 0.326171875 0.3611111111111111 0.326171875 0.3784722222222222
0 0.0625 0.4722222222222222 0.068359375 0.4930555555555556 0.07421875 0.4930555555555556 0.0859375 0.46875 0.0859375 0.4513888888888889 0.080078125 0.4375 0.068359375 0.4375 0.0625 0.4479166666666667 0.0625 0.4722222222222222
0 0.3984375 0.4201388888888889 0.3984375 0.3715277777777778 0.388671875 0.3680555555555556 0.38671875 0.4097222222222222 0.3984375 0.4201388888888889
0 0.0859375 0.4618055555555556 0.09765625 0.46875 0.09765625 0.40625 0.0859375 0.4097222222222222 0.080078125 0.4201388888888889 0.0859375 0.4618055555555556
0 0.16015625 0.4930555555555556 0.162109375 0.4375 0.15625 0.4201388888888889 0.14453125 0.4201388888888889 0.142578125 0.4618055555555556 0.16015625 0.4930555555555556
0 0.13671875 0.5 0.142578125 0.4826388888888889 0.13671875 0.4444444444444444 0.119140625 0.4513888888888889 0.119140625 0.4930555555555556 0.13671875 0.5
0 0.64453125 0.3888888888888889 0.6484375 0.3576388888888889 0.64453125 0.34375 0.63671875 0.34375 0.63671875 0.3888888888888889 0.64453125 0.3888888888888889
0 0.576171875 0.40625 0.580078125 0.3576388888888889 0.568359375 0.3541666666666667 0.568359375 0.3993055555555556 0.576171875 0.40625
0 0.287109375 0.4027777777777778 0.29296875 0.3854166666666667 0.291015625 0.3576388888888889 0.28515625 0.34375 0.275390625 0.3472222222222222 0.275390625 0.4027777777777778 0.287109375 0.4027777777777778
0 0.1796875 0.6701388888888888 0.1875 0.6666666666666666 0.1953125 0.6284722222222222 0.21875 0.6493055555555556 0.2109375 0.6354166666666666 0.21875 0.625 0.2109375 0.59375 0.1796875 0.6180555555555556 0.173828125 0.6284722222222222 0.1796875 0.6701388888888888
0 0.029296875 0.5763888888888888 0.03125 0.5138888888888888 0.01953125 0.4965277777777778 0.005859375 0.5069444444444444 0.01171875 0.5625 0.029296875 0.5763888888888888
0 0 0.8090277777777778 0.021484375 0.8055555555555556 0.037109375 0.8263888888888888 0.046875 0.8229166666666666 0.046875 0.7534722222222222 0.037109375 0.7222222222222222 0.017578125 0.71875 0.005859375 0.7326388888888888 0.005859375 0.75 0.01171875 0.7534722222222222 0.009765625 0.78125 0 0.7916666666666666 0 0.8090277777777778
0 0.568359375 0.4375 0.568359375 0.3888888888888889 0.55078125 0.3993055555555556 0.55078125 0.4305555555555556 0.568359375 0.4375
0 0.443359375 0.3888888888888889 0.44921875 0.375 0.44921875 0.34375 0.44140625 0.34375 0.4375 0.375 0.443359375 0.3888888888888889
0 0.478515625 0.40625 0.484375 0.3854166666666667 0.48046875 0.3680555555555556 0.470703125 0.3715277777777778 0.46875 0.4027777777777778 0.478515625 0.40625
0 0 0.3854166666666667 0.005859375 0.4027777777777778 0.013671875 0.3888888888888889 0.009765625 0.3472222222222222 0 0.3472222222222222 0 0.3854166666666667
0 0.546875 0.3229166666666667 0.548828125 0.3125 0.541015625 0.3055555555555556 0.548828125 0.28125 0.541015625 0.28125 0.537109375 0.2986111111111111 0.546875 0.3229166666666667
0 0.599609375 0.4375 0.609375 0.4409722222222222 0.61328125 0.3923611111111111 0.599609375 0.3888888888888889 0.59375 0.4097222222222222 0.599609375 0.4375
0 0.205078125 0.4930555555555556 0.205078125 0.4305555555555556 0.193359375 0.4201388888888889 0.193359375 0.4826388888888889 0.205078125 0.4930555555555556
0 0.205078125 0.9340277777777778 0.224609375 0.9826388888888888 0.236328125 0.9861111111111112 0.244140625 0.9652777777777778 0.236328125 0.8784722222222222 0.2265625 0.8576388888888888 0.216796875 0.8541666666666666 0.205078125 0.8576388888888888 0.205078125 0.9340277777777778
0 0.181640625 0.9375 0.193359375 0.9409722222222222 0.19140625 0.9027777777777778 0.171875 0.8402777777777778 0.16796875 0.90625 0.181640625 0.9375