0 0.23828125 0.9097222222222222 0.2421875 0.9340277777777778 0.25 0.9375 0.259765625 0.9027777777777778 0.25390625 0.8125 0.228515625 0.8263888888888888 0.224609375 0.9027777777777778 0.23828125 0.9097222222222222
0 0.013671875 0.5277777777777778 0.029296875 0.5 0.029296875 0.4826388888888889 0.005859375 0.4548611111111111 0 0.4965277777777778 0.013671875 0.5277777777777778
0 0.099609375 0.40625 0.109375 0.4201388888888889 0.1171875 0.4027777777777778 0.1171875 0.375 0.111328125 0.3680555555555556 0.099609375 0.3715277777777778 0.099609375 0.40625
0 0.994140625 0.2916666666666667 0.998046875 0.2638888888888889 0.98828125 0.2708333333333333 0.986328125 0.2881944444444444 0.994140625 0.2916666666666667
0 0.55078125 0.9027777777777778 0.5625 0.8993055555555556 0.568359375 0.8888888888888888 0.5625 0.7951388888888888 0.54296875 0.78125 0.53125 0.7986111111111112 0.525390625 0.84375 0.55078125 0.9027777777777778
0 0.51171875 0.8229166666666666 0.5078125 0.78125 0.50390625 0.8020833333333334 0.51171875 0.8229166666666666
0 0.298828125 0.625 0.314453125 0.6423611111111112 0.318359375 0.5659722222222222 0.3046875 0.5625 0.298828125 0.5659722222222222 0.298828125 0.625
0 0.9921875 0.9930555555555556 0.9921875 0.9826388888888888 0.98046875 0.9756944444444444 0.974609375 0.9409722222222222 0.94921875 0.9375 0.9375 0.9930555555555556 0.9921875 0.9930555555555556
0 0.119140625 0.3055555555555556 0.125 0.28125 0.11328125 0.2743055555555556 0.109375 0.3020833333333333 0.119140625 0.3055555555555556
0 0.212890625 0.6388888888888888 0.23046875 0.65625 0.236328125 0.65625 0.236328125 0.59375 0.212890625 0.59375 0.212890625 0.6388888888888888
0 0.07421875 0.6041666666666666 0.08984375 0.6284722222222222 0.09765625 0.6041666666666666 0.09765625 0.5763888888888888 0.08984375 0.5590277777777778 0.072265625 0.5590277777777778 0.068359375 0.5763888888888888 0.07421875 0.6041666666666666
0 0.123046875 0.5902777777777778 0.138671875 0.5694444444444444 0.13671875 0.5173611111111112 0.1171875 0.5138888888888888 0.11328125 0.5590277777777778 0.123046875 0.5902777777777778
0 0.291015625 0.7361111111111112 0.298828125 0.7048611111111112 0.298828125 0.65625 0.28125 0.6527777777777778 0.28125 0.7222222222222222 0.291015625 0.7361111111111112
0 0.0625 0.3368055555555556 0.0859375 0.3298611111111111 0.0859375 0.3090277777777778 0.07421875 0.2986111111111111 0.060546875 0.3125 0.0625 0.3368055555555556
0 0.04296875 0.9027777777777778 0.060546875 0.9201388888888888 0.072265625 0.8923611111111112 0.068359375 0.8784722222222222 0.07421875 0.8680555555555556 0.07421875 0.8402777777777778 0.06640625 0.8090277777777778 0.041015625 0.8125 0.03515625 0.8333333333333334 0.04296875 0.9027777777777778
0 0.212890625 0.53125 0.20703125 0.4965277777777778 0.19140625 0.5 0.19140625 0.53125 0.212890625 0.53125
0 0.20703125 0.6875 0.2109375 0.7638888888888888 0.22265625 0.7326388888888888 0.234375 0.7291666666666666 0.236328125 0.6736111111111112 0.23046875 0.6736111111111112 0.228515625 0.6840277777777778 0.20703125 0.6875
0 0.484375 0.875 0.484375 0.7916666666666666 0.478515625 0.7673611111111112 0.4609375 0.7638888888888888 0.44921875 0.7743055555555556 0.443359375 0.8090277777777778 0.484375 0.875
0 0.44140625 0.7951388888888888 0.44140625 0.7638888888888888 0.4375 0.75 0.44140625 0.7951388888888888
0 0.1875 0.6076388888888888 0.193359375 0.6388888888888888 0.201171875 0.6388888888888888 0.20703125 0.6215277777777778 0.205078125 0.5625 0.193359375 0.5555555555555556 0.1875 0.5625 0.1875 0.6076388888888888
0 0.58203125 0.8923611111111112 0.58203125 0.9097222222222222 0.59375 0.9444444444444444 0.59765625 0.9930555555555556 0.654296875 0.9930555555555556 0.65625 0.9513888888888888 0.638671875 0.8888888888888888 0.630859375 0.8854166666666666 0.611328125 0.9375 0.599609375 0.9097222222222222 0.59375 0.8611111111111112 0.5859375 0.8611111111111112 0.59375 0.8854166666666666 0.58203125 0.8923611111111112
0 0.166015625 0.625 0.173828125 0.6111111111111112 0.173828125 0.5555555555555556 0.150390625 0.5625 0.15625 0.6180555555555556 0.166015625 0.625
0 0.20703125 0.9930555555555556 0.197265625 0.9513888888888888 0.162109375 0.9722222222222222 0.150390625 0.9930555555555556 0.20703125 0.9930555555555556
0 0.19921875 0.3993055555555556 0.193359375 0.3680555555555556 0.16796875 0.3576388888888889 0.162109375 0.3993055555555556 0.19921875 0.3993055555555556
0 0.0625 0.7048611111111112 0.0625 0.7291666666666666 0.080078125 0.75 0.0859375 0.7326388888888888 0.0859375 0.65625 0.076171875 0.6388888888888888 0.0625 0.6388888888888888 0.056640625 0.6597222222222222 0.0546875 0.6840277777777778 0.0625 0.7048611111111112
0 0.966796875 0.2916666666666667 0.966796875 0.2673611111111111 0.943359375 0.2638888888888889 0.9375 0.28125 0.966796875 0.2916666666666667
0 0.375 0.7326388888888888 0.37890625 0.75 0.41015625 0.7638888888888888 0.41015625 0.7013888888888888 0.388671875 0.7013888888888888 0.38671875 0.7222222222222222 0.375 0.7326388888888888
0 0 0.9930555555555556 0.01953125 0.9930555555555556 0.029296875 0.9618055555555556 0.0234375 0.9201388888888888 0 0.9201388888888888 0 0.9930555555555556
0 0.17578125 0.8576388888888888 0.1875 0.8159722222222222 0.193359375 0.7604166666666666 0.1875 0.7326388888888888 0.17578125 0.7222222222222222 0.15625 0.7361111111111112 0.15625 0.7986111111111112 0.17578125 0.8576388888888888
0 0.263671875 0.625 0.2734375 0.625 0.2734375 0.6076388888888888 0.28515625 0.5972222222222222 0.28125 0.5729166666666666 0.26953125 0.5625 0.26171875 0.5763888888888888 0.263671875 0.625
0 0.275390625 0.8263888888888888 0.28515625 0.8298611111111112 0.291015625 0.7326388888888888 0.28515625 0.71875 0.263671875 0.71875 0.26171875 0.7777777777777778 0.275390625 0.8263888888888888
0 0.111328125 0.9201388888888888 0.13671875 0.9826388888888888 0.13671875 0.9409722222222222 0.1484375 0.9201388888888888 0.1484375 0.8993055555555556 0.142578125 0.8958333333333334 0.138671875 0.8541666666666666 0.111328125 0.8576388888888888 0.10546875 0.8680555555555556 0.111328125 0.9201388888888888
0 0.841796875 0.2743055555555556 0.85546875 0.2743055555555556 0.861328125 0.2638888888888889 0.857421875 0.2465277777777778 0.84375 0.2465277777777778 0.8359375 0.2534722222222222 0.841796875 0.2743055555555556
0 0.068359375 0.9652777777777778 0.07421875 0.96875 0.07421875 0.9548611111111112 0.068359375 0.9548611111111112 0.068359375 0.9652777777777778
0 0.125 0.9930555555555556 0.111328125 0.9513888888888888 0.087890625 0.96875 0.07421875 0.9965277777777778 0.125 0.9930555555555556
0 0.568359375 0.78125 0.568359375 0.8159722222222222 0.576171875 0.8402777777777778 0.599609375 0.8541666666666666 0.61328125 0.8125 0.62890625 0.8229166666666666 0.630859375 0.7743055555555556 0.625 0.7673611111111112 0.625 0.7465277777777778 0.60546875 0.75 0.599609375 0.7743055555555556 0.576171875 0.7604166666666666 0.5625 0.7743055555555556 0.568359375 0.78125