0 0.841796875 0.2743055555555556 0.84375 0.24305555555555555 0.828125 0.2465277777777778 0.826171875 0.2638888888888889 0.841796875 0.2743055555555556
0 0.16796875 0.40625 0.2216796875 0.40625 0.220703125 0.3888888888888889 0.232421875 0.40625 0.23828125 0.3993055555555556 0.236328125 0.3784722222222222 0.21875 0.3784722222222222 0.20703125 0.3611111111111111 0.16796875 0.3611111111111111 0.162109375 0.3854166666666667 0.16796875 0.40625
0 0.130859375 0.3125 0.130859375 0.2847222222222222 0.11328125 0.28125 0.11328125 0.3125 0.130859375 0.3125
0 0.373046875 0.2638888888888889 0.375 0.2465277777777778 0.3671875 0.24305555555555555 0.36328125 0.2604166666666667 0.373046875 0.2638888888888889
0 0.330078125 0.2604166666666667 0.33203125 0.2361111111111111 0.326171875 0.2326388888888889 0.32421875 0.2569444444444444 0.330078125 0.2604166666666667
0 0.25 0.25 0.25 0.22916666666666666 0.2421875 0.22916666666666666 0.23828125 0.2465277777777778 0.25 0.25
0 0.443359375 0.9965277777777778 0.44140625 0.9826388888888888 0.42578125 0.9722222222222222 0.416015625 0.9965277777777778 0.443359375 0.9965277777777778
0 0.375 0.9965277777777778 0.388671875 0.9965277777777778 0.38671875 0.9513888888888888 0.380859375 0.9409722222222222 0.375 0.9513888888888888 0.375 0.9965277777777778
0 0.443359375 0.5243055555555556 0.44921875 0.5243055555555556 0.44921875 0.4513888888888889 0.44140625 0.4513888888888889 0.4375 0.5 0.443359375 0.5243055555555556
0 0.04296875 0.5902777777777778 0.05078125 0.5902777777777778 0.0625 0.5625 0.060546875 0.5243055555555556 0.0546875 0.5138888888888888 0.037109375 0.5138888888888888 0.03125 0.53125 0.04296875 0.5902777777777778
0 0.259765625 0.3125 0.255580357421875 0.3065476180555555 0.2578125 0.3125 0.248046875 0.3263888888888889 0.25 0.3402777777777778 0.2578125 0.3402777777777778 0.259765625 0.3125
0 0.236328125 0.2986111111111111 0.23828125 0.2743055555555556 0.23046875 0.2673611111111111 0.23046875 0.2986111111111111 0.236328125 0.2986111111111111
0 0.138671875 0.3125 0.15625 0.3125 0.154296875 0.28125 0.142578125 0.28125 0.13671875 0.2916666666666667 0.138671875 0.3125
0 0.443359375 0.8368055555555556 0.44921875 0.8298611111111112 0.44921875 0.75 0.427734375 0.71875 0.41796875 0.7361111111111112 0.416015625 0.7777777777777778 0.443359375 0.8368055555555556
0 0.267578125 0.7951388888888888 0.29296875 0.84375 0.296875 0.8402777777777778 0.298828125 0.78125 0.287109375 0.7638888888888888 0.263671875 0.7638888888888888 0.259765625 0.7743055555555556 0.267578125 0.7951388888888888
0 0.294921875 0.34375 0.30078125 0.3229166666666667 0.291015625 0.3125 0.29296875 0.2986111111111111 0.30078125 0.2986111111111111 0.29296875 0.2951388888888889 0.287109375 0.3402777777777778 0.294921875 0.34375
0 0.259765625 0.6076388888888888 0.26171875 0.53125 0.25390625 0.5277777777777778 0.2421875 0.5416666666666666 0.2421875 0.59375 0.259765625 0.6076388888888888
0 0.267578125 0.2951388888888889 0.263671875 0.2673611111111111 0.255859375 0.2673611111111111 0.25390625 0.2847222222222222 0.267578125 0.2951388888888889
0 0.16796875 0.40625 0.19921875 0.40625 0.2109375 0.3888888888888889 0.208984375 0.3680555555555556 0.16796875 0.3611111111111111 0.162109375 0.3854166666666667 0.16796875 0.40625
0 0 0.9965277777777778 0.048828125 0.9930555555555556 0.0234375 0.9513888888888888 0 0.9722222222222222 0 0.9965277777777778
0 0.8046875 0.2673611111111111 0.82421875 0.2743055555555556 0.82421875 0.25 0.81640625 0.2361111111111111 0.8046875 0.25 0.8046875 0.2673611111111111
0 0.88671875 0.2777777777777778 0.880859375 0.2534722222222222 0.86328125 0.2638888888888889 0.86328125 0.28125 0.88671875 0.2777777777777778
0 0.54296875 0.84375 0.54296875 0.8680555555555556 0.5546875 0.8854166666666666 0.5859375 0.8888888888888888 0.609375 0.8576388888888888 0.599609375 0.8229166666666666 0.591796875 0.8090277777777778 0.580078125 0.8125 0.57421875 0.7951388888888888 0.56640625 0.7951388888888888 0.57421875 0.8194444444444444 0.548828125 0.8472222222222222 0.548828125 0.8159722222222222 0.537109375 0.8055555555555556 0.537109375 0.84375 0.54296875 0.84375
0 0.478515625 0.8402777777777778 0.47265625 0.8055555555555556 0.4609375 0.7951388888888888 0.4609375 0.8321770833333333 0.46875 0.84375 0.4609375 0.8506944444444444 0.484375 0.8472222222222222 0.50390625 0.8784722222222222 0.51953125 0.9375 0.529296875 0.9375 0.5234375 0.8576388888888888 0.51171875 0.8125 0.48828125 0.8472222222222222 0.478515625 0.8402777777777778
0 0.478515625 0.9861111111111112 0.48515625 0.9965277777777778 0.53125 0.9930555555555556 0.5234375 0.9479166666666666 0.474609375 0.9826388888888888 0.474609375 0.9965277777777778 0.478515625 0.9861111111111112
0 0.4609375 0.9930555555555556 0.466796875 0.9930555555555556 0.466796875 0.9479166666666666 0.4609375 0.9201388888888888 0.455078125 0.9201388888888888 0.451171875 0.9652777777777778 0.4609375 0.9930555555555556
0 0.349609375 0.4652777777777778 0.361328125 0.4826388888888889 0.3671875 0.4479166666666667 0.35546875 0.4305555555555556 0.349609375 0.4340277777777778 0.349609375 0.4652777777777778
0 0.318359375 0.84375 0.31640625 0.7951388888888888 0.3125 0.8263888888888888 0.318359375 0.84375
0 0.349609375 0.8923611111111112 0.349609375 0.90625 0.361328125 0.9097222222222222 0.361328125 0.8159722222222222 0.35546875 0.8055555555555556 0.361328125 0.7743055555555556 0.33203125 0.7986111111111112 0.330078125 0.8680555555555556 0.349609375 0.8923611111111112
0 0.41015625 0.8888888888888888 0.423828125 0.9097222222222222 0.42578125 0.8368055555555556 0.41015625 0.7986111111111112 0.3984375 0.8125 0.392578125 0.8888888888888888 0.41015625 0.8888888888888888
0 0.380859375 0.8576388888888888 0.384765625 0.8159722222222222 0.37890625 0.7847222222222222 0.375 0.84375 0.380859375 0.8576388888888888
0 0.5859375 0.21180555555555555 0.59375 0.2013888888888889 0.591796875 0.1909722222222222 0.5859375 0.1909722222222222 0.5859375 0.21180555555555555
0 0.26953125 0.3402777777777778 0.28125 0.3298611111111111 0.27734375 0.3055555555555556 0.267578125 0.3055555555555556 0.26953125 0.3402777777777778
0 0.2734375 0.9930555555555556 0.29296875 0.9930555555555556 0.29296875 0.9479166666666666 0.298828125 0.9340277777777778 0.29296875 0.8854166666666666 0.28515625 0.875 0.263671875 0.8923611111111112 0.263671875 0.9791666666666666 0.2734375 0.9930555555555556