0 0.92578125 0.2916666666666667 0.9453125 0.2916666666666667 0.943359375 0.2673611111111111 0.92578125 0.2673611111111111 0.91796875 0.2777777777777778 0.92578125 0.2916666666666667
0 0.08203125 0.4618055555555556 0.091796875 0.4826388888888889 0.103515625 0.4513888888888889 0.103515625 0.4305555555555556 0.095703125 0.4201388888888889 0.08203125 0.4201388888888889 0.08203125 0.4618055555555556
0 0.517578125 0.6388888888888888 0.5234375 0.6909722222222222 0.5390625 0.6909722222222222 0.544921875 0.6701388888888888 0.5546875 0.6805555555555556 0.546875 0.6701388888888888 0.5546875 0.65625 0.55078125 0.6388888888888888 0.541015625 0.6284722222222222 0.529296875 0.6423611111111112 0.517578125 0.6388888888888888
0 0.474609375 0.5902777777777778 0.48046875 0.6076388888888888 0.498046875 0.6076388888888888 0.498046875 0.5347222222222222 0.486328125 0.5243055555555556 0.474609375 0.53125 0.474609375 0.5902777777777778
0 0.037109375 0.3680555555555556 0.0546875 0.3576388888888889 0.060546875 0.34375 0.056640625 0.3263888888888889 0.05078125 0.3159722222222222 0.037109375 0.3229166666666667 0.03125 0.3611111111111111 0.037109375 0.3680555555555556
0 0.41796875 0.53125 0.423828125 0.5173611111111112 0.423828125 0.4861111111111111 0.40625 0.4791666666666667 0.40625 0.5104166666666666 0.41796875 0.53125
0 0.318359375 0.7013888888888888 0.330078125 0.7152777777777778 0.34375 0.6979166666666666 0.341796875 0.65625 0.337890625 0.6388888888888888 0.32421875 0.6354166666666666 0.318359375 0.6388888888888888 0.318359375 0.7013888888888888
0 0.416015625 0.9965277777777778 0.44140625 0.9965277777777778 0.44921875 0.9826388888888888 0.44140625 0.9097222222222222 0.41796875 0.9201388888888888 0.412109375 0.9305555555555556 0.416015625 0.9965277777777778
0 0.111328125 0.3263888888888889 0.125 0.3263888888888889 0.12109375 0.2916666666666667 0.111328125 0.2916666666666667 0.111328125 0.3263888888888889
0 0.369140625 0.6701388888888888 0.3671875 0.7152777777777778 0.38671875 0.75 0.392578125 0.7326388888888888 0.392578125 0.6701388888888888 0.388671875 0.6493055555555556 0.375 0.6493055555555556 0.36328125 0.6597222222222222 0.369140625 0.6701388888888888
0 0.123046875 0.4201388888888889 0.125 0.3854166666666667 0.111328125 0.375 0.109375 0.4131944444444444 0.123046875 0.4201388888888889
0 0.412109375 0.6805555555555556 0.41796875 0.5972222222222222 0.3984375 0.59375 0.3984375 0.65625 0.412109375 0.6805555555555556
0 0.056640625 0.7048611111111112 0.06640625 0.6736111111111112 0.06640625 0.6354166666666666 0.060546875 0.6111111111111112 0.04296875 0.6180555555555556 0.04296875 0.6805555555555556 0.056640625 0.7048611111111112
0 0.6796875 0.875 0.681640625 0.90625 0.701171875 0.9236111111111112 0.71875 0.9201388888888888 0.73828125 0.9652777777777778 0.755859375 0.9548611111111112 0.759765625 0.9305555555555556 0.7421875 0.8854166666666666 0.732421875 0.8125 0.71875 0.8125 0.712890625 0.8715277777777778 0.703125 0.8854166666666666 0.693359375 0.8854166666666666 0.6875 0.8576388888888888 0.6875 0.8715277777777778 0.6796875 0.875
0 0.1484375 0.3854166666666667 0.16015625 0.3784722222222222 0.16015625 0.34375 0.14453125 0.3368055555555556 0.14453125 0.375 0.1484375 0.3854166666666667
0 0.076171875 0.3368055555555556 0.07421875 0.2986111111111111 0.064453125 0.2986111111111111 0.064453125 0.3333333333333333 0.076171875 0.3368055555555556
0 0.88671875 0.8541666666666666 0.892578125 0.8854166666666666 0.875 0.8888888888888888 0.880859375 0.8923611111111112 0.880859375 0.9409722222222222 0.892578125 0.9652777777777778 0.91796875 0.9652777777777778 0.91796875 0.9166666666666666 0.90625 0.8923611111111112 0.89453125 0.8888888888888888 0.88671875 0.8368055555555556 0.876953125 0.8402777777777778 0.875 0.8663194444444444 0.88671875 0.8541666666666666
0 0.81640625 0.90625 0.8515625 0.9201388888888888 0.853515625 0.90625 0.830078125 0.8645833333333334 0.826171875 0.8298611111111112 0.8046875 0.8263888888888888 0.8046875 0.8888888888888888 0.81640625 0.90625
0 0.322265625 0.9618055555555556 0.32421875 0.8576388888888888 0.31640625 0.8159722222222222 0.29296875 0.8263888888888888 0.287109375 0.84375 0.279296875 0.8368055555555556 0.275390625 0.8715277777777778 0.322265625 0.9618055555555556
0 0.810546875 0.7152777777777778 0.8125 0.7430555555555556 0.830078125 0.7604166666666666 0.8359375 0.75 0.8359375 0.7152777777777778 0.826171875 0.7013888888888888 0.8359375 0.6805555555555556 0.826171875 0.6666666666666666 0.82421875 0.6388888888888888 0.8046875 0.625 0.80078125 0.6041666666666666 0.775390625 0.6284722222222222 0.7734375 0.65625 0.810546875 0.7152777777777778
0 0.30078125 0.7638888888888888 0.314453125 0.78125 0.31640625 0.7013888888888888 0.29296875 0.7013888888888888 0.287109375 0.7118055555555556 0.30078125 0.7638888888888888
0 0.41796875 0.8576388888888888 0.44140625 0.9340277777777778 0.44921875 0.9375 0.44921875 0.9184027777777778 0.439453125 0.9131944444444444 0.44921875 0.8993055555555556 0.443359375 0.8055555555555556 0.41796875 0.8159722222222222 0.412109375 0.8229166666666666 0.41796875 0.8576388888888888
0 0.09375 0.7708333333333334 0.09375 0.8229166666666666 0.115234375 0.8576388888888888 0.1171875 0.8159722222222222 0.125 0.7951388888888888 0.1171875 0.7465277777777778 0.11328125 0.7361111111111112 0.087890625 0.75 0.0859375 0.7638888888888888 0.09375 0.7708333333333334
0 0.998046875 0.28125 0.998046875 0.2534722222222222 0.9921875 0.2534722222222222 0.986328125 0.2743055555555556 0.998046875 0.28125
0 0.6796875 0.9930555555555556 0.716796875 0.9965277777777778 0.705078125 0.9479166666666666 0.693359375 0.9375 0.673828125 0.9479166666666666 0.6796875 0.9930555555555556
0 0.654296875 0.9965277777777778 0.662109375 0.9826388888888888 0.6640625 0.9965277777777778 0.673828125 0.9965277777777778 0.654296875 0.9652777777777778 0.63671875 0.9097222222222222 0.623046875 0.90625 0.623046875 0.9930555555555556 0.654296875 0.9965277777777778
0 0.244140625 0.6493055555555556 0.255859375 0.6041666666666666 0.255859375 0.5763888888888888 0.25 0.5625 0.234375 0.5659722222222222 0.23046875 0.6041666666666666 0.244140625 0.6493055555555556
0 0.365234375 0.5347222222222222 0.3671875 0.4791666666666667 0.361328125 0.4722222222222222 0.353515625 0.4826388888888889 0.353515625 0.5277777777777778 0.365234375 0.5347222222222222
0 0.10546875 0.2743055555555556 0.103515625 0.2465277777777778 0.08203125 0.2465277777777778 0.08203125 0.2777777777777778 0.10546875 0.2743055555555556
0 0.16796875 0.4027777777777778 0.19921875 0.4027777777777778 0.205078125 0.3923611111111111 0.197265625 0.3680555555555556 0.16796875 0.3611111111111111 0.162109375 0.3854166666666667 0.16796875 0.4027777777777778
0 0.111328125 0.5104166666666666 0.130859375 0.53125 0.130859375 0.4791666666666667 0.1171875 0.46875 0.111328125 0.4791666666666667 0.111328125 0.5104166666666666
0 0.10546875 0.6111111111111112 0.1171875 0.6354166666666666 0.123046875 0.5625 0.111328125 0.5555555555555556 0.099609375 0.5625 0.10546875 0.6111111111111112
0 0.080078125 0.9409722222222222 0.076171875 0.9930555555555556 0.111328125 0.9965277777777778 0.109375 0.9166666666666666 0.10546875 0.90625 0.0859375 0.90625 0.07421875 0.9201388888888888 0.080078125 0.9409722222222222
0 0 0.34375 0.017578125 0.3541666666666667 0.017578125 0.3125 0.009765625 0.2986111111111111 0 0.3055555555555556 0 0.34375
0 0.998046875 0.9965277777777778 0.998046875 0.9513888888888888 0.98046875 0.9409722222222222 0.974609375 0.9965277777777778 0.998046875 0.9965277777777778
0 0.4921875 0.75 0.501953125 0.75 0.505859375 0.7326388888888888 0.498046875 0.6493055555555556 0.486328125 0.6493055555555556 0.4765625 0.6701388888888888 0.46875 0.6597222222222222 0.46875 0.7118055555555556 0.4921875 0.75
0 0.537109375 0.7951388888888888 0.537109375 0.7847222222222222 0.529296875 0.78125 0.529296875 0.7638888888888888 0.525390625 0.7777777777777778 0.537109375 0.7951388888888888
0 0.548828125 0.8368055555555556 0.55078125 0.8159722222222222 0.56640625 0.8055555555555556 0.572265625 0.8125 0.57421875 0.8402777777777778 0.591796875 0.8680555555555556 0.591796875 0.78125 0.583984375 0.75 0.5546875 0.7638888888888888 0.54296875 0.7986111111111112 0.541015625 0.8194444444444444 0.548828125 0.8368055555555556
0 0.451171875 0.6388888888888888 0.455078125 0.5590277777777778 0.4375 0.5625 0.4375 0.6111111111111112 0.451171875 0.6388888888888888
0 0.47265625 0.875 0.478515625 0.8715277777777778 0.478515625 0.78125 0.4609375 0.78125 0.44921875 0.7951388888888888 0.44921875 0.8402777777777778 0.47265625 0.875
0 0.4921875 0.44328819444444445 0.5 0.4583333333333333 0.4921875 0.46296180555555555 0.4921875 0.4826388888888889 0.498046875 0.4930555555555556 0.505859375 0.4409722222222222 0.51171875 0.4340277777777778 0.51171875 0.4236111111111111 0.498046875 0.4201388888888889 0.4921875 0.4236111111111111 0.4921875 0.44328819444444445
0 0.568359375 0.9548611111111112 0.568359375 0.9930555555555556 0.60546875 0.9930555555555556 0.59375 0.8888888888888888 0.5703125 0.8958333333333334 0.57421875 0.9409722222222222 0.568359375 0.9548611111111112
0 0.54296875 0.9340277777777778 0.5546875 0.9409722222222222 0.5546875 0.9201388888888888 0.537109375 0.8680555555555556 0.53515625 0.8923611111111112 0.54296875 0.9340277777777778
0 0.587890625 0.7534722222222222 0.599609375 0.8090277777777778 0.615234375 0.8125 0.61328125 0.7048611111111112 0.591796875 0.7013888888888888 0.58203125 0.7118055555555556 0.580078125 0.7430555555555556 0.587890625 0.7534722222222222
0 0.17578125 0.8576388888888888 0.181640625 0.8888888888888888 0.205078125 0.9236111111111112 0.212890625 0.8541666666666666 0.205078125 0.8055555555555556 0.1875 0.7951388888888888 0.17578125 0.8125 0.17578125 0.8576388888888888
0 0.611328125 0.6944444444444444 0.611328125 0.71875 0.623046875 0.7291666666666666 0.623046875 0.6388888888888888 0.6171875 0.625 0.60546875 0.6388888888888888 0.599609375 0.6666666666666666 0.611328125 0.6944444444444444
0 0.5234375 0.9930555555555556 0.55078125 0.9965277777777778 0.54296875 0.9305555555555556 0.537109375 0.9201388888888888 0.51953125 0.9236111111111112 0.513671875 0.9375 0.5234375 0.9930555555555556
0 0.486328125 0.9097222222222222 0.474609375 0.9340277777777778 0.474609375 0.9826388888888888 0.48046875 0.9965277777777778 0.505859375 0.9930555555555556 0.50390625 0.96875 0.4921875 0.9513888888888888 0.486328125 0.9236111111111112 0.48828125 0.8923611111111112 0.478515625 0.8854166666666666 0.47265625 0.8993055555555556 0.486328125 0.9097222222222222
0 0.310546875 0.6041666666666666 0.31640625 0.5694444444444444 0.32421875 0.5625 0.32421875 0.53125 0.30078125 0.5243055555555556 0.30078125 0.5972222222222222 0.310546875 0.6041666666666666
0 0.224609375 0.9305555555555556 0.2109375 0.9479166666666666 0.22265625 0.9826388888888888 0.228515625 0.9930555555555556 0.26171875 0.9965277777777778 0.267578125 0.9340277777777778 0.259765625 0.8923611111111112 0.234375 0.9131944444444444 0.216796875 0.90625 0.20703125 0.9201388888888888 0.224609375 0.9305555555555556
0 0.2685546875 0.8767361111111112 0.001953125 0.003472222222222222