0 0.205078125 0.9930555555555556 0.25 0.9965277777777778 0.255859375 0.9791666666666666 0.26171875 0.875 0.236328125 0.84375 0.228515625 0.8576388888888888 0.2109375 0.8611111111111112 0.19921875 0.8854166666666666 0.1875 0.9236111111111112 0.205078125 0.9930555555555556
0 0.912109375 0.3159722222222222 0.91796875 0.3229166666666667 0.9296875 0.3125 0.9296875 0.2847222222222222 0.91015625 0.2847222222222222 0.90625 0.3055555555555556 0.912109375 0.3159722222222222
0 0.697265625 0.25 0.697265625 0.22916666666666666 0.6875 0.2222222222222222 0.685546875 0.24305555555555555 0.697265625 0.25
0 0.10546875 0.3229166666666667 0.099609375 0.2951388888888889 0.0859375 0.2951388888888889 0.0859375 0.3368055555555556 0.10546875 0.3229166666666667
0 0.162109375 0.5763888888888888 0.173828125 0.6041666666666666 0.185546875 0.5763888888888888 0.1875 0.53125 0.16015625 0.53125 0.162109375 0.5763888888888888
0 0.130859375 0.28125 0.1484375 0.28125 0.1484375 0.2534722222222222 0.130859375 0.2361111111111111 0.125 0.25 0.130859375 0.28125
0 0.806640625 0.4722222222222222 0.810546875 0.4409722222222222 0.82421875 0.4201388888888889 0.8203125 0.40625 0.806640625 0.40625 0.80078125 0.4236111111111111 0.796875 0.46875 0.806640625 0.4722222222222222
0 0.025390625 0.6527777777777778 0.03125 0.65625 0.03125 0.7152777777777778 0.046875 0.7326388888888888 0.0546875 0.71875 0.056640625 0.6388888888888888 0.0546875 0.6284722222222222 0.04296875 0.6284722222222222 0.025390625 0.6388888888888888 0.025390625 0.6527777777777778
0 0.580078125 0.9652777777777778 0.603515625 0.9965277777777778 0.619140625 0.9965277777777778 0.625 0.9652777777777778 0.6171875 0.9513888888888888 0.619140625 0.9097222222222222 0.609375 0.8784722222222222 0.611328125 0.8368055555555556 0.60546875 0.8368055555555556 0.6015625 0.8611111111111112 0.5859375 0.875 0.580078125 0.8958333333333334 0.580078125 0.9652777777777778
0 0.048828125 0.3125 0.048828125 0.28125 0.037109375 0.2777777777777778 0.037109375 0.3125 0.048828125 0.3125
0 0.462890625 0.6597222222222222 0.4921875 0.7118055555555556 0.5 0.6909722222222222 0.498046875 0.6388888888888888 0.4921875 0.6111111111111112 0.474609375 0.6180555555555556 0.474609375 0.65625 0.462890625 0.6597222222222222
0 0.103515625 0.8888888888888888 0.109375 0.8888888888888888 0.1171875 0.8472222222222222 0.119140625 0.7673611111111112 0.09375 0.7638888888888888 0.087890625 0.7743055555555556 0.087890625 0.8368055555555556 0.103515625 0.8888888888888888
0 0.267578125 0.8263888888888888 0.283203125 0.84375 0.29296875 0.7326388888888888 0.267578125 0.7291666666666666 0.263671875 0.8055555555555556 0.267578125 0.8263888888888888
0 0.361328125 0.6284722222222222 0.361328125 0.6388888888888888 0.369140625 0.6666666666666666 0.400390625 0.6979166666666666 0.40625 0.6736111111111112 0.3984375 0.6493055555555556 0.3984375 0.6076388888888888 0.384765625 0.6076388888888888 0.376953125 0.625 0.361328125 0.6284722222222222
0 0.224609375 0.6354166666666666 0.23046875 0.625 0.236328125 0.5625 0.22265625 0.5486111111111112 0.21875 0.5972222222222222 0.224609375 0.6354166666666666
0 0.37890625 0.4201388888888889 0.37890625 0.3611111111111111 0.369140625 0.3611111111111111 0.3671875 0.3958333333333333 0.37890625 0.4201388888888889
0 0.28125 0.5416666666666666 0.294921875 0.5763888888888888 0.30078125 0.5451388888888888 0.298828125 0.5034722222222222 0.287109375 0.5034722222222222 0.28125 0.5138888888888888 0.28125 0.5416666666666666
0 0.697265625 0.3576388888888889 0.701171875 0.3229166666666667 0.697265625 0.3125 0.689453125 0.3159722222222222 0.6875 0.3576388888888889 0.697265625 0.3576388888888889
0 0.16796875 0.4027777777777778 0.19921875 0.4027777777777778 0.205078125 0.3923611111111111 0.193359375 0.3611111111111111 0.1875 0.3680555555555556 0.16796875 0.3576388888888889 0.162109375 0.3854166666666667 0.16796875 0.4027777777777778
0 0.88671875 0.28125 0.884765625 0.25 0.861328125 0.2604166666666667 0.86328125 0.28125 0.88671875 0.28125
0 0.97265625 0.7916666666666666 0.97265625 0.8090277777777778 0.998046875 0.7673611111111112 0.998046875 0.7222222222222222 0.978515625 0.7048611111111112 0.96875 0.71875 0.9609375 0.7638888888888888 0.97265625 0.7916666666666666
0 0.466796875 0.5625 0.48046875 0.5625 0.486328125 0.5347222222222222 0.47265625 0.5034722222222222 0.48046875 0.4965277777777778 0.462890625 0.5034722222222222 0.45703125 0.5416666666666666 0.466796875 0.5625
0 0.421875 0.4930555555555556 0.423828125 0.4409722222222222 0.408203125 0.4548611111111111 0.412109375 0.4930555555555556 0.421875 0.4930555555555556
0 0.998046875 0.4548611111111111 0.998046875 0.4027777777777778 0.9921875 0.40625 0.998046875 0.3854166666666667 0.98828125 0.3888888888888889 0.986328125 0.4444444444444444 0.998046875 0.4548611111111111
0 0.796875 0.5451388888888888 0.798828125 0.5173611111111112 0.765625 0.5069444444444444 0.76171875 0.5451388888888888 0.796875 0.5451388888888888
0 0.42578125 0.5104166666666666 0.44921875 0.5104166666666666 0.44921875 0.4652777777777778 0.443359375 0.4513888888888889 0.4296875 0.4513888888888889 0.423828125 0.4618055555555556 0.42578125 0.5104166666666666
0 0.337890625 0.8368055555555556 0.33203125 0.8402777777777778 0.34375 0.8576388888888888 0.34375 0.875 0.373046875 0.9201388888888888 0.380859375 0.9201388888888888 0.380859375 0.8159722222222222 0.375 0.8055555555555556 0.375 0.7743055555555556 0.353515625 0.7986111111111112 0.3515625 0.8263888888888888 0.337890625 0.8090277777777778 0.33203125 0.8125 0.330078125 0.8263888888888888 0.337890625 0.8368055555555556
0 0.443359375 0.7604166666666666 0.412109375 0.7604166666666666 0.412109375 0.7847222222222222 0.4609375 0.8576388888888888 0.45703125 0.7152777777777778 0.447265625 0.7326388888888888 0.423828125 0.7361111111111112 0.439453125 0.7395833333333334 0.443359375 0.7604166666666666
0 0.48046875 0.9791666666666666 0.48046875 0.96875 0.474609375 0.96875 0.48046875 0.9791666666666666
0 0.498046875 0.9965277777777778 0.548828125 0.9930555555555556 0.54296875 0.9340277777777778 0.51953125 0.9513888888888888 0.51953125 0.9722222222222222 0.50390625 0.9618055555555556 0.494140625 0.9791666666666666 0.4921875 0.9930555555555556 0.498046875 0.9965277777777778
0 0.23046875 0.5 0.244140625 0.5 0.25 0.4930555555555556 0.255859375 0.4375 0.251953125 0.4479166666666667 0.236328125 0.4409722222222222 0.224609375 0.4513888888888889 0.23046875 0.5