0 0.775390625 0.3888888888888889 0.7734375 0.3680555555555556 0.763671875 0.3611111111111111 0.755859375 0.3854166666666667 0.775390625 0.3888888888888889
0 0.54296875 0.7326388888888888 0.54296875 0.7916666666666666 0.568359375 0.8125 0.580078125 0.7986111111111112 0.580078125 0.75 0.568359375 0.7222222222222222 0.552734375 0.71875 0.5546875 0.7013888888888888 0.546875 0.7013888888888888 0.55078125 0.7326388888888888 0.54296875 0.7326388888888888
0 0.697265625 0.5625 0.69921875 0.5173611111111112 0.685546875 0.5138888888888888 0.681640625 0.53125 0.697265625 0.5625
0 0.30078125 0.5 0.29296875 0.5138888888888888 0.3203125 0.4722222222222222 0.330078125 0.4826388888888889 0.330078125 0.46875 0.31640625 0.4722222222222222 0.302734375 0.4513888888888889 0.296875 0.4583333333333333 0.29296875 0.4913194444444444 0.30078125 0.5
0 0.935546875 0.7604166666666666 0.9375 0.7777777777777778 0.94921875 0.78125 0.95703125 0.7604166666666666 0.955078125 0.71875 0.9296875 0.7222222222222222 0.921875 0.7465277777777778 0.935546875 0.7604166666666666
0 0.875 0.7638888888888888 0.912109375 0.7638888888888888 0.90625 0.7048611111111112 0.892578125 0.7048611111111112 0.87109375 0.7291666666666666 0.8671875 0.7465277777777778 0.875 0.7638888888888888
0 0.767578125 0.5625 0.779296875 0.5451388888888888 0.771484375 0.5138888888888888 0.7578125 0.5277777777777778 0.75390625 0.5138888888888888 0.744140625 0.5138888888888888 0.73828125 0.5451388888888888 0.767578125 0.5625
0 0.57421875 0.40625 0.57421875 0.3888888888888889 0.560546875 0.3854166666666667 0.560546875 0.4097222222222222 0.57421875 0.40625
0 0.07421875 0.3402777777777778 0.080078125 0.3125 0.0625 0.3125 0.060546875 0.3368055555555556 0.07421875 0.3402777777777778
0 0.875 0.7152777777777778 0.873046875 0.65625 0.859375 0.6701388888888888 0.84375 0.6701388888888888 0.849609375 0.7152777777777778 0.875 0.7152777777777778
0 0.154296875 0.9965277777777778 0.23046875 0.9965277777777778 0.228515625 0.9722222222222222 0.21875 0.96875 0.205078125 0.9340277777777778 0.19140625 0.9201388888888888 0.19140625 0.8993055555555556 0.181640625 0.90625 0.1796875 0.9236111111111112 0.1484375 0.9305555555555556 0.14453125 0.9652777777777778 0.154296875 0.9965277777777778
0 0.546875 0.4375 0.546875 0.4201388888888889 0.537109375 0.4201388888888889 0.5390625 0.4513888888888889 0.546875 0.4375
0 0.85546875 0.875 0.873046875 0.8854166666666666 0.888671875 0.9201388888888888 0.900390625 0.9201388888888888 0.91015625 0.8923611111111112 0.91015625 0.8576388888888888 0.904296875 0.84375 0.87890625 0.84375 0.873046875 0.8576388888888888 0.86328125 0.8576388888888888 0.861328125 0.8402777777777778 0.865234375 0.8263888888888888 0.875 0.8229166666666666 0.875 0.7951388888888888 0.861328125 0.7951388888888888 0.859375 0.8125 0.849609375 0.8125 0.849609375 0.8611111111111112 0.85546875 0.875
0 0.7421875 0.5138888888888888 0.75 0.4861111111111111 0.748046875 0.46875 0.736328125 0.46875 0.73046875 0.5138888888888888 0.7421875 0.5138888888888888
0 0.78125 0.6354166666666666 0.7890625 0.625 0.83203125 0.625 0.8359375 0.6076388888888888 0.830078125 0.59375 0.818359375 0.5972222222222222 0.80078125 0.5763888888888888 0.79296875 0.5798611111111112 0.775390625 0.625 0.78125 0.6354166666666666
0 0.912109375 0.8993055555555556 0.92578125 0.9097222222222222 0.94140625 0.90625 0.94921875 0.8888888888888888 0.951171875 0.84375 0.912109375 0.8298611111111112 0.90625 0.8368055555555556 0.912109375 0.8993055555555556
0 0.216796875 0.5069444444444444 0.236328125 0.5243055555555556 0.2421875 0.4965277777777778 0.23828125 0.4826388888888889 0.2265625 0.4826388888888889 0.224609375 0.4652777777777778 0.216796875 0.4652777777777778 0.216796875 0.5069444444444444
0 0.986328125 0.9861111111111112 0.998046875 0.9965277777777778 0.998046875 0.9375 0.9921875 0.9375 0.986328125 0.9513888888888888 0.986328125 0.9861111111111112
0 0.71875 0.6666666666666666 0.7421875 0.6909722222222222 0.755859375 0.6840277777777778 0.755859375 0.6493055555555556 0.736328125 0.6354166666666666 0.724609375 0.6111111111111112 0.7109375 0.625 0.70703125 0.6388888888888888 0.71875 0.6666666666666666
0 0.91015625 0.6076388888888888 0.912109375 0.625 0.923828125 0.6215277777777778 0.908203125 0.5729166666666666 0.89453125 0.5868055555555556 0.8671875 0.5763888888888888 0.861328125 0.6180555555555556 0.91015625 0.6076388888888888
0 0.693359375 0.7430555555555556 0.71875 0.7222222222222222 0.72265625 0.6701388888888888 0.705078125 0.6701388888888888 0.703125 0.6875 0.681640625 0.7013888888888888 0.6796875 0.7326388888888888 0.693359375 0.7430555555555556
0 0.671875 0.7152777777777778 0.681640625 0.6597222222222222 0.654296875 0.65625 0.6484375 0.6840277777777778 0.671875 0.7152777777777778
0 0.556640625 0.8055555555555556 0.568359375 0.8125 0.580078125 0.7986111111111112 0.580078125 0.75 0.55078125 0.75 0.548828125 0.7916666666666666 0.556640625 0.8055555555555556
0 0.7734375 0.5902777777777778 0.78515625 0.5972222222222222 0.79296875 0.5798611111111112 0.79296875 0.5555555555555556 0.779296875 0.5451388888888888 0.76953125 0.5625 0.7734375 0.5902777777777778
0 0.833984375 0.6701388888888888 0.8359375 0.6805555555555556 0.837890625 0.6701388888888888 0.849609375 0.6701388888888888 0.853515625 0.6354166666666666 0.84765625 0.6215277777777778 0.814453125 0.6284722222222222 0.818359375 0.6666666666666666 0.833984375 0.6701388888888888
0 0.81640625 0.7604166666666666 0.841796875 0.8055555555555556 0.84375 0.7604166666666666 0.828125 0.75 0.81640625 0.75 0.81640625 0.7604166666666666