0 0.037109375 0.3472222222222222 0.060546875 0.34375 0.060546875 0.3159722222222222 0.041015625 0.3090277777777778 0.03515625 0.3125 0.037109375 0.3472222222222222
0 0.431640625 0.40625 0.435546875 0.4340277777777778 0.4609375 0.4340277777777778 0.4609375 0.40625 0.4453125 0.40625 0.44140625 0.3923611111111111 0.443359375 0.4027777777777778 0.431640625 0.40625
0 0.267578125 0.6111111111111112 0.267578125 0.6354166666666666 0.287109375 0.6388888888888888 0.294921875 0.625 0.330078125 0.6180555555555556 0.3359375 0.5555555555555556 0.31640625 0.5555555555555556 0.310546875 0.5694444444444444 0.298828125 0.5555555555555556 0.28125 0.5659722222222222 0.28125 0.5868055555555556 0.267578125 0.6111111111111112
0 0.3125 0.5416666666666666 0.298828125 0.5277777777777778 0.298828125 0.5451388888888888 0.3125 0.5416666666666666
0 0.0390625 0.5 0.05078125 0.4861111111111111 0.07421875 0.4826388888888889 0.080078125 0.4513888888888889 0.05859375 0.4618055555555556 0.041015625 0.4548611111111111 0.025390625 0.46875 0.0234375 0.4965277777777778 0.0390625 0.5
0 0.693359375 0.46875 0.70703125 0.4548611111111111 0.73046875 0.4652777777777778 0.73828125 0.4513888888888889 0.736328125 0.4236111111111111 0.720703125 0.4375 0.7109375 0.4236111111111111 0.7109375 0.4097222222222222 0.69921875 0.4236111111111111 0.693359375 0.4375 0.693359375 0.46875
0 0.173828125 0.3263888888888889 0.1875 0.3298611111111111 0.1875 0.2951388888888889 0.1796875 0.2916666666666667 0.173828125 0.2916666666666667 0.173828125 0.3263888888888889
0 0.0859375 0.3263888888888889 0.10546875 0.3229166666666667 0.103515625 0.2986111111111111 0.091796875 0.2847222222222222 0.0859375 0.2951388888888889 0.0859375 0.3263888888888889
0 0.802734375 0.4722222222222222 0.8046875 0.4479166666666667 0.81640625 0.4340277777777778 0.81640625 0.4201388888888889 0.806640625 0.4236111111111111 0.802734375 0.4375 0.79296875 0.4201388888888889 0.78125 0.4305555555555556 0.779296875 0.46875 0.802734375 0.4722222222222222
0 0.912109375 0.4166666666666667 0.91796875 0.4166666666666667 0.91796875 0.40625 0.912109375 0.40625 0.912109375 0.4166666666666667
0 0.16796875 0.53125 0.17578125 0.5555555555555556 0.185546875 0.5451388888888888 0.216796875 0.5451388888888888 0.236328125 0.5138888888888888 0.26171875 0.5138888888888888 0.26171875 0.4930555555555556 0.25 0.4722222222222222 0.216796875 0.4965277777777778 0.203125 0.5243055555555556 0.193359375 0.4930555555555556 0.185546875 0.4861111111111111 0.1796875 0.4965277777777778 0.1796875 0.5104166666666666 0.16796875 0.53125
0 0.478515625 0.5451388888888888 0.51953125 0.53125 0.5234375 0.5173611111111112 0.5078125 0.5069444444444444 0.513671875 0.4861111111111111 0.521484375 0.4826388888888889 0.5 0.4861111111111111 0.48828125 0.4722222222222222 0.48046875 0.4965277777777778 0.474609375 0.5173611111111112 0.478515625 0.5451388888888888
0 0.0625 0.5173611111111112 0.0625 0.53125 0.072265625 0.5416666666666666 0.0859375 0.5277777777777778 0.125 0.5277777777777778 0.134765625 0.5138888888888888 0.126953125 0.46875 0.103515625 0.5 0.07421875 0.4826388888888889 0.07421875 0.5 0.0625 0.5173611111111112
0 0.263671875 0.3402777777777778 0.2734375 0.3402777777777778 0.271484375 0.2951388888888889 0.26171875 0.2951388888888889 0.263671875 0.3402777777777778
0 0.984375 0.2673611111111111 0.9921875 0.2465277777777778 0.984375 0.22916666666666666 0.9765625 0.2361111111111111 0.974609375 0.2638888888888889 0.984375 0.2673611111111111
0 0.13671875 0.40625 0.150390625 0.4027777777777778 0.14453125 0.3576388888888889 0.130859375 0.3576388888888889 0.13671875 0.40625
0 0.630859375 0.4513888888888889 0.646484375 0.4548611111111111 0.654296875 0.4097222222222222 0.638671875 0.3923611111111111 0.630859375 0.40625 0.630859375 0.4513888888888889
0 0.349609375 0.53125 0.373046875 0.5243055555555556 0.3671875 0.4826388888888889 0.34765625 0.4965277777777778 0.34375 0.5138888888888888 0.349609375 0.53125
0 0.111328125 0.40625 0.123046875 0.40625 0.130859375 0.375 0.12890625 0.3576388888888889 0.109375 0.3611111111111111 0.10546875 0.3854166666666667 0.111328125 0.40625
0 0 0.46875 0.025390625 0.4444444444444444 0.029296875 0.4548611111111111 0.037109375 0.4513888888888889 0.048828125 0.4236111111111111 0.037109375 0.4201388888888889 0.017578125 0.4444444444444444 0.017578125 0.4166666666666667 0.009765625 0.4097222222222222 0 0.4375 0 0.46875
0 0 0.5902777777777778 0.0234375 0.5902777777777778 0.03125 0.5763888888888888 0.03125 0.53125 0.005859375 0.5486111111111112 0 0.5590277777777778 0 0.5902777777777778
0 0.525390625 0.4861111111111111 0.546875 0.4826388888888889 0.5546875 0.4652777777777778 0.552734375 0.4340277777777778 0.5234375 0.4375 0.517578125 0.4618055555555556 0.525390625 0.4861111111111111
0 0.474609375 0.5034722222222222 0.48828125 0.46875 0.5 0.4618055555555556 0.48828125 0.4618055555555556 0.48046875 0.4479166666666667 0.46875 0.46875 0.466796875 0.5 0.474609375 0.5034722222222222
0 0.67578125 0.5138888888888888 0.685546875 0.4409722222222222 0.66796875 0.4375 0.662109375 0.4548611111111111 0.66015625 0.5277777777777778 0.67578125 0.5138888888888888
0 0.57421875 0.5451388888888888 0.578125 0.53125 0.599609375 0.5451388888888888 0.609375 0.5243055555555556 0.611328125 0.5 0.59765625 0.4965277777777778 0.5859375 0.4722222222222222 0.568359375 0.5 0.5625 0.5451388888888888 0.57421875 0.5451388888888888
0 0.253544560546875 0.2494855972222222 0.251953125 0.23958333333333334 0.244140625 0.2361111111111111 0.253544560546875 0.2494855972222222
0 0.255859375 0.2638888888888889 0.253671875 0.25027777777777777 0.2421875 0.2638888888888889 0.255859375 0.2638888888888889
0 0.41015625 0.5104166666666666 0.42578125 0.4930555555555556 0.41796875 0.4722222222222222 0.3984375 0.4618055555555556 0.38671875 0.46875 0.380859375 0.5138888888888888 0.41015625 0.5104166666666666
0 0.58203125 0.8090277777777778 0.591796875 0.8159722222222222 0.599609375 0.7083333333333334 0.576171875 0.7048611111111112 0.568359375 0.7604166666666666 0.58203125 0.8090277777777778
0 0.58984375 0.3923611111111111 0.59765625 0.375 0.595703125 0.3541666666666667 0.564453125 0.3645833333333333 0.5625 0.3888888888888889 0.58984375 0.3923611111111111
0 0.892578125 0.2777777777777778 0.892578125 0.25 0.869140625 0.25 0.869140625 0.28125 0.892578125 0.2777777777777778
0 0.23046875 0.3472222222222222 0.2421875 0.3611111111111111 0.259765625 0.3576388888888889 0.259765625 0.3263888888888889 0.25390625 0.3055555555555556 0.248046875 0.3090277777777778 0.23046875 0.3263888888888889 0.23046875 0.3472222222222222
0 0.26953125 0.2743055555555556 0.2734375 0.24305555555555555 0.26953125 0.2326388888888889 0.263671875 0.2361111111111111 0.26171875 0.2638888888888889 0.26953125 0.2743055555555556