0 0.912109375 0.2777777777777778 0.921875 0.2986111111111111 0.943359375 0.2986111111111111 0.94921875 0.2951388888888889 0.943359375 0.2673611111111111 0.912109375 0.2673611111111111 0.912109375 0.2777777777777778
0 0.431640625 0.5451388888888888 0.4375 0.5659722222222222 0.4609375 0.5451388888888888 0.478515625 0.5555555555555556 0.486328125 0.53125 0.486328125 0.4965277777777778 0.443359375 0.5 0.44140625 0.5243055555555556 0.431640625 0.5451388888888888
0 0.7421875 0.46875 0.748046875 0.4236111111111111 0.734375 0.4409722222222222 0.73046875 0.4201388888888889 0.716796875 0.4236111111111111 0.701171875 0.4652777777777778 0.7421875 0.46875
0 0.205078125 0.3993055555555556 0.193359375 0.3611111111111111 0.16796875 0.3576388888888889 0.16796875 0.3993055555555556 0.205078125 0.3993055555555556
0 0.64453125 0.4166666666666667 0.67578125 0.3993055555555556 0.673828125 0.375 0.662109375 0.3819444444444444 0.642578125 0.3715277777777778 0.63671875 0.40625 0.64453125 0.4166666666666667
0 0.01171875 0.4513888888888889 0.01171875 0.4201388888888889 0.00390625 0.40625 0 0.4618055555555556 0.01171875 0.4513888888888889
0 0.9921875 0.4652777777777778 0.998046875 0.4652777777777778 0.998046875 0.4201388888888889 0.990234375 0.4270833333333333 0.986328125 0.4444444444444444 0.9921875 0.4652777777777778
0 0.251953125 0.71875 0.26953125 0.6909722222222222 0.30078125 0.6875 0.3125 0.65625 0.3046875 0.625 0.263671875 0.6388888888888888 0.259765625 0.6215277777777778 0.25390625 0.625 0.25390625 0.65625 0.23828125 0.6805555555555556 0.23828125 0.7152777777777778 0.251953125 0.71875
0 0.830078125 0.2743055555555556 0.85546875 0.2777777777777778 0.861328125 0.2673611111111111 0.85546875 0.2534722222222222 0.84375 0.25 0.830078125 0.2638888888888889 0.830078125 0.2743055555555556
0 0.556640625 0.5 0.568359375 0.4826388888888889 0.583984375 0.4965277777777778 0.576171875 0.4826388888888889 0.576171875 0.4618055555555556 0.587890625 0.46875 0.580078125 0.4583333333333333 0.587890625 0.4375 0.572265625 0.4513888888888889 0.5625 0.4375 0.5546875 0.4618055555555556 0.55078125 0.4965277777777778 0.556640625 0.5
0 0.080078125 0.7048611111111112 0.0859375 0.7291666666666666 0.09765625 0.7291666666666666 0.107421875 0.7013888888888888 0.12109375 0.7013888888888888 0.123046875 0.6805555555555556 0.134765625 0.7013888888888888 0.166015625 0.6840277777777778 0.16796875 0.6423611111111112 0.15625 0.6284722222222222 0.1484375 0.6284722222222222 0.130859375 0.6701388888888888 0.1171875 0.6701388888888888 0.1171875 0.6388888888888888 0.1015625 0.6284722222222222 0.09375 0.6805555555555556 0.080078125 0.7048611111111112
0 0.09375 0.4305555555555556 0.10546875 0.4236111111111111 0.10546875 0.3784722222222222 0.08984375 0.375 0.0859375 0.40625 0.09375 0.4305555555555556
0 0.0625 0.4305555555555556 0.07421875 0.4305555555555556 0.080078125 0.4236111111111111 0.07421875 0.3611111111111111 0.056640625 0.3680555555555556 0.056640625 0.4097222222222222 0.0625 0.4305555555555556
0 0.044921875 0.4375 0.046875 0.4201388888888889 0.0390625 0.3923611111111111 0.025390625 0.3923611111111111 0.025390625 0.4340277777777778 0.044921875 0.4375
0 0.998046875 0.3125 0.998046875 0.2847222222222222 0.978515625 0.28125 0.966796875 0.2916666666666667 0.966796875 0.3125 0.998046875 0.3125
0 0.806640625 0.4513888888888889 0.798828125 0.46875 0.806640625 0.4652777777777778 0.826171875 0.4131944444444444 0.8125 0.40625 0.80078125 0.4270833333333333 0.796875 0.4375 0.806640625 0.4513888888888889
0 0.61328125 0.5138888888888888 0.62890625 0.53125 0.623046875 0.5208333333333334 0.634765625 0.4965277777777778 0.634765625 0.4722222222222222 0.619140625 0.4791666666666667 0.60546875 0.46875 0.59375 0.5 0.59375 0.53125 0.61328125 0.5138888888888888
0 0.080078125 0.2951388888888889 0.076171875 0.2847222222222222 0.068359375 0.2916666666666667 0.068359375 0.3229166666666667 0.080078125 0.2951388888888889
0 0.65625 0.4791666666666667 0.66796875 0.4791666666666667 0.685546875 0.4409722222222222 0.6796875 0.4097222222222222 0.662109375 0.4097222222222222 0.6484375 0.4236111111111111 0.64453125 0.4652777777777778 0.65625 0.4791666666666667
0 0.609375 0.3263888888888889 0.609375 0.2951388888888889 0.599609375 0.2916666666666667 0.59765625 0.3263888888888889 0.609375 0.3263888888888889
0 0.900390625 0.2777777777777778 0.8984375 0.2534722222222222 0.880859375 0.2534722222222222 0.875 0.28125 0.900390625 0.2777777777777778
0 0.724609375 0.3854166666666667 0.736328125 0.3715277777777778 0.724609375 0.3472222222222222 0.705078125 0.34375 0.693359375 0.3888888888888889 0.724609375 0.3854166666666667
0 0.83203125 0.2743055555555556 0.822265625 0.25 0.8046875 0.25 0.80078125 0.2743055555555556 0.83203125 0.2743055555555556
0 0.12890625 0.4166666666666667 0.14453125 0.40625 0.134765625 0.3680555555555556 0.1171875 0.375 0.1171875 0.40625 0.12890625 0.4166666666666667