0 0.88671875 0.2534722222222222 0.884765625 0.2326388888888889 0.869140625 0.24305555555555555 0.873046875 0.2604166666666667 0.88671875 0.2534722222222222
0 0.259765625 0.375 0.26171875 0.3298611111111111 0.248046875 0.3263888888888889 0.248046875 0.3715277777777778 0.259765625 0.375
0 0.04296875 0.3055555555555556 0.046875 0.28125 0.041015625 0.2673611111111111 0.025390625 0.2743055555555556 0.03125 0.3090277777777778 0.04296875 0.3055555555555556
0 0.275390625 0.4027777777777778 0.287109375 0.4027777777777778 0.296875 0.3715277777777778 0.291015625 0.3368055555555556 0.28125 0.3298611111111111 0.2734375 0.3472222222222222 0.275390625 0.4027777777777778
0 0.86328125 0.3923611111111111 0.87890625 0.3715277777777778 0.87890625 0.3541666666666667 0.86328125 0.3472222222222222 0.861328125 0.3263888888888889 0.849609375 0.3298611111111111 0.83203125 0.3611111111111111 0.83203125 0.3888888888888889 0.86328125 0.3923611111111111
0 0.8046875 0.2743055555555556 0.822265625 0.2743055555555556 0.82421875 0.24305555555555555 0.798828125 0.24305555555555555 0.796875 0.2604166666666667 0.8046875 0.2743055555555556
0 0.107421875 0.3125 0.111328125 0.28125 0.095703125 0.2777777777777778 0.09375 0.3125 0.107421875 0.3125
0 0.84375 0.2534722222222222 0.859375 0.2465277777777778 0.85546875 0.22916666666666666 0.837890625 0.23958333333333334 0.8359375 0.2465277777777778 0.84375 0.2534722222222222
0 0.53125 0.3263888888888889 0.53125 0.2916666666666667 0.517578125 0.2951388888888889 0.513671875 0.3263888888888889 0.53125 0.3263888888888889
0 0.5078125 0.3298611111111111 0.513671875 0.2916666666666667 0.50390625 0.2847222222222222 0.5 0.3263888888888889 0.5078125 0.3298611111111111
0 0.09375 0.2777777777777778 0.10546875 0.2638888888888889 0.099609375 0.2361111111111111 0.08203125 0.24305555555555555 0.08203125 0.2743055555555556 0.09375 0.2777777777777778
0 0.76171875 0.2638888888888889 0.76171875 0.24305555555555555 0.75 0.24305555555555555 0.748046875 0.2604166666666667 0.76171875 0.2638888888888889