0 0.40625 0.7916666666666666 0.40625 0.78125 0.388671875 0.7777777777777778 0.388671875 0.7951388888888888 0.40625 0.7916666666666666
0 0.3671875 0.7222222222222222 0.349609375 0.7361111111111112 0.361328125 0.7673611111111112 0.353515625 0.7777777777777778 0.349609375 0.8090277777777778 0.36328125 0.84375 0.373046875 0.84375 0.38671875 0.8125 0.36328125 0.7777777777777778 0.36328125 0.75 0.373046875 0.71875 0.3671875 0.7118055555555556 0.3671875 0.6909722222222222 0.361328125 0.6944444444444444 0.359375 0.7083333333333334 0.3671875 0.7222222222222222
0 0.107421875 0.3715277777777778 0.109375 0.3402777777777778 0.095703125 0.3402777777777778 0.099609375 0.375 0.107421875 0.3715277777777778
0 0.3671875 0.4652777777777778 0.37890625 0.4479166666666667 0.380859375 0.4201388888888889 0.36328125 0.4097222222222222 0.361328125 0.4513888888888889 0.3671875 0.4652777777777778
0 0.09765625 0.3125 0.09375 0.2847222222222222 0.08203125 0.28125 0.080078125 0.3159722222222222 0.09765625 0.3125
0 0.13671875 0.2951388888888889 0.1484375 0.2986111111111111 0.150390625 0.28125 0.142578125 0.2638888888888889 0.13671875 0.2638888888888889 0.13671875 0.2951388888888889
0 0.525390625 0.7916666666666666 0.53125 0.7673611111111112 0.54296875 0.7638888888888888 0.546875 0.7326388888888888 0.537109375 0.7013888888888888 0.5234375 0.7048611111111112 0.513671875 0.7222222222222222 0.513671875 0.7847222222222222 0.525390625 0.7916666666666666
0 0.3984375 0.5868055555555556 0.41015625 0.5590277777777778 0.40625 0.53125 0.392578125 0.53125 0.388671875 0.5486111111111112 0.3984375 0.5868055555555556
0 0.255859375 0.3263888888888889 0.26171875 0.3263888888888889 0.25390625 0.3055555555555556 0.26171875 0.2951388888888889 0.25390625 0.2847222222222222 0.25 0.2986111111111111 0.255859375 0.3263888888888889
0 0.060546875 0.5138888888888888 0.07421875 0.5034722222222222 0.07421875 0.4479166666666667 0.0546875 0.4479166666666667 0.060546875 0.5138888888888888
0 0.1875 0.5277777777777778 0.193359375 0.5347222222222222 0.20703125 0.5138888888888888 0.205078125 0.4826388888888889 0.201171875 0.46875 0.185546875 0.4722222222222222 0.181640625 0.4826388888888889 0.1875 0.5277777777777778
0 0.10546875 0.7326388888888888 0.115234375 0.7465277777777778 0.1171875 0.7291666666666666 0.130859375 0.71875 0.130859375 0.6597222222222222 0.111328125 0.6597222222222222 0.10546875 0.6701388888888888 0.10546875 0.7326388888888888
0 0.873046875 0.6736111111111112 0.875 0.7048611111111112 0.8984375 0.7326388888888888 0.91796875 0.7361111111111112 0.935546875 0.7604166666666666 0.94140625 0.71875 0.935546875 0.6666666666666666 0.91796875 0.65625 0.91015625 0.6770833333333334 0.89453125 0.6666666666666666 0.88671875 0.6423611111111112 0.875 0.6388888888888888 0.88671875 0.6666666666666666 0.873046875 0.6736111111111112
0 0.416015625 0.5763888888888888 0.423828125 0.5763888888888888 0.4296875 0.5451388888888888 0.42578125 0.5034722222222222 0.412109375 0.5034722222222222 0.416015625 0.5763888888888888
0 0.34765625 0.5034722222222222 0.34375 0.5104166666666666 0.353515625 0.5138888888888888 0.35546875 0.46875 0.349609375 0.46875 0.341796875 0.4722222222222222 0.34765625 0.5034722222222222
0 0.16796875 0.4027777777777778 0.19921875 0.4027777777777778 0.205078125 0.3923611111111111 0.193359375 0.3680555555555556 0.16796875 0.3611111111111111 0.162109375 0.3854166666666667 0.16796875 0.4027777777777778
0 0.142578125 0.375 0.154296875 0.375 0.150390625 0.3263888888888889 0.140625 0.3263888888888889 0.138671875 0.3611111111111111 0.142578125 0.375
0 0.34375 0.6180555555555556 0.34765625 0.5486111111111112 0.33203125 0.5486111111111112 0.330078125 0.6041666666666666 0.34375 0.6180555555555556
0 0.060546875 0.3541666666666667 0.0625 0.3125 0.052734375 0.3090277777777778 0.05078125 0.3402777777777778 0.060546875 0.3541666666666667
0 0.998046875 0.8125 0.9921875 0.78125 0.984375 0.8055555555555556 0.998046875 0.8125
0 0.8984375 0.6909722222222222 0.89453125 0.6875 0.892578125 0.7013888888888888 0.8984375 0.6909722222222222
0 0.904296875 0.6666666666666666 0.89453125 0.6666666666666666 0.89453125 0.6840277777777778 0.904296875 0.6666666666666666
0 0.91796875 0.7326388888888888 0.9296875 0.7638888888888888 0.947265625 0.7847222222222222 0.97265625 0.7916666666666666 0.978515625 0.78125 0.970703125 0.7222222222222222 0.951171875 0.7118055555555556 0.9296875 0.65625 0.91796875 0.65625 0.912109375 0.6805555555555556 0.90625 0.7326388888888888 0.91796875 0.7326388888888888
0 0.880859375 0.6736111111111112 0.875 0.7013888888888888 0.89453125 0.71875 0.892578125 0.7048611111111112 0.880859375 0.7013888888888888 0.884765625 0.6423611111111112 0.87890625 0.6388888888888888 0.875 0.6620381944444444 0.880859375 0.6736111111111112
0 0.40625 0.7222222222222222 0.40625 0.7465277777777778 0.419921875 0.7673611111111112 0.423828125 0.6875 0.4140625 0.6666666666666666 0.400390625 0.6701388888888888 0.39453125 0.6909722222222222 0.40625 0.7222222222222222
0 0.38671875 0.8958333333333334 0.380859375 0.9166666666666666 0.373046875 0.9097222222222222 0.375 0.9340277777777778 0.38671875 0.9513888888888888 0.396484375 0.9513888888888888 0.412109375 0.9930555555555556 0.44921875 0.9965277777777778 0.4375 0.9409722222222222 0.435546875 0.8923611111111112 0.423828125 0.875 0.41796875 0.8923611111111112 0.40625 0.8923611111111112 0.40625 0.90625 0.3984375 0.9097222222222222 0.38671875 0.875 0.38671875 0.84375 0.380859375 0.8298611111111112 0.375 0.8402777777777778 0.375 0.8680555555555556 0.38671875 0.8958333333333334
0 0.44921875 0.8576388888888888 0.455078125 0.875 0.462890625 0.875 0.484375 0.90625 0.484375 0.8854166666666666 0.4921875 0.8888888888888888 0.494140625 0.8715277777777778 0.50390625 0.8715277777777778 0.517578125 0.8472222222222222 0.51171875 0.8125 0.4921875 0.8125 0.486328125 0.8263888888888888 0.4921875 0.8576388888888888 0.48046875 0.8576388888888888 0.4609375 0.7916666666666666 0.44921875 0.7916666666666666 0.44921875 0.8576388888888888
0 0.3125 0.5138888888888888 0.318359375 0.5277777777777778 0.32421875 0.5243055555555556 0.330078125 0.4791666666666667 0.326171875 0.4513888888888889 0.3125 0.4513888888888889 0.3125 0.5138888888888888
0 0.10546875 0.2986111111111111 0.119140625 0.2986111111111111 0.123046875 0.28125 0.111328125 0.2638888888888889 0.10546875 0.2673611111111111 0.10546875 0.2986111111111111
0 0.111328125 0.4409722222222222 0.119140625 0.4375 0.123046875 0.3993055555555556 0.109375 0.3854166666666667 0.10546875 0.4375 0.111328125 0.4409722222222222
0 0.173828125 0.6493055555555556 0.1875 0.6354166666666666 0.1875 0.5763888888888888 0.16796875 0.5763888888888888 0.173828125 0.6493055555555556
0 0.654296875 0.9791666666666666 0.654296875 0.9930555555555556 0.673828125 0.9965277777777778 0.673828125 0.96875 0.662109375 0.9409722222222222 0.66796875 0.9027777777777778 0.662109375 0.9201388888888888 0.640625 0.9270833333333334 0.638671875 0.9548611111111112 0.654296875 0.9791666666666666
0 0.580078125 0.8854166666666666 0.5859375 0.8923611111111112 0.59375 0.9618055555555556 0.611328125 0.9965277777777778 0.625 0.9965277777777778 0.611328125 0.9479166666666666 0.61328125 0.8506944444444444 0.603515625 0.8402777777777778 0.587890625 0.84375 0.580078125 0.8576388888888888 0.580078125 0.8854166666666666
0 0.224609375 0.5625 0.234375 0.5416666666666666 0.234375 0.4965277777777778 0.23046875 0.4826388888888889 0.216796875 0.4861111111111111 0.212890625 0.5138888888888888 0.224609375 0.5625
0 0.21875 0.7604166666666666 0.23046875 0.7638888888888888 0.23046875 0.6597222222222222 0.20703125 0.6597222222222222 0.201171875 0.6875 0.201171875 0.7326388888888888 0.21875 0.7604166666666666
0 0.29296875 0.9513888888888888 0.296875 0.9791666666666666 0.287109375 0.9826388888888888 0.287109375 0.9930555555555556 0.291015625 0.9965277777777778 0.294921875 0.9826388888888888 0.301431640625 0.9965277777777778 0.310546875 0.9861111111111112 0.311849609375 0.9965277777777778 0.35546875 0.9930555555555556 0.35546875 0.9513888888888888 0.326171875 0.9513888888888888 0.322265625 0.9826388888888888 0.30859375 0.9722222222222222 0.298828125 0.9340277777777778 0.29296875 0.9340277777777778 0.298828125 0.9479166666666666 0.29296875 0.9513888888888888
0 0.337890625 0.9027777777777778 0.33203125 0.8888888888888888 0.33203125 0.9027777777777778 0.337890625 0.9027777777777778
0 0.26171875 0.9201388888888888 0.255859375 0.9513888888888888 0.259765625 0.96875 0.271484375 0.9513888888888888 0.287109375 0.9513888888888888 0.283203125 0.9444444444444444 0.306640625 0.8888888888888888 0.318359375 0.8125 0.30859375 0.84375 0.29296875 0.84375 0.287109375 0.8576388888888888 0.291015625 0.8715277777777778 0.279296875 0.8784722222222222 0.26953125 0.8645833333333334 0.26171875 0.8298611111111112 0.25390625 0.84375 0.25 0.90625 0.26171875 0.9201388888888888
0 0.01171875 0.59375 0.017578125 0.6597222222222222 0.03125 0.6979166666666666 0.04296875 0.6701388888888888 0.04296875 0.6041666666666666 0.037109375 0.5972222222222222 0.01953125 0.6041666666666666 0.01171875 0.59375
0 0.04296875 0.9409722222222222 0.068359375 0.9826388888888888 0.0625 0.96875 0.076171875 0.90625 0.068359375 0.84375 0.0390625 0.8576388888888888 0.037109375 0.9097222222222222 0.04296875 0.9409722222222222
0 0.04296875 0.3055555555555556 0.05078125 0.2951388888888889 0.060546875 0.3055555555555556 0.06640625 0.2986111111111111 0.0625 0.28125 0.046875 0.2777777777777778 0.041015625 0.28125 0.04296875 0.3055555555555556
0 0.880859375 0.2777777777777778 0.880859375 0.25 0.861328125 0.2534722222222222 0.861328125 0.28125 0.880859375 0.2777777777777778
0 0.443359375 0.7604166666666666 0.44921875 0.78125 0.462890625 0.78125 0.474609375 0.7326388888888888 0.474609375 0.7013888888888888 0.470703125 0.6875 0.44921875 0.7013888888888888 0.44921875 0.7430555555555556 0.443359375 0.7604166666666666
0 0.5859375 0.90625 0.583984375 0.8993055555555556 0.580078125 0.90625 0.5859375 0.90625
0 0.529296875 0.7951388888888888 0.54296875 0.8055555555555556 0.54296875 0.8159722222222222 0.53125 0.8229166666666666 0.537109375 0.8298611111111112 0.552734375 0.7986111111111112 0.560546875 0.8159722222222222 0.5546875 0.84375 0.56640625 0.8576388888888888 0.54296875 0.8611111111111112 0.54296875 0.875 0.548828125 0.8715277777777778 0.548828125 0.8854166666666666 0.5546875 0.8888888888888888 0.5625 0.8680555555555556 0.576171875 0.8854166666666666 0.580078125 0.8576388888888888 0.591796875 0.8402777777777778 0.5859375 0.7986111111111112 0.568359375 0.7743055555555556 0.544921875 0.7743055555555556 0.55078125 0.7847222222222222 0.541015625 0.7951388888888888 0.53125 0.7743055555555556 0.525390625 0.78125 0.529296875 0.7951388888888888
0 0.375 0.6423611111111112 0.384765625 0.6423611111111112 0.392578125 0.5798611111111112 0.38671875 0.5625 0.375 0.5659722222222222 0.3671875 0.625 0.375 0.6423611111111112
0 0.224609375 0.3125 0.234375 0.2951388888888889 0.22265625 0.2743055555555556 0.23046875 0.2673611111111111 0.22265625 0.2673611111111111 0.21875 0.2986111111111111 0.224609375 0.3125
0 0.5 0.96875 0.486328125 0.96875 0.501953125 0.9722222222222222 0.509765625 0.9930555555555556 0.56640625 0.9930555555555556 0.56640625 0.96875 0.548828125 0.9375 0.5546875 0.9201388888888888 0.53515625 0.9479166666666666 0.53125 0.96875 0.51953125 0.96875 0.50390625 0.9340277777777778 0.505859375 0.8888888888888888 0.48828125 0.8993055555555556 0.486328125 0.9201388888888888 0.5 0.96875
0 0.392578125 0.4027777777777778 0.392578125 0.3576388888888889 0.3828125 0.3611111111111111 0.37890625 0.3923611111111111 0.392578125 0.4027777777777778
0 0.125 0.8680555555555556 0.142578125 0.90625 0.1484375 0.90625 0.15625 0.8402777777777778 0.150390625 0.8055555555555556 0.15625 0.7847222222222222 0.130859375 0.78125 0.119140625 0.7951388888888888 0.125 0.8680555555555556
0 0.4609375 0.6354166666666666 0.46875 0.6111111111111112 0.46875 0.5625 0.46484375 0.5451388888888888 0.451171875 0.5486111111111112 0.44921875 0.5763888888888888 0.4609375 0.6354166666666666
0 0.2109375 0.9965277777777778 0.244140625 0.9930555555555556 0.236328125 0.9479166666666666 0.205078125 0.9479166666666666 0.19921875 0.9513888888888888 0.2109375 0.9965277777777778
0 0.181640625 0.9618055555555556 0.17578125 0.96875 0.181640625 0.9930555555555556 0.197265625 0.9965277777777778 0.185546875 0.9791666666666666 0.181640625 0.9201388888888888 0.17578125 0.9201388888888888 0.173828125 0.9513888888888888 0.181640625 0.9618055555555556
0 0.9921875 0.4618055555555556 0.998046875 0.4513888888888889 0.998046875 0.40625 0.98828125 0.4131944444444444 0.986328125 0.4513888888888889 0.9921875 0.4618055555555556