0 0.880859375 0.2847222222222222 0.90625 0.2916666666666667 0.90625 0.2673611111111111 0.88671875 0.2638888888888889 0.880859375 0.2673611111111111 0.880859375 0.2847222222222222
0 0.34765625 0.2638888888888889 0.349609375 0.2326388888888889 0.34375 0.2326388888888889 0.34765625 0.2638888888888889
0 0.53515625 0.3472222222222222 0.537109375 0.3125 0.525390625 0.3125 0.525390625 0.3368055555555556 0.53515625 0.3472222222222222
0 0.8046875 0.4201388888888889 0.8203125 0.4201388888888889 0.8359375 0.3993055555555556 0.837890625 0.3854166666666667 0.826171875 0.3715277777777778 0.833984375 0.3576388888888889 0.818359375 0.375 0.8046875 0.3993055555555556 0.8046875 0.4201388888888889
0 0.33984375 0.2638888888888889 0.330078125 0.2743055555555556 0.33203125 0.28125 0.337890625 0.28125 0.341796875 0.2638888888888889 0.3359375 0.25 0.330078125 0.25 0.33984375 0.2638888888888889
0 0.3525390625 0.296875 0.005859375 0.03125
0 0.056640625 0.3055555555555556 0.080078125 0.3125 0.07421875 0.28125 0.0625 0.2777777777777778 0.056640625 0.2847222222222222 0.056640625 0.3055555555555556
0 0.517578125 0.3888888888888889 0.525390625 0.3888888888888889 0.529296875 0.3472222222222222 0.517578125 0.34375 0.513671875 0.375 0.517578125 0.3888888888888889
0 0.38671875 0.2777777777777778 0.392578125 0.2777777777777778 0.392578125 0.25 0.384765625 0.25 0.38671875 0.2777777777777778
0 0.75390625 0.3576388888888889 0.77734375 0.3576388888888889 0.791015625 0.3368055555555556 0.779296875 0.3090277777777778 0.76953125 0.3090277777777778 0.75 0.34375 0.75390625 0.3576388888888889
0 0.662109375 0.3472222222222222 0.69921875 0.34375 0.697265625 0.3263888888888889 0.6796875 0.3229166666666667 0.662109375 0.3263888888888889 0.662109375 0.3472222222222222
0 0.1484375 0.3263888888888889 0.173828125 0.3263888888888889 0.16796875 0.2951388888888889 0.154296875 0.2951388888888889 0.1484375 0.2986111111111111 0.1484375 0.3263888888888889
0 0.8359375 0.28125 0.8359375 0.2534722222222222 0.818359375 0.2534722222222222 0.818359375 0.2777777777777778 0.8359375 0.28125