0 0.15625 0.7465277777777778 0.16796875 0.7118055555555556 0.16796875 0.6631944444444444 0.138671875 0.6597222222222222 0.13671875 0.6979166666666666 0.15625 0.7465277777777778
0 0.2587890625 0.8732638888888888 0.005859375 0.024305555555555556
0 0.28515625 0.84375 0.2734375 0.84375 0.28515625 0.8923611111111112 0.2734375 0.9166666666666666 0.287109375 0.9618055555555556 0.29296875 0.9548611111111112 0.296875 0.9097222222222222 0.296875 0.890625 0.287109375 0.8715277777777778 0.296875 0.8715277777777778 0.296875 0.84375 0.291015625 0.8402777777777778 0.298828125 0.8298611111111112 0.3046875 0.7986111111111112 0.30078125 0.7951388888888888 0.29296875 0.8298611111111112 0.28515625 0.84375
0 0.412109375 0.4618055555555556 0.41796875 0.4513888888888889 0.41796875 0.4166666666666667 0.412109375 0.3993055555555556 0.40234375 0.4027777777777778 0.3984375 0.4270833333333333 0.412109375 0.4618055555555556
0 0.357421875 0.3125 0.359375 0.2847222222222222 0.3515625 0.2847222222222222 0.349609375 0.3090277777777778 0.357421875 0.3125
0 0.380859375 0.2638888888888889 0.37890625 0.2326388888888889 0.375 0.2604166666666667 0.380859375 0.2638888888888889
0 0 0.3020833333333333 0 0.34375 0.015625 0.34375 0.017578125 0.3229166666666667 0.005859375 0.2916666666666667 0 0.3020833333333333
0 0.619140625 0.78125 0.611328125 0.7951388888888888 0.619140625 0.8229166666666666 0.6484375 0.8541666666666666 0.65625 0.875 0.669921875 0.8784722222222222 0.673828125 0.8368055555555556 0.662109375 0.7638888888888888 0.6484375 0.7534722222222222 0.63671875 0.7847222222222222 0.623046875 0.7847222222222222 0.615234375 0.7708333333333334 0.6171875 0.7326388888888888 0.611328125 0.7326388888888888 0.611328125 0.7743055555555556 0.619140625 0.78125
0 0.3359375 0.9930555555555556 0.34375 0.96875 0.3359375 0.9513888888888888 0.326171875 0.9618055555555556 0.326171875 0.9861111111111112 0.3359375 0.9930555555555556
0 0.39453125 0.9930555555555556 0.384765625 0.9409722222222222 0.375 0.9375 0.35546875 0.9548611111111112 0.35546875 0.9930555555555556 0.39453125 0.9930555555555556
0 0.041015625 0.5590277777777778 0.048828125 0.5625 0.0546875 0.5138888888888888 0.048828125 0.4965277777777778 0.03515625 0.4965277777777778 0.03125 0.53125 0.041015625 0.5590277777777778
0 0.2421875 0.5486111111111112 0.25390625 0.5451388888888888 0.255859375 0.5347222222222222 0.255859375 0.5034722222222222 0.248046875 0.5034722222222222 0.236328125 0.5104166666666666 0.2421875 0.5486111111111112
0 0.15625 0.4965277777777778 0.177734375 0.5 0.173828125 0.4513888888888889 0.162109375 0.4375 0.15625 0.4375 0.15625 0.4965277777777778
0 0.392578125 0.5902777777777778 0.404296875 0.5729166666666666 0.40234375 0.5138888888888888 0.38671875 0.5138888888888888 0.392578125 0.5902777777777778
0 0.130859375 0.3055555555555556 0.1484375 0.3090277777777778 0.150390625 0.28125 0.13671875 0.2638888888888889 0.130859375 0.2638888888888889 0.130859375 0.3055555555555556
0 0.04296875 0.625 0.04296875 0.6666666666666666 0.0546875 0.7152777777777778 0.060546875 0.71875 0.07421875 0.6840277777777778 0.068359375 0.6215277777777778 0.046875 0.6215277777777778 0.04296875 0.6111111111111112 0.037109375 0.6111111111111112 0.04296875 0.625
0 0.41015625 0.5 0.40625 0.4548611111111111 0.392578125 0.4652777777777778 0.388671875 0.46875 0.41015625 0.5
0 0.0625 0.3159722222222222 0.068359375 0.3263888888888889 0.07421875 0.3229166666666667 0.0703125 0.28125 0.0625 0.28125 0.0625 0.3159722222222222
0 0.19921875 0.8263888888888888 0.205078125 0.8263888888888888 0.2109375 0.7326388888888888 0.20703125 0.7222222222222222 0.19140625 0.7222222222222222 0.1875 0.7916666666666666 0.19921875 0.8263888888888888
0 0.44921875 0.6597222222222222 0.4609375 0.59375 0.455078125 0.5763888888888888 0.44140625 0.5798611111111112 0.4375 0.6354166666666666 0.44921875 0.6597222222222222
0 0.21875 0.6076388888888888 0.224609375 0.6284722222222222 0.236328125 0.6111111111111112 0.234375 0.5590277777777778 0.21875 0.5590277777777778 0.21875 0.6076388888888888
0 0.5 0.65625 0.49609375 0.625 0.48046875 0.625 0.474609375 0.6354166666666666 0.47265625 0.6666666666666666 0.5 0.65625
0 0.298828125 0.2777777777777778 0.3046875 0.28125 0.306640625 0.2604166666666667 0.30078125 0.2465277777777778 0.3046875 0.2569444444444444 0.298828125 0.2777777777777778
0 0.365234375 0.3784722222222222 0.3671875 0.3368055555555556 0.359375 0.3368055555555556 0.35546875 0.3611111111111111 0.365234375 0.3784722222222222
0 0.10546875 0.3055555555555556 0.10546875 0.28125 0.09375 0.2673611111111111 0.09375 0.3055555555555556 0.10546875 0.3055555555555556
0 0.005859375 0.6076388888888888 0.001953125 0.5277777777777778 0 0.6111111111111112 0.005859375 0.6076388888888888
0 0.5 0.5902777777777778 0.505859375 0.625 0.51171875 0.6284722222222222 0.51953125 0.625 0.517578125 0.6145833333333334 0.5234375 0.6076388888888888 0.5234375 0.5451388888888888 0.517578125 0.5451388888888888 0.5 0.5486111111111112 0.5 0.5902777777777778
0 0.09375 0.4409722222222222 0.099609375 0.4340277777777778 0.09765625 0.3888888888888889 0.08203125 0.3888888888888889 0.08203125 0.4375 0.09375 0.4409722222222222
0 0.10546875 0.8576388888888888 0.109375 0.90625 0.119140625 0.9375 0.130859375 0.9375 0.134765625 0.8402777777777778 0.123046875 0.8263888888888888 0.103515625 0.8368055555555556 0.099609375 0.8472222222222222 0.10546875 0.8576388888888888
0 0.4609375 0.59375 0.466796875 0.6041666666666666 0.484375 0.5763888888888888 0.48046875 0.53125 0.4609375 0.53125 0.4609375 0.59375
0 0.54296875 0.6979166666666666 0.560546875 0.7152777777777778 0.5625 0.6701388888888888 0.541015625 0.6701388888888888 0.537109375 0.6736111111111112 0.54296875 0.6979166666666666
0 0.375 0.4305555555555556 0.380859375 0.4166666666666667 0.380859375 0.3784722222222222 0.3671875 0.3854166666666667 0.375 0.4305555555555556
0 0.423828125 0.5625 0.4375 0.53125 0.4375 0.5 0.42578125 0.4930555555555556 0.41796875 0.5 0.423828125 0.5625
0 0.3984375 0.9479166666666666 0.412109375 0.9027777777777778 0.41015625 0.8402777777777778 0.421875 0.7951388888888888 0.38671875 0.8159722222222222 0.384765625 0.90625 0.3984375 0.9479166666666666
0 0.41015625 0.7013888888888888 0.421875 0.7048611111111112 0.423828125 0.6284722222222222 0.404296875 0.6284722222222222 0.400390625 0.6736111111111112 0.41015625 0.7013888888888888
0 0.04296875 0.3263888888888889 0.041015625 0.28125 0.0234375 0.2847222222222222 0.0234375 0.3194444444444444 0.04296875 0.3263888888888889
0 0.53515625 0.625 0.544921875 0.6180555555555556 0.556640625 0.6493055555555556 0.56640625 0.65625 0.5625 0.5972222222222222 0.546875 0.5972222222222222 0.53515625 0.6076388888888888 0.53515625 0.625
0 0.443359375 0.3298611111111111 0.44921875 0.3263888888888889 0.44140625 0.3159722222222222 0.44921875 0.2951388888888889 0.4375 0.2951388888888889 0.443359375 0.3298611111111111