0 0.017578125 0.34375 0.029296875 0.3298611111111111 0.037109375 0.34375 0.0546875 0.3298611111111111 0.0546875 0.2986111111111111 0.048828125 0.2916666666666667 0.029296875 0.2916666666666667 0.013671875 0.3125 0.01171875 0.3333333333333333 0.017578125 0.34375
0 0.44921875 0.3680555555555556 0.443359375 0.34375 0.431640625 0.3576388888888889 0.431640625 0.3888888888888889 0.44921875 0.3680555555555556
0 0.892578125 0.2916666666666667 0.91015625 0.2916666666666667 0.912109375 0.2673611111111111 0.8984375 0.2534722222222222 0.888671875 0.2673611111111111 0.88671875 0.2847222222222222 0.892578125 0.2916666666666667
0 0.068359375 0.4375 0.068359375 0.3888888888888889 0.0625 0.375 0.048828125 0.3854166666666667 0.048828125 0.4236111111111111 0.068359375 0.4375
0 0.20703125 0.4166666666666667 0.2421875 0.4097222222222222 0.244140625 0.3923611111111111 0.240234375 0.375 0.201171875 0.3888888888888889 0.19921875 0.4027777777777778 0.20703125 0.4166666666666667
0 0.2421875 0.5138888888888888 0.29296875 0.4930555555555556 0.29296875 0.4548611111111111 0.28125 0.4409722222222222 0.267578125 0.46875 0.259765625 0.4652777777777778 0.26171875 0.4548611111111111 0.25 0.4652777777777778 0.236328125 0.4930555555555556 0.2421875 0.5138888888888888
0 0.61328125 0.5034722222222222 0.630859375 0.5104166666666666 0.642578125 0.4965277777777778 0.642578125 0.4513888888888889 0.634765625 0.4513888888888889 0.62890625 0.46875 0.619140625 0.46875 0.611328125 0.4513888888888889 0.599609375 0.4826388888888889 0.599609375 0.5173611111111112 0.61328125 0.5034722222222222
0 0.455078125 0.4201388888888889 0.466796875 0.40625 0.47265625 0.3784722222222222 0.44921875 0.375 0.44140625 0.3888888888888889 0.44140625 0.4166666666666667 0.455078125 0.4201388888888889
0 0.0546875 0.3576388888888889 0.06640625 0.3715277777777778 0.080078125 0.3680555555555556 0.0859375 0.34375 0.0625 0.3125 0.0546875 0.3298611111111111 0.0546875 0.3576388888888889
0 0.173828125 0.6388888888888888 0.181640625 0.6215277777777778 0.22265625 0.6076388888888888 0.228515625 0.5729166666666666 0.224609375 0.5590277777777778 0.2109375 0.5590277777777778 0.19140625 0.59375 0.185546875 0.5625 0.173828125 0.5625 0.15625 0.5868055555555556 0.162109375 0.6354166666666666 0.173828125 0.6388888888888888
0 0.4140625 0.4861111111111111 0.4296875 0.4930555555555556 0.4375 0.4826388888888889 0.4375 0.4479166666666667 0.431640625 0.4375 0.416015625 0.4513888888888889 0.39453125 0.4479166666666667 0.388671875 0.4618055555555556 0.388671875 0.5 0.4140625 0.4861111111111111
0 0.234375 0.4861111111111111 0.25 0.4722222222222222 0.26171875 0.4409722222222222 0.244140625 0.4305555555555556 0.236328125 0.4375 0.23046875 0.4618055555555556 0.234375 0.4861111111111111
0 0.375 0.6215277777777778 0.38671875 0.6180555555555556 0.3984375 0.5902777777777778 0.3984375 0.5625 0.388671875 0.5590277777777778 0.369140625 0.59375 0.3671875 0.6076388888888888 0.375 0.6215277777777778
0 0.349609375 0.6423611111111112 0.36328125 0.625 0.361328125 0.5798611111111112 0.349609375 0.5590277777777778 0.34375 0.5868055555555556 0.337890625 0.6388888888888888 0.349609375 0.6423611111111112
0 0.037109375 0.5555555555555556 0.037109375 0.5763888888888888 0.046875 0.5902777777777778 0.07421875 0.5625 0.080078125 0.5729166666666666 0.0859375 0.5625 0.111328125 0.5625 0.125 0.53125 0.125 0.5034722222222222 0.1171875 0.4965277777777778 0.080078125 0.5347222222222222 0.076171875 0.5590277777777778 0.068359375 0.5486111111111112 0.0625 0.5034722222222222 0.048828125 0.5173611111111112 0.05078125 0.5277777777777778 0.037109375 0.5555555555555556
0 0.173828125 0.2916666666666667 0.166015625 0.2638888888888889 0.150390625 0.2673611111111111 0.1484375 0.2951388888888889 0.173828125 0.2916666666666667
0 0.34375 0.4965277777777778 0.341796875 0.46875 0.32421875 0.4479166666666667 0.31640625 0.4548611111111111 0.3125 0.5 0.34375 0.4965277777777778
0 0.16796875 0.40625 0.19921875 0.4027777777777778 0.19921875 0.3715277777777778 0.16796875 0.3576388888888889 0.162109375 0.3888888888888889 0.16796875 0.40625
0 0.3203125 0.3784722222222222 0.337890625 0.3854166666666667 0.34375 0.375 0.34375 0.3576388888888889 0.328125 0.34375 0.318359375 0.34375 0.30859375 0.3645833333333333 0.310546875 0.3888888888888889 0.3203125 0.3784722222222222
0 0.71875 0.4027777777777778 0.716796875 0.3715277777777778 0.681640625 0.3715277777777778 0.681640625 0.4097222222222222 0.71875 0.4027777777777778
0 0.150390625 0.4826388888888889 0.142578125 0.4930555555555556 0.185546875 0.4826388888888889 0.19140625 0.4722222222222222 0.1875 0.4513888888888889 0.166015625 0.4236111111111111 0.14453125 0.4409722222222222 0.142578125 0.4756944444444444 0.150390625 0.4826388888888889
0 0.09375 0.7326388888888888 0.109375 0.7048611111111112 0.138671875 0.6979166666666666 0.1484375 0.6736111111111112 0.15625 0.6909722222222222 0.162109375 0.6875 0.162109375 0.6701388888888888 0.1484375 0.65625 0.154296875 0.6388888888888888 0.12890625 0.6701388888888888 0.12890625 0.6493055555555556 0.099609375 0.6388888888888888 0.091796875 0.65625 0.091796875 0.6805555555555556 0.08203125 0.6909722222222222 0.080078125 0.7291666666666666 0.09375 0.7326388888888888
0 0.4921875 0.4618055555555556 0.50390625 0.4479166666666667 0.505859375 0.4201388888888889 0.50390625 0.4097222222222222 0.48828125 0.4166666666666667 0.47265625 0.40625 0.462890625 0.4375 0.462890625 0.46875 0.4921875 0.4618055555555556
0 0.611328125 0.3888888888888889 0.6171875 0.3784722222222222 0.6171875 0.3541666666666667 0.609375 0.3472222222222222 0.59375 0.34375 0.587890625 0.3541666666666667 0.5859375 0.3888888888888889 0.611328125 0.3888888888888889
0 0.88671875 0.3125 0.91015625 0.3125 0.90625 0.2951388888888889 0.89453125 0.2951388888888889 0.88671875 0.2986111111111111 0.88671875 0.3125
0 0.51171875 0.5277777777777778 0.529296875 0.5277777777777778 0.546875 0.5104166666666666 0.5546875 0.46875 0.548828125 0.4618055555555556 0.53125 0.4722222222222222 0.51953125 0.4548611111111111 0.51171875 0.4722222222222222 0.505859375 0.5138888888888888 0.51171875 0.5277777777777778
0 0.3125 0.5798611111111112 0.330078125 0.5763888888888888 0.33203125 0.5590277777777778 0.330078125 0.5416666666666666 0.3203125 0.5451388888888888 0.31640625 0.53125 0.3046875 0.53125 0.298828125 0.5972222222222222 0.3125 0.5798611111111112
0 0.46875 0.3263888888888889 0.474609375 0.3159722222222222 0.466796875 0.3055555555555556 0.474609375 0.2916666666666667 0.466796875 0.2951388888888889 0.462890625 0.3229166666666667 0.46875 0.3263888888888889
0 0.55078125 0.4652777777777778 0.572265625 0.46875 0.57421875 0.4166666666666667 0.568359375 0.4027777777777778 0.55078125 0.4097222222222222 0.54296875 0.4201388888888889 0.55078125 0.4652777777777778
0 0.4609375 0.6180555555555556 0.48046875 0.6284722222222222 0.5 0.6076388888888888 0.509765625 0.5625 0.505859375 0.5416666666666666 0.490234375 0.5659722222222222 0.482421875 0.5451388888888888 0.47265625 0.5451388888888888 0.4609375 0.5659722222222222 0.4609375 0.6180555555555556