0 0.84765625 0.2743055555555556 0.84765625 0.25 0.826171875 0.25 0.826171875 0.2673611111111111 0.84765625 0.2743055555555556
0 0.548828125 0.4375 0.5625 0.4513888888888889 0.572265625 0.4305555555555556 0.57421875 0.40625 0.568359375 0.3888888888888889 0.5546875 0.3993055555555556 0.548828125 0.4097222222222222 0.548828125 0.4375
0 0.95703125 0.2951388888888889 0.986328125 0.2951388888888889 0.986328125 0.2743055555555556 0.966796875 0.2638888888888889 0.955078125 0.28125 0.95703125 0.2951388888888889
0 0.81640625 0.2638888888888889 0.81640625 0.2361111111111111 0.80078125 0.23958333333333334 0.798828125 0.2638888888888889 0.81640625 0.2638888888888889
0 0.234375 0.4340277777777778 0.25390625 0.40625 0.248046875 0.375 0.22265625 0.4097222222222222 0.21875 0.4305555555555556 0.234375 0.4340277777777778
0 0.01171875 0.5138888888888888 0.01171875 0.4861111111111111 0.00390625 0.4791666666666667 0 0.5173611111111112 0.01171875 0.5138888888888888
0 0.142578125 0.4305555555555556 0.1484375 0.4305555555555556 0.162109375 0.40625 0.162109375 0.3888888888888889 0.154296875 0.3576388888888889 0.138671875 0.3576388888888889 0.13671875 0.4097222222222222 0.142578125 0.4305555555555556
0 0.025390625 0.3368055555555556 0.025390625 0.2986111111111111 0.005859375 0.2951388888888889 0.005859375 0.34375 0.025390625 0.3368055555555556
0 0.884765625 0.4375 0.91796875 0.4513888888888889 0.923828125 0.4375 0.9296875 0.3472222222222222 0.91796875 0.3472222222222222 0.892578125 0.3993055555555556 0.88671875 0.3993055555555556 0.880859375 0.4201388888888889 0.884765625 0.4375
0 0.205078125 0.5763888888888888 0.21875 0.5763888888888888 0.224609375 0.5590277777777778 0.255859375 0.5451388888888888 0.259765625 0.5347222222222222 0.255859375 0.5173611111111112 0.2421875 0.5243055555555556 0.23046875 0.5 0.212890625 0.5034722222222222 0.19921875 0.5520833333333334 0.205078125 0.5763888888888888
0 0.05078125 0.59375 0.080078125 0.5763888888888888 0.08203125 0.5590277777777778 0.091796875 0.5729166666666666 0.099609375 0.5625 0.111328125 0.5729166666666666 0.123046875 0.5555555555555556 0.12109375 0.5138888888888888 0.11328125 0.5138888888888888 0.09375 0.5451388888888888 0.07421875 0.5451388888888888 0.07421875 0.53125 0.0625 0.5173611111111112 0.048828125 0.5659722222222222 0.05078125 0.59375
0 0.86328125 0.4166666666666667 0.880859375 0.40625 0.880859375 0.34375 0.84765625 0.34375 0.833984375 0.3611111111111111 0.826171875 0.3888888888888889 0.86328125 0.4166666666666667
0 0.67578125 0.375 0.697265625 0.375 0.7109375 0.3576388888888889 0.7109375 0.3368055555555556 0.6875 0.3368055555555556 0.673828125 0.3472222222222222 0.67578125 0.375
0 0.09375 0.4305555555555556 0.10546875 0.3993055555555556 0.09765625 0.3680555555555556 0.0859375 0.3715277777777778 0.08203125 0.4201388888888889 0.09375 0.4305555555555556
0 0.896484375 0.4375 0.90625 0.4513888888888889 0.921875 0.4479166666666667 0.923828125 0.4201388888888889 0.91796875 0.4097222222222222 0.900390625 0.3923611111111111 0.88671875 0.3993055555555556 0.880859375 0.4375 0.896484375 0.4375
0 0.193359375 0.4027777777777778 0.205078125 0.3923611111111111 0.185546875 0.34375 0.173828125 0.34375 0.16796875 0.3576388888888889 0.166015625 0.3993055555555556 0.193359375 0.4027777777777778
0 0.318359375 0.5555555555555556 0.34375 0.5138888888888888 0.34765625 0.4652777777777778 0.3359375 0.46875 0.330078125 0.4930555555555556 0.3046875 0.53125 0.302734375 0.5555555555555556 0.318359375 0.5555555555555556
0 0.041015625 0.4965277777777778 0.076171875 0.4826388888888889 0.09375 0.4479166666666667 0.091796875 0.4375 0.08203125 0.4375 0.0625 0.4652777777777778 0.046875 0.4375 0.037109375 0.46875 0.041015625 0.4965277777777778
0 0.037109375 0.3125 0.060546875 0.3090277777777778 0.060546875 0.28125 0.037109375 0.28125 0.037109375 0.3125
0 0.638671875 0.3888888888888889 0.6484375 0.3784722222222222 0.673828125 0.3854166666666667 0.673828125 0.3472222222222222 0.638671875 0.34375 0.630859375 0.3611111111111111 0.638671875 0.3888888888888889
0 0.984375 0.3854166666666667 0.986328125 0.3402777777777778 0.966796875 0.3263888888888889 0.951171875 0.3263888888888889 0.943359375 0.3402777777777778 0.9375 0.3680555555555556 0.984375 0.3854166666666667
0 0.572265625 0.4826388888888889 0.587890625 0.46875 0.60546875 0.46875 0.611328125 0.4166666666666667 0.599609375 0.4097222222222222 0.587890625 0.4340277777777778 0.576171875 0.4201388888888889 0.568359375 0.4375 0.56640625 0.46875 0.572265625 0.4826388888888889
0 0.400390625 0.4513888888888889 0.421875 0.4375 0.416015625 0.3888888888888889 0.392578125 0.3854166666666667 0.38671875 0.3958333333333333 0.388671875 0.4375 0.400390625 0.4513888888888889
0 0.3125 0.5590277777777778 0.337890625 0.5173611111111112 0.38671875 0.4930555555555556 0.37109375 0.46875 0.38671875 0.4618055555555556 0.384765625 0.4513888888888889 0.357421875 0.46875 0.341796875 0.4618055555555556 0.3046875 0.53125 0.30078125 0.5486111111111112 0.3125 0.5590277777777778
0 0.087890625 0.6979166666666666 0.10546875 0.7013888888888888 0.11328125 0.6875 0.123046875 0.6875 0.130859375 0.65625 0.1171875 0.6111111111111112 0.09375 0.6388888888888888 0.09375 0.6805555555555556 0.087890625 0.6979166666666666
0 0.16796875 0.7013888888888888 0.171875 0.6666666666666666 0.1796875 0.6909722222222222 0.193359375 0.6875 0.19921875 0.6805555555555556 0.19921875 0.6215277777777778 0.130859375 0.6736111111111112 0.130859375 0.7291666666666666 0.16796875 0.7013888888888888