0 0.298828125 0.4340277777777778 0.3046875 0.40625 0.30078125 0.375 0.29296875 0.375 0.287109375 0.4027777777777778 0.298828125 0.4340277777777778
0 0.380859375 0.6527777777777778 0.38671875 0.6666666666666666 0.388671875 0.65625 0.396484375 0.65625 0.40625 0.6979166666666666 0.4140625 0.7013888888888888 0.41796875 0.6076388888888888 0.404296875 0.6076388888888888 0.380859375 0.6215277777777778 0.380859375 0.6527777777777778
0 0.974609375 0.2638888888888889 0.97265625 0.24305555555555555 0.962890625 0.25 0.9609375 0.2638888888888889 0.974609375 0.2638888888888889
0 0.2734375 0.2465277777777778 0.267578125 0.2222222222222222 0.263671875 0.25 0.2734375 0.2465277777777778
0 0.04296875 0.34375 0.046875 0.3125 0.029296875 0.3125 0.01953125 0.34375 0.04296875 0.34375
0 0.248046875 0.3680555555555556 0.25 0.34375 0.236328125 0.3368055555555556 0.234375 0.3645833333333333 0.248046875 0.3680555555555556
0 0.361328125 0.4375 0.373046875 0.4513888888888889 0.37890625 0.40625 0.3671875 0.4027777777777778 0.361328125 0.40625 0.361328125 0.4375
0 0.400390625 0.3888888888888889 0.40625 0.375 0.404296875 0.3576388888888889 0.390625 0.34375 0.38671875 0.3854166666666667 0.400390625 0.3888888888888889
0 0.8125 0.7118055555555556 0.837890625 0.71875 0.84375 0.7048611111111112 0.859375 0.75 0.87890625 0.7430555555555556 0.87890625 0.7152777777777778 0.861328125 0.6493055555555556 0.849609375 0.6527777777777778 0.84765625 0.6736111111111112 0.826171875 0.6701388888888888 0.814453125 0.6388888888888888 0.806640625 0.6493055555555556 0.8046875 0.6944444444444444 0.8125 0.7118055555555556
0 0.4296875 0.3854166666666667 0.443359375 0.3854166666666667 0.44921875 0.3611111111111111 0.44921875 0.3368055555555556 0.443359375 0.3298611111111111 0.4296875 0.34375 0.4296875 0.3854166666666667
0 0.322265625 0.2638888888888889 0.32421875 0.24305555555555555 0.31640625 0.2361111111111111 0.3125 0.25 0.322265625 0.2638888888888889
0 0.080078125 0.3125 0.095703125 0.3125 0.09765625 0.2951388888888889 0.0859375 0.2743055555555556 0.080078125 0.2743055555555556 0.080078125 0.3125
0 0.884765625 0.4479166666666667 0.9296875 0.4479166666666667 0.92578125 0.4236111111111111 0.90625 0.3923611111111111 0.8984375 0.3923611111111111 0.880859375 0.4201388888888889 0.87890625 0.4375 0.884765625 0.4479166666666667
0 0.3359375 0.4513888888888889 0.3359375 0.3923611111111111 0.326171875 0.3993055555555556 0.32421875 0.4375 0.3359375 0.4513888888888889
0 0.45703125 0.5347222222222222 0.45703125 0.5486111111111112 0.484375 0.59375 0.486328125 0.5173611111111112 0.48046875 0.5173611111111112 0.46875 0.5451388888888888 0.45703125 0.5347222222222222
0 0.34765625 0.2777777777777778 0.353515625 0.2743055555555556 0.349609375 0.25 0.34375 0.25 0.34765625 0.2777777777777778
0 0.380859375 0.3923611111111111 0.38671875 0.3854166666666667 0.38671875 0.3576388888888889 0.369140625 0.3576388888888889 0.380859375 0.3923611111111111
0 0.142578125 0.2743055555555556 0.1484375 0.25 0.12890625 0.2361111111111111 0.12890625 0.2708333333333333 0.142578125 0.2743055555555556
0 0.373046875 0.19791666666666666 0.369140625 0.1840277777777778 0.3671875 0.2013888888888889 0.373046875 0.19791666666666666
0 0.26171875 0.40625 0.26953125 0.3993055555555556 0.267578125 0.3611111111111111 0.255859375 0.3611111111111111 0.26171875 0.40625
0 0.79296875 0.4027777777777778 0.828125 0.4097222222222222 0.837890625 0.3888888888888889 0.8359375 0.3715277777777778 0.822265625 0.3888888888888889 0.8125 0.3576388888888889 0.806640625 0.3576388888888889 0.79296875 0.3784722222222222 0.79296875 0.4027777777777778
0 0.310546875 0.40625 0.3125 0.3611111111111111 0.30078125 0.3611111111111111 0.30078125 0.4027777777777778 0.310546875 0.40625
0 0.416015625 0.34375 0.41796875 0.3055555555555556 0.412109375 0.2986111111111111 0.416015625 0.34375
0 0.291015625 0.2326388888888889 0.28515625 0.2048611111111111 0.28125 0.21875 0.291015625 0.2326388888888889
0 0.080078125 0.3402777777777778 0.080078125 0.3125 0.068359375 0.2986111111111111 0.056640625 0.3229166666666667 0.0546875 0.34375 0.080078125 0.3402777777777778
0 0.998046875 0.9965277777777778 0.998046875 0.9479166666666666 0.986328125 0.9583333333333334 0.98046875 0.9965277777777778 0.998046875 0.9965277777777778
0 0.78515625 0.3854166666666667 0.796875 0.375 0.798828125 0.3576388888888889 0.79296875 0.3472222222222222 0.798828125 0.3333333333333333 0.806640625 0.3368055555555556 0.806640625 0.3263888888888889 0.79296875 0.3125 0.76953125 0.34375 0.7734375 0.3854166666666667 0.78515625 0.3854166666666667
0 0.505859375 0.4861111111111111 0.51953125 0.4826388888888889 0.521484375 0.4375 0.505859375 0.4375 0.505859375 0.4861111111111111
0 0.998046875 0.2638888888888889 0.994140625 0.2361111111111111 0.982421875 0.2465277777777778 0.98046875 0.2673611111111111 0.998046875 0.2638888888888889
0 0.51953125 0.5555555555555556 0.54296875 0.5763888888888888 0.54296875 0.5138888888888888 0.53515625 0.5104166666666666 0.52734375 0.5243055555555556 0.51953125 0.5104166666666666 0.513671875 0.5138888888888888 0.51171875 0.53125 0.51953125 0.5555555555555556
0 0.4609375 0.46875 0.466796875 0.46875 0.46875 0.40625 0.455078125 0.40625 0.451171875 0.4375 0.4609375 0.46875
0 0.48046875 0.8854166666666666 0.486328125 0.8888888888888888 0.484375 0.8680555555555556 0.48046875 0.8611111111111112 0.48046875 0.8854166666666666
0 0.48828125 0.9618055555555556 0.48046875 0.96875 0.48046875 0.9826388888888888 0.48828125 0.9826388888888888 0.5 0.9513888888888888 0.505859375 0.96875 0.509765625 0.9548611111111112 0.525390625 0.9930555555555556 0.548828125 0.9930555555555556 0.548828125 0.9722222222222222 0.537109375 0.9513888888888888 0.53515625 0.9270833333333334 0.54296875 0.8472222222222222 0.529296875 0.8854166666666666 0.51171875 0.8923611111111112 0.517578125 0.9097222222222222 0.51171875 0.9340277777777778 0.486328125 0.9097222222222222 0.48046875 0.9236111111111112 0.48828125 0.9618055555555556
0 0.380859375 0.2048611111111111 0.37890625 0.1875 0.375 0.2013888888888889 0.380859375 0.2048611111111111
0 0.775390625 0.3506944444444444 0.76953125 0.3611111111111111 0.7734375 0.3854166666666667 0.796875 0.375 0.79296875 0.3368055555555556 0.78125 0.3263888888888889 0.76953125 0.34375 0.775390625 0.3506944444444444
0 0.78515625 0.2673611111111111 0.806640625 0.2638888888888889 0.806640625 0.25 0.78125 0.25 0.779296875 0.2638888888888889 0.78515625 0.2673611111111111
0 0.875 0.375 0.908203125 0.3784722222222222 0.921875 0.3576388888888889 0.91796875 0.34375 0.904296875 0.34375 0.896484375 0.3611111111111111 0.88671875 0.3402777777777778 0.875 0.3541666666666667 0.875 0.375