0 0.361328125 0.5243055555555556 0.373046875 0.5555555555555556 0.369140625 0.4861111111111111 0.361328125 0.4861111111111111 0.361328125 0.5243055555555556
0 0.34375 0.6527777777777778 0.349609375 0.6423611111111112 0.35546875 0.6493055555555556 0.361328125 0.5868055555555556 0.353515625 0.5763888888888888 0.341796875 0.5798611111111112 0.337890625 0.6076388888888888 0.34375 0.6527777777777778
0 0.404296875 0.375 0.40625 0.3368055555555556 0.39453125 0.3298611111111111 0.39453125 0.3680555555555556 0.404296875 0.375
0 0.375 0.3090277777777778 0.380859375 0.3090277777777778 0.38671875 0.2847222222222222 0.38671875 0.2673611111111111 0.380859375 0.2638888888888889 0.375 0.2743055555555556 0.375 0.3090277777777778
0 0.3984375 0.28125 0.404296875 0.28125 0.40234375 0.25 0.39453125 0.25 0.3984375 0.28125
0 0.25 0.2951388888888889 0.25 0.2604166666666667 0.244140625 0.2534722222222222 0.2421875 0.2951388888888889 0.25 0.2951388888888889
0 0.3671875 0.4201388888888889 0.37890625 0.40625 0.37890625 0.3854166666666667 0.3671875 0.3854166666666667 0.3671875 0.4201388888888889
0 0.361328125 0.9375 0.359375 0.9305555555555556 0.35546875 0.9375 0.361328125 0.9375
0 0.310546875 0.9652777777777778 0.298828125 0.96875 0.30078125 0.9965277777777778 0.361328125 0.9965277777777778 0.353515625 0.9479166666666666 0.330078125 0.96875 0.3125 0.96875 0.3125 0.9166666666666666 0.306640625 0.9097222222222222 0.30078125 0.9201388888888888 0.298828125 0.9375 0.310546875 0.9652777777777778
0 0.056640625 0.46875 0.068359375 0.5 0.076171875 0.5 0.07421875 0.4409722222222222 0.0625 0.4375 0.056640625 0.4409722222222222 0.056640625 0.46875
0 0.13671875 0.6215277777777778 0.1484375 0.6388888888888888 0.154296875 0.5729166666666666 0.150390625 0.5625 0.13671875 0.5625 0.130859375 0.5798611111111112 0.13671875 0.6215277777777778
0 0.955078125 0.9965277777777778 0.9375 0.9375 0.923828125 0.9479166666666666 0.921875 0.9930555555555556 0.955078125 0.9965277777777778
0 0.85546875 0.9965277777777778 0.86328125 0.9340277777777778 0.84765625 0.8888888888888888 0.830078125 0.8854166666666666 0.826171875 0.9930555555555556 0.85546875 0.9965277777777778
0 0.0859375 0.3229166666666667 0.10546875 0.3159722222222222 0.103515625 0.28125 0.087890625 0.28125 0.08203125 0.2951388888888889 0.080078125 0.3125 0.0859375 0.3229166666666667
0 0.4296875 0.5277777777777778 0.427734375 0.5138888888888888 0.412109375 0.5104166666666666 0.41015625 0.53125 0.4296875 0.5277777777777778
0 0.21484375 0.5902777777777778 0.20703125 0.6076388888888888 0.21875 0.5868055555555556 0.21875 0.5625 0.2109375 0.53125 0.19921875 0.5347222222222222 0.201171875 0.5763888888888888 0.21484375 0.5902777777777778
0 0.099609375 0.7638888888888888 0.111328125 0.7951388888888888 0.1171875 0.7638888888888888 0.125 0.7743055555555556 0.12890625 0.7673611111111112 0.123046875 0.7430555555555556 0.123046875 0.6875 0.099609375 0.6875 0.099609375 0.7638888888888888
0 0.330078125 0.3055555555555556 0.33984375 0.3159722222222222 0.34375 0.2847222222222222 0.337890625 0.2777777777777778 0.330078125 0.28125 0.330078125 0.3055555555555556
0 0.130859375 0.3125 0.138671875 0.3125 0.142578125 0.2673611111111111 0.130859375 0.2777777777777778 0.130859375 0.3125
0 0.287109375 0.5 0.298828125 0.5208333333333334 0.29296875 0.5347222222222222 0.298828125 0.5451388888888888 0.3046875 0.46875 0.29296875 0.4652777777777778 0.287109375 0.46875 0.287109375 0.5
0 0.16796875 0.4027777777777778 0.197265625 0.3993055555555556 0.19921875 0.3715277777777778 0.173828125 0.3541666666666667 0.16796875 0.3611111111111111 0.162109375 0.3854166666666667 0.16796875 0.4027777777777778
0 0.82421875 0.9965277777777778 0.830078125 0.9826388888888888 0.835287109375 0.9965277777777778 0.859375 0.9930555555555556 0.861328125 0.9548611111111112 0.833984375 0.9375 0.826171875 0.9479166666666666 0.830078125 0.9652777777777778 0.82421875 0.9965277777777778
0 0.279296875 0.40625 0.2734375 0.3472222222222222 0.263671875 0.3541666666666667 0.267578125 0.4027777777777778 0.279296875 0.40625
0 0.1796875 0.7013888888888888 0.197265625 0.6423611111111112 0.193359375 0.6076388888888888 0.173828125 0.6076388888888888 0.173828125 0.6875 0.1796875 0.7013888888888888
0 0.29296875 0.3819444444444444 0.01171875 0.04861111111111111
0 0.279296875 0.3125 0.28125 0.2847222222222222 0.26953125 0.28125 0.26953125 0.3055555555555556 0.279296875 0.3125
0 0.11328125 0.6111111111111112 0.130859375 0.6388888888888888 0.125 0.59375 0.107421875 0.6006944444444444 0.10546875 0.625 0.11328125 0.6111111111111112
0 0.45703125 0.5625 0.462890625 0.5138888888888888 0.443359375 0.5104166666666666 0.443359375 0.5416666666666666 0.45703125 0.5625
0 0.46875 0.59375 0.486328125 0.6354166666666666 0.5 0.6388888888888888 0.498046875 0.5659722222222222 0.48828125 0.5555555555555556 0.478515625 0.5625 0.46875 0.5729166666666666 0.46875 0.59375
0 0.36328125 0.2951388888888889 0.3671875 0.2534722222222222 0.361328125 0.2534722222222222 0.36328125 0.2951388888888889
0 0.5859375 0.7013888888888888 0.591796875 0.6979166666666666 0.59375 0.6875 0.58203125 0.6770833333333334 0.57421875 0.6423611111111112 0.556640625 0.65625 0.5546875 0.6701388888888888 0.5859375 0.7013888888888888
0 0.16015625 0.875 0.162109375 0.8576388888888888 0.173828125 0.8541666666666666 0.17578125 0.8715277777777778 0.197265625 0.8993055555555556 0.19921875 0.8368055555555556 0.19140625 0.8125 0.16796875 0.8125 0.154296875 0.8402777777777778 0.150390625 0.8368055555555556 0.154296875 0.875 0.16015625 0.875
0 0.15234375 0.9895833333333334 0.00390625 0.006944444444444444
0 0.205078125 0.9965277777777778 0.205078125 0.9618055555555556 0.19921875 0.9513888888888888 0.16796875 0.9652777777777778 0.16796875 0.9965277777777778 0.205078125 0.9965277777777778
0 0.1533203125 0.9461805555555556 0.005859375 0.010416666666666666
0 0.65625 0.4791666666666667 0.662109375 0.4861111111111111 0.65625 0.5243055555555556 0.66796875 0.53125 0.673828125 0.5486111111111112 0.68359375 0.5451388888888888 0.6796875 0.4861111111111111 0.6640625 0.4861111111111111 0.646484375 0.46875 0.64453125 0.4930555555555556 0.65625 0.4791666666666667
0 0.298828125 0.2673611111111111 0.298828125 0.25 0.29296875 0.2465277777777778 0.291015625 0.2604166666666667 0.298828125 0.2673611111111111