0 0.771484375 0.2569444444444444 0.76953125 0.2326388888888889 0.755859375 0.2361111111111111 0.75390625 0.2604166666666667 0.771484375 0.2569444444444444
0 0.26953125 0.5902777777777778 0.275390625 0.6076388888888888 0.2890625 0.6076388888888888 0.3125 0.5868055555555556 0.33984375 0.59375 0.35546875 0.5659722222222222 0.33984375 0.53125 0.33203125 0.53125 0.32421875 0.5590277777777778 0.3125 0.5555555555555556 0.310546875 0.5659722222222222 0.296875 0.53125 0.287109375 0.53125 0.279296875 0.5729166666666666 0.26953125 0.5902777777777778
0 0.494140625 0.3993055555555556 0.505859375 0.3854166666666667 0.505859375 0.3472222222222222 0.48828125 0.3576388888888889 0.486328125 0.3854166666666667 0.494140625 0.3993055555555556
0 0.98046875 0.2951388888888889 0.9921875 0.28125 0.96875 0.2673611111111111 0.9609375 0.2951388888888889 0.98046875 0.2951388888888889
0 0.09375 0.3090277777777778 0.10546875 0.3125 0.111328125 0.28125 0.099609375 0.2673611111111111 0.09375 0.2777777777777778 0.09375 0.3090277777777778
0 0.998046875 0.2986111111111111 0.998046875 0.28125 0.982421875 0.2916666666666667 0.990234375 0.3090277777777778 0.998046875 0.2986111111111111
0 0.18359375 0.3715277777777778 0.19140625 0.3576388888888889 0.193359375 0.3298611111111111 0.185546875 0.3159722222222222 0.17578125 0.3263888888888889 0.173828125 0.3576388888888889 0.18359375 0.3715277777777778
0 0.048828125 0.4340277777777778 0.060546875 0.4236111111111111 0.0546875 0.4097222222222222 0.0546875 0.375 0.041015625 0.375 0.037109375 0.4305555555555556 0.048828125 0.4340277777777778
0 0.267578125 0.5069444444444444 0.272134765625 0.5138888888888888 0.279296875 0.5 0.282552734375 0.5138888888888888 0.29296875 0.5138888888888888 0.291015625 0.4826388888888889 0.279296875 0.4965277777777778 0.267578125 0.4930555555555556 0.255859375 0.4652777777777778 0.2421875 0.4722222222222222 0.23828125 0.5277777777777778 0.267578125 0.5069444444444444
0 0.306640625 0.5 0.35546875 0.5 0.357421875 0.4513888888888889 0.34375 0.4513888888888889 0.333984375 0.46875 0.330078125 0.4548611111111111 0.31640625 0.4513888888888889 0.3046875 0.4826388888888889 0.306640625 0.5
0 0.2421875 0.4791666666666667 0.255859375 0.4618055555555556 0.255859375 0.4201388888888889 0.2421875 0.4305555555555556 0.236328125 0.4548611111111111 0.2421875 0.4791666666666667
0 0.455078125 0.59375 0.478515625 0.5659722222222222 0.4921875 0.5763888888888888 0.5 0.5486111111111112 0.4921875 0.5416666666666666 0.5 0.53125 0.494140625 0.5243055555555556 0.5 0.5138888888888888 0.486328125 0.53125 0.4609375 0.5104166666666666 0.451171875 0.5590277777777778 0.455078125 0.59375
0 0.16796875 0.6666666666666666 0.173828125 0.65625 0.171875 0.5972222222222222 0.162109375 0.59375 0.14453125 0.6180555555555556 0.142578125 0.6701388888888888 0.16796875 0.6666666666666666
0 0.1953125 0.6458333333333334 0.20703125 0.6493055555555556 0.21875 0.625 0.216796875 0.5902777777777778 0.201171875 0.59375 0.1875 0.6215277777777778 0.185546875 0.65625 0.1953125 0.6458333333333334
0 0.1484375 0.3263888888888889 0.150390625 0.2847222222222222 0.138671875 0.28125 0.13671875 0.3229166666666667 0.1484375 0.3263888888888889
0 0.111328125 0.4166666666666667 0.1171875 0.40625 0.1171875 0.3784722222222222 0.109375 0.3576388888888889 0.1015625 0.3645833333333333 0.09765625 0.4131944444444444 0.111328125 0.4166666666666667
0 0.55078125 0.9027777777777778 0.57421875 0.9618055555555556 0.587890625 0.90625 0.5859375 0.8263888888888888 0.580078125 0.8125 0.5546875 0.8125 0.556640625 0.8680555555555556 0.55078125 0.9027777777777778
0 0.892578125 0.2951388888888889 0.892578125 0.2743055555555556 0.880859375 0.2638888888888889 0.869140625 0.2743055555555556 0.869140625 0.2951388888888889 0.892578125 0.2951388888888889
0 0.083984375 0.4201388888888889 0.09375 0.40625 0.091796875 0.3854166666666667 0.0859375 0.3715277777777778 0.07421875 0.3680555555555556 0.072265625 0.4166666666666667 0.083984375 0.4201388888888889
0 0.056640625 0.4166666666666667 0.068359375 0.4201388888888889 0.068359375 0.3715277777777778 0.0546875 0.3576388888888889 0.05078125 0.375 0.056640625 0.4166666666666667
0 0.15625 0.3993055555555556 0.166015625 0.3993055555555556 0.173828125 0.3854166666666667 0.171875 0.3715277777777778 0.162109375 0.3472222222222222 0.154296875 0.3472222222222222 0.150390625 0.375 0.15625 0.3993055555555556
0 0.19921875 0.5451388888888888 0.19921875 0.5659722222222222 0.23046875 0.5659722222222222 0.234375 0.5277777777777778 0.228515625 0.5277777777777778 0.20703125 0.5486111111111112 0.19921875 0.5451388888888888
0 0.173828125 0.5763888888888888 0.1875 0.5243055555555556 0.17578125 0.5173611111111112 0.162109375 0.5347222222222222 0.16015625 0.5763888888888888 0.173828125 0.5763888888888888
0 0.525390625 0.4965277777777778 0.53515625 0.4791666666666667 0.5625 0.4861111111111111 0.568359375 0.46875 0.56640625 0.4375 0.556640625 0.4375 0.544921875 0.4548611111111111 0.51953125 0.4513888888888889 0.517578125 0.4826388888888889 0.525390625 0.4965277777777778
0 0.228515625 0.75 0.2421875 0.7743055555555556 0.25 0.7326388888888888 0.25 0.6840277777777778 0.236328125 0.6701388888888888 0.21875 0.6875 0.216796875 0.75 0.228515625 0.75
0 0.142578125 0.40625 0.142578125 0.3576388888888889 0.130859375 0.3611111111111111 0.12890625 0.4027777777777778 0.142578125 0.40625
0 0.01171875 0.4305555555555556 0.029296875 0.4375 0.029296875 0.3888888888888889 0.01953125 0.375 0.01171875 0.3888888888888889 0.01171875 0.4305555555555556
0 0.0234375 0.3055555555555556 0.0234375 0.28125 0.01171875 0.2777777777777778 0.009765625 0.3020833333333333 0.0234375 0.3055555555555556
0 0.904296875 0.2638888888888889 0.900390625 0.2743055555555556 0.91015625 0.2847222222222222 0.919921875 0.2638888888888889 0.904296875 0.2638888888888889
0 0.919921875 0.2638888888888889 0.923828125 0.2847222222222222 0.9296875 0.2777777777777778 0.9296875 0.2638888888888889 0.919921875 0.2638888888888889
0 0.998046875 0.3784722222222222 0.998046875 0.3541666666666667 0.986328125 0.3576388888888889 0.986328125 0.3819444444444444 0.998046875 0.3784722222222222
0 0.37890625 0.4097222222222222 0.404296875 0.4201388888888889 0.404296875 0.3784722222222222 0.384765625 0.3888888888888889 0.380859375 0.3715277777777778 0.375 0.3715277777777778 0.369140625 0.3923611111111111 0.369140625 0.4201388888888889 0.37890625 0.4097222222222222
0 0.421875 0.5451388888888888 0.46875 0.5 0.462890625 0.4826388888888889 0.4453125 0.4791666666666667 0.423828125 0.4930555555555556 0.41796875 0.5138888888888888 0.421875 0.5451388888888888
0 0.611328125 0.4826388888888889 0.6328125 0.4826388888888889 0.642578125 0.46875 0.640625 0.4201388888888889 0.630859375 0.4236111111111111 0.62890625 0.4409722222222222 0.619140625 0.4201388888888889 0.60546875 0.4236111111111111 0.599609375 0.4652777777777778 0.611328125 0.4826388888888889
0 0.048828125 0.6041666666666666 0.111328125 0.5763888888888888 0.1171875 0.5486111111111112 0.099609375 0.53125 0.076171875 0.5590277777777778 0.064453125 0.5451388888888888 0.046875 0.5451388888888888 0.037109375 0.5590277777777778 0.03515625 0.5972222222222222 0.048828125 0.6041666666666666
0 0.826171875 0.2534722222222222 0.826171875 0.2777777777777778 0.841796875 0.2777777777777778 0.83203125 0.2743055555555556 0.826171875 0.2534722222222222
0 0.849609375 0.2777777777777778 0.84375 0.2534722222222222 0.841796875 0.2777777777777778 0.849609375 0.2777777777777778