0 0 0.3680555555555556 0.03125 0.3541666666666667 0.0234375 0.3263888888888889 0 0.3263888888888889 0 0.3680555555555556
0 0.248046875 0.4166666666666667 0.248046875 0.375 0.224609375 0.3680555555555556 0.2109375 0.3784722222222222 0.2109375 0.40625 0.248046875 0.4166666666666667
0 0.0546875 0.5173611111111112 0.0625 0.5555555555555556 0.080078125 0.5486111111111112 0.09375 0.5138888888888888 0.08203125 0.4826388888888889 0.0625 0.4965277777777778 0.05078125 0.4965277777777778 0.04296875 0.4826388888888889 0.03125 0.5 0.03125 0.5277777777777778 0.0546875 0.5173611111111112
0 0.1171875 0.3229166666666667 0.125 0.3125 0.119140625 0.2916666666666667 0.099609375 0.2951388888888889 0.09765625 0.3090277777777778 0.1171875 0.3229166666666667
0 0.298828125 0.46875 0.29296875 0.4652777777777778 0.287109375 0.4722222222222222 0.298828125 0.46875
0 0.2578125 0.5173611111111112 0.27734375 0.4965277777777778 0.28125 0.46875 0.26171875 0.4652777777777778 0.25 0.4791666666666667 0.248046875 0.5069444444444444 0.2578125 0.5173611111111112
0 0.15625 0.4409722222222222 0.15234375 0.40625 0.125 0.4201388888888889 0.12890625 0.4513888888888889 0.15625 0.4409722222222222
0 0.037109375 0.34375 0.0625 0.3298611111111111 0.060546875 0.3090277777777778 0.046875 0.2986111111111111 0.037109375 0.3159722222222222 0.037109375 0.34375
0 0.923828125 0.4479166666666667 0.919921875 0.3888888888888889 0.90625 0.3888888888888889 0.892578125 0.4097222222222222 0.892578125 0.4375 0.923828125 0.4479166666666667
0 0.41796875 0.4965277777777778 0.4453125 0.4965277777777778 0.4609375 0.4791666666666667 0.447265625 0.4791666666666667 0.44921875 0.4548611111111111 0.458984375 0.4513888888888889 0.439453125 0.4513888888888889 0.4296875 0.4375 0.41796875 0.46875 0.41796875 0.4965277777777778
0 0.587890625 0.4618055555555556 0.611328125 0.4652777777777778 0.623046875 0.4409722222222222 0.6171875 0.4097222222222222 0.5859375 0.40625 0.580078125 0.4340277777777778 0.587890625 0.4618055555555556
0 0 0.625 0.015625 0.625 0.041015625 0.59375 0.04296875 0.6076388888888888 0.05078125 0.6076388888888888 0.048828125 0.6180555555555556 0.07421875 0.6076388888888888 0.08203125 0.5763888888888888 0.07421875 0.5590277777777778 0.056640625 0.5590277777777778 0.0546875 0.5763888888888888 0.044921875 0.5763888888888888 0.04296875 0.5486111111111112 0.037109375 0.5625 0.025390625 0.5486111111111112 0.01171875 0.5555555555555556 0 0.5729166666666666 0 0.625
0 0.166015625 0.4027777777777778 0.19921875 0.4027777777777778 0.2109375 0.3888888888888889 0.20703125 0.375 0.16796875 0.3576388888888889 0.162109375 0.3784722222222222 0.166015625 0.4027777777777778
0 0.12109375 0.4965277777777778 0.13671875 0.4513888888888889 0.099609375 0.4479166666666667 0.087890625 0.46875 0.08984375 0.5 0.12109375 0.4965277777777778
0 0.15234375 0.53125 0.1796875 0.5173611111111112 0.173828125 0.4791666666666667 0.14453125 0.5104166666666666 0.134765625 0.4722222222222222 0.12890625 0.4826388888888889 0.125 0.5243055555555556 0.15234375 0.53125
0 0.6796875 0.7256944444444444 0.6875 0.7465277777777778 0.705078125 0.75 0.7109375 0.7326388888888888 0.7109375 0.6284722222222222 0.69921875 0.6284722222222222 0.6875 0.6388888888888888 0.693359375 0.6423611111111112 0.689453125 0.6527777777777778 0.685546875 0.6493055555555556 0.69140625 0.6701388888888888 0.6796875 0.7256944444444444
0 0.337890625 0.40625 0.34375 0.3888888888888889 0.3359375 0.3680555555555556 0.28125 0.375 0.28125 0.40625 0.337890625 0.40625
0 0.884765625 0.2986111111111111 0.892578125 0.2847222222222222 0.880859375 0.2638888888888889 0.869140625 0.2743055555555556 0.869140625 0.2986111111111111 0.884765625 0.2986111111111111
0 0.103515625 0.4166666666666667 0.111328125 0.40625 0.109375 0.3611111111111111 0.10546875 0.3472222222222222 0.09375 0.3472222222222222 0.09375 0.4027777777777778 0.103515625 0.4166666666666667
0 0.185546875 0.5555555555555556 0.19921875 0.5138888888888888 0.21484375 0.5138888888888888 0.224609375 0.5416666666666666 0.236328125 0.5416666666666666 0.2421875 0.5243055555555556 0.236328125 0.4861111111111111 0.224609375 0.4826388888888889 0.212890625 0.5104166666666666 0.205078125 0.5104166666666666 0.19921875 0.4861111111111111 0.193359375 0.4861111111111111 0.17578125 0.5277777777777778 0.17578125 0.5451388888888888 0.185546875 0.5555555555555556
0 0.642578125 0.46875 0.66015625 0.4548611111111111 0.685546875 0.4652777777777778 0.69140625 0.4513888888888889 0.685546875 0.4166666666666667 0.650390625 0.4236111111111111 0.63671875 0.4513888888888889 0.642578125 0.46875
0 0.78125 0.2638888888888889 0.779296875 0.24305555555555555 0.763671875 0.2361111111111111 0.76171875 0.2638888888888889 0.78125 0.2638888888888889
0 0.150390625 0.4027777777777778 0.13671875 0.3923611111111111 0.1484375 0.375 0.142578125 0.3576388888888889 0.119140625 0.3611111111111111 0.119140625 0.3888888888888889 0.150390625 0.4027777777777778
0 0 0.7951388888888888 0.021484375 0.7951388888888888 0.03125 0.78125 0.03515625 0.75 0.029296875 0.71875 0.005859375 0.71875 0 0.7222222222222222 0 0.7951388888888888
0 0.8671875 0.28125 0.87890625 0.2638888888888889 0.873046875 0.25 0.861328125 0.25 0.85546875 0.2777777777777778 0.8671875 0.28125
0 0.5 0.4375 0.5234375 0.4027777777777778 0.5 0.4097222222222222 0.5 0.3993055555555556 0.494140625 0.3993055555555556 0.486328125 0.4375 0.478515625 0.4375 0.474609375 0.4513888888888889 0.5 0.4375
0 0.92578125 0.2916666666666667 0.951171875 0.2951388888888889 0.95703125 0.2847222222222222 0.955078125 0.2673611111111111 0.935546875 0.2638888888888889 0.92578125 0.2777777777777778 0.92578125 0.2916666666666667
0 0.783203125 0.4618055555555556 0.8046875 0.4652777777777778 0.818359375 0.4201388888888889 0.787109375 0.4097222222222222 0.78125 0.4166666666666667 0.783203125 0.4618055555555556
0 0.087890625 0.3402777777777778 0.107421875 0.3402777777777778 0.11328125 0.3576388888888889 0.1171875 0.3298611111111111 0.109375 0.3125 0.09375 0.3090277777777778 0.0859375 0.3159722222222222 0.087890625 0.3402777777777778
0 0.4111328125 0.4236111111111111 0.009765625 0.027777777777777776
0 0.375 0.4548611111111111 0.392578125 0.4479166666666667 0.392578125 0.4201388888888889 0.384765625 0.40625 0.37890625 0.4097222222222222 0.369140625 0.4409722222222222 0.375 0.4548611111111111
0 0.171875 0.3090277777777778 0.16015625 0.2638888888888889 0.150390625 0.2743055555555556 0.150390625 0.3090277777777778 0.171875 0.3090277777777778
0 0.318359375 0.5625 0.330078125 0.5451388888888888 0.322265625 0.5243055555555556 0.294921875 0.5347222222222222 0.3046875 0.5625 0.318359375 0.5625
0 0.275390625 0.5763888888888888 0.287109375 0.5590277777777778 0.27734375 0.5381944444444444 0.28125 0.5138888888888888 0.26953125 0.5173611111111112 0.26171875 0.5763888888888888 0.275390625 0.5763888888888888
0 0.38671875 0.5 0.4140625 0.4861111111111111 0.41796875 0.4513888888888889 0.412109375 0.4375 0.40625 0.4513888888888889 0.380859375 0.4513888888888889 0.375 0.46875 0.375 0.4965277777777778 0.38671875 0.5
0 0.69921875 0.4652777777777778 0.744140625 0.4513888888888889 0.744140625 0.4201388888888889 0.734375 0.4166666666666667 0.72265625 0.4305555555555556 0.705078125 0.4097222222222222 0.697265625 0.4236111111111111 0.693359375 0.4548611111111111 0.69921875 0.4652777777777778
0 0.853515625 0.2638888888888889 0.849609375 0.24305555555555555 0.8359375 0.2465277777777778 0.83203125 0.2638888888888889 0.853515625 0.2638888888888889
0 0.162109375 0.6180555555555556 0.16796875 0.6493055555555556 0.185546875 0.6215277777777778 0.224609375 0.6215277777777778 0.234375 0.59375 0.224609375 0.5590277777777778 0.201171875 0.59375 0.19140625 0.5625 0.17578125 0.5659722222222222 0.17578125 0.59375 0.162109375 0.6180555555555556