0 0.708984375 0.5034722222222222 0.755859375 0.4930555555555556 0.755859375 0.4513888888888889 0.748046875 0.4340277777777778 0.7421875 0.4340277777777778 0.736328125 0.4548611111111111 0.728515625 0.4548611111111111 0.724609375 0.4340277777777778 0.73046875 0.4305555555555556 0.71875 0.4201388888888889 0.69921875 0.4513888888888889 0.697265625 0.4722222222222222 0.708984375 0.5034722222222222
0 0.162109375 0.4027777777777778 0.19921875 0.3923611111111111 0.197265625 0.3715277777777778 0.1796875 0.3576388888888889 0.16015625 0.3576388888888889 0.15625 0.3888888888888889 0.162109375 0.4027777777777778
0 0.130859375 0.40625 0.142578125 0.40625 0.142578125 0.3611111111111111 0.12890625 0.3576388888888889 0.125 0.3888888888888889 0.130859375 0.40625
0 0.912109375 0.4479166666666667 0.923828125 0.4375 0.921875 0.3923611111111111 0.904296875 0.4097222222222222 0.8984375 0.4409722222222222 0.912109375 0.4479166666666667
0 0.447265625 0.4479166666666667 0.48046875 0.4340277777777778 0.478515625 0.40625 0.458984375 0.4166666666666667 0.44921875 0.4097222222222222 0.443359375 0.4236111111111111 0.447265625 0.4479166666666667
0 0.16796875 0.5104166666666666 0.224609375 0.4826388888888889 0.21875 0.4618055555555556 0.181640625 0.4618055555555556 0.166015625 0.4756944444444444 0.162109375 0.5 0.16796875 0.5104166666666666
0 0.41796875 0.4305555555555556 0.443359375 0.4201388888888889 0.44140625 0.3784722222222222 0.412109375 0.375 0.41015625 0.4027777777777778 0.41796875 0.4305555555555556
0 0.23046875 0.4513888888888889 0.23828125 0.4375 0.259765625 0.4409722222222222 0.267578125 0.4097222222222222 0.25390625 0.4027777777777778 0.23828125 0.4270833333333333 0.234375 0.40625 0.22265625 0.40625 0.21875 0.4236111111111111 0.21875 0.4513888888888889 0.23046875 0.4513888888888889
0 0.29296875 0.4652777777777778 0.31640625 0.46875 0.34765625 0.4513888888888889 0.349609375 0.4166666666666667 0.318359375 0.4201388888888889 0.310546875 0.4305555555555556 0.3046875 0.4097222222222222 0.298828125 0.4097222222222222 0.291015625 0.4375 0.29296875 0.4652777777777778
0 0.1171875 0.40625 0.123046875 0.3854166666666667 0.1171875 0.3680555555555556 0.109375 0.3680555555555556 0.10546875 0.40625 0.1171875 0.40625
0 0.08203125 0.4236111111111111 0.09375 0.4201388888888889 0.091796875 0.3854166666666667 0.083984375 0.3680555555555556 0.076171875 0.3715277777777778 0.076171875 0.4097222222222222 0.08203125 0.4236111111111111
0 0.162109375 0.4826388888888889 0.16015625 0.4479166666666667 0.17578125 0.4618055555555556 0.185546875 0.4375 0.18359375 0.4201388888888889 0.16796875 0.4236111111111111 0.15625 0.4548611111111111 0.162109375 0.4826388888888889
0 0.5859375 0.4479166666666667 0.60546875 0.4479166666666667 0.611328125 0.4340277777777778 0.60546875 0.40625 0.580078125 0.4097222222222222 0.576171875 0.4201388888888889 0.5859375 0.4479166666666667
0 0 0.5763888888888888 0.041015625 0.5625 0.04296875 0.53125 0.037109375 0.5208333333333334 0.02734375 0.5104166666666666 0.00390625 0.5138888888888888 0 0.5277777777777778 0.01171875 0.5555555555555556 0 0.5625 0 0.5763888888888888
0 0.76171875 0.4756944444444444 0.767578125 0.4965277777777778 0.810546875 0.4548611111111111 0.802734375 0.4201388888888889 0.767578125 0.4375 0.767578125 0.4652777777777778 0.76171875 0.4756944444444444
0 0.396484375 0.4652777777777778 0.41015625 0.4479166666666667 0.40625 0.4201388888888889 0.3984375 0.4201388888888889 0.390625 0.4375 0.38671875 0.4201388888888889 0.373046875 0.4097222222222222 0.369140625 0.4652777777777778 0.396484375 0.4652777777777778
0 0.07421875 0.5555555555555556 0.099609375 0.5555555555555556 0.111328125 0.5416666666666666 0.1171875 0.4861111111111111 0.099609375 0.4861111111111111 0.076171875 0.5347222222222222 0.064453125 0.5277777777777778 0.0625 0.5138888888888888 0.0625 0.5243055555555556 0.046875 0.5347222222222222 0.046875 0.5763888888888888 0.07421875 0.5555555555555556
0 0.154296875 0.5902777777777778 0.16015625 0.5625 0.1484375 0.5416666666666666 0.14453125 0.5902777777777778 0.154296875 0.5902777777777778
0 0.138671875 0.5972222222222222 0.13671875 0.5555555555555556 0.12890625 0.5451388888888888 0.111328125 0.5451388888888888 0.10546875 0.5798611111111112 0.10546875 0.625 0.138671875 0.5972222222222222