0 0.34765625 0.4479166666666667 0.349609375 0.4618055555555556 0.3671875 0.46875 0.375 0.4513888888888889 0.37109375 0.4201388888888889 0.3515625 0.4409722222222222 0.34375 0.4409722222222222 0.34375 0.4166666666666667 0.330078125 0.4201388888888889 0.326171875 0.4340277777777778 0.328125 0.46875 0.34765625 0.4479166666666667
0 0.537109375 0.3229166666666667 0.54296875 0.2916666666666667 0.53125 0.28125 0.529296875 0.3020833333333333 0.537109375 0.3229166666666667
0 0.9609375 0.2951388888888889 0.986328125 0.3055555555555556 0.9921875 0.2638888888888889 0.98046875 0.2604166666666667 0.9609375 0.2777777777777778 0.9609375 0.2951388888888889
0 0.037109375 0.4618055555555556 0.048828125 0.4513888888888889 0.044921875 0.40625 0.03125 0.40625 0.025390625 0.4201388888888889 0.0234375 0.4548611111111111 0.037109375 0.4618055555555556
0 0.279296875 0.5034722222222222 0.29296875 0.4930555555555556 0.32421875 0.4965277777777778 0.330078125 0.4826388888888889 0.326171875 0.4652777777777778 0.30078125 0.4618055555555556 0.29296875 0.4409722222222222 0.28515625 0.4513888888888889 0.2734375 0.4791666666666667 0.279296875 0.5034722222222222
0 0.88671875 0.3923611111111111 0.912109375 0.4027777777777778 0.921875 0.3611111111111111 0.91796875 0.34375 0.912109375 0.34375 0.880859375 0.3715277777777778 0.875 0.40625 0.88671875 0.3923611111111111
0 0 0.4652777777777778 0.01171875 0.4583333333333333 0.013671875 0.4340277777777778 0.005859375 0.40625 0 0.40625 0 0.4652777777777778
0 0.986328125 0.4097222222222222 0.97265625 0.4409722222222222 0.9921875 0.4548611111111111 0.998046875 0.4409722222222222 0.998046875 0.3854166666666667 0.978515625 0.375 0.978515625 0.3958333333333333 0.986328125 0.4097222222222222
0 0.41796875 0.3263888888888889 0.431640625 0.3263888888888889 0.4296875 0.2916666666666667 0.423828125 0.2916666666666667 0.41796875 0.2951388888888889 0.41796875 0.3263888888888889
0 0.55859375 0.3159722222222222 0.560546875 0.2916666666666667 0.546875 0.2881944444444444 0.54296875 0.3125 0.55859375 0.3159722222222222
0 0.111328125 0.4340277777777778 0.107421875 0.3784722222222222 0.099609375 0.375 0.09375 0.3888888888888889 0.09375 0.4340277777777778 0.111328125 0.4340277777777778
0 0.416015625 0.46875 0.44921875 0.4618055555555556 0.455078125 0.4479166666666667 0.44921875 0.4305555555555556 0.435546875 0.4375 0.423828125 0.4201388888888889 0.41796875 0.4305555555555556 0.412109375 0.4479166666666667 0.416015625 0.46875
0 0.171875 0.5659722222222222 0.189453125 0.5486111111111112 0.216796875 0.5451388888888888 0.22265625 0.53125 0.220703125 0.4965277777777778 0.20703125 0.5034722222222222 0.19921875 0.53125 0.193359375 0.5243055555555556 0.193359375 0.5034722222222222 0.1796875 0.5034722222222222 0.16796875 0.5416666666666666 0.171875 0.5659722222222222