0 0.349609375 0.7118055555555556 0.3359375 0.7326388888888888 0.34765625 0.75 0.34765625 0.7638888888888888 0.35546875 0.7673611111111112 0.361328125 0.7986111111111112 0.3671875 0.7986111111111112 0.373046875 0.78125 0.375 0.6875 0.349609375 0.6875 0.3359375 0.7048611111111112 0.349609375 0.7118055555555556
0 0.34375 0.2673611111111111 0.34375 0.2465277777777778 0.337890625 0.24305555555555555 0.3359375 0.2673611111111111 0.34375 0.2673611111111111
0 0.8359375 0.7951388888888888 0.82421875 0.6979166666666666 0.8125 0.6909722222222222 0.8046875 0.7013888888888888 0.80078125 0.75 0.8359375 0.7951388888888888
0 0.830078125 0.2673611111111111 0.830078125 0.2465277777777778 0.814453125 0.25 0.8125 0.2638888888888889 0.830078125 0.2673611111111111
0 0.298828125 0.2152777777777778 0.296875 0.1875 0.29296875 0.2152777777777778 0.298828125 0.2152777777777778
0 0.8359375 0.7951388888888888 0.82421875 0.6979166666666666 0.8046875 0.6979166666666666 0.80078125 0.71875 0.798828125 0.7465277777777778 0.8359375 0.7951388888888888
0 0.779296875 0.7013888888888888 0.771484375 0.6840277777777778 0.76953125 0.6944444444444444 0.779296875 0.7013888888888888
0 0.380859375 0.2951388888888889 0.380859375 0.2673611111111111 0.375 0.2673611111111111 0.373046875 0.28125 0.380859375 0.2951388888888889
0 0.35546875 0.24305555555555555 0.35546875 0.21875 0.349609375 0.21875 0.349609375 0.24305555555555555 0.35546875 0.24305555555555555
0 0.8359375 0.4097222222222222 0.84765625 0.375 0.84375 0.3472222222222222 0.8125 0.3888888888888889 0.8125 0.4166666666666667 0.8359375 0.4097222222222222
0 0.046875 0.3854166666666667 0.046875 0.3541666666666667 0.041015625 0.3368055555555556 0.03125 0.3368055555555556 0.03125 0.3854166666666667 0.046875 0.3854166666666667
0 0.3076171875 0.2482638888888889 0.005859375 0.03125
0 0.32421875 0.28125 0.322265625 0.2534722222222222 0.318359375 0.2743055555555556 0.32421875 0.28125
0 0.142578125 0.28125 0.1484375 0.2604166666666667 0.14453125 0.25 0.130859375 0.25 0.12890625 0.28125 0.142578125 0.28125
0 0.41796875 0.6979166666666666 0.41796875 0.7222222222222222 0.423828125 0.75 0.44921875 0.7847222222222222 0.44140625 0.7673611111111112 0.451171875 0.7586805555555556 0.455078125 0.6736111111111112 0.44140625 0.6388888888888888 0.42578125 0.6354166666666666 0.421875 0.6527777777777778 0.423828125 0.6909722222222222 0.41796875 0.6979166666666666
0 0.625 0.8888888888888888 0.63671875 0.8888888888888888 0.623046875 0.8611111111111112 0.619140625 0.875 0.625 0.8888888888888888
0 0.654296875 0.8923611111111112 0.65625 0.9131944444444444 0.67578125 0.9548611111111112 0.6875 0.9513888888888888 0.693359375 0.9409722222222222 0.693359375 0.9097222222222222 0.6875 0.8958333333333334 0.693359375 0.8611111111111112 0.681640625 0.8402777777777778 0.681640625 0.8125 0.671875 0.8055555555555556 0.66015625 0.8229166666666666 0.65625 0.8125 0.658203125 0.8298611111111112 0.63671875 0.8159722222222222 0.630859375 0.8402777777777778 0.654296875 0.8923611111111112
0 0.26953125 0.2465277777777778 0.27734375 0.2534722222222222 0.28125 0.2326388888888889 0.26953125 0.2326388888888889 0.26953125 0.2465277777777778
0 0.302734375 0.4201388888888889 0.310546875 0.3923611111111111 0.306640625 0.3715277777777778 0.296875 0.3680555555555556 0.29296875 0.3888888888888889 0.302734375 0.4201388888888889
0 0.251953125 0.4375 0.259765625 0.4236111111111111 0.255859375 0.3888888888888889 0.244140625 0.3888888888888889 0.2421875 0.4305555555555556 0.251953125 0.4375
0 0.28515625 0.4027777777777778 0.29296875 0.3611111111111111 0.287109375 0.3472222222222222 0.279296875 0.3506944444444444 0.275390625 0.3784722222222222 0.28515625 0.4027777777777778
0 0.162109375 0.2951388888888889 0.158203125 0.2673611111111111 0.1484375 0.2638888888888889 0.14453125 0.2951388888888889 0.162109375 0.2951388888888889
0 0.10546875 0.3125 0.10546875 0.2916666666666667 0.095703125 0.2951388888888889 0.091796875 0.2847222222222222 0.0859375 0.3159722222222222 0.10546875 0.3125
0 0.853515625 0.2777777777777778 0.861328125 0.25 0.84765625 0.25 0.84375 0.2743055555555556 0.853515625 0.2777777777777778
0 0.953125 0.375 0.96484375 0.375 0.966796875 0.3472222222222222 0.953125 0.3547008541666667 0.953125 0.375
0 0.95269097265625 0.35493827083333335 0.94140625 0.3611111111111111 0.94140625 0.375 0.95269097265625 0.35493827083333335
0 0.5859375 0.9618055555555556 0.591796875 0.9652777777777778 0.599609375 0.9513888888888888 0.6015625 0.9652777777777778 0.623046875 0.9722222222222222 0.630859375 0.9965277777777778 0.654296875 0.9930555555555556 0.6484375 0.9548611111111112 0.63671875 0.9305555555555556 0.63671875 0.9027777777777778 0.625 0.90625 0.623046875 0.9201388888888888 0.611328125 0.9201388888888888 0.591796875 0.8715277777777778 0.576171875 0.8888888888888888 0.57421875 0.9201388888888888 0.5859375 0.9618055555555556
0 0.443359375 0.25 0.44921875 0.2465277777777778 0.44921875 0.22916666666666666 0.44140625 0.22916666666666666 0.443359375 0.25
0 0.224609375 0.6979166666666666 0.23046875 0.6979166666666666 0.236328125 0.6701388888888888 0.236328125 0.6493055555555556 0.23046875 0.6493055555555556 0.21875 0.6527777777777778 0.224609375 0.6979166666666666
0 0.767578125 0.3715277777777778 0.787109375 0.3298611111111111 0.787109375 0.3159722222222222 0.775390625 0.3159722222222222 0.763671875 0.3368055555555556 0.755859375 0.3576388888888889 0.767578125 0.3715277777777778
0 0.326171875 0.2048611111111111 0.330078125 0.1875 0.32421875 0.1875 0.326171875 0.2048611111111111