0 0.91796875 0.2847222222222222 0.916015625 0.2638888888888889 0.89453125 0.2534722222222222 0.88671875 0.2777777777777778 0.91796875 0.2847222222222222
0 0.298828125 0.46875 0.3046875 0.4618055555555556 0.3046875 0.4201388888888889 0.30078125 0.4097222222222222 0.29296875 0.4201388888888889 0.287109375 0.4652777777777778 0.298828125 0.46875
0 0.33203125 0.4513888888888889 0.33203125 0.3923611111111111 0.32421875 0.3888888888888889 0.318359375 0.3993055555555556 0.3125 0.4548611111111111 0.33203125 0.4513888888888889
0 0.4921875 0.3263888888888889 0.513671875 0.3263888888888889 0.513671875 0.2951388888888889 0.50390625 0.2916666666666667 0.4921875 0.2916666666666667 0.4921875 0.3263888888888889
0 0.048828125 0.3472222222222222 0.046875 0.3090277777777778 0.0234375 0.3229166666666667 0.0234375 0.3576388888888889 0.048828125 0.3472222222222222
0 0.72265625 0.4930555555555556 0.748046875 0.4930555555555556 0.76171875 0.46875 0.759765625 0.4340277777777778 0.744140625 0.4201388888888889 0.73046875 0.4201388888888889 0.724609375 0.4305555555555556 0.71875 0.4479166666666667 0.72265625 0.4930555555555556
0 0.923828125 0.7951388888888888 0.943359375 0.8125 0.955078125 0.8125 0.958984375 0.7951388888888888 0.974609375 0.8055555555555556 0.978515625 0.7916666666666666 0.97265625 0.7743055555555556 0.98046875 0.7708333333333334 0.98046875 0.75 0.998046875 0.75 0.9765625 0.7465277777777778 0.966796875 0.7326388888888888 0.951171875 0.7604166666666666 0.955078125 0.7777777777777778 0.94140625 0.78125 0.9375 0.7326388888888888 0.923828125 0.7291666666666666 0.912109375 0.7604166666666666 0.923828125 0.7951388888888888
0 0 0.4548611111111111 0.009765625 0.4479166666666667 0.005859375 0.3888888888888889 0 0.3888888888888889 0 0.4548611111111111
0 0.125 0.3090277777777778 0.125 0.28125 0.10546875 0.28125 0.099609375 0.3125 0.125 0.3090277777777778
0 0.19921875 0.4027777777777778 0.205078125 0.3923611111111111 0.193359375 0.3611111111111111 0.16796875 0.3576388888888889 0.162109375 0.3993055555555556 0.19921875 0.4027777777777778
0 0.4375 0.3368055555555556 0.44921875 0.3368055555555556 0.44921875 0.2986111111111111 0.443359375 0.2986111111111111 0.4375 0.3090277777777778 0.4375 0.3368055555555556
0 0.07421875 0.3263888888888889 0.09765625 0.3090277777777778 0.09765625 0.2951388888888889 0.083984375 0.2777777777777778 0.068359375 0.28125 0.06640625 0.3055555555555556 0.07421875 0.3263888888888889
0 0.005859375 0.3263888888888889 0.03125 0.3090277777777778 0.0234375 0.2847222222222222 0.01171875 0.28125 0.005859375 0.2847222222222222 0.005859375 0.3263888888888889
0 0.892578125 0.4097222222222222 0.921875 0.4097222222222222 0.9296875 0.3784722222222222 0.923828125 0.3680555555555556 0.884765625 0.375 0.880859375 0.40625 0.892578125 0.4097222222222222
0 0.15625 0.40625 0.15625 0.3784722222222222 0.140625 0.3541666666666667 0.13671875 0.40625 0.15625 0.40625
0 0.109375 0.4201388888888889 0.111328125 0.375 0.09375 0.375 0.091796875 0.4201388888888889 0.109375 0.4201388888888889
0 0.134765625 0.40625 0.13671875 0.3576388888888889 0.12890625 0.34375 0.125 0.3923611111111111 0.134765625 0.40625
0 0.01953125 0.34375 0.03125 0.3298611111111111 0.03125 0.3055555555555556 0.025390625 0.2951388888888889 0.013671875 0.3020833333333333 0.01171875 0.3263888888888889 0.01953125 0.34375
0 0.650390625 0.3680555555555556 0.65625 0.3576388888888889 0.654296875 0.3263888888888889 0.634765625 0.3263888888888889 0.625 0.34375 0.625 0.3680555555555556 0.650390625 0.3680555555555556
0 0.048828125 0.40625 0.048828125 0.4340277777777778 0.05859375 0.4340277777777778 0.056640625 0.375 0.04296875 0.3611111111111111 0.03515625 0.3784722222222222 0.048828125 0.40625
0 0.0234375 0.4409722222222222 0.029296875 0.4513888888888889 0.0390625 0.4513888888888889 0.048828125 0.4340277777777778 0.048828125 0.40625 0.03515625 0.3993055555555556 0.0234375 0.4097222222222222 0.0234375 0.4409722222222222
0 0 0.5625 0.03515625 0.5590277777777778 0.041015625 0.5277777777777778 0.03515625 0.5138888888888888 0.01953125 0.5138888888888888 0.01171875 0.53125 0 0.5347222222222222 0 0.5625
0 0.41796875 0.3368055555555556 0.431640625 0.3298611111111111 0.42578125 0.2951388888888889 0.41796875 0.2951388888888889 0.41796875 0.3368055555555556
0 0.080078125 0.4340277777777778 0.087890625 0.4201388888888889 0.0859375 0.3854166666666667 0.072265625 0.375 0.068359375 0.4340277777777778 0.080078125 0.4340277777777778
0 0.130859375 0.2847222222222222 0.1484375 0.2986111111111111 0.154296875 0.2638888888888889 0.146484375 0.25 0.13671875 0.2534722222222222 0.130859375 0.2604166666666667 0.130859375 0.2847222222222222
0 0.826171875 0.34375 0.82421875 0.3159722222222222 0.798828125 0.3125 0.79296875 0.3402777777777778 0.826171875 0.34375
0 0.041015625 0.5277777777777778 0.07421875 0.5243055555555556 0.078125 0.4826388888888889 0.04296875 0.4861111111111111 0.03125 0.4722222222222222 0.025390625 0.5034722222222222 0.041015625 0.5277777777777778