0 0.130859375 0.40625 0.138671875 0.4305555555555556 0.1484375 0.4305555555555556 0.15625 0.4097222222222222 0.15625 0.3611111111111111 0.13671875 0.3472222222222222 0.130859375 0.3576388888888889 0.130859375 0.40625
0 0.337890625 0.4965277777777778 0.36328125 0.4756944444444444 0.384765625 0.4861111111111111 0.392578125 0.46875 0.38671875 0.4513888888888889 0.392578125 0.4375 0.37890625 0.4375 0.37890625 0.4513888888888889 0.36328125 0.4722222222222222 0.359375 0.4409722222222222 0.349609375 0.4375 0.3359375 0.46875 0.33203125 0.4826388888888889 0.337890625 0.4965277777777778
0 0.53125 0.3854166666666667 0.5390625 0.3888888888888889 0.53515625 0.4027777777777778 0.5546875 0.4027777777777778 0.54296875 0.3819444444444444 0.552734375 0.3680555555555556 0.53125 0.3819444444444444 0.52734375 0.3715277777777778 0.51953125 0.375 0.5234375 0.4027777777777778 0.53125 0.3854166666666667
0 0.66796875 0.4097222222222222 0.69921875 0.4166666666666667 0.705078125 0.3854166666666667 0.69921875 0.3784722222222222 0.6875 0.3888888888888889 0.6796875 0.3680555555555556 0.66796875 0.3888888888888889 0.66796875 0.4097222222222222
0 0.017578125 0.4652777777777778 0.03125 0.46875 0.037109375 0.4409722222222222 0.033203125 0.4131944444444444 0.009765625 0.4097222222222222 0.005859375 0.4236111111111111 0.017578125 0.4652777777777778
0 0.091796875 0.4513888888888889 0.109375 0.4513888888888889 0.111328125 0.4201388888888889 0.10546875 0.3923611111111111 0.08203125 0.3993055555555556 0.080078125 0.4375 0.091796875 0.4513888888888889
0 0.421875 0.4618055555555556 0.439453125 0.4305555555555556 0.447265625 0.4340277777777778 0.447265625 0.4513888888888889 0.4609375 0.4513888888888889 0.4609375 0.4097222222222222 0.44921875 0.4305555555555556 0.4296875 0.4097222222222222 0.42578125 0.4166666666666667 0.41796875 0.4409722222222222 0.421875 0.4618055555555556
0 0.75390625 0.4618055555555556 0.76171875 0.4513888888888889 0.796875 0.4479166666666667 0.7890625 0.40625 0.78515625 0.4201388888888889 0.76171875 0.4097222222222222 0.75390625 0.4236111111111111 0.748046875 0.4375 0.75390625 0.4618055555555556
0 0.12109375 0.3125 0.123046875 0.2847222222222222 0.10546875 0.28125 0.103515625 0.3090277777777778 0.12109375 0.3125
0 0.0234375 0.3125 0.0244140625 0.3298611111111111 0.037109375 0.3263888888888889 0.03515625 0.3090277777777778 0.017578125 0.2986111111111111 0.013671875 0.3055555555555556 0.013671875 0.3298611111111111 0.0234375 0.3125
0 0.796875 0.4201388888888889 0.82421875 0.4166666666666667 0.818359375 0.375 0.798828125 0.3784722222222222 0.79296875 0.3888888888888889 0.796875 0.4201388888888889
0 0.037109375 0.5138888888888888 0.068359375 0.5 0.09375 0.5104166666666666 0.091796875 0.4618055555555556 0.06640625 0.4791666666666667 0.05078125 0.4513888888888889 0.03515625 0.4861111111111111 0.03125 0.5104166666666666 0.037109375 0.5138888888888888
0 0.1796875 0.4861111111111111 0.185546875 0.5104166666666666 0.197265625 0.5104166666666666 0.208984375 0.4930555555555556 0.234375 0.5 0.23828125 0.4861111111111111 0.236328125 0.4513888888888889 0.224609375 0.4548611111111111 0.208984375 0.4895833333333333 0.19921875 0.4861111111111111 0.19921875 0.46875 0.1875 0.46875 0.1796875 0.4861111111111111
0 0.474609375 0.3055555555555556 0.486328125 0.2951388888888889 0.474609375 0.2951388888888889 0.474609375 0.3055555555555556
0 0.474609375 0.3263888888888889 0.484375 0.3263888888888889 0.474609375 0.3055555555555556 0.474609375 0.3263888888888889
0 0.29296875 0.4722222222222222 0.3046875 0.4548611111111111 0.298828125 0.4375 0.279296875 0.4513888888888889 0.275390625 0.46875 0.29296875 0.4722222222222222
0 0.255859375 0.4826388888888889 0.265625 0.4826388888888889 0.2734375 0.4548611111111111 0.267578125 0.4375 0.255859375 0.4375 0.25 0.46875 0.255859375 0.4826388888888889
0 0.60546875 0.4305555555555556 0.591796875 0.4305555555555556 0.591796875 0.4097222222222222 0.60546875 0.40625 0.603515625 0.3993055555555556 0.587890625 0.4097222222222222 0.57421875 0.3923611111111111 0.568359375 0.4027777777777778 0.5625 0.4375 0.60546875 0.4305555555555556
0 0.275390625 0.3368055555555556 0.291015625 0.34375 0.291015625 0.3159722222222222 0.28125 0.2986111111111111 0.275390625 0.3090277777777778 0.275390625 0.3368055555555556
0 0.11328125 0.4201388888888889 0.119140625 0.40625 0.119140625 0.375 0.11328125 0.3576388888888889 0.103515625 0.3576388888888889 0.099609375 0.3888888888888889 0.11328125 0.4201388888888889
0 0 0.5416666666666666 0.03125 0.5451388888888888 0.037109375 0.5347222222222222 0.037109375 0.5138888888888888 0.0234375 0.4930555555555556 0.013671875 0.5104166666666666 0 0.5138888888888888 0 0.5416666666666666
0 0.4921875 0.4513888888888889 0.51171875 0.4340277777777778 0.517578125 0.4479166666666667 0.51953125 0.4375 0.5 0.40625 0.48828125 0.4201388888888889 0.48046875 0.4479166666666667 0.4921875 0.4513888888888889
0 0.611328125 0.5104166666666666 0.6171875 0.5138888888888888 0.625 0.5 0.6484375 0.5 0.65625 0.4791666666666667 0.650390625 0.4618055555555556 0.6171875 0.4652777777777778 0.611328125 0.4930555555555556 0.611328125 0.5104166666666666
0 0.65625 0.4513888888888889 0.66796875 0.4513888888888889 0.671875 0.4201388888888889 0.666015625 0.4097222222222222 0.650390625 0.4097222222222222 0.6484375 0.4375 0.65625 0.4513888888888889
0 0.541015625 0.3263888888888889 0.54296875 0.3055555555555556 0.525390625 0.2951388888888889 0.5234375 0.3263888888888889 0.541015625 0.3263888888888889
0 0.72265625 0.4201388888888889 0.75390625 0.4201388888888889 0.759765625 0.40625 0.76171875 0.3923611111111111 0.73828125 0.375 0.72265625 0.4027777777777778 0.72265625 0.4201388888888889
0 0.515625 0.4965277777777778 0.51953125 0.4791666666666667 0.546875 0.4965277777777778 0.55078125 0.4618055555555556 0.546875 0.4513888888888889 0.51953125 0.4513888888888889 0.50390625 0.4826388888888889 0.50390625 0.5 0.515625 0.4965277777777778