0 0.796875 0.46875 0.806640625 0.4652777777777778 0.8125 0.4340277777777778 0.8125 0.4201388888888889 0.8046875 0.4201388888888889 0.79296875 0.4479166666666667 0.796875 0.46875
0 0.75 0.5243055555555556 0.759765625 0.4930555555555556 0.759765625 0.4548611111111111 0.744140625 0.4479166666666667 0.734375 0.4722222222222222 0.73046875 0.5138888888888888 0.75 0.5243055555555556
0 0.279296875 0.5 0.291015625 0.4791666666666667 0.28515625 0.4305555555555556 0.26953125 0.4513888888888889 0.25 0.4479166666666667 0.25 0.5138888888888888 0.279296875 0.5
0 0.79296875 0.2743055555555556 0.796875 0.25 0.78125 0.2465277777777778 0.779296875 0.2673611111111111 0.79296875 0.2743055555555556
0 0 0.5625 0.01953125 0.5486111111111112 0.01953125 0.53125 0.005859375 0.5173611111111112 0 0.5243055555555556 0 0.5625
0 0.2109375 0.5763888888888888 0.236328125 0.5625 0.248046875 0.5173611111111112 0.236328125 0.5138888888888888 0.234375 0.5277777777777778 0.224609375 0.53125 0.216796875 0.5 0.20703125 0.5034722222222222 0.203125 0.5694444444444444 0.2109375 0.5763888888888888
0 0.037109375 0.6215277777777778 0.037109375 0.6354166666666666 0.046875 0.6493055555555556 0.08203125 0.6111111111111112 0.091796875 0.6215277777777778 0.103515625 0.5972222222222222 0.099609375 0.5590277777777778 0.076171875 0.59375 0.0703125 0.59375 0.056640625 0.5625 0.048828125 0.5729166666666666 0.05078125 0.59375 0.037109375 0.6215277777777778
0 0.185546875 0.5034722222222222 0.171875 0.4826388888888889 0.1796875 0.46875 0.146484375 0.5 0.138671875 0.4965277777777778 0.1395970390625 0.48994882986111116 0.130859375 0.4930555555555556 0.119140625 0.5173611111111112 0.125 0.5416666666666666 0.13671875 0.5416666666666666 0.185546875 0.5034722222222222
0 0.01953125 0.5416666666666666 0.037109375 0.5486111111111112 0.064453125 0.5347222222222222 0.068359375 0.5173611111111112 0.06640625 0.4826388888888889 0.0546875 0.4826388888888889 0.037109375 0.5138888888888888 0.0234375 0.5034722222222222 0.0234375 0.4861111111111111 0.01171875 0.5 0.009765625 0.5243055555555556 0.01953125 0.5416666666666666
0 0.34375 0.5034722222222222 0.34375 0.4722222222222222 0.31640625 0.46875 0.310546875 0.4791666666666667 0.3046875 0.53125 0.34375 0.5034722222222222
0 0.04296875 0.3263888888888889 0.041015625 0.3090277777777778 0.01953125 0.3090277777777778 0.017578125 0.3368055555555556 0.04296875 0.3263888888888889
0 0.40625 0.4722222222222222 0.44921875 0.4652777777777778 0.453125 0.40625 0.4375 0.4236111111111111 0.43359375 0.4479166666666667 0.421875 0.4201388888888889 0.412109375 0.4201388888888889 0.404296875 0.4513888888888889 0.40625 0.4722222222222222
0 0.5234375 0.6493055555555556 0.5234375 0.6840277777777778 0.529296875 0.7013888888888888 0.5546875 0.7048611111111112 0.560546875 0.6736111111111112 0.556640625 0.6423611111111112 0.54296875 0.6388888888888888 0.53515625 0.65625 0.525390625 0.6354166666666666 0.529296875 0.6458333333333334 0.5234375 0.6493055555555556
0 0.69921875 0.5104166666666666 0.705078125 0.5034722222222222 0.7109375 0.4618055555555556 0.697265625 0.4201388888888889 0.681640625 0.4201388888888889 0.666015625 0.4513888888888889 0.6640625 0.4826388888888889 0.69921875 0.5104166666666666
0 0.99609375 0.4652777777777778 0.998046875 0.4166666666666667 0.986328125 0.4305555555555556 0.984375 0.4513888888888889 0.99609375 0.4652777777777778
0 0.76953125 0.4930555555555556 0.779296875 0.4826388888888889 0.78125 0.4340277777777778 0.771484375 0.4201388888888889 0.76171875 0.4236111111111111 0.759765625 0.4826388888888889 0.76953125 0.4930555555555556