0 0.697265625 0.3854166666666667 0.69921875 0.3576388888888889 0.69140625 0.34375 0.662109375 0.34375 0.662109375 0.3854166666666667 0.697265625 0.3854166666666667
0 0.166015625 0.46875 0.17578125 0.4375 0.14453125 0.4375 0.142578125 0.4791666666666667 0.166015625 0.46875
0 0.259765625 0.4618055555555556 0.287109375 0.4618055555555556 0.287109375 0.4340277777777778 0.255859375 0.4236111111111111 0.25 0.4479166666666667 0.259765625 0.4618055555555556
0 0.140625 0.4340277777777778 0.142578125 0.3854166666666667 0.13671875 0.375 0.12890625 0.3784722222222222 0.125 0.4201388888888889 0.140625 0.4340277777777778
0 0.34375 0.4826388888888889 0.380859375 0.4305555555555556 0.35546875 0.4166666666666667 0.337890625 0.4409722222222222 0.3359375 0.4722222222222222 0.34375 0.4826388888888889
0 0 0.5625 0.017578125 0.5729166666666666 0.041015625 0.5451388888888888 0.04296875 0.5173611111111112 0.021484375 0.53125 0.005859375 0.5277777777777778 0 0.53125 0 0.5625
0 0.56640625 0.5347222222222222 0.580078125 0.5138888888888888 0.60546875 0.5173611111111112 0.609375 0.4791666666666667 0.59765625 0.4548611111111111 0.556640625 0.46875 0.552734375 0.4791666666666667 0.54296875 0.4548611111111111 0.533203125 0.4583333333333333 0.53125 0.4791666666666667 0.56640625 0.5347222222222222
0 0.1484375 0.3993055555555556 0.16015625 0.4027777777777778 0.162109375 0.3611111111111111 0.150390625 0.3576388888888889 0.14453125 0.3680555555555556 0.1484375 0.3993055555555556
0 0.162109375 0.5243055555555556 0.205078125 0.4861111111111111 0.205078125 0.4618055555555556 0.19921875 0.4548611111111111 0.18359375 0.4791666666666667 0.173828125 0.46875 0.150390625 0.4791666666666667 0.1484375 0.5138888888888888 0.162109375 0.5243055555555556
0 0.2421875 0.3715277777777778 0.267578125 0.3784722222222222 0.2734375 0.34375 0.25 0.3402777777777778 0.2421875 0.3472222222222222 0.2421875 0.3715277777777778
0 0.0546875 0.5138888888888888 0.0703125 0.5 0.111328125 0.5 0.11328125 0.4895833333333333 0.107421875 0.4618055555555556 0.0859375 0.46875 0.08203125 0.4791666666666667 0.068359375 0.4652777777777778 0.05078125 0.4722222222222222 0.048828125 0.5034722222222222 0.0546875 0.5138888888888888
0 0.099609375 0.4305555555555556 0.111328125 0.4340277777777778 0.111328125 0.3888888888888889 0.087890625 0.3888888888888889 0.0859375 0.40625 0.099609375 0.4305555555555556
0 0.63671875 0.4375 0.64453125 0.4201388888888889 0.662109375 0.4201388888888889 0.662109375 0.3888888888888889 0.658203125 0.375 0.630859375 0.3854166666666667 0.61328125 0.3784722222222222 0.599609375 0.3888888888888889 0.59375 0.40625 0.59375 0.4305555555555556 0.63671875 0.4375
0 0.7421875 0.375 0.736328125 0.3298611111111111 0.71875 0.3298611111111111 0.70703125 0.3472222222222222 0.70703125 0.3784722222222222 0.7421875 0.375
0 0.01171875 0.6458333333333334 0.0234375 0.6493055555555556 0.072265625 0.6215277777777778 0.080078125 0.6041666666666666 0.080078125 0.5763888888888888 0.068359375 0.5625 0.046875 0.59375 0.03125 0.5798611111111112 0.017578125 0.59375 0.01171875 0.6041666666666666 0.01171875 0.6458333333333334