0 0.455078125 0.65625 0.46875 0.6423611111111112 0.470703125 0.6076388888888888 0.48046875 0.6215277777777778 0.484375 0.6076388888888888 0.478515625 0.5972222222222222 0.4609375 0.6111111111111112 0.44921875 0.5972222222222222 0.447265625 0.6388888888888888 0.455078125 0.65625
0 0.12890625 0.3055555555555556 0.125 0.28125 0.109375 0.2847222222222222 0.10546875 0.3090277777777778 0.12890625 0.3055555555555556
0 0.380859375 0.6875 0.392578125 0.7118055555555556 0.39453125 0.7430555555555556 0.423828125 0.6666666666666666 0.41015625 0.6701388888888888 0.392578125 0.65625 0.380859375 0.6701388888888888 0.380859375 0.6875
0 0.8671875 0.9930555555555556 0.8671875 0.96875 0.859375 0.9618055555555556 0.84765625 0.9201388888888888 0.83203125 0.9201388888888888 0.826171875 0.9340277777777778 0.82421875 0.9965277777777778 0.8671875 0.9930555555555556
0 0.46875 0.9965277777777778 0.47265625 0.9513888888888888 0.466796875 0.9340277777777778 0.453125 0.9340277777777778 0.4375 0.96875 0.4375 0.9965277777777778 0.46875 0.9965277777777778
0 0.3984375 0.9791666666666666 0.412109375 0.9965277777777778 0.41796875 0.9930555555555556 0.423828125 0.9513888888888888 0.41796875 0.9097222222222222 0.404296875 0.9131944444444444 0.404296875 0.9652777777777778 0.3984375 0.9791666666666666
0 0.04296875 0.3541666666666667 0.03515625 0.3541666666666667 0.03125 0.3680555555555556 0.03838315234375 0.3861714965277778 0.046875 0.3680555555555556 0.04296875 0.3541666666666667
0 0.28515625 0.4027777777777778 0.28515625 0.3611111111111111 0.275390625 0.3611111111111111 0.2734375 0.3993055555555556 0.28515625 0.4027777777777778
0 0.125 0.5451388888888888 0.13671875 0.5486111111111112 0.142578125 0.5277777777777778 0.142578125 0.5034722222222222 0.130859375 0.4861111111111111 0.1171875 0.4826388888888889 0.1171875 0.5625 0.125 0.5451388888888888
0 0.275390625 0.25 0.275390625 0.22916666666666666 0.26953125 0.2222222222222222 0.267578125 0.24305555555555555 0.275390625 0.25
0 0.431640625 0.6284722222222222 0.4375 0.6284722222222222 0.44921875 0.5972222222222222 0.44921875 0.5451388888888888 0.4296875 0.5451388888888888 0.42578125 0.59375 0.431640625 0.6284722222222222
0 0.8359375 0.8159722222222222 0.857421875 0.8263888888888888 0.873046875 0.8541666666666666 0.88671875 0.8541666666666666 0.892578125 0.84375 0.892578125 0.8125 0.880859375 0.7847222222222222 0.87890625 0.7604166666666666 0.859375 0.7222222222222222 0.849609375 0.7326388888888888 0.84765625 0.7743055555555556 0.8359375 0.8159722222222222
0 0.787109375 0.7847222222222222 0.80078125 0.8090277777777778 0.83203125 0.7916666666666666 0.796875 0.7118055555555556 0.787109375 0.7118055555555556 0.787109375 0.7847222222222222
0 0.0625 0.7951388888888888 0.07421875 0.7951388888888888 0.0859375 0.7326388888888888 0.080078125 0.6909722222222222 0.056640625 0.6979166666666666 0.0546875 0.7638888888888888 0.0625 0.7951388888888888
0 0.23828125 0.4618055555555556 0.248046875 0.46875 0.25 0.4305555555555556 0.234375 0.4340277777777778 0.23046875 0.4722222222222222 0.23828125 0.4618055555555556
0 0.0625 0.3125 0.07421875 0.3125 0.07421875 0.28125 0.060546875 0.2777777777777778 0.056640625 0.2847222222222222 0.0625 0.3125
0 0.224609375 0.5173611111111112 0.23046875 0.5798611111111112 0.25 0.5625 0.248046875 0.5138888888888888 0.2421875 0.5138888888888888 0.236328125 0.5243055555555556 0.224609375 0.5173611111111112
0 0.330078125 0.2986111111111111 0.33203125 0.2743055555555556 0.326171875 0.2673611111111111 0.32421875 0.2951388888888889 0.330078125 0.2986111111111111
0 0.6796875 0.9965277777777778 0.70703125 0.9965277777777778 0.705078125 0.9791666666666666 0.685546875 0.9548611111111112 0.673828125 0.9548611111111112 0.671875 0.9791666666666666 0.6796875 0.9965277777777778
0 0.3125 0.3090277777777778 0.322265625 0.3125 0.32421875 0.2916666666666667 0.318359375 0.28125 0.3125 0.28125 0.3125 0.3090277777777778
0 0.7421875 0.5486111111111112 0.76171875 0.53125 0.763671875 0.5138888888888888 0.75390625 0.46875 0.73828125 0.4791666666666667 0.736328125 0.53125 0.7421875 0.5486111111111112
0 0.16796875 0.6180555555555556 0.173828125 0.6180555555555556 0.1875 0.5902777777777778 0.181640625 0.5520833333333334 0.1875 0.5416666666666666 0.16796875 0.5416666666666666 0.166015625 0.6041666666666666 0.16796875 0.6180555555555556
0 0.298828125 0.3576388888888889 0.306640625 0.3368055555555556 0.3046875 0.3229166666666667 0.296875 0.3194444444444444 0.29296875 0.3402777777777778 0.298828125 0.3576388888888889
0 0.9296875 0.9930555555555556 0.96875 0.9965277777777778 0.9609375 0.9826388888888888 0.966796875 0.9201388888888888 0.9609375 0.90625 0.9375 0.8993055555555556 0.923828125 0.9201388888888888 0.91796875 0.96875 0.9296875 0.9930555555555556
0 0.255859375 0.2604166666666667 0.255859375 0.2326388888888889 0.25 0.22916666666666666 0.248046875 0.2465277777777778 0.255859375 0.2604166666666667
0 0.111328125 0.3923611111111111 0.1171875 0.3888888888888889 0.1171875 0.34375 0.099609375 0.34375 0.111328125 0.3923611111111111
0 0.0859375 0.3993055555555556 0.099609375 0.4097222222222222 0.103515625 0.375 0.091796875 0.3576388888888889 0.0859375 0.3611111111111111 0.0859375 0.3993055555555556
0 0.560546875 0.6423611111111112 0.56640625 0.6319444444444444 0.572265625 0.6493055555555556 0.5625 0.5798611111111112 0.54296875 0.5763888888888888 0.537109375 0.625 0.560546875 0.6423611111111112
0 0.306640625 0.2951388888888889 0.3125 0.2951388888888889 0.314453125 0.2604166666666667 0.3046875 0.2604166666666667 0.306640625 0.2951388888888889
0 0.724609375 0.75 0.72265625 0.71875 0.71875 0.75 0.724609375 0.75
0 0.673828125 0.7638888888888888 0.697265625 0.7777777777777778 0.73046875 0.8368055555555556 0.76171875 0.8472222222222222 0.76953125 0.875 0.78125 0.8854166666666666 0.796875 0.875 0.796875 0.8472222222222222 0.78125 0.8159722222222222 0.767578125 0.7604166666666666 0.75 0.7534722222222222 0.734375 0.7743055555555556 0.720703125 0.7743055555555556 0.7109375 0.7604166666666666 0.7109375 0.7465277777777778 0.69921875 0.7465277777777778 0.681640625 0.7152777777777778 0.681640625 0.6875 0.66796875 0.6875 0.662109375 0.7430555555555556 0.673828125 0.7638888888888888
0 0.5986328125 0.6145833333333334 0.001953125 0.006944444444444444
0 0.611328125 0.71875 0.625 0.7291666666666666 0.642578125 0.71875 0.63671875 0.6840277777777778 0.63671875 0.6076388888888888 0.619140625 0.6076388888888888 0.623046875 0.6180555555555556 0.61328125 0.6493055555555556 0.59375 0.6284722222222222 0.58203125 0.6284722222222222 0.580078125 0.6666666666666666 0.611328125 0.71875
0 0.21875 0.2777777777777778 0.228515625 0.2743055555555556 0.224609375 0.24305555555555555 0.21875 0.24305555555555555 0.21875 0.2777777777777778
0 0.017578125 0.3090277777777778 0.037109375 0.3125 0.037109375 0.28125 0.029296875 0.2777777777777778 0.017578125 0.28125 0.017578125 0.3090277777777778
0 0.53515625 0.6215277777777778 0.53125 0.5798611111111112 0.5234375 0.5763888888888888 0.517578125 0.5902777777777778 0.498046875 0.5833333333333334 0.494140625 0.6180555555555556 0.53515625 0.6215277777777778
0 0.486328125 0.8923611111111112 0.486328125 0.9166666666666666 0.478515625 0.9236111111111112 0.48046875 0.9652777777777778 0.494140625 0.9722222222222222 0.50390625 0.9965277777777778 0.521484375 0.9965277777777778 0.5234375 0.9722222222222222 0.51171875 0.9305555555555556 0.517578125 0.9097222222222222 0.5078125 0.8819444444444444 0.51171875 0.8611111111111112 0.5 0.8576388888888888 0.48046875 0.875 0.48046875 0.8888888888888888 0.486328125 0.8923611111111112
0 0.478515625 0.2951388888888889 0.48046875 0.2638888888888889 0.47265625 0.2638888888888889 0.46875 0.28125 0.478515625 0.2951388888888889
0 0.7109375 0.6076388888888888 0.716796875 0.5902777777777778 0.716796875 0.5277777777777778 0.708984375 0.5138888888888888 0.69921875 0.5243055555555556 0.697265625 0.59375 0.7109375 0.6076388888888888
0 0.16796875 0.4027777777777778 0.189453125 0.40625 0.205078125 0.3923611111111111 0.19921875 0.375 0.16796875 0.3576388888888889 0.162109375 0.3854166666666667 0.16796875 0.4027777777777778
0 0.150390625 0.8263888888888888 0.150390625 0.8472222222222222 0.16015625 0.8541666666666666 0.16796875 0.8055555555555556 0.16796875 0.7430555555555556 0.158203125 0.7326388888888888 0.142578125 0.7430555555555556 0.138671875 0.8090277777777778 0.150390625 0.8263888888888888