0 0.880859375 0.28125 0.8984375 0.2847222222222222 0.91015625 0.2638888888888889 0.90625 0.2534722222222222 0.900390625 0.2604166666666667 0.888671875 0.25 0.880859375 0.2638888888888889 0.880859375 0.28125
0 0.630859375 0.3784722222222222 0.642578125 0.3576388888888889 0.64453125 0.3368055555555556 0.65234375 0.3576388888888889 0.662109375 0.3576388888888889 0.66796875 0.34375 0.662109375 0.3263888888888889 0.650390625 0.3263888888888889 0.625 0.3472222222222222 0.623046875 0.375 0.630859375 0.3784722222222222
0 0.162109375 0.40625 0.185546875 0.3680555555555556 0.16796875 0.34375 0.15625 0.375 0.162109375 0.40625
0 0.98046875 0.2673611111111111 0.998046875 0.2673611111111111 0.998046875 0.24305555555555555 0.9921875 0.24305555555555555 0.98046875 0.25 0.98046875 0.2673611111111111
0 0.826171875 0.25 0.849609375 0.2604166666666667 0.85546875 0.2534722222222222 0.853515625 0.22916666666666666 0.837890625 0.2326388888888889 0.826171875 0.2361111111111111 0.826171875 0.25
0 0.6796875 0.40625 0.6796875 0.4236111111111111 0.71875 0.4236111111111111 0.7109375 0.3611111111111111 0.6953125 0.3680555555555556 0.6875 0.3993055555555556 0.6796875 0.40625
0 0.7890625 0.2708333333333333 0.802734375 0.2777777777777778 0.8046875 0.25 0.787109375 0.25 0.7890625 0.2708333333333333
0 0.353515625 0.4375 0.361328125 0.40625 0.34375 0.3854166666666667 0.33203125 0.3993055555555556 0.32421875 0.4513888888888889 0.353515625 0.4375
0 0.267578125 0.3402777777777778 0.2734375 0.34375 0.2734375 0.2986111111111111 0.267578125 0.2986111111111111 0.267578125 0.3402777777777778
0 0.11328125 0.3854166666666667 0.130859375 0.3854166666666667 0.130859375 0.3611111111111111 0.125 0.3541666666666667 0.111328125 0.3541666666666667 0.11328125 0.3854166666666667
0 0.341796875 0.5 0.380859375 0.4861111111111111 0.375 0.4548611111111111 0.36328125 0.4618055555555556 0.353515625 0.4409722222222222 0.337890625 0.46875 0.3359375 0.4930555555555556 0.341796875 0.5
0 0.19140625 0.40625 0.20703125 0.4166666666666667 0.2109375 0.40625 0.205078125 0.3784722222222222 0.1953125 0.3888888888888889 0.173828125 0.3784722222222222 0.16796875 0.3888888888888889 0.16796875 0.4166666666666667 0.19140625 0.40625
0 0.779296875 0.3680555555555556 0.791015625 0.3819444444444444 0.78125 0.3993055555555556 0.78515625 0.40625 0.794921875 0.375 0.8046875 0.3680555555555556 0.791015625 0.3263888888888889 0.78125 0.3298611111111111 0.7734375 0.34375 0.779296875 0.3680555555555556
0 0.01171875 0.5104166666666666 0.017578125 0.5 0.009765625 0.4930555555555556 0.005859375 0.5 0.01171875 0.5104166666666666
0 0.05859375 0.5451388888888888 0.068359375 0.5277777777777778 0.0625 0.4826388888888889 0.04296875 0.4965277777777778 0.025390625 0.5347222222222222 0.01171875 0.5347222222222222 0.009765625 0.5138888888888888 0.00390625 0.5138888888888888 0 0.5625 0.05859375 0.5451388888888888
0 0.4609375 0.5034722222222222 0.474609375 0.5138888888888888 0.474609375 0.4548611111111111 0.455078125 0.4826388888888889 0.44921875 0.4548611111111111 0.44140625 0.4513888888888889 0.4296875 0.5138888888888888 0.4609375 0.5034722222222222
0 0.1171875 0.6041666666666666 0.126953125 0.5868055555555556 0.1640625 0.5763888888888888 0.169921875 0.53125 0.19140625 0.53125 0.19140625 0.5138888888888888 0.16796875 0.5 0.15625 0.5138888888888888 0.16796875 0.5347222222222222 0.1484375 0.5590277777777778 0.134765625 0.5520833333333334 0.13671875 0.53125 0.119140625 0.5347222222222222 0.111328125 0.5520833333333334 0.109375 0.5902777777777778 0.1171875 0.6041666666666666
0 0.3125 0.3402777777777778 0.318359375 0.3402777777777778 0.322265625 0.3090277777777778 0.3125 0.2951388888888889 0.310546875 0.3263888888888889 0.3125 0.3402777777777778
0 0.34375 0.3125 0.35546875 0.2986111111111111 0.34375 0.2951388888888889 0.34375 0.3125
0 0.34375 0.3298611111111111 0.353515625 0.3298611111111111 0.34375 0.3125 0.34375 0.3298611111111111
0 0.259765625 0.53125 0.26953125 0.5104166666666666 0.2744140625 0.5243055555555556 0.29296875 0.53125 0.3046875 0.5138888888888888 0.298828125 0.4826388888888889 0.26171875 0.5104166666666666 0.25390625 0.4965277777777778 0.244140625 0.5 0.244140625 0.5347222222222222 0.259765625 0.53125
0 0.375 0.4236111111111111 0.375 0.4548611111111111 0.38671875 0.4652777777777778 0.400390625 0.4513888888888889 0.3984375 0.4375 0.419921875 0.4548611111111111 0.423828125 0.4305555555555556 0.416015625 0.4166666666666667 0.408203125 0.4340277777777778 0.375 0.4236111111111111
0 0.810546875 0.3715277777777778 0.830078125 0.3715277777777778 0.84375 0.3576388888888889 0.84375 0.34375 0.81640625 0.3263888888888889 0.8046875 0.3472222222222222 0.810546875 0.3715277777777778
0 0.26171875 0.3993055555555556 0.2734375 0.40625 0.267578125 0.375 0.259765625 0.375 0.26171875 0.3993055555555556
0 0.23046875 0.40625 0.248046875 0.3784722222222222 0.240234375 0.3611111111111111 0.228515625 0.3888888888888889 0.23046875 0.40625
0 0.3203125 0.6354166666666666 0.3359375 0.65625 0.341796875 0.6527777777777778 0.341796875 0.6041666666666666 0.33203125 0.6076388888888888 0.318359375 0.5868055555555556 0.310546875 0.6041666666666666 0.3203125 0.6354166666666666
0 0.98828125 0.4618055555555556 0.998046875 0.4375 0.998046875 0.40625 0.9921875 0.40625 0.96875 0.4479166666666667 0.98828125 0.4618055555555556
0 0.294921875 0.34375 0.296875 0.3229166666666667 0.287109375 0.3090277777777778 0.287109375 0.34375 0.294921875 0.34375
0 0.23828125 0.4513888888888889 0.255859375 0.4236111111111111 0.234375 0.4166666666666667 0.2265625 0.4305555555555556 0.224609375 0.4479166666666667 0.23828125 0.4513888888888889
0 0.27734375 0.4340277777777778 0.275390625 0.4097222222222222 0.263671875 0.40625 0.26171875 0.4201388888888889 0.27734375 0.4340277777777778
0 0.4921875 0.375 0.494140625 0.3854166666666667 0.5 0.3819444444444444 0.5 0.40625 0.517578125 0.3993055555555556 0.51171875 0.375 0.505859375 0.3854166666666667 0.4921875 0.375
0 0.88671875 0.2534722222222222 0.884765625 0.2361111111111111 0.869140625 0.24305555555555555 0.869140625 0.2604166666666667 0.88671875 0.2534722222222222
0 0.619140625 0.4375 0.630859375 0.4236111111111111 0.642578125 0.4305555555555556 0.66015625 0.4097222222222222 0.658203125 0.3888888888888889 0.630859375 0.3784722222222222 0.6171875 0.4201388888888889 0.619140625 0.4375
0 0.755859375 0.4097222222222222 0.7734375 0.4201388888888889 0.779296875 0.4166666666666667 0.78125 0.3784722222222222 0.7734375 0.3611111111111111 0.763671875 0.3854166666666667 0.755859375 0.3784722222222222 0.74609375 0.3958333333333333 0.7421875 0.4166666666666667 0.755859375 0.4097222222222222
0 0.5546875 0.4479166666666667 0.57421875 0.4340277777777778 0.57421875 0.4131944444444444 0.56640625 0.40625 0.57421875 0.3923611111111111 0.556640625 0.40625 0.548828125 0.3888888888888889 0.54296875 0.3923611111111111 0.537109375 0.4201388888888889 0.5546875 0.4479166666666667
0 0.25390625 0.4930555555555556 0.259765625 0.4722222222222222 0.248046875 0.4409722222222222 0.23046875 0.46875 0.23046875 0.5034722222222222 0.25390625 0.4930555555555556
0 0.462890625 0.4340277777777778 0.490234375 0.4375 0.498046875 0.4236111111111111 0.498046875 0.4027777777777778 0.48828125 0.4097222222222222 0.484375 0.3923611111111111 0.470703125 0.3958333333333333 0.4609375 0.4201388888888889 0.462890625 0.4340277777777778
0 0.26171875 0.2638888888888889 0.26171875 0.2326388888888889 0.255859375 0.2326388888888889 0.25390625 0.2604166666666667 0.26171875 0.2638888888888889
0 0.0625 0.3055555555555556 0.0546875 0.2777777777777778 0.041015625 0.2777777777777778 0.037109375 0.3055555555555556 0.0625 0.3055555555555556
0 0.52734375 0.3923611111111111 0.544921875 0.3888888888888889 0.552734375 0.3680555555555556 0.568359375 0.3715277777777778 0.57421875 0.3576388888888889 0.56640625 0.3368055555555556 0.556640625 0.3368055555555556 0.54296875 0.3402777777777778 0.529296875 0.3611111111111111 0.5234375 0.375 0.52734375 0.3923611111111111
0 0.478515625 0.3263888888888889 0.486328125 0.3229166666666667 0.486328125 0.2951388888888889 0.474609375 0.2951388888888889 0.478515625 0.3263888888888889
0 0.517578125 0.5 0.55078125 0.4826388888888889 0.5546875 0.4513888888888889 0.54296875 0.4618055555555556 0.517578125 0.4513888888888889 0.51171875 0.4618055555555556 0.505859375 0.4930555555555556 0.517578125 0.5
0 0.36328125 0.22916666666666666 0.3671875 0.2013888888888889 0.35546875 0.2013888888888889 0.35546875 0.22916666666666666 0.36328125 0.22916666666666666