0 0.080078125 0.4305555555555556 0.091796875 0.4375 0.09765625 0.4201388888888889 0.09375 0.3888888888888889 0.08984375 0.375 0.08203125 0.3784722222222222 0.076171875 0.3888888888888889 0.080078125 0.4305555555555556
0 0.349609375 0.5763888888888888 0.369140625 0.5486111111111112 0.38671875 0.5555555555555556 0.392578125 0.53125 0.38671875 0.5 0.349609375 0.5034722222222222 0.34375 0.5486111111111112 0.349609375 0.5763888888888888
0 0.580078125 0.3923611111111111 0.5859375 0.4305555555555556 0.60546875 0.4305555555555556 0.611328125 0.4201388888888889 0.611328125 0.3888888888888889 0.599609375 0.3888888888888889 0.59375 0.3993055555555556 0.580078125 0.3923611111111111
0 0.7734375 0.40625 0.7734375 0.3888888888888889 0.7578125 0.3888888888888889 0.759765625 0.3993055555555556 0.7734375 0.40625
0 0.71875 0.40625 0.72265625 0.4166666666666667 0.736328125 0.3993055555555556 0.75 0.40625 0.75 0.375 0.73828125 0.3715277777777778 0.73046875 0.3993055555555556 0.71875 0.40625
0 0.771484375 0.4513888888888889 0.78515625 0.4618055555555556 0.791015625 0.4375 0.787109375 0.4166666666666667 0.765625 0.4027777777777778 0.75 0.4097222222222222 0.7421875 0.4513888888888889 0.771484375 0.4513888888888889
0 0.0625 0.4409722222222222 0.07421875 0.4375 0.07421875 0.40625 0.06640625 0.3854166666666667 0.056640625 0.3854166666666667 0.056640625 0.4305555555555556 0.0625 0.4409722222222222
0 0.736328125 0.5138888888888888 0.736328125 0.4375 0.71875 0.4375 0.71875 0.4618055555555556 0.712890625 0.46875 0.712890625 0.5104166666666666 0.736328125 0.5138888888888888
0 0.474609375 0.5625 0.494140625 0.5659722222222222 0.5 0.5555555555555556 0.5 0.5138888888888888 0.4921875 0.5138888888888888 0.490234375 0.5243055555555556 0.46875 0.5138888888888888 0.45703125 0.5451388888888888 0.455078125 0.5798611111111112 0.474609375 0.5625
0 0.111328125 0.4305555555555556 0.1171875 0.4236111111111111 0.1171875 0.3888888888888889 0.11328125 0.375 0.103515625 0.375 0.099609375 0.4236111111111111 0.111328125 0.4305555555555556
0 0.625 0.9409722222222222 0.625 0.9097222222222222 0.6171875 0.9027777777777778 0.6171875 0.9375 0.625 0.9409722222222222
0 0.6484375 0.9930555555555556 0.673828125 0.9930555555555556 0.66796875 0.9097222222222222 0.6796875 0.8888888888888888 0.650390625 0.8923611111111112 0.638671875 0.9201388888888888 0.638671875 0.96875 0.6484375 0.9930555555555556
0 0.01171875 0.4513888888888889 0.017578125 0.4236111111111111 0.01171875 0.3993055555555556 0.001953125 0.40625 0 0.4375 0.01171875 0.4513888888888889
0 0.228515625 0.6180555555555556 0.263671875 0.6076388888888888 0.2734375 0.59375 0.2734375 0.5555555555555556 0.263671875 0.5486111111111112 0.2421875 0.59375 0.236328125 0.5902777777777778 0.232421875 0.5555555555555556 0.220703125 0.5590277777777778 0.212890625 0.5798611111111112 0.2109375 0.6076388888888888 0.228515625 0.6180555555555556
0 0.04296875 0.4479166666666667 0.03515625 0.40625 0.021484375 0.40625 0.017578125 0.4479166666666667 0.04296875 0.4479166666666667
0 0 0.8402777777777778 0.03515625 0.84375 0.046875 0.8159722222222222 0.04296875 0.7604166666666666 0.01953125 0.7638888888888888 0.01171875 0.7951388888888888 0 0.8090277777777778 0 0.8402777777777778
0 0.611328125 0.4513888888888889 0.650390625 0.4340277777777778 0.63671875 0.40625 0.623046875 0.40625 0.615234375 0.4201388888888889 0.609375 0.4340277777777778 0.611328125 0.4513888888888889
0 0.66015625 0.5138888888888888 0.65625 0.4791666666666667 0.6484375 0.46875 0.634765625 0.46875 0.62890625 0.4826388888888889 0.62890625 0.53125 0.66015625 0.5138888888888888
0 0.673828125 0.5763888888888888 0.6796875 0.5659722222222222 0.681640625 0.5138888888888888 0.666015625 0.5069444444444444 0.662109375 0.5729166666666666 0.673828125 0.5763888888888888
0 0.55078125 0.4930555555555556 0.572265625 0.4722222222222222 0.583984375 0.4826388888888889 0.591796875 0.4548611111111111 0.5859375 0.4375 0.5703125 0.4479166666666667 0.56640625 0.4305555555555556 0.5546875 0.4479166666666667 0.546875 0.4722222222222222 0.55078125 0.4930555555555556
0 0.34375 0.5034722222222222 0.369140625 0.4652777777777778 0.384765625 0.4965277777777778 0.392578125 0.4826388888888889 0.388671875 0.4513888888888889 0.3671875 0.4652777777777778 0.353515625 0.4479166666666667 0.34375 0.4652777777777778 0.337890625 0.4826388888888889 0.34375 0.5034722222222222
0 0.662109375 0.40625 0.66796875 0.4201388888888889 0.69921875 0.4201388888888889 0.69921875 0.3888888888888889 0.681640625 0.3888888888888889 0.6796875 0.375 0.66796875 0.3888888888888889 0.66796875 0.4027777777777778 0.662109375 0.40625
0 0.666015625 0.3993055555555556 0.671875 0.375 0.654296875 0.375 0.666015625 0.3993055555555556
0 0.6484375 0.3993055555555556 0.654296875 0.375 0.634765625 0.375 0.625 0.3923611111111111 0.630859375 0.40625 0.642578125 0.3923611111111111 0.6484375 0.3993055555555556
0 0.21875 0.4930555555555556 0.25 0.4722222222222222 0.267578125 0.4826388888888889 0.267578125 0.4340277777777778 0.255859375 0.4340277777777778 0.2421875 0.4618055555555556 0.236328125 0.4583333333333333 0.234375 0.4340277777777778 0.21875 0.4513888888888889 0.212890625 0.46875 0.21875 0.4930555555555556
0 0.1875 0.7777777777777778 0.20703125 0.7291666666666666 0.216796875 0.75 0.23046875 0.7326388888888888 0.251953125 0.7326388888888888 0.255859375 0.6666666666666666 0.25 0.65625 0.224609375 0.7013888888888888 0.21875 0.7326388888888888 0.205078125 0.71875 0.205078125 0.6701388888888888 0.181640625 0.7048611111111112 0.173828125 0.7708333333333334 0.1875 0.7777777777777778