0 0.173828125 0.40625 0.193359375 0.375 0.16796875 0.3576388888888889 0.162109375 0.4027777777777778 0.173828125 0.40625
0 0.923828125 0.2916666666666667 0.921875 0.2638888888888889 0.900390625 0.2638888888888889 0.8984375 0.28125 0.923828125 0.2916666666666667
0 0 0.35301041666666666 0.01171875 0.3576388888888889 0 0.375 0.017578125 0.3576388888888889 0.009765625 0.3125 0 0.3090277777777778 0 0.35301041666666666
0 0.541015625 0.6493055555555556 0.53125 0.6354166666666666 0.525390625 0.65625 0.5546875 0.71875 0.5703125 0.7222222222222222 0.57421875 0.6875 0.568359375 0.6736111111111112 0.568359375 0.6111111111111112 0.5625 0.59375 0.5546875 0.59375 0.546875 0.6388888888888888 0.541015625 0.6493055555555556
0 0.8984375 0.2777777777777778 0.892578125 0.25 0.87890625 0.25 0.87890625 0.28125 0.8984375 0.2777777777777778
0 0.224609375 0.2916666666666667 0.23046875 0.3055555555555556 0.23828125 0.2986111111111111 0.234375 0.2604166666666667 0.224609375 0.2604166666666667 0.224609375 0.2916666666666667
0 0.109375 0.3229166666666667 0.1171875 0.3055555555555556 0.107421875 0.2708333333333333 0.099609375 0.2673611111111111 0.087890625 0.2916666666666667 0.109375 0.3229166666666667
0 0.60546875 0.8229166666666666 0.60546875 0.84375 0.623046875 0.8576388888888888 0.63671875 0.8888888888888888 0.64453125 0.8888888888888888 0.654296875 0.8715277777777778 0.654296875 0.8541666666666666 0.642578125 0.8090277777777778 0.63671875 0.75 0.61328125 0.7638888888888888 0.6171875 0.8055555555555556 0.60546875 0.8229166666666666
0 0.5859375 0.8263888888888888 0.59765625 0.8263888888888888 0.603515625 0.7916666666666666 0.59375 0.7361111111111112 0.580078125 0.7326388888888888 0.57421875 0.75 0.57421875 0.7986111111111112 0.5859375 0.8263888888888888
0 0.173828125 0.4513888888888889 0.18359375 0.4375 0.205078125 0.4375 0.203125 0.3854166666666667 0.173828125 0.4027777777777778 0.16796875 0.4340277777777778 0.173828125 0.4513888888888889
0 0.091796875 0.34375 0.099609375 0.3229166666666667 0.09375 0.3055555555555556 0.0703125 0.3159722222222222 0.068359375 0.34375 0.091796875 0.34375
0 0.96484375 0.9131944444444444 0.978515625 0.9409722222222222 0.9921875 0.9409722222222222 0.98046875 0.8923611111111112 0.986328125 0.875 0.994140625 0.875 0.998046875 0.8541666666666666 0.96875 0.875 0.962890625 0.8854166666666666 0.96484375 0.9131944444444444
0 0.38671875 0.3576388888888889 0.384765625 0.3263888888888889 0.36328125 0.3298611111111111 0.361328125 0.3611111111111111 0.38671875 0.3576388888888889
0 0.685546875 0.8576388888888888 0.701171875 0.8888888888888888 0.724609375 0.8888888888888888 0.755859375 0.8576388888888888 0.748046875 0.8229166666666666 0.748046875 0.8090277777777778 0.75390625 0.8055555555555556 0.75 0.78125 0.736328125 0.7673611111111112 0.724609375 0.7777777777777778 0.73046875 0.8055555555555556 0.716796875 0.8263888888888888 0.705078125 0.8229166666666666 0.697265625 0.7986111111111112 0.6796875 0.7847222222222222 0.673828125 0.7951388888888888 0.673828125 0.8541666666666666 0.685546875 0.8576388888888888
0 0.115234375 0.4201388888888889 0.123046875 0.40625 0.1171875 0.3993055555555556 0.1171875 0.3611111111111111 0.103515625 0.3611111111111111 0.099609375 0.4166666666666667 0.115234375 0.4201388888888889
0 0.84375 0.2743055555555556 0.873046875 0.2777777777777778 0.873046875 0.2534722222222222 0.849609375 0.2465277777777778 0.84375 0.2534722222222222 0.84375 0.2743055555555556
0 0.8046875 0.2743055555555556 0.81640625 0.2777777777777778 0.82421875 0.2638888888888889 0.8203125 0.2465277777777778 0.802734375 0.2465277777777778 0.798828125 0.2673611111111111 0.8046875 0.2743055555555556
0 0.888671875 0.3229166666666667 0.900390625 0.2951388888888889 0.90625 0.3229166666666667 0.923828125 0.3159722222222222 0.923828125 0.2847222222222222 0.900390625 0.2847222222222222 0.88671875 0.3090277777777778 0.888671875 0.3229166666666667
0 0.2734375 0.34375 0.267578125 0.3090277777777778 0.25 0.3229166666666667 0.25 0.3680555555555556 0.2734375 0.34375