0 0.455078125 0.7013888888888888 0.462890625 0.71875 0.474609375 0.7013888888888888 0.46875 0.6597222222222222 0.455078125 0.6597222222222222 0.455078125 0.7013888888888888
0 0.4921875 0.84375 0.517578125 0.8715277777777778 0.505859375 0.8576388888888888 0.51953125 0.8368055555555556 0.51171875 0.78125 0.498046875 0.7743055555555556 0.4921875 0.7847222222222222 0.486328125 0.7986111111111112 0.4921875 0.84375
0 0.57421875 0.5659722222222222 0.59375 0.5659722222222222 0.59375 0.5138888888888888 0.580078125 0.5034722222222222 0.57421875 0.5138888888888888 0.57421875 0.5659722222222222
0 0.080078125 0.3090277777777778 0.103515625 0.3090277777777778 0.099609375 0.28125 0.076171875 0.2777777777777778 0.07421875 0.2986111111111111 0.080078125 0.3090277777777778
0 0.875 0.2743055555555556 0.873046875 0.25 0.85546875 0.25 0.849609375 0.2743055555555556 0.875 0.2743055555555556
0 0.873046875 0.9375 0.89453125 0.96875 0.912109375 0.9826388888888888 0.93359375 0.9722222222222222 0.9453125 0.9791666666666666 0.947265625 0.9930555555555556 0.984375 0.9930555555555556 0.986328125 0.9722222222222222 0.974609375 0.9444444444444444 0.97265625 0.8854166666666666 0.966796875 0.8993055555555556 0.9375 0.8888888888888888 0.947265625 0.9097222222222222 0.9375 0.9236111111111112 0.94140625 0.9340277777777778 0.927734375 0.9513888888888888 0.900390625 0.9097222222222222 0.892578125 0.875 0.880859375 0.8611111111111112 0.8671875 0.90625 0.873046875 0.9375
0 0.787109375 0.3993055555555556 0.80078125 0.3576388888888889 0.79296875 0.3368055555555556 0.7734375 0.3611111111111111 0.7734375 0.3888888888888889 0.787109375 0.3993055555555556
0 0.248046875 0.2986111111111111 0.25 0.2638888888888889 0.23828125 0.2604166666666667 0.236328125 0.2881944444444444 0.248046875 0.2986111111111111
0 0.185546875 0.4027777777777778 0.201171875 0.3888888888888889 0.17578125 0.3576388888888889 0.16796875 0.3680555555555556 0.162109375 0.3993055555555556 0.185546875 0.4027777777777778
0 0.38671875 0.5729166666666666 0.39453125 0.5763888888888888 0.380859375 0.5486111111111112 0.39453125 0.5451388888888888 0.392578125 0.5138888888888888 0.384765625 0.5 0.373046875 0.5034722222222222 0.369140625 0.5277777777777778 0.38671875 0.5729166666666666
0 0.73046875 0.7604166666666666 0.736328125 0.7777777777777778 0.802734375 0.8576388888888888 0.810546875 0.84375 0.810546875 0.8055555555555556 0.8046875 0.7951388888888888 0.798828125 0.7326388888888888 0.767578125 0.7361111111111112 0.763671875 0.7430555555555556 0.7734375 0.7534722222222222 0.76171875 0.7638888888888888 0.73828125 0.7222222222222222 0.73046875 0.7222222222222222 0.73046875 0.7604166666666666
0 0.53515625 0.5555555555555556 0.544921875 0.5381944444444444 0.546875 0.5138888888888888 0.54296875 0.4965277777777778 0.529296875 0.5 0.5234375 0.5416666666666666 0.53515625 0.5555555555555556
0 0.306640625 0.4305555555555556 0.31640625 0.4513888888888889 0.32421875 0.4513888888888889 0.326171875 0.4375 0.322265625 0.40625 0.306640625 0.40625 0.306640625 0.4305555555555556
0 0.125 0.2986111111111111 0.130859375 0.3090277777777778 0.138671875 0.2986111111111111 0.1328125 0.2638888888888889 0.125 0.2638888888888889 0.125 0.2986111111111111
0 0.380859375 0.8298611111111112 0.38671875 0.8541666666666666 0.3984375 0.8125 0.3984375 0.7465277777777778 0.388671875 0.7326388888888888 0.375 0.7326388888888888 0.369140625 0.7465277777777778 0.3671875 0.8125 0.380859375 0.8298611111111112
0 0.796875 0.2638888888888889 0.79296875 0.2361111111111111 0.775390625 0.2361111111111111 0.7734375 0.2638888888888889 0.796875 0.2638888888888889
0 0.4609375 0.9826388888888888 0.466796875 0.9930555555555556 0.484375 0.9375 0.474609375 0.9201388888888888 0.462890625 0.9513888888888888 0.46875 0.9826388888888888 0.4609375 0.9826388888888888
0 0.486328125 0.96875 0.490234375 0.9895833333333334 0.53125 0.9930555555555556 0.53515625 0.9513888888888888 0.5234375 0.90625 0.517578125 0.8993055555555556 0.494140625 0.9097222222222222 0.498046875 0.9409722222222222 0.486328125 0.96875
0 0.52734375 0.8263888888888888 0.548828125 0.8576388888888888 0.55078125 0.7951388888888888 0.54296875 0.7361111111111112 0.53125 0.7361111111111112 0.51953125 0.7604166666666666 0.51953125 0.8263888888888888 0.52734375 0.8263888888888888
0 0.037109375 0.96875 0.044921875 0.9722222222222222 0.05078125 0.9479166666666666 0.0625 0.9340277777777778 0.0625 0.8923611111111112 0.068359375 0.8888888888888888 0.060546875 0.8715277777777778 0.060546875 0.8402777777777778 0.037109375 0.8368055555555556 0.025390625 0.875 0.029296875 0.9444444444444444 0.037109375 0.96875
0 0.166015625 0.3263888888888889 0.162109375 0.28125 0.1484375 0.2847222222222222 0.1484375 0.3263888888888889 0.166015625 0.3263888888888889
0 0.318359375 0.5104166666666666 0.31640625 0.46875 0.30078125 0.46875 0.302734375 0.5104166666666666 0.318359375 0.5104166666666666
0 0.63671875 0.5868055555555556 0.63671875 0.5347222222222222 0.611328125 0.53125 0.609375 0.5625 0.63671875 0.5868055555555556
0 0.34765625 0.4618055555555556 0.3671875 0.4375 0.3671875 0.4097222222222222 0.34375 0.4236111111111111 0.341796875 0.4513888888888889 0.34765625 0.4618055555555556
0 0.126953125 0.6006944444444444 0.150390625 0.6076388888888888 0.16015625 0.5625 0.130859375 0.5590277777777778 0.123046875 0.5763888888888888 0.126953125 0.6006944444444444
0 0.54296875 0.6284722222222222 0.548828125 0.625 0.5546875 0.5868055555555556 0.53515625 0.5590277777777778 0.53125 0.6041666666666666 0.54296875 0.6284722222222222
0 0.59375 0.5659722222222222 0.59375 0.5277777777777778 0.576171875 0.5347222222222222 0.57421875 0.5659722222222222 0.59375 0.5659722222222222
0 0.861328125 0.4201388888888889 0.86328125 0.4305555555555556 0.8984375 0.4479166666666667 0.923828125 0.4479166666666667 0.919921875 0.40625 0.90625 0.40625 0.896484375 0.3888888888888889 0.880859375 0.3923611111111111 0.869140625 0.4201388888888889 0.861328125 0.4201388888888889
0 0.599609375 0.9965277777777778 0.603515625 0.9861111111111112 0.615234375 0.9930555555555556 0.625 0.9826388888888888 0.630859375 0.9965277777777778 0.6484375 0.9965277777777778 0.6484375 0.9652777777777778 0.640625 0.9618055555555556 0.599609375 0.9826388888888888 0.611328125 0.9375 0.59765625 0.9409722222222222 0.59765625 0.9513888888888888 0.5859375 0.9513888888888888 0.58203125 0.9618055555555556 0.580078125 0.9965277777777778 0.599609375 0.9965277777777778
0 0.341796875 0.625 0.34375 0.5451388888888888 0.330078125 0.5347222222222222 0.330078125 0.6215277777777778 0.341796875 0.625
0 0.4296875 0.75 0.4296875 0.78125 0.4375 0.8055555555555556 0.451171875 0.7916666666666666 0.462890625 0.7951388888888888 0.46875 0.7743055555555556 0.466796875 0.7326388888888888 0.44921875 0.7222222222222222 0.439453125 0.7465277777777778 0.4296875 0.75
0 0.630859375 0.9375 0.64453125 0.9652777777777778 0.638671875 0.9444444444444444 0.642578125 0.9201388888888888 0.63671875 0.9131944444444444 0.63671875 0.875 0.630859375 0.8680555555555556 0.619140625 0.8854166666666666 0.611328125 0.9340277777777778 0.630859375 0.9375
0 0.568359375 0.9340277777777778 0.580078125 0.9513888888888888 0.591796875 0.9479166666666666 0.599609375 0.9375 0.599609375 0.9201388888888888 0.58203125 0.8715277777777778 0.5859375 0.8541666666666666 0.58203125 0.84375 0.568359375 0.84375 0.5625 0.8611111111111112 0.560546875 0.9027777777777778 0.568359375 0.9340277777777778
0 0.412109375 0.4166666666666667 0.421875 0.3993055555555556 0.421875 0.375 0.41015625 0.3715277777777778 0.40625 0.40625 0.412109375 0.4166666666666667
0 0.365234375 0.53125 0.3671875 0.4722222222222222 0.349609375 0.4722222222222222 0.349609375 0.5277777777777778 0.365234375 0.53125
0 0.888671875 0.6875 0.88671875 0.7013888888888888 0.89453125 0.71875 0.90625 0.71875 0.91796875 0.7013888888888888 0.91796875 0.6597222222222222 0.8984375 0.65625 0.8984375 0.6805555555555556 0.888671875 0.6875