0 0.9794921875 0.2951388888888889 0.984375 0.2743055555555556 0.994140625 0.2916666666666667 0.9921875 0.2673611111111111 0.97265625 0.2638888888888889 0.962890625 0.2743055555555556 0.966796875 0.2951388888888889 0.9794921875 0.2951388888888889
0 0.921875 0.9965277777777778 0.9345703125 0.9965277777777778 0.939453125 0.9826388888888888 0.947265625 0.9826388888888888 0.947265625 0.9965277777777778 0.986328125 0.9930555555555556 0.986328125 0.9513888888888888 0.962890625 0.9513888888888888 0.95703125 0.9409722222222222 0.953125 0.96875 0.94140625 0.9513888888888888 0.9375 0.9618055555555556 0.923828125 0.9548611111111112 0.91796875 0.96875 0.921875 0.9965277777777778
0 0.21875 0.46875 0.22265625 0.4965277777777778 0.267578125 0.4652777777777778 0.26171875 0.4409722222222222 0.244140625 0.4479166666666667 0.228515625 0.4375 0.2265625 0.4583333333333333 0.21875 0.46875
0 0.421875 0.4965277777777778 0.42578125 0.5138888888888888 0.439453125 0.5138888888888888 0.44921875 0.5 0.443359375 0.4513888888888889 0.435546875 0.4722222222222222 0.41015625 0.46875 0.40625 0.4861111111111111 0.421875 0.4965277777777778
0 0.63671875 0.9930555555555556 0.685546875 0.9930555555555556 0.685546875 0.9236111111111112 0.671875 0.84375 0.65625 0.8263888888888888 0.642578125 0.8298611111111112 0.63671875 0.8680555555555556 0.625 0.8854166666666666 0.6171875 0.9479166666666666 0.63671875 0.9930555555555556
0 0.2109375 0.6111111111111112 0.26171875 0.5763888888888888 0.26171875 0.5347222222222222 0.25390625 0.5347222222222222 0.248046875 0.5590277777777778 0.23828125 0.5451388888888888 0.216796875 0.5451388888888888 0.20703125 0.5625 0.2109375 0.6111111111111112
0 0.501953125 0.6076388888888888 0.49609375 0.5729166666666666 0.5 0.5659722222222222 0.478515625 0.5555555555555556 0.478515625 0.5902777777777778 0.501953125 0.6076388888888888
0 0.568359375 0.7847222222222222 0.58203125 0.8263888888888888 0.611328125 0.8680555555555556 0.6171875 0.84375 0.6171875 0.7673611111111112 0.611328125 0.7465277777777778 0.5859375 0.7465277777777778 0.57421875 0.7326388888888888 0.568359375 0.7430555555555556 0.568359375 0.7847222222222222
0 0.044921875 0.5625 0.05078125 0.5451388888888888 0.099609375 0.5347222222222222 0.10546875 0.5034722222222222 0.09765625 0.4930555555555556 0.0703125 0.5243055555555556 0.064453125 0.5 0.046875 0.4861111111111111 0.03515625 0.5173611111111112 0.03125 0.5625 0.044921875 0.5625
0 0.130859375 0.5138888888888888 0.13671875 0.5173611111111112 0.150390625 0.5034722222222222 0.162109375 0.5104166666666666 0.166015625 0.5 0.1796875 0.5 0.185546875 0.4826388888888889 0.185546875 0.4618055555555556 0.1796875 0.4548611111111111 0.1640625 0.46875 0.154296875 0.46875 0.1484375 0.4513888888888889 0.138671875 0.4618055555555556 0.130859375 0.4861111111111111 0.130859375 0.5138888888888888
0 0.2109375 0.46875 0.20703125 0.4375 0.189453125 0.4444444444444444 0.1875 0.4791666666666667 0.2109375 0.46875
0 0.619140625 0.4791666666666667 0.630859375 0.4930555555555556 0.65625 0.4791666666666667 0.66015625 0.4236111111111111 0.625 0.4236111111111111 0.61328125 0.4548611111111111 0.619140625 0.4791666666666667
0 0.3125 0.5625 0.3359375 0.5451388888888888 0.3359375 0.5 0.32421875 0.4965277777777778 0.3125 0.5138888888888888 0.3125 0.5625
0 0 0.7361111111111112 0.025390625 0.7291666666666666 0.037109375 0.7152777777777778 0.037109375 0.6736111111111112 0.029296875 0.6354166666666666 0.013671875 0.6076388888888888 0.005859375 0.6076388888888888 0 0.6354166666666666 0 0.7361111111111112
0 0.91015625 0.2951388888888889 0.91015625 0.28125 0.8984375 0.2673611111111111 0.888671875 0.2743055555555556 0.88671875 0.2951388888888889 0.91015625 0.2951388888888889
0 0.59375 0.5486111111111112 0.611328125 0.5798611111111112 0.60546875 0.5659722222222222 0.6171875 0.5486111111111112 0.6171875 0.5138888888888888 0.603515625 0.5138888888888888 0.59765625 0.5034722222222222 0.591796875 0.5138888888888888 0.59375 0.5486111111111112
0 0.76171875 0.3715277777777778 0.787109375 0.375 0.78515625 0.3368055555555556 0.767578125 0.3298611111111111 0.7578125 0.3402777777777778 0.755859375 0.3611111111111111 0.76171875 0.3715277777777778
0 0.998046875 0.4166666666666667 0.998046875 0.3576388888888889 0.98828125 0.3576388888888889 0.9765625 0.375 0.974609375 0.3888888888888889 0.998046875 0.4166666666666667
0 0.82421875 0.4201388888888889 0.818359375 0.3923611111111111 0.8046875 0.375 0.787109375 0.3993055555555556 0.787109375 0.4201388888888889 0.82421875 0.4201388888888889