0 0.09765625 0.3229166666666667 0.09765625 0.2847222222222222 0.080078125 0.2847222222222222 0.080078125 0.3263888888888889 0.09765625 0.3229166666666667
0 0.361328125 0.2361111111111111 0.359375 0.2152777777777778 0.35546875 0.2361111111111111 0.361328125 0.2361111111111111
0 0.1484375 0.28125 0.146484375 0.2534722222222222 0.13671875 0.2534722222222222 0.13671875 0.2777777777777778 0.1484375 0.28125
0 0.51953125 0.6805555555555556 0.529296875 0.7013888888888888 0.541015625 0.7013888888888888 0.5546875 0.6736111111111112 0.5546875 0.6493055555555556 0.544921875 0.625 0.529296875 0.6388888888888888 0.51953125 0.65625 0.51953125 0.6805555555555556
0 0.384765625 0.3715277777777778 0.388671875 0.3263888888888889 0.380859375 0.3263888888888889 0.384765625 0.3715277777777778
0 0.263671875 0.4305555555555556 0.2734375 0.4236111111111111 0.26953125 0.3854166666666667 0.26171875 0.3854166666666667 0.263671875 0.4305555555555556
0 0.447265625 0.3888888888888889 0.44921875 0.3472222222222222 0.44140625 0.34375 0.4375 0.3715277777777778 0.447265625 0.3888888888888889
0 0.119140625 0.4201388888888889 0.130859375 0.4236111111111111 0.134765625 0.3923611111111111 0.12890625 0.3784722222222222 0.115234375 0.3819444444444444 0.11328125 0.40625 0.119140625 0.4201388888888889
0 0.248046875 0.2638888888888889 0.259765625 0.2638888888888889 0.25 0.24305555555555555 0.244140625 0.25 0.248046875 0.2638888888888889
0 0.3046875 0.5243055555555556 0.310546875 0.5138888888888888 0.310546875 0.46875 0.29296875 0.4791666666666667 0.29296875 0.5243055555555556 0.3046875 0.5243055555555556
0 0.171875 0.4027777777777778 0.197265625 0.4027777777777778 0.205078125 0.3888888888888889 0.193359375 0.3680555555555556 0.16796875 0.3576388888888889 0.162109375 0.3888888888888889 0.171875 0.4027777777777778
0 0.341796875 0.5138888888888888 0.34375 0.46875 0.33203125 0.4652777777777778 0.330078125 0.5 0.341796875 0.5138888888888888
0 0.8984375 0.9479166666666666 0.88671875 0.9513888888888888 0.88671875 0.9826388888888888 0.89453125 0.9930555555555556 0.943359375 0.9930555555555556 0.91796875 0.8888888888888888 0.900390625 0.90625 0.90625 0.9305555555555556 0.8984375 0.9479166666666666
0 0.86328125 0.96875 0.873046875 0.9652777777777778 0.875 0.9166666666666666 0.8671875 0.90625 0.849609375 0.9131944444444444 0.845703125 0.8854166666666666 0.83203125 0.8680555555555556 0.82421875 0.8715277777777778 0.828125 0.9305555555555556 0.86328125 0.96875
0 0.03125 0.5486111111111112 0.03125 0.5729166666666666 0.0625 0.5625 0.0625 0.5451388888888888 0.0546875 0.5451388888888888 0.048828125 0.5555555555555556 0.03125 0.5486111111111112
0 0.23828125 0.34375 0.259765625 0.34375 0.26171875 0.3159722222222222 0.248046875 0.3159722222222222 0.236328125 0.3263888888888889 0.23828125 0.34375
0 0.037109375 0.2986111111111111 0.0546875 0.3090277777777778 0.046875 0.2673611111111111 0.037109375 0.2673611111111111 0.037109375 0.2986111111111111
0 0.923828125 0.90625 0.931640625 0.9201388888888888 0.947265625 0.9236111111111112 0.94921875 0.9513888888888888 0.95703125 0.9652777777777778 0.97265625 0.96875 0.978515625 0.9548611111111112 0.978515625 0.9236111111111112 0.9609375 0.8472222222222222 0.94921875 0.8368055555555556 0.923828125 0.84375 0.91796875 0.8541666666666666 0.923828125 0.90625
0 0.25390625 0.6111111111111112 0.26171875 0.5347222222222222 0.244140625 0.5451388888888888 0.2421875 0.6076388888888888 0.25390625 0.6111111111111112
0 0.380859375 0.6388888888888888 0.380859375 0.6527777777777778 0.388671875 0.6805555555555556 0.41015625 0.7152777777777778 0.416015625 0.625 0.392578125 0.625 0.388671875 0.6388888888888888 0.380859375 0.6388888888888888
0 0.455078125 0.7743055555555556 0.443359375 0.7951388888888888 0.45703125 0.8263888888888888 0.4609375 0.8159722222222222 0.47265625 0.8576388888888888 0.490234375 0.8784722222222222 0.48828125 0.75 0.462890625 0.7743055555555556 0.44921875 0.7534722222222222 0.443359375 0.7638888888888888 0.455078125 0.7743055555555556
0 0.48828125 0.7326388888888888 0.486328125 0.6875 0.474609375 0.6840277777777778 0.474609375 0.7048611111111112 0.48828125 0.7326388888888888
0 0.453125 0.7013888888888888 0.443359375 0.71875 0.44921875 0.7291666666666666 0.455078125 0.7013888888888888 0.447265625 0.6701388888888888 0.443359375 0.6979166666666666 0.453125 0.7013888888888888
0 0.4453125 0.6631944444444444 0.00390625 0.006944444444444444
0 0.4892578125 0.6614583333333334 0.005859375 0.010416666666666666
0 0.16796875 0.5763888888888888 0.1796875 0.5625 0.17578125 0.53125 0.171875 0.5173611111111112 0.154296875 0.5138888888888888 0.150390625 0.5451388888888888 0.16796875 0.5763888888888888
0 0.318359375 0.34375 0.33203125 0.3229166666666667 0.330078125 0.2986111111111111 0.32421875 0.2986111111111111 0.3125 0.3125 0.318359375 0.34375
0 0.21875 0.4861111111111111 0.23046875 0.46875 0.23046875 0.4201388888888889 0.212890625 0.4236111111111111 0.2109375 0.46875 0.21875 0.4861111111111111
0 0.34765625 0.9965277777777778 0.353515625 0.9513888888888888 0.34375 0.9166666666666666 0.35546875 0.9027777777777778 0.35546875 0.8854166666666666 0.3125 0.9201388888888888 0.318359375 0.9930555555555556 0.34765625 0.9965277777777778
0 0.119140625 0.34375 0.13671875 0.3402777777777778 0.142578125 0.3263888888888889 0.142578125 0.2986111111111111 0.12890625 0.2916666666666667 0.1171875 0.3125 0.119140625 0.34375
0 0.33984375 0.2638888888888889 0.34375 0.2361111111111111 0.3359375 0.2361111111111111 0.33984375 0.2638888888888889
0 0.16015625 0.4652777777777778 0.16015625 0.4097222222222222 0.142578125 0.4097222222222222 0.138671875 0.4340277777777778 0.16015625 0.4652777777777778
0 0.380859375 0.2013888888888889 0.37890625 0.1875 0.375 0.2013888888888889 0.380859375 0.2013888888888889
0 0.35546875 0.4305555555555556 0.361328125 0.4201388888888889 0.361328125 0.3888888888888889 0.349609375 0.3888888888888889 0.34765625 0.40625 0.35546875 0.4305555555555556
0 0.375 0.6076388888888888 0.38671875 0.5763888888888888 0.380859375 0.5555555555555556 0.39453125 0.5451388888888888 0.3671875 0.5486111111111112 0.36328125 0.59375 0.375 0.6076388888888888
0 0.0234375 0.2986111111111111 0.021484375 0.2673611111111111 0.009765625 0.2638888888888889 0.005859375 0.2951388888888889 0.0234375 0.2986111111111111
0 0.3671875 0.4791666666666667 0.373046875 0.5173611111111112 0.375 0.5138888888888888 0.384765625 0.5138888888888888 0.384765625 0.4791666666666667 0.3671875 0.4791666666666667
0 0.404296875 0.9513888888888888 0.412109375 0.9965277777777778 0.443359375 0.9965277777777778 0.43359375 0.9375 0.443359375 0.9201388888888888 0.4375 0.9201388888888888 0.427734375 0.9409722222222222 0.404296875 0.9513888888888888
0 0.3671875 0.3090277777777778 0.375 0.3125 0.37890625 0.28125 0.369140625 0.2743055555555556 0.375 0.2986111111111111 0.3671875 0.3090277777777778
0 0.4609375 0.4270833333333333 0.46875 0.4479166666666667 0.474609375 0.3888888888888889 0.4609375 0.3888888888888889 0.4609375 0.4270833333333333
0 0.310546875 0.3888888888888889 0.3125 0.3576388888888889 0.30078125 0.3541666666666667 0.298828125 0.3888888888888889 0.310546875 0.3888888888888889