0 0.916015625 0.2916666666666667 0.92578125 0.2673611111111111 0.923828125 0.25 0.90625 0.2604166666666667 0.900390625 0.2777777777777778 0.916015625 0.2916666666666667
0 0.287109375 0.4409722222222222 0.29296875 0.46875 0.3359375 0.4375 0.333984375 0.4166666666666667 0.298828125 0.4166666666666667 0.296875 0.4340277777777778 0.287109375 0.4409722222222222
0 0.11328125 0.4201388888888889 0.119140625 0.4097222222222222 0.1171875 0.3888888888888889 0.109375 0.3715277777777778 0.099609375 0.3715277777777778 0.099609375 0.4201388888888889 0.11328125 0.4201388888888889
0 0.205078125 0.3993055555555556 0.205078125 0.3854166666666667 0.19140625 0.3611111111111111 0.16796875 0.3576388888888889 0.1640625 0.3680555555555556 0.162109375 0.3993055555555556 0.205078125 0.3993055555555556
0 0.119140625 0.3055555555555556 0.125 0.28125 0.1171875 0.2673611111111111 0.109375 0.2743055555555556 0.10546875 0.2916666666666667 0.119140625 0.3055555555555556
0 0 0.4618055555555556 0.001953125 0.5069444444444444 0.0234375 0.5104166666666666 0.04296875 0.5 0.05078125 0.5104166666666666 0.0546875 0.4791666666666667 0.048828125 0.4548611111111111 0.04296875 0.4548611111111111 0.033203125 0.46875 0 0.4618055555555556
0 0.064453125 0.3194444444444444 0.083984375 0.3159722222222222 0.0859375 0.2916666666666667 0.080078125 0.28125 0.068359375 0.2847222222222222 0.0625 0.2916666666666667 0.064453125 0.3194444444444444
0 0.72265625 0.4166666666666667 0.75390625 0.4201388888888889 0.76171875 0.4097222222222222 0.759765625 0.3784722222222222 0.73046875 0.375 0.71875 0.3888888888888889 0.716796875 0.40625 0.72265625 0.4166666666666667
0 0.767578125 0.46875 0.806640625 0.4652777777777778 0.8125 0.4201388888888889 0.791015625 0.4201388888888889 0.78125 0.40625 0.7734375 0.4236111111111111 0.767578125 0.4375 0.767578125 0.46875
0 0.580078125 0.5277777777777778 0.591796875 0.5034722222222222 0.611328125 0.5138888888888888 0.6171875 0.46875 0.59765625 0.4652777777777778 0.591796875 0.4513888888888889 0.58203125 0.4548611111111111 0.57421875 0.4965277777777778 0.580078125 0.5277777777777778
0 0.072265625 0.4305555555555556 0.080078125 0.4166666666666667 0.080078125 0.3888888888888889 0.07421875 0.3854166666666667 0.080078125 0.3680555555555556 0.072265625 0.3611111111111111 0.0546875 0.3854166666666667 0.0546875 0.4305555555555556 0.072265625 0.4305555555555556
0 0.869140625 0.28125 0.8671875 0.2534722222222222 0.853515625 0.25 0.849609375 0.28125 0.869140625 0.28125