0 0.85546875 0.25 0.85546875 0.22916666666666666 0.837890625 0.2326388888888889 0.8359375 0.25 0.85546875 0.25
0 0.349609375 0.2743055555555556 0.361328125 0.2673611111111111 0.357421875 0.24305555555555555 0.349609375 0.24305555555555555 0.349609375 0.2743055555555556
0 0.19921875 0.4479166666666667 0.236328125 0.4618055555555556 0.236328125 0.4201388888888889 0.21875 0.4236111111111111 0.19921875 0.40625 0.19140625 0.4236111111111111 0.1875 0.4652777777777778 0.19921875 0.4479166666666667
0 0 0.4861111111111111 0.01171875 0.4861111111111111 0.017578125 0.46875 0.0244140625 0.4826388888888889 0.03515625 0.4826388888888889 0.041015625 0.4652777777777778 0.025390625 0.4409722222222222 0.01953125 0.4652777777777778 0.01171875 0.4513888888888889 0 0.4513888888888889 0 0.4861111111111111
0 0.048828125 0.3229166666666667 0.068359375 0.2986111111111111 0.0625 0.28125 0.0546875 0.28125 0.048828125 0.2847222222222222 0.048828125 0.3229166666666667
0 0.916015625 0.3854166666666667 0.92578125 0.375 0.9609375 0.375 0.96875 0.3576388888888889 0.96875 0.34375 0.95703125 0.34375 0.9453125 0.3715277777777778 0.923828125 0.3472222222222222 0.912109375 0.3680555555555556 0.916015625 0.3854166666666667
0 0.3046875 0.4027777777777778 0.298828125 0.3611111111111111 0.29296875 0.3611111111111111 0.283203125 0.3923611111111111 0.28515625 0.4166666666666667 0.3046875 0.4027777777777778
0 0.046875 0.4965277777777778 0.0625 0.4861111111111111 0.068359375 0.4930555555555556 0.072265625 0.4861111111111111 0.06640625 0.46875 0.07421875 0.4652777777777778 0.0859375 0.4861111111111111 0.09765625 0.4791666666666667 0.091796875 0.4305555555555556 0.076171875 0.4618055555555556 0.0625 0.4618055555555556 0.0625 0.4375 0.0546875 0.4375 0.041015625 0.46875 0.046875 0.4965277777777778
0 0.25 0.25 0.25 0.22916666666666666 0.2421875 0.2222222222222222 0.23828125 0.25 0.25 0.25
0 0.12890625 0.4548611111111111 0.138671875 0.4548611111111111 0.1484375 0.4375 0.181640625 0.4340277777777778 0.1796875 0.40625 0.15625 0.4097222222222222 0.15234375 0.3888888888888889 0.142578125 0.3888888888888889 0.138671875 0.4131944444444444 0.125 0.4270833333333333 0.123046875 0.4513888888888889 0.12890625 0.4548611111111111
0 0.2421875 0.4409722222222222 0.248046875 0.4305555555555556 0.2421875 0.3854166666666667 0.234375 0.3715277777777778 0.224609375 0.3715277777777778 0.228515625 0.4131944444444444 0.2421875 0.4409722222222222
0 0.85546875 0.2743055555555556 0.875 0.2743055555555556 0.87890625 0.2638888888888889 0.876953125 0.23958333333333334 0.869140625 0.2361111111111111 0.85546875 0.2534722222222222 0.85546875 0.2743055555555556
0 0.30078125 0.28125 0.3046875 0.2604166666666667 0.296875 0.25 0.29296875 0.2638888888888889 0.30078125 0.28125
0 0.1484375 0.2986111111111111 0.146484375 0.2673611111111111 0.134765625 0.2638888888888889 0.134765625 0.3055555555555556 0.1484375 0.2986111111111111
0 0.98046875 0.2673611111111111 0.998046875 0.2673611111111111 0.998046875 0.2361111111111111 0.9921875 0.2361111111111111 0.98046875 0.25 0.98046875 0.2673611111111111
0 0.880859375 0.40625 0.888671875 0.4201388888888889 0.892578125 0.40625 0.8984375 0.4201388888888889 0.908203125 0.4201388888888889 0.912109375 0.40625 0.912109375 0.3854166666666667 0.90234375 0.3854166666666667 0.88671875 0.40625 0.87890625 0.4027777777777778 0.87890625 0.3888888888888889 0.865234375 0.3958333333333333 0.86328125 0.4201388888888889 0.880859375 0.40625
0 0.767578125 0.25 0.767578125 0.2326388888888889 0.755859375 0.2222222222222222 0.75 0.2465277777777778 0.767578125 0.25
0 0.171875 0.5451388888888888 0.193359375 0.53125 0.228515625 0.53125 0.23046875 0.5 0.22265625 0.4548611111111111 0.2109375 0.4652777777777778 0.208984375 0.4965277777777778 0.19140625 0.5 0.1875 0.46875 0.16796875 0.5138888888888888 0.171875 0.5451388888888888