0 0.09375 0.3263888888888889 0.09375 0.3020833333333333 0.0859375 0.28125 0.0625 0.2847222222222222 0.060546875 0.3263888888888889 0.09375 0.3263888888888889
0 0.78125 0.4375 0.818359375 0.4305555555555556 0.82421875 0.4201388888888889 0.818359375 0.3993055555555556 0.80078125 0.3854166666666667 0.775390625 0.4097222222222222 0.7734375 0.4305555555555556 0.78125 0.4375
0 0.923828125 0.3923611111111111 0.91796875 0.4027777777777778 0.923828125 0.40625 0.931640625 0.3784722222222222 0.978515625 0.3888888888888889 0.974609375 0.3611111111111111 0.955078125 0.3576388888888889 0.951171875 0.3472222222222222 0.9375 0.3541666666666667 0.943359375 0.375 0.921875 0.3784722222222222 0.91796875 0.3888888888888889 0.923828125 0.3923611111111111
0 0.154296875 0.3993055555555556 0.162109375 0.3888888888888889 0.16015625 0.34375 0.14453125 0.3472222222222222 0.142578125 0.375 0.154296875 0.3993055555555556
0 0.861328125 0.40625 0.912109375 0.4027777777777778 0.91015625 0.375 0.904296875 0.3715277777777778 0.87890625 0.3611111111111111 0.873046875 0.375 0.861328125 0.375 0.85546875 0.3854166666666667 0.861328125 0.40625
0 0.23046875 0.2465277777777778 0.2421875 0.2534722222222222 0.2421875 0.2326388888888889 0.23046875 0.2326388888888889 0.23046875 0.2465277777777778
0 0.154296875 0.3055555555555556 0.16015625 0.2777777777777778 0.1484375 0.2534722222222222 0.142578125 0.2638888888888889 0.142578125 0.3020833333333333 0.154296875 0.3055555555555556
0 0.017578125 0.4340277777777778 0.03125 0.4479166666666667 0.041015625 0.4305555555555556 0.04296875 0.40625 0.029296875 0.375 0.0234375 0.375 0.017578125 0.3784722222222222 0.017578125 0.4340277777777778
0 0.171875 0.3125 0.169921875 0.2847222222222222 0.15625 0.28125 0.154296875 0.3090277777777778 0.171875 0.3125
0 0.23828125 0.4652777777777778 0.25 0.4618055555555556 0.251953125 0.4375 0.267578125 0.4652777777777778 0.275390625 0.4513888888888889 0.275390625 0.4340277777777778 0.263671875 0.4375 0.234375 0.4201388888888889 0.23046875 0.4479166666666667 0.23828125 0.4652777777777778
0 0.16796875 0.3993055555555556 0.205078125 0.3993055555555556 0.19921875 0.375 0.16796875 0.3576388888888889 0.162109375 0.3888888888888889 0.16796875 0.3993055555555556
0 0.86328125 0.40625 0.853515625 0.3680555555555556 0.8359375 0.3680555555555556 0.82421875 0.3888888888888889 0.82421875 0.40625 0.86328125 0.40625
0 0.048828125 0.4201388888888889 0.068359375 0.4340277777777778 0.07421875 0.4201388888888889 0.072265625 0.3993055555555556 0.06640625 0.375 0.0546875 0.375 0.048828125 0.3854166666666667 0.048828125 0.4201388888888889
0 0.85546875 0.2847222222222222 0.890625 0.28125 0.89453125 0.25 0.875 0.2465277777777778 0.8515625 0.2604166666666667 0.849609375 0.28125 0.85546875 0.2847222222222222
0 0.923828125 0.3055555555555556 0.931640625 0.28125 0.91015625 0.2673611111111111 0.900390625 0.2847222222222222 0.923828125 0.3055555555555556
0 0.986328125 0.3888888888888889 0.98828125 0.4201388888888889 0.998046875 0.4166666666666667 0.99609375 0.375 0.98046875 0.3888888888888889 0.986328125 0.3888888888888889
0 0.58203125 0.4375 0.599609375 0.4305555555555556 0.6171875 0.3993055555555556 0.59765625 0.3854166666666667 0.576171875 0.4097222222222222 0.57421875 0.4270833333333333 0.58203125 0.4375
0 0.09375 0.4305555555555556 0.10546875 0.4305555555555556 0.11328125 0.4166666666666667 0.109375 0.3784722222222222 0.09765625 0.3611111111111111 0.087890625 0.3888888888888889 0.0859375 0.4201388888888889 0.09375 0.4305555555555556
0 0.4375 0.5138888888888888 0.45703125 0.5 0.47265625 0.5104166666666666 0.478515625 0.4861111111111111 0.474609375 0.4548611111111111 0.45703125 0.4722222222222222 0.443359375 0.4548611111111111 0.4375 0.46875 0.431640625 0.4930555555555556 0.4375 0.5138888888888888
0 0.09375 0.6388888888888888 0.09375 0.6597222222222222 0.103515625 0.6701388888888888 0.142578125 0.6388888888888888 0.14453125 0.625 0.154296875 0.625 0.15625 0.6354166666666666 0.16796875 0.625 0.162109375 0.5902777777777778 0.14453125 0.6145833333333334 0.126953125 0.6076388888888888 0.125 0.5972222222222222 0.130859375 0.59375 0.123046875 0.5763888888888888 0.111328125 0.5763888888888888 0.10546875 0.59375 0.10546875 0.6180555555555556 0.09375 0.6388888888888888