0 0.103515625 0.2777777777777778 0.103515625 0.2465277777777778 0.09375 0.2361111111111111 0.080078125 0.2465277777777778 0.076171875 0.2743055555555556 0.103515625 0.2777777777777778
0 0.44921875 0.25 0.4453125 0.22916666666666666 0.443359375 0.25 0.44921875 0.25
0 0.404296875 0.2222222222222222 0.40625 0.2013888888888889 0.400390625 0.2013888888888889 0.404296875 0.2222222222222222
0 0.443359375 0.3263888888888889 0.447265625 0.3055555555555556 0.4375 0.2951388888888889 0.435546875 0.3263888888888889 0.443359375 0.3263888888888889
0 0.7734375 0.3680555555555556 0.779296875 0.3402777777777778 0.79296875 0.3576388888888889 0.79296875 0.3402777777777778 0.787109375 0.3298611111111111 0.7734375 0.3402777777777778 0.7734375 0.3229166666666667 0.76171875 0.3263888888888889 0.755859375 0.34375 0.755859375 0.3611111111111111 0.7734375 0.3680555555555556
0 0.298828125 0.3368055555555556 0.3046875 0.3472222222222222 0.310546875 0.3125 0.298828125 0.3125 0.298828125 0.3368055555555556
0 0.12890625 0.2986111111111111 0.142578125 0.2951388888888889 0.142578125 0.2638888888888889 0.130859375 0.2638888888888889 0.119140625 0.2847222222222222 0.12890625 0.2986111111111111
0 0.294921875 0.2847222222222222 0.296875 0.2604166666666667 0.2890625 0.2569444444444444 0.287109375 0.28125 0.294921875 0.2847222222222222
0 0.173828125 0.2986111111111111 0.1875 0.3263888888888889 0.1796875 0.3090277777777778 0.1875 0.2951388888888889 0.1796875 0.28125 0.17578125 0.2916666666666667 0.162109375 0.2777777777777778 0.162109375 0.3055555555555556 0.173828125 0.2986111111111111
0 0.78125 0.4305555555555556 0.791015625 0.4201388888888889 0.8046875 0.4305555555555556 0.82421875 0.4097222222222222 0.82421875 0.3888888888888889 0.80078125 0.3888888888888889 0.794921875 0.375 0.78125 0.3888888888888889 0.7734375 0.4097222222222222 0.78125 0.4305555555555556
0 0.2421875 0.2604166666666667 0.244140625 0.2361111111111111 0.234375 0.22916666666666666 0.23046875 0.2361111111111111 0.2421875 0.2604166666666667
0 0.306640625 0.4618055555555556 0.3125 0.4618055555555556 0.318359375 0.4479166666666667 0.318359375 0.40625 0.3046875 0.40625 0.30078125 0.4409722222222222 0.306640625 0.4618055555555556
0 0.185546875 0.4201388888888889 0.185546875 0.375 0.16796875 0.375 0.162109375 0.4027777777777778 0.185546875 0.4201388888888889
0 0.267578125 0.5868055555555556 0.28125 0.6076388888888888 0.291015625 0.59375 0.291015625 0.5590277777777778 0.28515625 0.5451388888888888 0.267578125 0.5451388888888888 0.267578125 0.5868055555555556
0 0.34375 0.2604166666666667 0.33984375 0.22916666666666666 0.3359375 0.25 0.34375 0.2604166666666667
0 0.28515625 0.2326388888888889 0.28515625 0.21875 0.279296875 0.2152777777777778 0.279296875 0.2326388888888889 0.28515625 0.2326388888888889
0 0.484375 0.5104166666666666 0.486328125 0.4513888888888889 0.474609375 0.4513888888888889 0.47265625 0.4965277777777778 0.484375 0.5104166666666666
0 0.8671875 0.40625 0.888671875 0.40625 0.89453125 0.3888888888888889 0.888671875 0.3472222222222222 0.859375 0.3784722222222222 0.85546875 0.3993055555555556 0.8671875 0.40625
0 0.71875 0.5486111111111112 0.71875 0.5625 0.748046875 0.6041666666666666 0.75 0.5972222222222222 0.732421875 0.5798611111111112 0.75390625 0.5625 0.75390625 0.5451388888888888 0.748046875 0.5277777777777778 0.73046875 0.5347222222222222 0.728515625 0.5590277777777778 0.71875 0.5486111111111112
0 0.505859375 0.6354166666666666 0.51171875 0.5972222222222222 0.509765625 0.5486111111111112 0.498046875 0.5486111111111112 0.494140625 0.5590277777777778 0.4921875 0.6145833333333334 0.505859375 0.6354166666666666
0 0.30859375 0.21875 0.310546875 0.1909722222222222 0.3046875 0.1875 0.30859375 0.21875
0 0.740234375 0.3576388888888889 0.755859375 0.34375 0.755859375 0.3125 0.73828125 0.3194444444444444 0.73046875 0.3541666666666667 0.740234375 0.3576388888888889
0 0.56640625 0.8298611111111112 0.568359375 0.84375 0.60546875 0.8611111111111112 0.599609375 0.7743055555555556 0.591796875 0.7673611111111112 0.580078125 0.7777777777777778 0.580078125 0.8263888888888888 0.56640625 0.8298611111111112
0 0.359375 0.2048611111111111 0.361328125 0.1909722222222222 0.35546875 0.1840277777777778 0.353515625 0.2013888888888889 0.359375 0.2048611111111111