0 0.34765625 0.6875 0.35546875 0.6875 0.361328125 0.6076388888888888 0.357421875 0.59375 0.341796875 0.59375 0.341796875 0.6631944444444444 0.34765625 0.6875
0 0.3125 0.75 0.34375 0.7951388888888888 0.34375 0.6875 0.318359375 0.6875 0.3125 0.7013888888888888 0.3125 0.75
0 0.28125 0.9097222222222222 0.28125 0.9375 0.30859375 0.9826388888888888 0.310546875 0.9375 0.298828125 0.8993055555555556 0.296875 0.84375 0.28515625 0.84375 0.28125 0.8576388888888888 0.26953125 0.8611111111111112 0.267578125 0.8854166666666666 0.28125 0.9097222222222222
0 0.35546875 0.5 0.359375 0.4548611111111111 0.349609375 0.4548611111111111 0.34375 0.4826388888888889 0.35546875 0.5
0 0.330078125 0.3263888888888889 0.330078125 0.2916666666666667 0.32421875 0.2847222222222222 0.318359375 0.3090277777777778 0.330078125 0.3263888888888889
0 0.388671875 0.9166666666666666 0.39453125 0.9826388888888888 0.40625 0.9965277777777778 0.423828125 0.9965277777777778 0.41796875 0.9166666666666666 0.412109375 0.90625 0.3984375 0.9097222222222222 0.392578125 0.9236111111111112 0.388671875 0.9166666666666666
0 0.734375 0.7916666666666666 0.7421875 0.84375 0.76171875 0.8541666666666666 0.76171875 0.78125 0.767578125 0.7638888888888888 0.755859375 0.78125 0.73046875 0.7847222222222222 0.71875 0.75 0.71875 0.78125 0.734375 0.7916666666666666
0 0.248046875 0.7673611111111112 0.25 0.75 0.2421875 0.7395833333333334 0.248046875 0.6875 0.236328125 0.65625 0.2265625 0.6631944444444444 0.224609375 0.7638888888888888 0.248046875 0.7673611111111112
0 0.263671875 0.3368055555555556 0.2734375 0.3229166666666667 0.267578125 0.2986111111111111 0.26171875 0.3055555555555556 0.263671875 0.3368055555555556
0 0.30859375 0.9670138888888888 0.00390625 0.003472222222222222
0 0.25 0.9930555555555556 0.3046875 0.9965277777777778 0.3046875 0.96875 0.28125 0.9097222222222222 0.259765625 0.9201388888888888 0.25 0.9340277777777778 0.25 0.9930555555555556
0 0.029296875 0.6909722222222222 0.03515625 0.6909722222222222 0.056640625 0.6527777777777778 0.056640625 0.6354166666666666 0.041015625 0.59375 0.025390625 0.6076388888888888 0.0234375 0.6493055555555556 0.029296875 0.6909722222222222
0 0.212890625 0.5243055555555556 0.216796875 0.4861111111111111 0.193359375 0.4791666666666667 0.19140625 0.5173611111111112 0.212890625 0.5243055555555556
0 0.28515625 0.7916666666666666 0.287109375 0.7604166666666666 0.28125 0.7361111111111112 0.26171875 0.7361111111111112 0.255859375 0.75 0.28515625 0.7916666666666666
0 0.697265625 0.9375 0.71875 0.9618055555555556 0.736328125 0.9513888888888888 0.779296875 0.9930555555555556 0.759765625 0.9583333333333334 0.759765625 0.9375 0.7734375 0.9513888888888888 0.76171875 0.9305555555555556 0.755859375 0.8715277777777778 0.736328125 0.8715277777777778 0.7265625 0.8854166666666666 0.693359375 0.8368055555555556 0.685546875 0.84375 0.6796875 0.90625 0.697265625 0.9375
0 0.31640625 0.2638888888888889 0.322265625 0.24305555555555555 0.3125 0.24305555555555555 0.306640625 0.2534722222222222 0.31640625 0.2638888888888889
0 0.23046875 0.4131944444444444 0.21875 0.4270833333333333 0.21875 0.4513888888888889 0.2265625 0.4548611111111111 0.236328125 0.4375 0.236328125 0.4201388888888889 0.224609375 0.3923611111111111 0.220703125 0.3958333333333333 0.21875 0.4027777777777778 0.23046875 0.4131944444444444
0 0.373046875 0.7430555555555556 0.3828125 0.7430555555555556 0.388671875 0.7638888888888888 0.404296875 0.7638888888888888 0.396484375 0.6770833333333334 0.380859375 0.6736111111111112 0.375 0.6909722222222222 0.369140625 0.71875 0.373046875 0.7430555555555556
0 0.091796875 0.8333333333333334 0.099609375 0.8368055555555556 0.109375 0.7951388888888888 0.103515625 0.71875 0.076171875 0.7152777777777778 0.076171875 0.7951388888888888 0.091796875 0.8333333333333334
0 0.287109375 0.3715277777777778 0.298828125 0.3715277777777778 0.298828125 0.3298611111111111 0.29296875 0.3298611111111111 0.287109375 0.3368055555555556 0.287109375 0.3715277777777778
0 0.19921875 0.4027777777777778 0.205078125 0.3923611111111111 0.197265625 0.3715277777777778 0.177734375 0.3576388888888889 0.16796875 0.3680555555555556 0.162109375 0.3993055555555556 0.19921875 0.4027777777777778
0 0.20703125 0.8159722222222222 0.216796875 0.8229166666666666 0.216796875 0.71875 0.2109375 0.7048611111111112 0.193359375 0.7152777777777778 0.193359375 0.78125 0.20703125 0.8159722222222222
0 0.48046875 0.5972222222222222 0.4921875 0.6041666666666666 0.509765625 0.5416666666666666 0.50390625 0.53125 0.498046875 0.5451388888888888 0.486328125 0.5451388888888888 0.48046875 0.5555555555555556 0.48046875 0.5972222222222222
0 0.2734375 0.3993055555555556 0.279296875 0.4027777777777778 0.287109375 0.3854166666666667 0.28515625 0.3472222222222222 0.279296875 0.3472222222222222 0.2734375 0.3541666666666667 0.2734375 0.3993055555555556
0 0.33203125 0.3923611111111111 0.3203125 0.3784722222222222 0.330078125 0.3576388888888889 0.318359375 0.3472222222222222 0.31640625 0.375 0.33203125 0.3923611111111111
0 0.10546875 0.7013888888888888 0.111328125 0.7430555555555556 0.123046875 0.7534722222222222 0.125 0.7256944444444444 0.130859375 0.71875 0.12890625 0.65625 0.111328125 0.6493055555555556 0.10546875 0.6527777777777778 0.10546875 0.7013888888888888
0 0.361328125 0.5451388888888888 0.3671875 0.5555555555555556 0.380859375 0.5138888888888888 0.380859375 0.5 0.3671875 0.5 0.361328125 0.5104166666666666 0.361328125 0.5451388888888888
0 0.16796875 0.625 0.162109375 0.6111111111111112 0.150390625 0.6180555555555556 0.1484375 0.6701388888888888 0.1553308828125 0.6823937916666667 0.171875 0.65625 0.16796875 0.625
0 0.3359375 0.5555555555555556 0.34375 0.5451388888888888 0.34765625 0.5173611111111112 0.33203125 0.5138888888888888 0.330078125 0.5451388888888888 0.3359375 0.5555555555555556
0 0.091796875 0.3090277777777778 0.111328125 0.3125 0.109375 0.28125 0.099609375 0.2743055555555556 0.091796875 0.28125 0.091796875 0.3090277777777778
0 0.5 0.6284722222222222 0.5 0.6701388888888888 0.494140625 0.6805555555555556 0.517578125 0.7118055555555556 0.517578125 0.6180555555555556 0.5 0.6111111111111112 0.494140625 0.6215277777777778 0.5 0.6284722222222222
0 0.17578125 0.9375 0.18359375 0.9375 0.19921875 0.96875 0.208984375 0.9652777777777778 0.20703125 0.8784722222222222 0.19921875 0.8541666666666666 0.19140625 0.8402777777777778 0.15625 0.8576388888888888 0.15625 0.8923611111111112 0.17578125 0.9375
0 0.46875 0.5625 0.474609375 0.5138888888888888 0.46875 0.4965277777777778 0.455078125 0.5104166666666666 0.455078125 0.5486111111111112 0.46875 0.5625
0 0.19921875 0.6527777777777778 0.19921875 0.625 0.2109375 0.5972222222222222 0.2109375 0.5729166666666666 0.193359375 0.5659722222222222 0.185546875 0.5763888888888888 0.1796875 0.6423611111111112 0.19921875 0.6527777777777778
0 0.23828125 0.40625 0.25 0.3993055555555556 0.25 0.3576388888888889 0.2421875 0.3472222222222222 0.236328125 0.3576388888888889 0.23828125 0.40625