0 0.0859375 0.375 0.09375 0.40625 0.1015625 0.4097222222222222 0.111328125 0.4027777777777778 0.111328125 0.3923611111111111 0.10546875 0.3611111111111111 0.09765625 0.3541666666666667 0.0859375 0.3576388888888889 0.0859375 0.375
0 0.236328125 0.5034722222222222 0.2421875 0.5277777777777778 0.25 0.5243055555555556 0.2578125 0.4930555555555556 0.265625 0.5 0.267578125 0.5173611111111112 0.29296875 0.5034722222222222 0.291015625 0.46875 0.28125 0.46875 0.26953125 0.4930555555555556 0.259765625 0.4930555555555556 0.25390625 0.4861111111111111 0.255859375 0.46875 0.25 0.4652777777777778 0.25 0.4791666666666667 0.236328125 0.5034722222222222
0 0.07421875 0.4097222222222222 0.0859375 0.40625 0.091796875 0.3923611111111111 0.0859375 0.3576388888888889 0.072265625 0.3576388888888889 0.068359375 0.3923611111111111 0.07421875 0.4097222222222222
0 0.166015625 0.3611111111111111 0.150390625 0.375 0.15625 0.3923611111111111 0.1640625 0.3923611111111111 0.16796875 0.3576388888888889 0.1640625 0.34375 0.154296875 0.3402777777777778 0.150390625 0.34375 0.166015625 0.3611111111111111
0 0.69140625 0.4340277777777778 0.6796875 0.4236111111111111 0.67578125 0.4513888888888889 0.69140625 0.4340277777777778
0 0.65625 0.5 0.673828125 0.5 0.67578125 0.4861111111111111 0.6875 0.4826388888888889 0.685546875 0.46875 0.66796875 0.4548611111111111 0.662109375 0.4236111111111111 0.65625 0.4236111111111111 0.64453125 0.4548611111111111 0.64453125 0.4791666666666667 0.65625 0.5
0 0.037109375 0.46875 0.052734375 0.46875 0.06640625 0.4826388888888889 0.076171875 0.4826388888888889 0.08203125 0.46875 0.080078125 0.4409722222222222 0.068359375 0.4375 0.0625 0.4513888888888889 0.041015625 0.4375 0.03125 0.4444444444444444 0.029296875 0.4583333333333333 0.037109375 0.46875
0 0.173828125 0.4722222222222222 0.17578125 0.4965277777777778 0.1875 0.5 0.228515625 0.4791666666666667 0.23046875 0.4513888888888889 0.216796875 0.4479166666666667 0.208984375 0.4618055555555556 0.19921875 0.4618055555555556 0.1875 0.4375 0.185546875 0.4548611111111111 0.173828125 0.4722222222222222
0 0.15625 0.4652777777777778 0.1875 0.4513888888888889 0.1875 0.4340277777777778 0.162109375 0.4201388888888889 0.150390625 0.4409722222222222 0.15625 0.4652777777777778
0 0.10546875 0.5243055555555556 0.130859375 0.5 0.14453125 0.5 0.150390625 0.5173611111111112 0.15625 0.5138888888888888 0.15625 0.46875 0.1484375 0.4548611111111111 0.134765625 0.46875 0.111328125 0.4548611111111111 0.10546875 0.4722222222222222 0.099609375 0.5 0.10546875 0.5243055555555556
0 0.130859375 0.3923611111111111 0.13671875 0.40625 0.1484375 0.40625 0.1484375 0.3784722222222222 0.140625 0.3576388888888889 0.130859375 0.3472222222222222 0.130859375 0.3923611111111111
0 0.123046875 0.4201388888888889 0.130859375 0.40625 0.130859375 0.375 0.125 0.3611111111111111 0.11328125 0.3611111111111111 0.111328125 0.4027777777777778 0.123046875 0.4201388888888889
0 0.630859375 0.375 0.654296875 0.3263888888888889 0.64453125 0.3229166666666667 0.634765625 0.3368055555555556 0.62890625 0.3472222222222222 0.630859375 0.375
0 0.912109375 0.2916666666666667 0.9375 0.28125 0.935546875 0.2638888888888889 0.912109375 0.2673611111111111 0.90625 0.2777777777777778 0.912109375 0.2916666666666667
0 0.29296875 0.4479166666666667 0.30078125 0.4166666666666667 0.30859375 0.4166666666666667 0.322265625 0.4479166666666667 0.32421875 0.40625 0.287109375 0.40625 0.28125 0.4513888888888889 0.29296875 0.4479166666666667
0 0.162109375 0.3055555555555556 0.166015625 0.28125 0.150390625 0.2777777777777778 0.1484375 0.3055555555555556 0.162109375 0.3055555555555556
0 0.294921875 0.5902777777777778 0.298828125 0.5729166666666666 0.3125 0.5590277777777778 0.3125 0.5416666666666666 0.298828125 0.5104166666666666 0.28515625 0.5034722222222222 0.28515625 0.5833333333333334 0.294921875 0.5902777777777778
0 0.46875 0.5173611111111112 0.46875 0.5416666666666666 0.498046875 0.5486111111111112 0.517578125 0.5104166666666666 0.517578125 0.4791666666666667 0.505859375 0.4652777777777778 0.50390625 0.4826388888888889 0.49609375 0.4618055555555556 0.48046875 0.4722222222222222 0.478515625 0.4965277777777778 0.46875 0.5173611111111112
0 0.294921875 0.5902777777777778 0.298828125 0.5729166666666666 0.32421875 0.5486111111111112 0.326171875 0.5347222222222222 0.32421875 0.5173611111111112 0.310546875 0.5243055555555556 0.28515625 0.5034722222222222 0.28515625 0.5833333333333334 0.294921875 0.5902777777777778
0 0.791015625 0.3854166666666667 0.796875 0.3715277777777778 0.79296875 0.3541666666666667 0.7734375 0.3541666666666667 0.7734375 0.3888888888888889 0.791015625 0.3854166666666667