0 0.755859375 0.2604166666666667 0.755859375 0.2361111111111111 0.75 0.2361111111111111 0.736328125 0.2534722222222222 0.755859375 0.2604166666666667
0 0.546875 0.3298611111111111 0.5546875 0.3263888888888889 0.55078125 0.2777777777777778 0.54296875 0.2777777777777778 0.546875 0.3298611111111111
0 0.0546875 0.3368055555555556 0.072265625 0.3368055555555556 0.072265625 0.2986111111111111 0.052734375 0.2951388888888889 0.048828125 0.3263888888888889 0.0546875 0.3368055555555556
0 0.82421875 0.2743055555555556 0.830078125 0.2604166666666667 0.826171875 0.25 0.806640625 0.25 0.806640625 0.2743055555555556 0.82421875 0.2743055555555556
0 0.16796875 0.4027777777777778 0.1953125 0.4027777777777778 0.205078125 0.3923611111111111 0.193359375 0.3611111111111111 0.16796875 0.3611111111111111 0.162109375 0.3854166666666667 0.16796875 0.4027777777777778
0 0.212890625 0.4236111111111111 0.25 0.4201388888888889 0.248046875 0.3854166666666667 0.22265625 0.4027777777777778 0.2109375 0.3993055555555556 0.20703125 0.40625 0.212890625 0.4236111111111111
0 0.76171875 0.8055555555555556 0.787109375 0.84375 0.796875 0.84375 0.798828125 0.8229166666666666 0.787109375 0.7916666666666666 0.787109375 0.7604166666666666 0.771484375 0.7465277777777778 0.76171875 0.7465277777777778 0.76171875 0.8055555555555556
0 0.82421875 0.7604166666666666 0.82421875 0.8090277777777778 0.818359375 0.8125 0.81640625 0.8541666666666666 0.8359375 0.8576388888888888 0.84375 0.875 0.861328125 0.8854166666666666 0.8671875 0.875 0.8671875 0.8472222222222222 0.857421875 0.8333333333333334 0.841796875 0.7604166666666666 0.822265625 0.7430555555555556 0.830078125 0.7534722222222222 0.82421875 0.7604166666666666
0 0.380859375 0.2638888888888889 0.38671875 0.2326388888888889 0.37890625 0.2326388888888889 0.380859375 0.2638888888888889
0 0.130859375 0.28125 0.1484375 0.28125 0.154296875 0.2534722222222222 0.12890625 0.24305555555555555 0.125 0.2638888888888889 0.130859375 0.28125
0 0 0.5486111111111112 0.029296875 0.5451388888888888 0.041015625 0.5243055555555556 0.03125 0.46875 0.017578125 0.4548611111111111 0.017578125 0.4722222222222222 0.005859375 0.4965277777777778 0.009765625 0.5034722222222222 0 0.5138888888888888 0 0.5486111111111112
0 0.9921875 0.4375 0.998046875 0.4201388888888889 0.990234375 0.4097222222222222 0.998046875 0.3993055555555556 0.998046875 0.3784722222222222 0.9921875 0.375 0.98046875 0.4375 0.9921875 0.4375
0 0.185546875 0.4965277777777778 0.185546875 0.4826388888888889 0.208984375 0.4965277777777778 0.216796875 0.4826388888888889 0.2109375 0.4479166666666667 0.201171875 0.4513888888888889 0.197265625 0.4791666666666667 0.1796875 0.4756944444444444 0.1796875 0.4375 0.173828125 0.4375 0.162109375 0.5 0.185546875 0.4965277777777778
0 0.505859375 0.4513888888888889 0.5078125 0.4409722222222222 0.5234375 0.4513888888888889 0.5234375 0.4201388888888889 0.4921875 0.3888888888888889 0.486328125 0.4513888888888889 0.505859375 0.4513888888888889
0 0.6484375 0.5 0.662109375 0.5034722222222222 0.662109375 0.4548611111111111 0.654296875 0.4479166666666667 0.65625 0.4375 0.64453125 0.4375 0.63671875 0.4826388888888889 0.6484375 0.5
0 0.099609375 0.4930555555555556 0.111328125 0.4965277777777778 0.1171875 0.4826388888888889 0.154296875 0.4826388888888889 0.16015625 0.46875 0.111328125 0.4375 0.099609375 0.46875 0.099609375 0.4930555555555556
0 0.32421875 0.46875 0.330078125 0.4513888888888889 0.314453125 0.4027777777777778 0.29296875 0.3993055555555556 0.28515625 0.4131944444444444 0.28125 0.46875 0.32421875 0.46875
0 0.10546875 0.375 0.111328125 0.375 0.111328125 0.3263888888888889 0.099609375 0.3263888888888889 0.10546875 0.375
0 0 0.5173611111111112 0.005859375 0.53125 0 0.5486111111111112 0.03515625 0.5416666666666666 0.04296875 0.5138888888888888 0.03515625 0.5 0.025390625 0.5 0.009765625 0.53125 0 0.5173611111111112
0 0.9609375 0.2916666666666667 0.98828125 0.2847222222222222 0.986328125 0.2638888888888889 0.9609375 0.2673611111111111 0.955078125 0.2743055555555556 0.9609375 0.2916666666666667
0 0.44140625 0.4513888888888889 0.447265625 0.4236111111111111 0.4375 0.3923611111111111 0.41796875 0.4027777777777778 0.412109375 0.4166666666666667 0.412109375 0.4652777777777778 0.44140625 0.4513888888888889
0 0.08203125 0.2777777777777778 0.10546875 0.2777777777777778 0.10546875 0.25 0.0859375 0.2361111111111111 0.080078125 0.2465277777777778 0.08203125 0.2777777777777778
0 0.48828125 0.9756944444444444 0.51953125 0.9965277777777778 0.548828125 0.9965277777777778 0.546875 0.9652777777777778 0.537109375 0.9409722222222222 0.53515625 0.8576388888888888 0.513671875 0.8298611111111112 0.501953125 0.8611111111111112 0.48828125 0.8680555555555556 0.48046875 0.8472222222222222 0.47265625 0.8541666666666666 0.46875 0.9236111111111112 0.48828125 0.9756944444444444
0 0.884765625 0.2777777777777778 0.880859375 0.25 0.8671875 0.2534722222222222 0.861328125 0.2777777777777778 0.884765625 0.2777777777777778
0 0.888671875 0.2916666666666667 0.912109375 0.2916666666666667 0.912109375 0.2673611111111111 0.89453125 0.2604166666666667 0.88671875 0.2743055555555556 0.888671875 0.2916666666666667