0 0.435546875 0.7604166666666666 0.44140625 0.7638888888888888 0.44140625 0.7777777777777778 0.451171875 0.7847222222222222 0.466796875 0.7743055555555556 0.466796875 0.7013888888888888 0.451171875 0.7013888888888888 0.443359375 0.71875 0.443359375 0.7534722222222222 0.435546875 0.7604166666666666
0 0.42578125 0.7430555555555556 0.43359375 0.7465277777777778 0.435546875 0.7326388888888888 0.421875 0.7013888888888888 0.41796875 0.7118055555555556 0.42578125 0.7430555555555556
0 0.53515625 0.5347222222222222 0.537109375 0.4965277777777778 0.529296875 0.4826388888888889 0.51953125 0.4861111111111111 0.517578125 0.53125 0.53515625 0.5347222222222222
0 0.486328125 0.65625 0.494140625 0.65625 0.50390625 0.5868055555555556 0.5 0.5763888888888888 0.474609375 0.5763888888888888 0.46875 0.6215277777777778 0.486328125 0.65625
0 0.259765625 0.3993055555555556 0.267578125 0.3888888888888889 0.26171875 0.3472222222222222 0.25390625 0.34375 0.25 0.3541666666666667 0.248046875 0.3923611111111111 0.259765625 0.3993055555555556
0 0.5546875 0.6076388888888888 0.572265625 0.6284722222222222 0.564453125 0.6145833333333334 0.57421875 0.6030104166666667 0.57421875 0.5590277777777778 0.5625 0.5486111111111112 0.5546875 0.5625 0.5546875 0.6076388888888888
0 0.025390625 0.5902777777777778 0.048828125 0.625 0.056640625 0.5972222222222222 0.0546875 0.5555555555555556 0.044921875 0.5451388888888888 0.03125 0.5486111111111112 0.03515625 0.5590277777777778 0.025390625 0.5902777777777778
0 0.29296875 0.4409722222222222 0.298828125 0.4340277777777778 0.283203125 0.4201388888888889 0.28515625 0.4027777777777778 0.298828125 0.4027777777777778 0.298828125 0.3923611111111111 0.287109375 0.3888888888888889 0.28125 0.4201388888888889 0.29296875 0.4409722222222222
0 0.3984375 0.6701388888888888 0.416015625 0.7013888888888888 0.421875 0.6875 0.423828125 0.6284722222222222 0.41015625 0.6111111111111112 0.3984375 0.6215277777777778 0.3984375 0.6701388888888888
0 0.17578125 0.4861111111111111 0.16015625 0.5138888888888888 0.162109375 0.53125 0.169921875 0.5347222222222222 0.1796875 0.5243055555555556 0.1796875 0.4965277777777778 0.171875 0.4722222222222222 0.162109375 0.4722222222222222 0.16015625 0.4826388888888889 0.17578125 0.4861111111111111
0 0.37890625 0.6076388888888888 0.38671875 0.5902777777777778 0.384765625 0.5486111111111112 0.36328125 0.5451388888888888 0.36328125 0.5902777777777778 0.37890625 0.6076388888888888
0 0.66796875 0.875 0.662109375 0.8888888888888888 0.671875 0.90625 0.66796875 0.9201388888888888 0.673828125 0.9236111111111112 0.67578125 0.9618055555555556 0.69140625 0.96875 0.693359375 0.9097222222222222 0.6875 0.8958333333333334 0.6875 0.8611111111111112 0.685546875 0.8472222222222222 0.67578125 0.8402777777777778 0.662109375 0.84375 0.66796875 0.875
0 0.134765625 0.3229166666666667 0.150390625 0.3298611111111111 0.154296875 0.3229166666666667 0.142578125 0.2916666666666667 0.134765625 0.2951388888888889 0.134765625 0.3229166666666667
0 0.025390625 0.9479166666666666 0.04296875 0.8923611111111112 0.046875 0.8576388888888888 0.0390625 0.8090277777777778 0.013671875 0.8125 0.013671875 0.8993055555555556 0.025390625 0.9479166666666666
0 0.423828125 0.625 0.435546875 0.6284722222222222 0.443359375 0.6076388888888888 0.44140625 0.5798611111111112 0.435546875 0.5659722222222222 0.421875 0.5798611111111112 0.41796875 0.6111111111111112 0.423828125 0.625
0 0.01171875 0.3576388888888889 0.03515625 0.34375 0.03125 0.3159722222222222 0.01171875 0.3159722222222222 0.005859375 0.3263888888888889 0.01171875 0.3576388888888889
0 0.671875 0.75 0.685546875 0.7569444444444444 0.673828125 0.7777777777777778 0.6796875 0.8125 0.712890625 0.875 0.71875 0.875 0.73046875 0.84375 0.724609375 0.8229166666666666 0.728515625 0.78125 0.71875 0.75 0.7109375 0.75 0.697265625 0.7743055555555556 0.673828125 0.7222222222222222 0.6796875 0.7430555555555556 0.671875 0.75
0 0.34375 0.8611111111111112 0.337890625 0.875 0.34375 0.8680555555555556 0.3671875 0.8923611111111112 0.369140625 0.8576388888888888 0.361328125 0.8368055555555556 0.359375 0.7847222222222222 0.349609375 0.7743055555555556 0.341796875 0.7986111111111112 0.337890625 0.8472222222222222 0.34375 0.8611111111111112
0 0.3046875 0.8194444444444444 0.3125 0.8402777777777778 0.330078125 0.8541666666666666 0.326171875 0.7986111111111112 0.3125 0.7673611111111112 0.30078125 0.7777777777777778 0.3046875 0.8194444444444444
0 0.3603515625 0.7586805555555556 0.001953125 0.010416666666666666
0 0.4091796875 0.9392361111111112 0.005859375 0.003472222222222222
0 0.388671875 0.8923611111111112 0.392578125 0.9201388888888888 0.3984375 0.9305555555555556 0.416015625 0.9201388888888888 0.421875 0.9409722222222222 0.41796875 0.9652777777777778 0.44921875 0.9791666666666666 0.455078125 0.9513888888888888 0.443359375 0.8611111111111112 0.431640625 0.8611111111111112 0.416015625 0.8854166666666666 0.392578125 0.8576388888888888 0.400390625 0.8715277777777778 0.388671875 0.8923611111111112
0 0.361328125 0.5104166666666666 0.375 0.5 0.373046875 0.4722222222222222 0.36328125 0.4722222222222222 0.35546875 0.4826388888888889 0.361328125 0.5104166666666666
0 0.34765625 0.5798611111111112 0.353515625 0.5763888888888888 0.35546875 0.5243055555555556 0.353515625 0.5138888888888888 0.33984375 0.5138888888888888 0.3359375 0.5590277777777778 0.34765625 0.5798611111111112
0 0.185546875 0.4027777777777778 0.19921875 0.3888888888888889 0.197265625 0.3715277777777778 0.16796875 0.3576388888888889 0.162109375 0.3993055555555556 0.185546875 0.4027777777777778
0 0.048828125 0.3090277777777778 0.06640625 0.3090277777777778 0.072265625 0.2986111111111111 0.068359375 0.2847222222222222 0.048828125 0.2743055555555556 0.04296875 0.28125 0.048828125 0.3090277777777778
0 0.15625 0.6666666666666666 0.162109375 0.6701388888888888 0.173828125 0.6527777777777778 0.173828125 0.5868055555555556 0.150390625 0.59375 0.150390625 0.6354166666666666 0.15625 0.6666666666666666
0 0.630859375 0.9861111111111112 0.63671875 0.9965277777777778 0.65625 0.9965277777777778 0.662109375 0.96875 0.6484375 0.9166666666666666 0.6484375 0.8888888888888888 0.640625 0.875 0.6328125 0.8819444444444444 0.625 0.90625 0.630859375 0.9861111111111112
0 0.615234375 0.6597222222222222 0.623046875 0.6493055555555556 0.623046875 0.6180555555555556 0.6171875 0.5972222222222222 0.6015625 0.6006944444444444 0.60546875 0.6527777777777778 0.615234375 0.6597222222222222
0 0.130859375 0.5104166666666666 0.134765625 0.4965277777777778 0.1484375 0.4930555555555556 0.150390625 0.4513888888888889 0.12890625 0.4513888888888889 0.125 0.5034722222222222 0.130859375 0.5104166666666666
0 0.23828125 0.5763888888888888 0.25 0.5625 0.25 0.5243055555555556 0.236328125 0.5034722222222222 0.23046875 0.53125 0.23828125 0.5763888888888888
0 0.19921875 0.6388888888888888 0.20703125 0.5555555555555556 0.19140625 0.5555555555555556 0.1875 0.5763888888888888 0.19921875 0.6388888888888888
0 0.59765625 0.71875 0.609375 0.7291666666666666 0.611328125 0.6701388888888888 0.6015625 0.6527777777777778 0.591796875 0.65625 0.587890625 0.6805555555555556 0.59765625 0.71875
0 0.3359375 0.9965277777777778 0.361328125 0.9965277777777778 0.35546875 0.9375 0.349609375 0.9409722222222222 0.3359375 0.9548611111111112 0.3359375 0.9965277777777778
0 0.28515625 0.9479166666666666 0.28515625 0.9965277777777778 0.30078125 0.9791666666666666 0.302734375 0.9965277777777778 0.310546875 0.9930555555555556 0.298828125 0.9652777777777778 0.29296875 0.9201388888888888 0.287109375 0.9201388888888888 0.29296875 0.9375 0.28515625 0.9479166666666666
0 0.34375 0.875 0.3671875 0.8923611111111112 0.361328125 0.7951388888888888 0.35546875 0.7777777777777778 0.34375 0.7847222222222222 0.337890625 0.84375 0.34375 0.875
0 0.04296875 0.3263888888888889 0.0390625 0.2847222222222222 0.02734375 0.2881944444444444 0.025390625 0.3090277777777778 0.04296875 0.3263888888888889
0 0.537109375 0.7777777777777778 0.53125 0.7951388888888888 0.537109375 0.8298611111111112 0.560546875 0.8263888888888888 0.5625 0.7951388888888888 0.548828125 0.7569444444444444 0.546875 0.7222222222222222 0.533203125 0.7395833333333334 0.53125 0.7673611111111112 0.537109375 0.7777777777777778
0 0.46875 0.7951388888888888 0.46875 0.8090277777777778 0.455078125 0.8125 0.455078125 0.8541666666666666 0.466796875 0.8611111111111112 0.474609375 0.8333333333333334 0.482421875 0.8298611111111112 0.486328125 0.8541666666666666 0.48046875 0.8784722222222222 0.515625 0.9027777777777778 0.509765625 0.8125 0.4921875 0.8055555555555556 0.478515625 0.8263888888888888 0.466796875 0.78125 0.455078125 0.78125 0.46875 0.7951388888888888
0 0.505859375 0.5451388888888888 0.513671875 0.5451388888888888 0.517578125 0.5138888888888888 0.505859375 0.5034722222222222 0.5 0.5243055555555556 0.505859375 0.5451388888888888
0 0.56640625 0.9652777777777778 0.572265625 0.9722222222222222 0.568359375 0.9930555555555556 0.603515625 0.9930555555555556 0.60546875 0.9722222222222222 0.59375 0.9236111111111112 0.576171875 0.9236111111111112 0.56640625 0.9409722222222222 0.56640625 0.9652777777777778
0 0.57421875 0.7951388888888888 0.59765625 0.8125 0.60546875 0.75 0.599609375 0.7222222222222222 0.572265625 0.7326388888888888 0.568359375 0.7777777777777778 0.57421875 0.7951388888888888
0 0.091796875 0.9965277777777778 0.13671875 0.9965277777777778 0.142578125 0.9861111111111112 0.130859375 0.9375 0.10546875 0.9513888888888888 0.091796875 0.96875 0.091796875 0.9965277777777778
0 0.1484375 0.9201388888888888 0.154296875 0.90625 0.14453125 0.9097222222222222 0.142578125 0.9201388888888888 0.1484375 0.9201388888888888
0 0.515625 0.9027777777777778 0.509765625 0.8125 0.48828125 0.8125 0.486328125 0.8784722222222222 0.515625 0.9027777777777778
0 0.255859375 0.46875 0.263671875 0.4791666666666667 0.2734375 0.4513888888888889 0.2734375 0.4201388888888889 0.26171875 0.40625 0.255859375 0.4097222222222222 0.255859375 0.46875
0 0.1875 0.9097222222222222 0.1875 0.9375 0.21875 0.9791666666666666 0.228515625 0.9201388888888888 0.22265625 0.8472222222222222 0.2109375 0.8368055555555556 0.19140625 0.8576388888888888 0.193359375 0.90625 0.1875 0.9097222222222222
0 0.6083984375 0.9392361111111112 0.005859375 0.003472222222222222
0 0.591796875 0.8923611111111112 0.6015625 0.8888888888888888 0.603515625 0.9201388888888888 0.623046875 0.9444444444444444 0.619140625 0.9513888888888888 0.630859375 0.9722222222222222 0.62890625 0.9930555555555556 0.662109375 0.9930555555555556 0.65625 0.9236111111111112 0.64453125 0.8784722222222222 0.630859375 0.8715277777777778 0.625 0.8923611111111112 0.6171875 0.8854166666666666 0.611328125 0.8993055555555556 0.59765625 0.8819444444444444 0.59765625 0.84375 0.58203125 0.84375 0.58203125 0.8784722222222222 0.591796875 0.8923611111111112
0 0.625 0.8298611111111112 0.634765625 0.8298611111111112 0.634765625 0.8125 0.625 0.8125 0.625 0.8298611111111112