0 0.267578125 0.4375 0.2734375 0.4479166666666667 0.28125 0.4409722222222222 0.279296875 0.4236111111111111 0.2734375 0.4236111111111111 0.271484375 0.4375 0.263671875 0.4340277777777778 0.255859375 0.4097222222222222 0.2421875 0.4201388888888889 0.2421875 0.4548611111111111 0.267578125 0.4375
0 0.51171875 0.3229166666666667 0.517578125 0.3055555555555556 0.513671875 0.2847222222222222 0.505859375 0.28125 0.50390625 0.3125 0.51171875 0.3229166666666667
0 0.53125 0.2916666666666667 0.5234375 0.3194444444444444 0.53125 0.3229166666666667 0.53515625 0.2951388888888889 0.525390625 0.28125 0.5234375 0.2881944444444444 0.53125 0.2916666666666667
0 0.716796875 0.4791666666666667 0.72265625 0.4513888888888889 0.7109375 0.4340277777777778 0.72265625 0.4097222222222222 0.70703125 0.4097222222222222 0.70703125 0.4236111111111111 0.69921875 0.4201388888888889 0.6875 0.4409722222222222 0.6796875 0.4826388888888889 0.716796875 0.4791666666666667
0 0 0.5590277777777778 0.017578125 0.5451388888888888 0.03125 0.5138888888888888 0.029296875 0.5 0.017578125 0.5 0 0.5138888888888888 0 0.5590277777777778
0 0.193359375 0.5972222222222222 0.201171875 0.59375 0.205078125 0.5763888888888888 0.1875 0.5798611111111112 0.185546875 0.59375 0.193359375 0.5972222222222222
0 0.2421875 0.59375 0.2421875 0.5625 0.23046875 0.5625 0.23046875 0.59375 0.2421875 0.59375
0 0.53125 0.5138888888888888 0.53515625 0.5 0.564453125 0.5 0.568359375 0.4652777777777778 0.560546875 0.4548611111111111 0.5546875 0.46875 0.537109375 0.4652777777777778 0.51953125 0.4861111111111111 0.5234375 0.5138888888888888 0.53125 0.5138888888888888
0 0.0234375 0.5659722222222222 0.07421875 0.5381944444444444 0.087890625 0.5416666666666666 0.083984375 0.5104166666666666 0.07421875 0.5104166666666666 0.068359375 0.5347222222222222 0.060546875 0.5277777777777778 0.05078125 0.5451388888888888 0.04296875 0.5416666666666666 0.041015625 0.5138888888888888 0.03515625 0.5104166666666666 0.017578125 0.5416666666666666 0.0234375 0.5659722222222222
0 0.435546875 0.3298611111111111 0.435546875 0.2951388888888889 0.42578125 0.2986111111111111 0.42578125 0.3298611111111111 0.435546875 0.3298611111111111
0 0.275390625 0.5625 0.3046875 0.5555555555555556 0.3125 0.5347222222222222 0.310546875 0.5034722222222222 0.30078125 0.5034722222222222 0.28515625 0.5451388888888888 0.279296875 0.5381944444444444 0.28515625 0.5138888888888888 0.279296875 0.5034722222222222 0.26953125 0.5034722222222222 0.26171875 0.53125 0.26171875 0.5763888888888888 0.275390625 0.5625
0 0.310546875 0.5 0.35546875 0.4930555555555556 0.35546875 0.4618055555555556 0.349609375 0.4548611111111111 0.33203125 0.4618055555555556 0.326171875 0.4479166666666667 0.31640625 0.4513888888888889 0.306640625 0.4791666666666667 0.310546875 0.5
0 0.236328125 0.5 0.2421875 0.4826388888888889 0.240234375 0.4618055555555556 0.212890625 0.46875 0.201171875 0.4548611111111111 0.193359375 0.4722222222222222 0.19140625 0.5 0.236328125 0.5
0 0.65625 0.5763888888888888 0.66015625 0.6145833333333334 0.673828125 0.625 0.685546875 0.5729166666666666 0.67578125 0.5486111111111112 0.666015625 0.5486111111111112 0.65625 0.5625 0.65625 0.5763888888888888
0 0.75390625 0.4479166666666667 0.76953125 0.4340277777777778 0.767578125 0.3993055555555556 0.75 0.4097222222222222 0.736328125 0.3993055555555556 0.728515625 0.4131944444444444 0.728515625 0.4479166666666667 0.75390625 0.4479166666666667
0 0.548828125 0.3159722222222222 0.55078125 0.2847222222222222 0.541015625 0.2847222222222222 0.537109375 0.3055555555555556 0.548828125 0.3159722222222222
0 0.60546875 0.4375 0.619140625 0.40625 0.6015625 0.40625 0.59765625 0.3888888888888889 0.5859375 0.3993055555555556 0.58203125 0.4479166666666667 0.60546875 0.4375
0 0.41015625 0.4618055555555556 0.41796875 0.4409722222222222 0.3984375 0.4097222222222222 0.38671875 0.4097222222222222 0.375 0.4305555555555556 0.373046875 0.46875 0.41015625 0.4618055555555556
0 0.09765625 0.53125 0.134765625 0.5104166666666666 0.1484375 0.4722222222222222 0.138671875 0.46875 0.130859375 0.4826388888888889 0.11328125 0.4861111111111111 0.10546875 0.46875 0.09375 0.4826388888888889 0.087890625 0.5138888888888888 0.09765625 0.53125
0 0.474609375 0.4305555555555556 0.5 0.4305555555555556 0.50390625 0.3888888888888889 0.486328125 0.375 0.47265625 0.3784722222222222 0.46875 0.3888888888888889 0.474609375 0.4305555555555556
0 0.31640625 0.6041666666666666 0.36328125 0.5763888888888888 0.365234375 0.5277777777777778 0.35546875 0.5243055555555556 0.34375 0.5486111111111112 0.33203125 0.5173611111111112 0.322265625 0.5277777777777778 0.3125 0.5625 0.31640625 0.6041666666666666
0 0.423828125 0.4965277777777778 0.43359375 0.46875 0.4453125 0.46875 0.4453125 0.4965277777777778 0.45703125 0.4895833333333333 0.462890625 0.4548611111111111 0.455078125 0.4479166666666667 0.44921875 0.4618055555555556 0.4296875 0.4618055555555556 0.4296875 0.4375 0.423828125 0.4375 0.412109375 0.46875 0.412109375 0.5 0.423828125 0.4965277777777778
0 0.51171875 0.4409722222222222 0.53515625 0.4479166666666667 0.546875 0.4305555555555556 0.548828125 0.40625 0.53515625 0.4097222222222222 0.517578125 0.3888888888888889 0.5 0.4305555555555556 0.5 0.4513888888888889 0.51171875 0.4409722222222222
0 0.5546875 0.3125 0.56640625 0.3159722222222222 0.568359375 0.28125 0.5546875 0.28125 0.5546875 0.3125
0 0.576171875 0.5555555555555556 0.587890625 0.5347222222222222 0.60546875 0.5416666666666666 0.611328125 0.4930555555555556 0.5859375 0.4930555555555556 0.57421875 0.5069444444444444 0.568359375 0.5451388888888888 0.576171875 0.5555555555555556
0 0.611328125 0.4791666666666667 0.6328125 0.4826388888888889 0.64453125 0.4652777777777778 0.642578125 0.4340277777777778 0.6328125 0.40625 0.611328125 0.4236111111111111 0.603515625 0.4375 0.611328125 0.4791666666666667
0 0.1328125 0.625 0.142578125 0.6076388888888888 0.1796875 0.5972222222222222 0.1875 0.5798611111111112 0.1875 0.5451388888888888 0.17578125 0.5451388888888888 0.16015625 0.5763888888888888 0.150390625 0.5590277777777778 0.130859375 0.5659722222222222 0.125 0.6215277777777778 0.1328125 0.625