0 0.8984375 0.2777777777777778 0.8984375 0.2604166666666667 0.888671875 0.2534722222222222 0.8828125 0.2638888888888889 0.859375 0.2673611111111111 0.85546875 0.28125 0.8984375 0.2777777777777778
0 0.04296875 0.3125 0.04296875 0.2847222222222222 0.0234375 0.28125 0.0234375 0.3125 0.04296875 0.3125
0 0.748046875 0.4652777777777778 0.75 0.4375 0.736328125 0.40625 0.71484375 0.4131944444444444 0.7109375 0.4409722222222222 0.748046875 0.4652777777777778
0 0.75 0.2534722222222222 0.75 0.2326388888888889 0.736328125 0.2326388888888889 0.73046875 0.25 0.75 0.2534722222222222
0 0.5458984375 0.4826388888888889 0.017578125 0.027777777777777776
0 0.318359375 0.3402777777777778 0.330078125 0.3298611111111111 0.330078125 0.3090277777777778 0.322265625 0.2986111111111111 0.31640625 0.3090277777777778 0.318359375 0.3402777777777778
0 0.080078125 0.3229166666666667 0.0859375 0.2951388888888889 0.06640625 0.2847222222222222 0.0625 0.3229166666666667 0.080078125 0.3229166666666667
0 0.29296875 0.4409722222222222 0.3046875 0.4305555555555556 0.30078125 0.3854166666666667 0.2734375 0.3888888888888889 0.26953125 0.3993055555555556 0.26953125 0.4375 0.29296875 0.4409722222222222
0 0.310546875 0.24305555555555555 0.3125 0.21875 0.3046875 0.21875 0.310546875 0.24305555555555555
0 0.1484375 0.3784722222222222 0.158203125 0.3888888888888889 0.16796875 0.3402777777777778 0.1484375 0.3368055555555556 0.14453125 0.3576388888888889 0.1484375 0.3784722222222222
0 0.677734375 0.8645833333333334 0.70703125 0.8923611111111112 0.71875 0.8923611111111112 0.734375 0.9340277777777778 0.744140625 0.9340277777777778 0.75 0.9236111111111112 0.75 0.8923611111111112 0.73828125 0.8680555555555556 0.728515625 0.7986111111111112 0.70703125 0.8125 0.70703125 0.8541666666666666 0.6953125 0.8715277777777778 0.6875 0.7951388888888888 0.673828125 0.7743055555555556 0.66796875 0.7777777777777778 0.662109375 0.8125 0.677734375 0.8645833333333334
0 0.279296875 0.25 0.275390625 0.2326388888888889 0.26953125 0.2326388888888889 0.267578125 0.2465277777777778 0.279296875 0.25
0 0.3359375 0.3263888888888889 0.341796875 0.3368055555555556 0.349609375 0.3298611111111111 0.345703125 0.2951388888888889 0.3359375 0.2951388888888889 0.3359375 0.3263888888888889
0 0.13671875 0.2986111111111111 0.142578125 0.2916666666666667 0.142578125 0.2638888888888889 0.130859375 0.2534722222222222 0.125 0.2951388888888889 0.13671875 0.2986111111111111
0 0.16796875 0.4027777777777778 0.205078125 0.3993055555555556 0.19921875 0.375 0.177734375 0.3576388888888889 0.16796875 0.3611111111111111 0.162109375 0.3784722222222222 0.16796875 0.4027777777777778
0 0.236328125 0.2638888888888889 0.236328125 0.2361111111111111 0.22265625 0.2361111111111111 0.21875 0.2638888888888889 0.236328125 0.2638888888888889
0 0.267578125 0.3263888888888889 0.267578125 0.3090277777777778 0.26171875 0.3090277777777778 0.267578125 0.3263888888888889
0 0.267578125 0.3263888888888889 0.259765625 0.3368055555555556 0.26171875 0.3541666666666667 0.267578125 0.3541666666666667 0.267578125 0.3263888888888889
0 0.25 0.3611111111111111 0.25390625 0.3402777777777778 0.25 0.3229166666666667 0.2421875 0.3229166666666667 0.23828125 0.3541666666666667 0.25 0.3611111111111111
0 0.3046875 0.3402777777777778 0.310546875 0.3125 0.302734375 0.2951388888888889 0.296875 0.3020833333333333 0.296875 0.3333333333333333 0.3046875 0.3402777777777778
0 0.837890625 0.2777777777777778 0.84375 0.2673611111111111 0.84375 0.2534722222222222 0.830078125 0.24305555555555555 0.82421875 0.25 0.822265625 0.2743055555555556 0.837890625 0.2777777777777778
0 0.994140625 0.4618055555555556 0.998046875 0.4305555555555556 0.98828125 0.4340277777777778 0.984375 0.4513888888888889 0.994140625 0.4618055555555556
0 0.779296875 0.4340277777777778 0.771484375 0.3958333333333333 0.76171875 0.4027777777777778 0.755859375 0.4513888888888889 0.779296875 0.4340277777777778
0 0.318359375 0.5763888888888888 0.32421875 0.5763888888888888 0.3359375 0.5277777777777778 0.330078125 0.5034722222222222 0.31640625 0.5 0.3125 0.5451388888888888 0.318359375 0.5763888888888888
0 0.400390625 0.4340277777777778 0.400390625 0.40625 0.37890625 0.3923611111111111 0.375 0.4513888888888889 0.400390625 0.4340277777777778
0 0.1796875 0.6388888888888888 0.193359375 0.6666666666666666 0.19921875 0.6388888888888888 0.197265625 0.5763888888888888 0.1796875 0.5763888888888888 0.1796875 0.6388888888888888
0 0.79296875 0.2638888888888889 0.787109375 0.2361111111111111 0.775390625 0.2465277777777778 0.779296875 0.2638888888888889 0.79296875 0.2638888888888889
0 0.73046875 0.25 0.728515625 0.22916666666666666 0.71875 0.2222222222222222 0.7109375 0.2465277777777778 0.73046875 0.25
0 0.287109375 0.34375 0.291015625 0.3159722222222222 0.279296875 0.3055555555555556 0.275390625 0.34375 0.287109375 0.34375