0 0.21875 0.5138888888888888 0.21875 0.4826388888888889 0.2109375 0.46875 0.19921875 0.4791666666666667 0.201171875 0.5277777777777778 0.21875 0.5138888888888888
0 0.09375 0.3888888888888889 0.099609375 0.3888888888888889 0.111328125 0.375 0.111328125 0.3472222222222222 0.09375 0.3472222222222222 0.091796875 0.375 0.09375 0.3888888888888889
0 0.14453125 0.6840277777777778 0.150390625 0.6736111111111112 0.162109375 0.6875 0.162109375 0.6111111111111112 0.138671875 0.6215277777777778 0.138671875 0.6701388888888888 0.14453125 0.6840277777777778
0 0.76171875 0.3368055555555556 0.76953125 0.3229166666666667 0.763671875 0.2951388888888889 0.75 0.3055555555555556 0.75 0.3368055555555556 0.76171875 0.3368055555555556
0 0.4609375 0.5173611111111112 0.47265625 0.5277777777777778 0.478515625 0.4618055555555556 0.474609375 0.4513888888888889 0.4609375 0.4583333333333333 0.45703125 0.4965277777777778 0.4609375 0.5173611111111112
0 0.998046875 0.2638888888888889 0.998046875 0.24305555555555555 0.98828125 0.2361111111111111 0.98046875 0.2638888888888889 0.998046875 0.2638888888888889
0 0.375 0.5763888888888888 0.380859375 0.5763888888888888 0.388671875 0.5486111111111112 0.380859375 0.4965277777777778 0.3671875 0.5138888888888888 0.36328125 0.53125 0.375 0.5763888888888888
0 0.755859375 0.6805555555555556 0.83203125 0.6805555555555556 0.818359375 0.6527777777777778 0.818359375 0.6215277777777778 0.802734375 0.6076388888888888 0.7890625 0.625 0.75390625 0.6111111111111112 0.75 0.6423611111111112 0.755859375 0.6805555555555556
0 0.25390625 0.5173611111111112 0.26171875 0.4965277777777778 0.259765625 0.4722222222222222 0.255859375 0.4618055555555556 0.2421875 0.4618055555555556 0.23828125 0.4861111111111111 0.25390625 0.5173611111111112
0 0.185546875 0.3368055555555556 0.177734375 0.2986111111111111 0.16796875 0.3020833333333333 0.16796875 0.3402777777777778 0.185546875 0.3368055555555556
0 0.369140625 0.9965277777777778 0.380859375 0.9791666666666666 0.38671875 0.9965277777777778 0.423828125 0.9930555555555556 0.423828125 0.96875 0.40625 0.9375 0.39453125 0.9340277777777778 0.380859375 0.9513888888888888 0.3828125 0.9652777777777778 0.369140625 0.9965277777777778
0 0.349609375 0.9791666666666666 0.359375 0.9861111111111112 0.36328125 0.9513888888888888 0.353515625 0.9340277777777778 0.34375 0.9375 0.349609375 0.9791666666666666
0 0.03125 0.4548611111111111 0.04296875 0.4513888888888889 0.04296875 0.4027777777777778 0.025390625 0.4027777777777778 0.0234375 0.4270833333333333 0.03125 0.4548611111111111
0 0.130859375 0.5486111111111112 0.140625 0.5451388888888888 0.15234375 0.5625 0.14453125 0.5486111111111112 0.154296875 0.5277777777777778 0.1484375 0.5138888888888888 0.142578125 0.5173611111111112 0.130859375 0.53125 0.130859375 0.5486111111111112
0 0.2734375 0.5833333333333334 0.294921875 0.5972222222222222 0.296875 0.53125 0.2890625 0.5138888888888888 0.279296875 0.5277777777777778 0.26953125 0.5590277777777778 0.2734375 0.5833333333333334
0 0.1171875 0.3854166666666667 0.10546875 0.3784722222222222 0.099609375 0.4097222222222222 0.110101744140625 0.43903423611111114 0.1171875 0.4201388888888889 0.1171875 0.3854166666666667
0 0.1171875 0.4652777777777778 0.130859375 0.4652777777777778 0.134765625 0.4201388888888889 0.130859375 0.40625 0.1171875 0.40625 0.11328125 0.4513888888888889 0.1171875 0.4652777777777778
0 0.3046875 0.5763888888888888 0.3125 0.6111111111111112 0.3359375 0.6041666666666666 0.349609375 0.6180555555555556 0.353515625 0.5868055555555556 0.341796875 0.5590277777777778 0.3203125 0.5659722222222222 0.306640625 0.5486111111111112 0.31640625 0.5625 0.3046875 0.5763888888888888
0 0.787109375 0.875 0.8046875 0.8784722222222222 0.826171875 0.8993055555555556 0.86328125 0.9618055555555556 0.875 0.9513888888888888 0.845703125 0.7673611111111112 0.83203125 0.7777777777777778 0.830078125 0.8402777777777778 0.822265625 0.84375 0.8046875 0.8125 0.8046875 0.7673611111111112 0.794921875 0.7361111111111112 0.787109375 0.7326388888888888 0.78125 0.7465277777777778 0.775390625 0.8368055555555556 0.787109375 0.875
0 0.412109375 0.6215277777777778 0.44140625 0.6388888888888888 0.4453125 0.6180555555555556 0.455078125 0.6111111111111112 0.447265625 0.5625 0.412109375 0.5625 0.40625 0.5729166666666666 0.412109375 0.6215277777777778
0 0.14453125 0.40625 0.16015625 0.3784722222222222 0.158203125 0.3541666666666667 0.142578125 0.3541666666666667 0.14453125 0.40625
0 0.0625 0.3576388888888889 0.056640625 0.3298611111111111 0.04296875 0.3263888888888889 0.04296875 0.3576388888888889 0.0625 0.3576388888888889
0 0.275390625 0.7951388888888888 0.298828125 0.8472222222222222 0.3046875 0.7638888888888888 0.294921875 0.7326388888888888 0.279296875 0.7361111111111112 0.2734375 0.7465277777777778 0.275390625 0.7951388888888888
0 0.38671875 0.7673611111111112 0.38671875 0.75 0.380859375 0.75 0.38671875 0.7673611111111112
0 0.388671875 0.7777777777777778 0.3984375 0.78125 0.392578125 0.8090277777777778 0.400390625 0.8402777777777778 0.4296875 0.8784722222222222 0.4296875 0.7534722222222222 0.419921875 0.7430555555555556 0.40625 0.7465277777777778 0.400390625 0.7673611111111112 0.388671875 0.7777777777777778
0 0.22265625 0.3715277777777778 0.21484375 0.34375 0.181640625 0.3402777777777778 0.18359375 0.375 0.22265625 0.3715277777777778
0 0.109375 0.3055555555555556 0.107421875 0.28125 0.087890625 0.28125 0.0859375 0.3125 0.109375 0.3055555555555556
0 0.30078125 0.5451388888888888 0.30859375 0.5451388888888888 0.31640625 0.5243055555555556 0.31640625 0.4965277777777778 0.310546875 0.4826388888888889 0.30078125 0.4861111111111111 0.298828125 0.53125 0.30078125 0.5451388888888888
0 0.234375 0.6493055555555556 0.234375 0.5625 0.224609375 0.5451388888888888 0.212890625 0.5625 0.2109375 0.6076388888888888 0.234375 0.6493055555555556
0 0.482421875 0.6215277777777778 0.4921875 0.5694444444444444 0.513671875 0.5625 0.517578125 0.5347222222222222 0.505859375 0.5243055555555556 0.474609375 0.5555555555555556 0.46875 0.59375 0.482421875 0.6215277777777778
0 0.2734375 0.4375 0.279296875 0.4340277777777778 0.28125 0.3888888888888889 0.279296875 0.3784722222222222 0.267578125 0.3784722222222222 0.263671875 0.4166666666666667 0.2734375 0.4375
0 0.07421875 0.5208333333333334 0.087890625 0.5555555555555556 0.09375 0.4965277777777778 0.08984375 0.4826388888888889 0.080078125 0.4826388888888889 0.07421875 0.4930555555555556 0.07421875 0.5208333333333334
0 0.05078125 0.2951388888888889 0.05078125 0.2673611111111111 0.0390625 0.2638888888888889 0.041015625 0.2951388888888889 0.05078125 0.2951388888888889
0 0.884765625 0.2604166666666667 0.892578125 0.24305555555555555 0.900390625 0.2638888888888889 0.904296875 0.25 0.88671875 0.2326388888888889 0.880859375 0.24305555555555555 0.884765625 0.2604166666666667
0 0.9296875 0.96875 0.931640625 0.9930555555555556 0.9921875 0.9930555555555556 0.974609375 0.9513888888888888 0.95703125 0.9375 0.953125 0.9201388888888888 0.943359375 0.9201388888888888 0.94921875 0.9375 0.9296875 0.96875
0 0.47265625 0.8715277777777778 0.4765625 0.8958333333333334 0.494140625 0.9201388888888888 0.50390625 0.9201388888888888 0.50390625 0.8055555555555556 0.4921875 0.7986111111111112 0.466796875 0.8368055555555556 0.4609375 0.8298611111111112 0.45703125 0.8402777777777778 0.47265625 0.8715277777777778
0 0.142578125 0.2777777777777778 0.14453125 0.24305555555555555 0.134765625 0.24305555555555555 0.130859375 0.2777777777777778 0.142578125 0.2777777777777778
0 0.017578125 0.3229166666666667 0.025390625 0.3229166666666667 0.037109375 0.2986111111111111 0.033203125 0.28125 0.017578125 0.28125 0.017578125 0.3229166666666667
0 0.556640625 0.9930555555555556 0.552734375 0.9791666666666666 0.51953125 0.9861111111111112 0.517578125 0.9965277777777778 0.556640625 0.9930555555555556
0 0.50390625 0.9965277777777778 0.498046875 0.9409722222222222 0.474609375 0.9340277777777778 0.478515625 0.9965277777777778 0.50390625 0.9965277777777778
0 0.64453125 0.625 0.64453125 0.6354166666666666 0.654296875 0.6388888888888888 0.6708984375 0.6822916666666666 0.6796875 0.6701388888888888 0.681640625 0.6979166666666666 0.685546875 0.6909722222222222 0.6796875 0.6597222222222222 0.685546875 0.6284722222222222 0.673828125 0.5972222222222222 0.65625 0.5972222222222222 0.65625 0.6180555555555556 0.64453125 0.625
0 0.146484375 0.8784722222222222 0.16015625 0.84375 0.15625 0.7638888888888888 0.130859375 0.7638888888888888 0.130859375 0.84375 0.146484375 0.8784722222222222
0 0.19921875 0.9791666666666666 0.22265625 0.9826388888888888 0.236328125 0.9305555555555556 0.23046875 0.875 0.21875 0.8576388888888888 0.193359375 0.8680555555555556 0.1875 0.9652777777777778 0.19921875 0.9791666666666666
0 0.591796875 0.9965277777777778 0.5859375 0.9201388888888888 0.560546875 0.9305555555555556 0.560546875 0.9930555555555556 0.591796875 0.9965277777777778