0 0.35546875 0.5763888888888888 0.373046875 0.5486111111111112 0.39453125 0.5451388888888888 0.39453125 0.5277777777777778 0.38671875 0.5208333333333334 0.39453125 0.5104166666666666 0.39453125 0.4930555555555556 0.380859375 0.5243055555555556 0.37109375 0.5 0.361328125 0.5138888888888888 0.353515625 0.5486111111111112 0.35546875 0.5763888888888888
0 0.046875 0.4618055555555556 0.048828125 0.4097222222222222 0.03125 0.40625 0.025390625 0.4166666666666667 0.0234375 0.4513888888888889 0.046875 0.4618055555555556
0 0.01171875 0.5763888888888888 0.01953125 0.5763888888888888 0.037109375 0.5555555555555556 0.04296875 0.5138888888888888 0.029296875 0.5138888888888888 0.01171875 0.53125 0.005859375 0.5555555555555556 0.01171875 0.5763888888888888
0 0.423828125 0.5173611111111112 0.4296875 0.5 0.427734375 0.46875 0.40625 0.4722222222222222 0.396484375 0.4861111111111111 0.400390625 0.5173611111111112 0.423828125 0.5173611111111112
0 0.759765625 0.46875 0.76171875 0.4201388888888889 0.75 0.4201388888888889 0.74609375 0.4305555555555556 0.724609375 0.4236111111111111 0.71875 0.4652777777777778 0.759765625 0.46875
0 0.125 0.3090277777777778 0.142578125 0.3055555555555556 0.138671875 0.2743055555555556 0.130859375 0.2673611111111111 0.123046875 0.28125 0.119140625 0.2951388888888889 0.125 0.3090277777777778
0 0.09375 0.7013888888888888 0.10546875 0.7013888888888888 0.12890625 0.6736111111111112 0.130859375 0.6597222222222222 0.123046875 0.6527777777777778 0.123046875 0.6180555555555556 0.1171875 0.6076388888888888 0.10546875 0.6111111111111112 0.09375 0.6388888888888888 0.0859375 0.6770833333333334 0.09375 0.7013888888888888
0 0.166015625 0.6354166666666666 0.166015625 0.5972222222222222 0.14453125 0.6111111111111112 0.134765625 0.6388888888888888 0.166015625 0.6354166666666666
0 0.53515625 0.5590277777777778 0.54296875 0.5451388888888888 0.548828125 0.4965277777777778 0.537109375 0.5 0.5234375 0.53125 0.51953125 0.5555555555555556 0.53515625 0.5590277777777778
0 0 0.6597222222222222 0.01171875 0.6736111111111112 0.04296875 0.6354166666666666 0.03125 0.6145833333333334 0.03125 0.59375 0.017578125 0.5902777777777778 0.01171875 0.625 0 0.6388888888888888 0 0.6597222222222222
0 0.07421875 0.6388888888888888 0.07421875 0.5798611111111112 0.060546875 0.5798611111111112 0.0546875 0.59375 0.05078125 0.6354166666666666 0.07421875 0.6388888888888888
0 0.287109375 0.4097222222222222 0.29296875 0.375 0.26953125 0.375 0.2734375 0.40625 0.287109375 0.4097222222222222
0 0.234375 0.46875 0.267578125 0.46875 0.28125 0.4513888888888889 0.287109375 0.4236111111111111 0.279296875 0.4201388888888889 0.26953125 0.4340277777777778 0.25390625 0.4236111111111111 0.248046875 0.4409722222222222 0.23046875 0.4479166666666667 0.228515625 0.4618055555555556 0.234375 0.46875
0 0.099609375 0.5659722222222222 0.125 0.5451388888888888 0.1328125 0.5486111111111112 0.138671875 0.5347222222222222 0.15625 0.5486111111111112 0.154296875 0.5034722222222222 0.14453125 0.5104166666666666 0.14453125 0.53125 0.123046875 0.5277777777777778 0.1171875 0.5034722222222222 0.099609375 0.5243055555555556 0.09375 0.5416666666666666 0.099609375 0.5659722222222222
0 0.330078125 0.4027777777777778 0.3203125 0.3715277777777778 0.3046875 0.3854166666666667 0.298828125 0.4166666666666667 0.330078125 0.4027777777777778
0 0.779296875 0.4791666666666667 0.810546875 0.46875 0.8046875 0.4375 0.794921875 0.4375 0.787109375 0.4236111111111111 0.77734375 0.4340277777777778 0.7734375 0.46875 0.779296875 0.4791666666666667
0 0.0546875 0.4791666666666667 0.0625 0.4965277777777778 0.08203125 0.4826388888888889 0.1171875 0.4791666666666667 0.111328125 0.4548611111111111 0.09765625 0.4618055555555556 0.091796875 0.4479166666666667 0.068359375 0.4513888888888889 0.076171875 0.4861111111111111 0.0546875 0.4791666666666667
0 0 0.8888888888888888 0.013671875 0.8784722222222222 0.037109375 0.8854166666666666 0.048828125 0.8680555555555556 0.046875 0.7951388888888888 0.0234375 0.7986111111111112 0.01171875 0.8402777777777778 0 0.8541666666666666 0 0.8888888888888888
0 0 0.3298611111111111 0.017578125 0.3368055555555556 0.01953125 0.3090277777777778 0.01171875 0.2951388888888889 0 0.2951388888888889 0 0.3298611111111111
0 0.826171875 0.2743055555555556 0.84375 0.2638888888888889 0.84375 0.25 0.822265625 0.25 0.818359375 0.2638888888888889 0.826171875 0.2743055555555556
0 0.603515625 0.4930555555555556 0.611328125 0.4965277777777778 0.619140625 0.4652777777777778 0.59974407421875 0.46958812152777774 0.603515625 0.4930555555555556
0 0.599140625 0.4697222222222222 0.587890625 0.4722222222222222 0.587890625 0.4930555555555556 0.599140625 0.4697222222222222
0 0.2734375 0.34375 0.2734375 0.3125 0.259765625 0.3125 0.259765625 0.34375 0.2734375 0.34375
0 0.494140625 0.59375 0.505859375 0.59375 0.498046875 0.5486111111111112 0.486328125 0.5347222222222222 0.47265625 0.5486111111111112 0.46875 0.6180555555555556 0.494140625 0.59375
0 0.173828125 0.5104166666666666 0.193359375 0.4965277777777778 0.197265625 0.4722222222222222 0.21875 0.4965277777777778 0.224609375 0.4513888888888889 0.1953125 0.46875 0.185546875 0.4513888888888889 0.16796875 0.4826388888888889 0.16796875 0.5034722222222222 0.173828125 0.5104166666666666
0 0.099609375 0.78125 0.109375 0.8055555555555556 0.130859375 0.78125 0.166015625 0.7638888888888888 0.185546875 0.7361111111111112 0.1796875 0.6736111111111112 0.162109375 0.6875 0.154296875 0.7326388888888888 0.142578125 0.71875 0.142578125 0.7013888888888888 0.125 0.6909722222222222 0.123046875 0.71875 0.109375 0.7361111111111112 0.111328125 0.7604166666666666 0.099609375 0.78125