0 0.91015625 0.2951388888888889 0.9296875 0.28125 0.923828125 0.25 0.90625 0.2638888888888889 0.904296875 0.28125 0.91015625 0.2951388888888889
0 0.322265625 0.46875 0.33203125 0.4513888888888889 0.349609375 0.4479166666666667 0.361328125 0.4201388888888889 0.341796875 0.4201388888888889 0.3359375 0.40625 0.326171875 0.40625 0.31640625 0.4375 0.322265625 0.46875
0 0.435546875 0.4548611111111111 0.46875 0.4479166666666667 0.466796875 0.4236111111111111 0.443359375 0.4097222222222222 0.435546875 0.4097222222222222 0.42578125 0.4305555555555556 0.42578125 0.46875 0.435546875 0.4548611111111111
0 0 0.5555555555555556 0.017578125 0.5451388888888888 0.0078125 0.46875 0 0.46875 0 0.5555555555555556
0 0.8984375 0.40625 0.916015625 0.40625 0.923828125 0.3854166666666667 0.943359375 0.375 0.947265625 0.3611111111111111 0.94140625 0.34375 0.92578125 0.3576388888888889 0.904296875 0.3472222222222222 0.89453125 0.3541666666666667 0.88671875 0.3888888888888889 0.8984375 0.40625
0 0.5546875 0.4791666666666667 0.56640625 0.4375 0.55078125 0.4236111111111111 0.541015625 0.4340277777777778 0.53125 0.4201388888888889 0.51953125 0.4409722222222222 0.51953125 0.4618055555555556 0.5546875 0.4791666666666667
0 0.048828125 0.5868055555555556 0.07421875 0.5729166666666666 0.076171875 0.5486111111111112 0.08203125 0.5451388888888888 0.0869140625 0.5659722222222222 0.099609375 0.5729166666666666 0.109375 0.5625 0.109375 0.5416666666666666 0.103515625 0.5243055555555556 0.091796875 0.5243055555555556 0.0859375 0.5416666666666666 0.0703125 0.5520833333333334 0.064453125 0.53125 0.048828125 0.5243055555555556 0.037109375 0.5555555555555556 0.03515625 0.5763888888888888 0.048828125 0.5868055555555556
0 0.19140625 0.5243055555555556 0.197265625 0.53125 0.208984375 0.5173611111111112 0.2421875 0.5138888888888888 0.248046875 0.4965277777777778 0.244140625 0.4722222222222222 0.216796875 0.4861111111111111 0.2109375 0.4652777777777778 0.19921875 0.46875 0.19140625 0.5034722222222222 0.19140625 0.5243055555555556
0 0.474609375 0.3854166666666667 0.4921875 0.375 0.486328125 0.34375 0.466796875 0.34375 0.45703125 0.3576388888888889 0.455078125 0.375 0.474609375 0.3854166666666667
0 0.998046875 0.3159722222222222 0.994140625 0.28125 0.98828125 0.3125 0.998046875 0.3159722222222222
0 0.12890625 0.5138888888888888 0.134765625 0.5 0.16796875 0.5034722222222222 0.173828125 0.4722222222222222 0.142578125 0.4722222222222222 0.130859375 0.4479166666666667 0.125 0.4791666666666667 0.11328125 0.4930555555555556 0.1171875 0.5138888888888888 0.12890625 0.5138888888888888
0 0.16796875 0.40625 0.193359375 0.40625 0.205078125 0.3923611111111111 0.19140625 0.3611111111111111 0.16796875 0.3576388888888889 0.162109375 0.375 0.16796875 0.40625
0 0.0234375 0.4965277777777778 0.02734375 0.5173611111111112 0.0859375 0.4826388888888889 0.08203125 0.4722222222222222 0.076171875 0.4791666666666667 0.07421875 0.4618055555555556 0.08203125 0.4513888888888889 0.076171875 0.4409722222222222 0.0703125 0.46875 0.0546875 0.46875 0.048828125 0.4548611111111111 0.037109375 0.4618055555555556 0.03515625 0.4826388888888889 0.0234375 0.4965277777777778
0 0.94921875 0.2951388888888889 0.970703125 0.2951388888888889 0.96875 0.2534722222222222 0.95703125 0.25 0.943359375 0.2847222222222222 0.94921875 0.2951388888888889
0 0.734375 0.4166666666666667 0.73828125 0.4409722222222222 0.755859375 0.4479166666666667 0.779296875 0.4305555555555556 0.78125 0.40625 0.7734375 0.3888888888888889 0.763671875 0.3888888888888889 0.755859375 0.375 0.7421875 0.3784722222222222 0.7421875 0.4027777777777778 0.734375 0.4166666666666667
0 0.373046875 0.4513888888888889 0.376953125 0.4375 0.404296875 0.4375 0.40625 0.4027777777777778 0.37890625 0.3888888888888889 0.35546875 0.4236111111111111 0.349609375 0.4513888888888889 0.373046875 0.4513888888888889
0 0.390625 0.5277777777777778 0.404296875 0.5138888888888888 0.3984375 0.4861111111111111 0.384765625 0.46875 0.369140625 0.4722222222222222 0.35546875 0.5 0.349609375 0.5347222222222222 0.390625 0.5277777777777778
0 0.59765625 0.4340277777777778 0.599609375 0.4236111111111111 0.59765625 0.3993055555555556 0.576171875 0.3854166666666667 0.568359375 0.3888888888888889 0.5625 0.4097222222222222 0.5625 0.4305555555555556 0.59765625 0.4340277777777778
0 0.654296875 0.4618055555555556 0.673828125 0.4652777777777778 0.673828125 0.4201388888888889 0.666015625 0.4375 0.642578125 0.4236111111111111 0.63671875 0.4305555555555556 0.63671875 0.4722222222222222 0.654296875 0.4618055555555556
0 0.67578125 0.4340277777777778 0.716796875 0.4340277777777778 0.71484375 0.3888888888888889 0.681640625 0.3888888888888889 0.67578125 0.3993055555555556 0.67578125 0.4340277777777778
0 0.900390625 0.2916666666666667 0.90625 0.2534722222222222 0.88671875 0.2604166666666667 0.880859375 0.2777777777777778 0.900390625 0.2916666666666667
0 0.197265625 0.4826388888888889 0.2109375 0.4409722222222222 0.197265625 0.4305555555555556 0.1875 0.4548611111111111 0.185546875 0.4722222222222222 0.197265625 0.4826388888888889
0 0.2265625 0.4409722222222222 0.23046875 0.46875 0.2421875 0.4618055555555556 0.244140625 0.4305555555555556 0.234375 0.4236111111111111 0.21875 0.4409722222222222 0.2265625 0.4409722222222222