0 0.46875 0.3402777777777778 0.474609375 0.3298611111111111 0.47265625 0.2986111111111111 0.466796875 0.3090277777777778 0.46875 0.3402777777777778
0 0.73046875 0.2465277777777778 0.724609375 0.2222222222222222 0.7109375 0.2222222222222222 0.705078125 0.25 0.73046875 0.2465277777777778
0 0.017578125 0.3541666666666667 0.041015625 0.34375 0.03515625 0.3125 0.017578125 0.3125 0.017578125 0.3541666666666667
0 0.3125 0.4826388888888889 0.318359375 0.4826388888888889 0.322265625 0.4340277777777778 0.3125 0.4236111111111111 0.306640625 0.4548611111111111 0.3125 0.4826388888888889
0 0.205078125 0.3993055555555556 0.197265625 0.3680555555555556 0.16796875 0.3576388888888889 0.162109375 0.3993055555555556 0.205078125 0.3993055555555556
0 0.349609375 0.4513888888888889 0.35546875 0.4409722222222222 0.35546875 0.3993055555555556 0.34375 0.3993055555555556 0.341796875 0.4270833333333333 0.349609375 0.4513888888888889
0 0.388671875 0.22916666666666666 0.392578125 0.21180555555555555 0.38671875 0.2152777777777778 0.388671875 0.22916666666666666
0 0.09765625 0.3055555555555556 0.09765625 0.28125 0.087890625 0.2673611111111111 0.078125 0.2708333333333333 0.078125 0.3020833333333333 0.09765625 0.3055555555555556
0 0.279296875 0.8298611111111112 0.275390625 0.8576388888888888 0.287109375 0.90625 0.298828125 0.8263888888888888 0.298828125 0.7777777777777778 0.2734375 0.7847222222222222 0.26953125 0.8055555555555556 0.279296875 0.8298611111111112
0 0.509765625 0.9618055555555556 0.51171875 0.9791666666666666 0.5 0.9739583333333334 0.5 0.9965277777777778 0.515625 0.9861111111111112 0.5203125 0.9965277777777778 0.55078125 0.9965277777777778 0.552734375 0.9618055555555556 0.541015625 0.9548611111111112 0.51953125 0.9652777777777778 0.50390625 0.9479166666666666 0.5 0.9513888888888888 0.509765625 0.9618055555555556
0 0.51171875 0.9027777777777778 0.50390625 0.9097222222222222 0.5 0.9375 0.51171875 0.9027777777777778
0 0.193359375 0.7638888888888888 0.19921875 0.7638888888888888 0.2109375 0.7152777777777778 0.2109375 0.6701388888888888 0.19140625 0.6736111111111112 0.1875 0.71875 0.193359375 0.7638888888888888
0 0.279296875 0.3055555555555556 0.28515625 0.2951388888888889 0.28125 0.2777777777777778 0.2734375 0.2777777777777778 0.279296875 0.3055555555555556
0 0.349609375 0.3576388888888889 0.353515625 0.3298611111111111 0.34765625 0.3159722222222222 0.341796875 0.3194444444444444 0.337890625 0.3402777777777778 0.349609375 0.3576388888888889
0 0.2734375 0.4027777777777778 0.28125 0.4201388888888889 0.287109375 0.4097222222222222 0.287109375 0.375 0.2734375 0.375 0.2734375 0.4027777777777778
0 0.35546875 0.24305555555555555 0.353515625 0.21875 0.349609375 0.2361111111111111 0.35546875 0.24305555555555555
0 0.892578125 0.2743055555555556 0.888671875 0.25 0.873046875 0.25 0.8671875 0.2743055555555556 0.892578125 0.2743055555555556
0 0.408203125 0.8819444444444444 0.4375 0.9479166666666666 0.447265625 0.9513888888888888 0.44921875 0.8229166666666666 0.42578125 0.8263888888888888 0.416015625 0.8576388888888888 0.40625 0.8506944444444444 0.404296875 0.8298611111111112 0.3984375 0.84375 0.408203125 0.8819444444444444
0 0.51171875 0.9722222222222222 0.51171875 0.9826388888888888 0.5 0.9930555555555556 0.50390625 0.9965277777777778 0.513671875 0.9965277777777778 0.513671875 0.9861111111111112 0.5234375 0.9965277777777778 0.5546875 0.9930555555555556 0.5546875 0.96875 0.548828125 0.9618055555555556 0.5234375 0.9722222222222222 0.50390625 0.9513888888888888 0.5 0.9652777777777778 0.51171875 0.9722222222222222
0 0.349609375 0.6597222222222222 0.361328125 0.6666666666666666 0.3671875 0.6388888888888888 0.3671875 0.5763888888888888 0.34765625 0.5763888888888888 0.34375 0.6215277777777778 0.349609375 0.6597222222222222
0 0.384765625 0.2465277777777778 0.38671875 0.2326388888888889 0.380859375 0.22916666666666666 0.37890625 0.2465277777777778 0.384765625 0.2465277777777778
0 0.787109375 0.25 0.787109375 0.2361111111111111 0.76953125 0.2326388888888889 0.76953125 0.2534722222222222 0.787109375 0.25
0 0.74609375 0.3472222222222222 0.75390625 0.3368055555555556 0.755859375 0.3125 0.736328125 0.3125 0.73046875 0.3229166666666667 0.73046875 0.3472222222222222 0.74609375 0.3472222222222222