0 0.1484375 0.9930555555555556 0.2109375 0.9930555555555556 0.205078125 0.9479166666666666 0.1953125 0.9305555555555556 0.16796875 0.9375 0.15625 0.9513888888888888 0.1484375 0.96875 0.1484375 0.9930555555555556
0 0.193359375 0.4513888888888889 0.19921875 0.46875 0.21875 0.46875 0.21875 0.4201388888888889 0.212890625 0.40625 0.201171875 0.4097222222222222 0.193359375 0.4201388888888889 0.193359375 0.4513888888888889
0 0.037109375 0.3611111111111111 0.0546875 0.3576388888888889 0.060546875 0.34375 0.05859375 0.3263888888888889 0.03515625 0.3263888888888889 0.03125 0.3541666666666667 0.037109375 0.3611111111111111
0 0.4296875 0.5104166666666666 0.4296875 0.4861111111111111 0.416015625 0.4826388888888889 0.4140625 0.5069444444444444 0.4296875 0.5104166666666666
0 0.1875 0.7326388888888888 0.216796875 0.6979166666666666 0.2109375 0.6736111111111112 0.197265625 0.6736111111111112 0.1875 0.6840277777777778 0.1875 0.7326388888888888
0 0.84765625 0.9236111111111112 0.849609375 0.9479166666666666 0.900390625 0.9930555555555556 0.955078125 0.9965277777777778 0.966796875 0.9826388888888888 0.95703125 0.9618055555555556 0.9609375 0.9375 0.955078125 0.9201388888888888 0.9375 0.9236111111111112 0.9375 0.9409722222222222 0.92578125 0.9513888888888888 0.921875 0.9722222222222222 0.8984375 0.9375 0.892578125 0.9027777777777778 0.87109375 0.8854166666666666 0.859375 0.8888888888888888 0.859375 0.90625 0.84765625 0.9236111111111112
0 0.552734375 0.5625 0.556640625 0.4930555555555556 0.5546875 0.4826388888888889 0.54296875 0.4826388888888889 0.54296875 0.5451388888888888 0.552734375 0.5625
0 0.267578125 0.9826388888888888 0.26953125 0.9930555555555556 0.3046875 0.9930555555555556 0.296875 0.9305555555555556 0.287109375 0.9409722222222222 0.287109375 0.9618055555555556 0.267578125 0.9826388888888888
0 0.125 0.7013888888888888 0.125 0.6805555555555556 0.13671875 0.6493055555555556 0.12890625 0.6215277777777778 0.134765625 0.6076388888888888 0.111328125 0.6076388888888888 0.111328125 0.6875 0.125 0.7013888888888888
0 0.142578125 0.6736111111111112 0.16015625 0.7291666666666666 0.16796875 0.71875 0.15625 0.7152777777777778 0.154296875 0.7048611111111112 0.16796875 0.6875 0.162109375 0.6666666666666666 0.166015625 0.65625 0.16015625 0.6701388888888888 0.142578125 0.6736111111111112
0 0.267578125 0.53125 0.279296875 0.5590277777777778 0.28515625 0.5451388888888888 0.287109375 0.4965277777777778 0.2734375 0.4861111111111111 0.267578125 0.4965277777777778 0.267578125 0.53125
0 0.146484375 0.4861111111111111 0.1484375 0.4548611111111111 0.138671875 0.4236111111111111 0.130859375 0.4201388888888889 0.125 0.4826388888888889 0.146484375 0.4861111111111111
0 0.306640625 0.53125 0.31640625 0.5451388888888888 0.318359375 0.46875 0.3046875 0.46875 0.30078125 0.5 0.306640625 0.53125
0 0.7109375 0.8125 0.70703125 0.8263888888888888 0.755859375 0.8680555555555556 0.76171875 0.8402777777777778 0.751953125 0.7986111111111112 0.724609375 0.7986111111111112 0.72265625 0.8159722222222222 0.7109375 0.8125
0 0.31640625 0.3090277777777778 0.31640625 0.2777777777777778 0.310546875 0.2743055555555556 0.306640625 0.2951388888888889 0.31640625 0.3090277777777778
0 0.099609375 0.3263888888888889 0.119140625 0.3263888888888889 0.123046875 0.3090277777777778 0.103515625 0.2847222222222222 0.09765625 0.2951388888888889 0.099609375 0.3263888888888889
0 0.65625 0.7534722222222222 0.650390625 0.7777777777777778 0.673828125 0.8055555555555556 0.69140625 0.8090277777777778 0.6875 0.7534722222222222 0.697265625 0.71875 0.693359375 0.7013888888888888 0.68359375 0.71875 0.650390625 0.7013888888888888 0.6484375 0.7291666666666666 0.65625 0.7534722222222222
0 0.06640625 0.8541666666666666 0.076171875 0.8368055555555556 0.07421875 0.8090277777777778 0.08203125 0.78125 0.05078125 0.78125 0.05078125 0.8541666666666666 0.06640625 0.8541666666666666
0 0.240234375 0.4375 0.244140625 0.3923611111111111 0.234375 0.3854166666666667 0.23046875 0.4305555555555556 0.240234375 0.4375
0 0.34375 0.4375 0.341796875 0.3888888888888889 0.330078125 0.3993055555555556 0.330078125 0.4340277777777778 0.34375 0.4375
0 0.01953125 0.3298611111111111 0.01953125 0.2986111111111111 0.009765625 0.2986111111111111 0.005859375 0.3159722222222222 0.01953125 0.3298611111111111
0 0.974609375 0.7951388888888888 0.998046875 0.8090277777777778 0.998046875 0.7222222222222222 0.96875 0.7048611111111112 0.96875 0.7743055555555556 0.974609375 0.7951388888888888
0 0.24609375 0.6875 0.255859375 0.6597222222222222 0.255859375 0.6076388888888888 0.236328125 0.6041666666666666 0.234375 0.65625 0.24609375 0.6875
0 0.37890625 0.5798611111111112 0.384765625 0.5625 0.38671875 0.4965277777777778 0.373046875 0.5 0.369140625 0.5729166666666666 0.37890625 0.5798611111111112
0 0.53125 0.6840277777777778 0.55078125 0.7013888888888888 0.55078125 0.6180555555555556 0.541015625 0.6111111111111112 0.53125 0.6215277777777778 0.53125 0.6840277777777778
0 0.3046875 0.3541666666666667 0.3125 0.3541666666666667 0.318359375 0.3159722222222222 0.3046875 0.3125 0.30078125 0.3368055555555556 0.3046875 0.3541666666666667
0 0.40625 0.4930555555555556 0.412109375 0.4375 0.400390625 0.4409722222222222 0.3984375 0.4791666666666667 0.40625 0.4930555555555556
0 0.193359375 0.6076388888888888 0.205078125 0.625 0.216796875 0.59375 0.2109375 0.5590277777777778 0.19921875 0.5555555555555556 0.193359375 0.5555555555555556 0.193359375 0.6076388888888888
0 0.318359375 0.4375 0.318359375 0.3888888888888889 0.306640625 0.3993055555555556 0.306640625 0.4375 0.318359375 0.4375
0 0.16796875 0.4027777777777778 0.193359375 0.4027777777777778 0.201171875 0.3854166666666667 0.19140625 0.3680555555555556 0.16796875 0.3576388888888889 0.162109375 0.3854166666666667 0.16796875 0.4027777777777778
0 0.29296875 0.4930555555555556 0.298828125 0.4618055555555556 0.294921875 0.4479166666666667 0.28515625 0.4479166666666667 0.28125 0.46875 0.29296875 0.4930555555555556
0 0.330078125 0.5659722222222222 0.341796875 0.53125 0.341796875 0.5 0.32421875 0.4895833333333333 0.32421875 0.5520833333333334 0.330078125 0.5659722222222222
0 0.330078125 0.3888888888888889 0.337890625 0.3611111111111111 0.3359375 0.34375 0.326171875 0.3402777777777778 0.32421875 0.3819444444444444 0.330078125 0.3888888888888889
0 0.0859375 0.9722222222222222 0.0859375 0.9930555555555556 0.111328125 0.9930555555555556 0.123046875 0.9791666666666666 0.119140625 0.9236111111111112 0.10546875 0.8888888888888888 0.08203125 0.8993055555555556 0.080078125 0.9652777777777778 0.0859375 0.9722222222222222
0 0.46484375 0.5451388888888888 0.466796875 0.4722222222222222 0.451171875 0.4791666666666667 0.443359375 0.5104166666666666 0.46484375 0.5451388888888888
0 0.515625 0.65625 0.517578125 0.5868055555555556 0.51171875 0.5729166666666666 0.48828125 0.5729166666666666 0.4921875 0.6493055555555556 0.515625 0.65625
0 0.646484375 0.78125 0.6484375 0.7361111111111112 0.642578125 0.7118055555555556 0.625 0.71875 0.619140625 0.7604166666666666 0.646484375 0.78125
0 0.2421875 0.2847222222222222 0.244140625 0.2638888888888889 0.236328125 0.2604166666666667 0.234375 0.28125 0.2421875 0.2847222222222222
0 0.3359375 0.3229166666666667 0.34375 0.3368055555555556 0.34765625 0.2951388888888889 0.3359375 0.2951388888888889 0.3359375 0.3229166666666667
0 0.5625 0.6701388888888888 0.5625 0.7118055555555556 0.59375 0.7326388888888888 0.599609375 0.65625 0.5859375 0.5763888888888888 0.568359375 0.5763888888888888 0.560546875 0.6076388888888888 0.556640625 0.6527777777777778 0.5625 0.6701388888888888
0 0.125 0.78125 0.130859375 0.8263888888888888 0.138671875 0.8298611111111112 0.1484375 0.8576388888888888 0.15625 0.8229166666666666 0.15625 0.7465277777777778 0.13671875 0.7361111111111112 0.125 0.7534722222222222 0.125 0.78125
0 0.19921875 0.8402777777777778 0.2109375 0.8854166666666666 0.21875 0.8888888888888888 0.228515625 0.8055555555555556 0.224609375 0.7743055555555556 0.21875 0.7638888888888888 0.205078125 0.7638888888888888 0.19921875 0.7743055555555556 0.19921875 0.8402777777777778