0 0.09375 0.3368055555555556 0.09765625 0.3055555555555556 0.091796875 0.2951388888888889 0.080078125 0.3020833333333333 0.080078125 0.3368055555555556 0.09375 0.3368055555555556
0 0.3671875 0.3229166666666667 0.361328125 0.3368055555555556 0.369140625 0.3263888888888889 0.3671875 0.2986111111111111 0.359375 0.2986111111111111 0.3671875 0.3229166666666667
0 0.767578125 0.4479166666666667 0.767578125 0.4236111111111111 0.75 0.4097222222222222 0.73046875 0.4305555555555556 0.724609375 0.46875 0.767578125 0.4479166666666667
0 0.2421875 0.4236111111111111 0.259765625 0.4201388888888889 0.263671875 0.4097222222222222 0.267578125 0.4166666666666667 0.275390625 0.3854166666666667 0.26953125 0.375 0.234375 0.3923611111111111 0.23046875 0.4166666666666667 0.2421875 0.4236111111111111
0 0.02734375 0.3576388888888889 0.025390625 0.3159722222222222 0.013671875 0.3159722222222222 0.017578125 0.3576388888888889 0.02734375 0.3576388888888889
0 0.296875 0.34375 0.3046875 0.3402777777777778 0.302734375 0.3125 0.29296875 0.3125 0.296875 0.34375
0 0.064453125 0.4409722222222222 0.072265625 0.4305555555555556 0.07421875 0.3923611111111111 0.05859375 0.3854166666666667 0.0546875 0.4409722222222222 0.064453125 0.4409722222222222
0 0.1171875 0.3472222222222222 0.111328125 0.3159722222222222 0.09765625 0.3125 0.09375 0.3229166666666667 0.09375 0.3576388888888889 0.1171875 0.3472222222222222
0 0.1484375 0.28125 0.146484375 0.2569444444444444 0.130859375 0.25 0.12890625 0.2777777777777778 0.1484375 0.28125
0 0.171875 0.2951388888888889 0.166015625 0.2638888888888889 0.16015625 0.2638888888888889 0.15625 0.2951388888888889 0.171875 0.2951388888888889
0 0.03515625 0.3402777777777778 0.060546875 0.3402777777777778 0.068359375 0.3263888888888889 0.0625 0.2951388888888889 0.037109375 0.2951388888888889 0.03125 0.3055555555555556 0.029296875 0.3263888888888889 0.03515625 0.3402777777777778
0 0.166015625 0.4166666666666667 0.171875 0.40625 0.16796875 0.375 0.150390625 0.3715277777777778 0.1484375 0.40625 0.166015625 0.4166666666666667
0 0.291015625 0.2465277777777778 0.28515625 0.22916666666666666 0.28125 0.25 0.291015625 0.2465277777777778
0 0.01953125 0.4375 0.025390625 0.4201388888888889 0.041015625 0.4201388888888889 0.041015625 0.3923611111111111 0.03515625 0.3784722222222222 0.017578125 0.3784722222222222 0.013671875 0.40625 0.01953125 0.4375
0 0 0.5347222222222222 0.03515625 0.5173611111111112 0.03515625 0.4965277777777778 0.05078125 0.5173611111111112 0.060546875 0.5104166666666666 0.05859375 0.46875 0.04296875 0.4930555555555556 0.03125 0.4895833333333333 0.01953125 0.46875 0.005859375 0.4722222222222222 0 0.4861111111111111 0 0.5347222222222222
0 0.509765625 0.4097222222222222 0.51953125 0.3854166666666667 0.517578125 0.3611111111111111 0.5 0.3611111111111111 0.494140625 0.3715277777777778 0.4921875 0.4027777777777778 0.509765625 0.4097222222222222
0 0.267578125 0.2673611111111111 0.267578125 0.24305555555555555 0.26171875 0.24305555555555555 0.259765625 0.2638888888888889 0.267578125 0.2673611111111111
0 0.26171875 0.4479166666666667 0.263671875 0.46875 0.330078125 0.4618055555555556 0.322265625 0.40625 0.310546875 0.4305555555555556 0.28125 0.4375 0.2734375 0.4166666666666667 0.267578125 0.4236111111111111 0.2734375 0.4305555555555556 0.26171875 0.4479166666666667
0 0.349609375 0.4722222222222222 0.392578125 0.46875 0.404296875 0.4409722222222222 0.40625 0.40625 0.380859375 0.40625 0.376953125 0.4375 0.36328125 0.4236111111111111 0.353515625 0.4375 0.34765625 0.4513888888888889 0.349609375 0.4722222222222222
0 0.650390625 0.4618055555555556 0.669921875 0.4548611111111111 0.673828125 0.4409722222222222 0.673828125 0.4027777777777778 0.65625 0.3993055555555556 0.6484375 0.4097222222222222 0.650390625 0.4618055555555556
0 0.47265625 0.4791666666666667 0.474609375 0.4375 0.455078125 0.4375 0.435546875 0.4548611111111111 0.431640625 0.4826388888888889 0.47265625 0.4791666666666667
0 0.2734375 0.34375 0.287109375 0.3368055555555556 0.283203125 0.3125 0.26953125 0.3125 0.2734375 0.34375
0 0.10546875 0.5590277777777778 0.125 0.5451388888888888 0.125 0.5 0.111328125 0.4861111111111111 0.099609375 0.5243055555555556 0.10546875 0.5590277777777778
0 0.142578125 0.5034722222222222 0.138671875 0.53125 0.1640625 0.53125 0.162109375 0.4861111111111111 0.14453125 0.4861111111111111 0.13671875 0.5 0.142578125 0.5034722222222222