0 0.884765625 0.5902777777777778 0.88671875 0.5590277777777778 0.87890625 0.5555555555555556 0.875 0.5868055555555556 0.884765625 0.5902777777777778
0 0.806640625 0.7222222222222222 0.81640625 0.7118055555555556 0.822265625 0.6875 0.814453125 0.6701388888888888 0.80078125 0.6701388888888888 0.798828125 0.7118055555555556 0.806640625 0.7222222222222222
0 0.662109375 0.6111111111111112 0.671875 0.6041666666666666 0.669921875 0.5625 0.66015625 0.5625 0.662109375 0.6111111111111112
0 0.85546875 0.7777777777777778 0.8671875 0.8055555555555556 0.87890625 0.78125 0.87890625 0.7604166666666666 0.873046875 0.7465277777777778 0.861328125 0.7465277777777778 0.85546875 0.75 0.85546875 0.7777777777777778
0 0.830078125 0.6041666666666666 0.8359375 0.5625 0.818359375 0.5625 0.81640625 0.6041666666666666 0.830078125 0.6041666666666666
0 0.89453125 0.625 0.904296875 0.5868055555555556 0.900390625 0.5763888888888888 0.888671875 0.5763888888888888 0.88671875 0.625 0.89453125 0.625
0 0.56640625 0.6076388888888888 0.580078125 0.6076388888888888 0.57421875 0.5763888888888888 0.5625 0.5763888888888888 0.56640625 0.6076388888888888
0 0.775390625 0.4861111111111111 0.79296875 0.4930555555555556 0.791015625 0.46875 0.775390625 0.46875 0.775390625 0.4861111111111111
0 0.921875 0.6597222222222222 0.9296875 0.6284722222222222 0.912109375 0.6076388888888888 0.91015625 0.6493055555555556 0.921875 0.6597222222222222
0 0.48046875 0.9201388888888888 0.48046875 0.8715277777777778 0.44921875 0.8715277777777778 0.451171875 0.9201388888888888 0.48046875 0.9201388888888888
0 0.498046875 0.90625 0.50390625 0.84375 0.4921875 0.8402777777777778 0.48828125 0.90625 0.498046875 0.90625
0 0.775390625 0.8576388888888888 0.796875 0.8263888888888888 0.78515625 0.7951388888888888 0.7734375 0.7951388888888888 0.775390625 0.8576388888888888
0 0.705078125 0.7361111111111112 0.71875 0.6944444444444444 0.697265625 0.6840277777777778 0.693359375 0.7222222222222222 0.705078125 0.7361111111111112
0 0.607421875 0.5798611111111112 0.611328125 0.5451388888888888 0.599609375 0.5416666666666666 0.59765625 0.5763888888888888 0.607421875 0.5798611111111112
0 0.6015625 0.9965277777777778 0.61328125 0.9791666666666666 0.60546875 0.9375 0.5859375 0.9375 0.57421875 0.9513888888888888 0.57421875 0.9965277777777778 0.6015625 0.9965277777777778
0 0.625 0.9166666666666666 0.619140625 0.9236111111111112 0.6171875 0.9513888888888888 0.625 0.9166666666666666
0 0.697265625 0.8854166666666666 0.712890625 0.8541666666666666 0.716796875 0.8125 0.693359375 0.8125 0.697265625 0.8854166666666666
0 0.693359375 0.4097222222222222 0.693359375 0.3888888888888889 0.6875 0.3888888888888889 0.685546875 0.40625 0.693359375 0.4097222222222222
0 0.72265625 0.4340277777777778 0.72265625 0.40625 0.716796875 0.40625 0.712890625 0.4305555555555556 0.72265625 0.4340277777777778
0 0.298828125 0.9965277777777778 0.296875 0.96875 0.275390625 0.9722222222222222 0.275390625 0.9965277777777778 0.298828125 0.9965277777777778
0 0.755859375 0.6840277777777778 0.767578125 0.6597222222222222 0.767578125 0.6388888888888888 0.75390625 0.6354166666666666 0.75 0.6736111111111112 0.755859375 0.6840277777777778
0 0.462890625 0.9479166666666666 0.466796875 0.9652777777777778 0.455078125 0.9722222222222222 0.447265625 0.9930555555555556 0.482421875 0.9965277777777778 0.484375 0.96875 0.474609375 0.9444444444444444 0.48046875 0.90625 0.455078125 0.90625 0.44921875 0.8923611111111112 0.443359375 0.9236111111111112 0.462890625 0.9479166666666666
0 0.84765625 0.6423611111111112 0.853515625 0.6076388888888888 0.849609375 0.59375 0.837890625 0.6041666666666666 0.8359375 0.6388888888888888 0.84765625 0.6423611111111112