0 0.2421875 0.4965277777777778 0.248046875 0.5034722222222222 0.26171875 0.4826388888888889 0.259765625 0.4513888888888889 0.251953125 0.4479166666666667 0.2421875 0.4479166666666667 0.2421875 0.4965277777777778
0 0.32421875 0.7847222222222222 0.32421875 0.8263888888888888 0.3359375 0.8680555555555556 0.349609375 0.84375 0.349609375 0.8194444444444444 0.359375 0.8125 0.361328125 0.7986111111111112 0.353515625 0.7673611111111112 0.34765625 0.7673611111111112 0.328125 0.7916666666666666 0.32421875 0.7847222222222222
0 0.544921875 0.6111111111111112 0.548828125 0.5451388888888888 0.537109375 0.5451388888888888 0.5234375 0.5625 0.517578125 0.5868055555555556 0.544921875 0.6111111111111112
0 0.37890625 0.2986111111111111 0.380859375 0.2673611111111111 0.375 0.2673611111111111 0.37890625 0.2986111111111111
0 0 0.3784722222222222 0.009765625 0.375 0.013671875 0.3576388888888889 0.005859375 0.3263888888888889 0 0.3263888888888889 0.0078125 0.3402777777777778 0 0.34375 0 0.3784722222222222
0 0.673828125 0.40625 0.67578125 0.34375 0.662109375 0.3402777777777778 0.662109375 0.40625 0.673828125 0.40625
0 0.619140625 0.6215277777777778 0.625 0.625 0.626953125 0.6458333333333334 0.63671875 0.65625 0.662109375 0.6493055555555556 0.662109375 0.6180555555555556 0.64453125 0.59375 0.642578125 0.5659722222222222 0.630859375 0.5659722222222222 0.625 0.5798611111111112 0.625 0.6145833333333334 0.619140625 0.6215277777777778
0 0.44921875 0.5173611111111112 0.45703125 0.5173611111111112 0.4609375 0.4652777777777778 0.4453125 0.4652777777777778 0.443359375 0.5 0.44921875 0.5173611111111112
0 0.861328125 0.8402777777777778 0.89453125 0.875 0.923828125 0.8298611111111112 0.943359375 0.8263888888888888 0.94921875 0.8125 0.94140625 0.78125 0.92578125 0.7847222222222222 0.923828125 0.8125 0.880859375 0.8125 0.8671875 0.7986111111111112 0.859375 0.8125 0.861328125 0.8402777777777778
0 0.302734375 0.5451388888888888 0.310546875 0.4861111111111111 0.3046875 0.46875 0.294921875 0.4722222222222222 0.29296875 0.5243055555555556 0.302734375 0.5451388888888888
0 0.287109375 0.25 0.283203125 0.22916666666666666 0.28125 0.25 0.287109375 0.25
0 0.349609375 0.9826388888888888 0.35546875 0.9965277777777778 0.38671875 0.9965277777777778 0.392578125 0.96875 0.38671875 0.90625 0.36328125 0.90625 0.34375 0.9236111111111112 0.349609375 0.9826388888888888
0 0.154296875 0.4548611111111111 0.16015625 0.4548611111111111 0.162109375 0.4409722222222222 0.158203125 0.4027777777777778 0.14453125 0.4027777777777778 0.154296875 0.4548611111111111
0 0.28125 0.5034722222222222 0.287109375 0.5034722222222222 0.29296875 0.4409722222222222 0.279296875 0.4409722222222222 0.275390625 0.4791666666666667 0.28125 0.5034722222222222
0 0.125 0.65625 0.130859375 0.7013888888888888 0.142578125 0.7152777777777778 0.154296875 0.6423611111111112 0.1484375 0.6215277777777778 0.130859375 0.6215277777777778 0.125 0.625 0.125 0.65625
0 0.298828125 0.25 0.296875 0.2222222222222222 0.29296875 0.25 0.298828125 0.25
0 0.787109375 0.7291666666666666 0.79296875 0.7534722222222222 0.8125 0.78125 0.861328125 0.8090277777777778 0.873046875 0.75 0.85546875 0.7013888888888888 0.83203125 0.6875 0.8359375 0.7430555555555556 0.826171875 0.75 0.8125 0.71875 0.81640625 0.7048611111111112 0.802734375 0.7013888888888888 0.798828125 0.6875 0.80078125 0.6979166666666666 0.787109375 0.7291666666666666
0 0.35546875 0.2986111111111111 0.359375 0.28125 0.353515625 0.2777777777777778 0.349609375 0.2951388888888889 0.35546875 0.2986111111111111
0 0.60546875 0.6666666666666666 0.609375 0.6076388888888888 0.603515625 0.5868055555555556 0.58984375 0.5902777777777778 0.587890625 0.6111111111111112 0.60546875 0.6666666666666666
0 0.23828125 0.2638888888888889 0.236328125 0.2326388888888889 0.23046875 0.2638888888888889 0.23828125 0.2638888888888889
0 0.041015625 0.8402777777777778 0.048828125 0.8854166666666666 0.060546875 0.8923611111111112 0.05078125 0.9097222222222222 0.056640625 0.9166666666666666 0.07421875 0.8541666666666666 0.068359375 0.8368055555555556 0.072265625 0.7916666666666666 0.048828125 0.7847222222222222 0.041015625 0.7986111111111112 0.041015625 0.8402777777777778
0 0.255859375 0.3541666666666667 0.267578125 0.3576388888888889 0.267578125 0.3263888888888889 0.26171875 0.3125 0.255859375 0.3159722222222222 0.255859375 0.3541666666666667
0 0.0859375 0.3125 0.10546875 0.3159722222222222 0.099609375 0.28125 0.09375 0.28125 0.0859375 0.2916666666666667 0.0859375 0.3125
0 0.984375 0.8263888888888888 0.998046875 0.8263888888888888 0.998046875 0.7361111111111112 0.98828125 0.7326388888888888 0.974609375 0.7638888888888888 0.974609375 0.8090277777777778 0.984375 0.8263888888888888
0 0.3125 0.78125 0.31640625 0.6840277777777778 0.29296875 0.6875 0.29296875 0.7361111111111112 0.3125 0.78125
0 0.568359375 0.6805555555555556 0.5859375 0.7013888888888888 0.603515625 0.6875 0.603515625 0.65625 0.591796875 0.625 0.556640625 0.625 0.568359375 0.6805555555555556
0 0.158203125 0.8472222222222222 0.173828125 0.8090277777777778 0.1796875 0.7638888888888888 0.173828125 0.7326388888888888 0.1484375 0.7361111111111112 0.14453125 0.8055555555555556 0.158203125 0.8472222222222222
0 0.3212890625 0.2743055555555556 0.005859375 0.020833333333333332
0 0.35546875 0.5277777777777778 0.3671875 0.53125 0.3671875 0.46875 0.353515625 0.4722222222222222 0.349609375 0.5 0.35546875 0.5277777777777778
0 0.353515625 0.71875 0.35546875 0.6354166666666666 0.341796875 0.6284722222222222 0.328125 0.6458333333333334 0.33203125 0.6875 0.353515625 0.71875
0 0.2421875 0.6875 0.248046875 0.6875 0.267578125 0.6527777777777778 0.2734375 0.6076388888888888 0.267578125 0.6006944444444444 0.26953125 0.5798611111111112 0.26171875 0.59375 0.23828125 0.59375 0.23828125 0.6597222222222222 0.2421875 0.6875
0 0.349609375 0.375 0.35546875 0.3472222222222222 0.35546875 0.3159722222222222 0.349609375 0.3159722222222222 0.34375 0.3229166666666667 0.349609375 0.375
0 0.400390625 0.3055555555555556 0.40625 0.3159722222222222 0.412109375 0.3055555555555556 0.41015625 0.28125 0.400390625 0.28125 0.400390625 0.3055555555555556
0 0.748046875 0.7222222222222222 0.76171875 0.7777777777777778 0.76953125 0.78125 0.76171875 0.7673611111111112 0.76953125 0.7638888888888888 0.76171875 0.7430555555555556 0.759765625 0.7048611111111112 0.75 0.6875 0.736328125 0.7013888888888888 0.748046875 0.7222222222222222
0 0.291015625 0.3125 0.291015625 0.28125 0.28515625 0.2777777777777778 0.28125 0.2986111111111111 0.291015625 0.3125
0 0.34375 0.28125 0.349609375 0.2743055555555556 0.34765625 0.25 0.341796875 0.25 0.34375 0.28125
0 0.3671875 0.4027777777777778 0.375 0.3576388888888889 0.36328125 0.3576388888888889 0.361328125 0.3993055555555556 0.3671875 0.4027777777777778
0 0.1875 0.4791666666666667 0.185546875 0.4201388888888889 0.17578125 0.4201388888888889 0.16796875 0.4340277777777778 0.16796875 0.46875 0.1875 0.4791666666666667
0 0.099609375 0.4965277777777778 0.11328125 0.5 0.1171875 0.4652777777777778 0.111328125 0.4375 0.09765625 0.4409722222222222 0.09375 0.4826388888888889 0.099609375 0.4965277777777778
0 0.2734375 0.22916666666666666 0.26953125 0.21875 0.2716064453125 0.23350694444444445 0.2734375 0.22916666666666666
0 0.267578125 0.24305555555555555 0.2734375 0.2465277777777778 0.2716064453125 0.23350694444444445 0.267578125 0.24305555555555555
0 0.474609375 0.625 0.5 0.625 0.5 0.5833333333333334 0.48828125 0.5798611111111112 0.474609375 0.5972222222222222 0.474609375 0.625
0 0.6083984375 0.5607638888888888 0.005859375 0.003472222222222222
0 0.5625 0.5763888888888888 0.580078125 0.5486111111111112 0.580078125 0.53125 0.5859375 0.53125 0.5625 0.5277777777777778 0.5546875 0.5347222222222222 0.5625 0.5763888888888888
0 0.21875 0.7638888888888888 0.21875 0.84375 0.23046875 0.8888888888888888 0.25 0.7847222222222222 0.25 0.7604166666666666 0.23828125 0.75 0.236328125 0.7638888888888888 0.21875 0.7638888888888888
0 0.37890625 0.4513888888888889 0.380859375 0.3888888888888889 0.369140625 0.3923611111111111 0.3671875 0.4305555555555556 0.37890625 0.4513888888888889
0 0.4296875 0.5034722222222222 0.42578125 0.46875 0.412109375 0.4722222222222222 0.412109375 0.5104166666666666 0.4296875 0.5034722222222222
0 0.255859375 0.2604166666666667 0.26171875 0.24305555555555555 0.25390625 0.22916666666666666 0.25 0.2361111111111111 0.255859375 0.2604166666666667
0 0.40625 0.8541666666666666 0.416015625 0.8576388888888888 0.423828125 0.7291666666666666 0.41015625 0.75 0.392578125 0.75 0.392578125 0.8263888888888888 0.40625 0.8541666666666666
0 0.04296875 0.34375 0.04296875 0.3125 0.01953125 0.3090277777777778 0.017578125 0.3472222222222222 0.04296875 0.34375
0 0.41796875 0.53125 0.42578125 0.5590277777777778 0.435546875 0.5625 0.423828125 0.5416666666666666 0.4375 0.53125 0.435546875 0.5138888888888888 0.423828125 0.5034722222222222 0.41796875 0.5104166666666666 0.41796875 0.53125
0 0.4296875 0.9548611111111112 0.4375 0.9583333333333334 0.431640625 0.9722222222222222 0.44921875 0.9791666666666666 0.455078125 0.9618055555555556 0.46875 0.9652777777777778 0.47265625 0.9305555555555556 0.462890625 0.8854166666666666 0.4375 0.8888888888888888 0.431640625 0.8993055555555556 0.421875 0.8888888888888888 0.41796875 0.9201388888888888 0.4296875 0.9548611111111112
0 0.400390625 0.34375 0.40625 0.3159722222222222 0.396484375 0.3020833333333333 0.392578125 0.3263888888888889 0.400390625 0.34375
0 0.66796875 0.6180555555555556 0.66796875 0.5486111111111112 0.646484375 0.5486111111111112 0.64453125 0.5902777777777778 0.66796875 0.6180555555555556
0 0.279296875 0.40625 0.291015625 0.40625 0.291015625 0.3680555555555556 0.28125 0.3576388888888889 0.2734375 0.3854166666666667 0.279296875 0.40625
0 0.25 0.9513888888888888 0.267578125 0.9930555555555556 0.28125 0.9930555555555556 0.28125 0.9548611111111112 0.287109375 0.9375 0.279296875 0.875 0.255859375 0.8784722222222222 0.25 0.8888888888888888 0.25 0.9513888888888888
0 0.71875 0.6805555555555556 0.716796875 0.6215277777777778 0.7109375 0.6076388888888888 0.6953125 0.6145833333333334 0.693359375 0.65625 0.71875 0.6805555555555556