0 0.119140625 0.3888888888888889 0.125 0.40625 0.13671875 0.4097222222222222 0.13671875 0.3541666666666667 0.125 0.3298611111111111 0.1171875 0.34375 0.119140625 0.3888888888888889
0 0.41015625 0.6493055555555556 0.412109375 0.5625 0.404296875 0.5590277777777778 0.392578125 0.5729166666666666 0.392578125 0.6215277777777778 0.41015625 0.6493055555555556
0 0.103515625 0.4375 0.109375 0.3993055555555556 0.10546875 0.3854166666666667 0.09765625 0.3854166666666667 0.09375 0.4305555555555556 0.103515625 0.4375
0 0.103515625 0.5451388888888888 0.10546875 0.5625 0.1171875 0.5763888888888888 0.125 0.5486111111111112 0.125 0.5173611111111112 0.12109375 0.5 0.111328125 0.4965277777777778 0.103515625 0.5104166666666666 0.103515625 0.5451388888888888
0 0.349609375 0.6701388888888888 0.353515625 0.7013888888888888 0.361328125 0.7048611111111112 0.3671875 0.7291666666666666 0.375 0.71875 0.37890625 0.6666666666666666 0.373046875 0.6354166666666666 0.37890625 0.6076388888888888 0.373046875 0.6215277777777778 0.35546875 0.6284722222222222 0.349609375 0.6354166666666666 0.349609375 0.6701388888888888
0 0.630859375 0.9027777777777778 0.630859375 0.9375 0.646484375 0.9479166666666666 0.65625 0.96875 0.66796875 0.96875 0.66796875 0.8784722222222222 0.662109375 0.8472222222222222 0.642578125 0.84375 0.642578125 0.8784722222222222 0.63671875 0.8923611111111112 0.630859375 0.8854166666666666 0.63671875 0.8958333333333334 0.630859375 0.9027777777777778
0 0.6171875 0.90625 0.625 0.8541666666666666 0.6171875 0.8402777777777778 0.6171875 0.8125 0.603515625 0.8125 0.599609375 0.875 0.6171875 0.90625
0 0.25 0.3923611111111111 0.25 0.4166666666666667 0.26171875 0.40625 0.26171875 0.3680555555555556 0.255859375 0.3680555555555556 0.2421875 0.3715277777777778 0.25 0.3923611111111111
0 0.9609375 0.7916666666666666 0.96875 0.7777777777777778 0.9609375 0.7013888888888888 0.947265625 0.6701388888888888 0.9375 0.6701388888888888 0.92578125 0.6875 0.916015625 0.7465277777777778 0.9609375 0.7916666666666666
0 0.89453125 0.71875 0.900390625 0.6666666666666666 0.884765625 0.6666666666666666 0.880859375 0.7152777777777778 0.89453125 0.71875
0 0.283203125 0.84375 0.298828125 0.8715277777777778 0.3046875 0.8576388888888888 0.306640625 0.7604166666666666 0.298828125 0.7465277777777778 0.279296875 0.7534722222222222 0.2734375 0.8402777777777778 0.283203125 0.84375
0 0.818359375 0.6076388888888888 0.822265625 0.6215277777777778 0.84375 0.6527777777777778 0.85546875 0.65625 0.849609375 0.5972222222222222 0.8359375 0.59375 0.833984375 0.6076388888888888 0.818359375 0.6076388888888888
0 0.505859375 0.8611111111111112 0.51171875 0.8888888888888888 0.54296875 0.9409722222222222 0.55078125 0.9375 0.5625 0.9652777777777778 0.57421875 0.96875 0.57421875 0.9236111111111112 0.5625 0.8402777777777778 0.533203125 0.8576388888888888 0.5234375 0.8333333333333334 0.5234375 0.8125 0.517578125 0.8055555555555556 0.509765625 0.8159722222222222 0.51171875 0.8472222222222222 0.505859375 0.8611111111111112
0 0.16015625 0.84375 0.16796875 0.8159722222222222 0.166015625 0.7361111111111112 0.142578125 0.7326388888888888 0.142578125 0.8159722222222222 0.16015625 0.84375
0 0.330078125 0.4965277777777778 0.330078125 0.4479166666666667 0.326171875 0.4375 0.318359375 0.4409722222222222 0.31640625 0.4895833333333333 0.330078125 0.4965277777777778
0 0.486328125 0.5 0.498046875 0.4965277777777778 0.498046875 0.4375 0.48046875 0.4375 0.486328125 0.5
0 0.14453125 0.3541666666666667 0.14453125 0.3263888888888889 0.13671875 0.3125 0.126953125 0.3159722222222222 0.125 0.3368055555555556 0.14453125 0.3541666666666667
0 0.205078125 0.3993055555555556 0.203125 0.375 0.16796875 0.3611111111111111 0.162109375 0.3993055555555556 0.205078125 0.3993055555555556
0 0.701171875 0.9305555555555556 0.69921875 0.9201388888888888 0.693359375 0.9201388888888888 0.701171875 0.9305555555555556
0 0.712890625 0.9409722222222222 0.71875 0.9097222222222222 0.70703125 0.90625 0.705078125 0.9375 0.712890625 0.9409722222222222
0 0.724609375 0.9548611111111112 0.75 0.9722222222222222 0.76171875 0.9340277777777778 0.759765625 0.9131944444444444 0.767578125 0.8993055555555556 0.763671875 0.875 0.74609375 0.84375 0.736328125 0.84375 0.73046875 0.8715277777777778 0.73828125 0.8854166666666666 0.724609375 0.9548611111111112
0 0.69921875 0.9097222222222222 0.705078125 0.8923611111111112 0.701171875 0.875 0.7109375 0.8576388888888888 0.701171875 0.8576388888888888 0.69140625 0.8368055555555556 0.6875 0.9027777777777778 0.69921875 0.9097222222222222
0 0.599609375 0.6354166666666666 0.60546875 0.65625 0.63671875 0.7013888888888888 0.625 0.6423611111111112 0.62890625 0.5972222222222222 0.61328125 0.59375 0.599609375 0.6111111111111112 0.599609375 0.6354166666666666
0 0.13671875 0.4097222222222222 0.13671875 0.3576388888888889 0.12890625 0.3541666666666667 0.123046875 0.3645833333333333 0.123046875 0.4027777777777778 0.13671875 0.4097222222222222
0 0.29296875 0.65625 0.298828125 0.6631944444444444 0.29296875 0.6805555555555556 0.3125 0.6875 0.31640625 0.6701388888888888 0.306640625 0.65625 0.31640625 0.6510416666666666 0.31640625 0.59375 0.3046875 0.5868055555555556 0.29296875 0.59375 0.29296875 0.65625
0 0.369140625 0.5104166666666666 0.375 0.4618055555555556 0.373046875 0.4513888888888889 0.361328125 0.4513888888888889 0.361328125 0.4965277777777778 0.369140625 0.5104166666666666
0 0.45703125 0.7638888888888888 0.462890625 0.7638888888888888 0.46875 0.7430555555555556 0.466796875 0.6701388888888888 0.431640625 0.6770833333333334 0.439453125 0.7256944444444444 0.45703125 0.7638888888888888
0 0.01171875 0.4826388888888889 0.017578125 0.5243055555555556 0.03515625 0.5243055555555556 0.03515625 0.4861111111111111 0.01953125 0.4930555555555556 0.01171875 0.4826388888888889
0 0.017578125 0.3125 0.041015625 0.3125 0.037109375 0.2847222222222222 0.0234375 0.28125 0.017578125 0.2847222222222222 0.017578125 0.3125
0 0.53125 0.6840277777777778 0.537109375 0.71875 0.55078125 0.7430555555555556 0.556640625 0.6909722222222222 0.5546875 0.6736111111111112 0.546875 0.6701388888888888 0.53125 0.6736111111111112 0.53125 0.6840277777777778
0 0.5859375 0.71875 0.58203125 0.7326388888888888 0.591796875 0.7326388888888888 0.60546875 0.7638888888888888 0.6171875 0.7673611111111112 0.619140625 0.7326388888888888 0.611328125 0.6736111111111112 0.599609375 0.6701388888888888 0.59765625 0.6875 0.5859375 0.6875 0.568359375 0.6666666666666666 0.568359375 0.7118055555555556 0.5859375 0.71875
0 0.88671875 0.4479166666666667 0.9296875 0.4479166666666667 0.91796875 0.4097222222222222 0.91796875 0.3854166666666667 0.900390625 0.3888888888888889 0.888671875 0.40625 0.880859375 0.4305555555555556 0.88671875 0.4479166666666667
0 0.529296875 0.78125 0.55078125 0.7638888888888888 0.546875 0.7291666666666666 0.53515625 0.7048611111111112 0.51171875 0.7361111111111112 0.505859375 0.78125 0.529296875 0.78125
0 0.44921875 0.6111111111111112 0.462890625 0.6527777777777778 0.46875 0.6527777777777778 0.466796875 0.5798611111111112 0.443359375 0.5763888888888888 0.4375 0.6076388888888888 0.44921875 0.6111111111111112
0 0.451171875 0.9201388888888888 0.4609375 0.9201388888888888 0.462890625 0.9340277777777778 0.48046875 0.9513888888888888 0.48046875 0.875 0.474609375 0.8680555555555556 0.47265625 0.8368055555555556 0.46875 0.8263888888888888 0.453125 0.8368055555555556 0.44140625 0.8298611111111112 0.4375 0.8888888888888888 0.451171875 0.9201388888888888
0 0.791015625 0.4166666666666667 0.79296875 0.3784722222222222 0.78125 0.3611111111111111 0.7734375 0.3680555555555556 0.76953125 0.40625 0.791015625 0.4166666666666667
0 0.3359375 0.6076388888888888 0.34765625 0.59375 0.353515625 0.5486111111111112 0.349609375 0.5277777777777778 0.33203125 0.5277777777777778 0.330078125 0.59375 0.3359375 0.6076388888888888
0 0.34765625 0.90625 0.349609375 0.9513888888888888 0.361328125 0.9756944444444444 0.361328125 0.9930555555555556 0.3671875 0.9826388888888888 0.373046875 0.9965277777777778 0.412109375 0.9965277777777778 0.40625 0.9722222222222222 0.412109375 0.9548611111111112 0.404296875 0.9166666666666666 0.40625 0.8888888888888888 0.38671875 0.8888888888888888 0.375 0.90625 0.375 0.9259270833333333 0.359375 0.9166666666666666 0.349609375 0.8784722222222222 0.35546875 0.9027777777777778 0.34765625 0.90625
0 0.6484375 0.78125 0.662109375 0.8125 0.681640625 0.8125 0.685546875 0.78125 0.6796875 0.7743055555555556 0.6796875 0.75 0.66015625 0.7465277777777778 0.65625 0.7361111111111112 0.6484375 0.7361111111111112 0.6484375 0.78125