0 0.111328125 0.3784722222222222 0.1171875 0.3715277777777778 0.1171875 0.34375 0.111328125 0.3263888888888889 0.099609375 0.3263888888888889 0.09765625 0.3715277777777778 0.111328125 0.3784722222222222
0 0.216796875 0.8229166666666666 0.25 0.78125 0.248046875 0.75 0.236328125 0.7291666666666666 0.234375 0.7013888888888888 0.224609375 0.7048611111111112 0.22265625 0.7326388888888888 0.2109375 0.7534722222222222 0.205078125 0.8090277777777778 0.216796875 0.8229166666666666
0 0.2734375 0.7743055555555556 0.287109375 0.7534722222222222 0.28125 0.6909722222222222 0.26171875 0.7361111111111112 0.26171875 0.7743055555555556 0.2734375 0.7743055555555556
0 0.59375 0.5 0.595703125 0.5208333333333334 0.603515625 0.5243055555555556 0.61328125 0.5034722222222222 0.63671875 0.5138888888888888 0.638671875 0.46875 0.61328125 0.4479166666666667 0.60546875 0.4513888888888889 0.603515625 0.4791666666666667 0.59375 0.5
0 0.404296875 0.3368055555555556 0.40625 0.2951388888888889 0.392578125 0.2951388888888889 0.388671875 0.3298611111111111 0.404296875 0.3368055555555556
0 0.0078125 0.3645833333333333 0.03125 0.3680555555555556 0.03515625 0.3298611111111111 0.0234375 0.3159722222222222 0.015625 0.3263888888888889 0.013671875 0.3159722222222222 0.005859375 0.3159722222222222 0 0.34375 0.0078125 0.3645833333333333
0 0.08203125 0.4166666666666667 0.09375 0.4201388888888889 0.09375 0.3680555555555556 0.080078125 0.3576388888888889 0.076171875 0.375 0.08203125 0.4166666666666667
0 0 0.4965277777777778 0.01171875 0.4895833333333333 0.01171875 0.4201388888888889 0 0.4201388888888889 0 0.4965277777777778
0 0.150390625 0.2916666666666667 0.154296875 0.2638888888888889 0.146484375 0.2465277777777778 0.134765625 0.25 0.130859375 0.2847222222222222 0.150390625 0.2916666666666667
0 0.048828125 0.3298611111111111 0.0625 0.3159722222222222 0.052734375 0.2916666666666667 0.041015625 0.2951388888888889 0.0390625 0.3263888888888889 0.048828125 0.3298611111111111
0 0.021484375 0.4722222222222222 0.04296875 0.4652777777777778 0.048828125 0.4479166666666667 0.0546875 0.4652777777777778 0.064453125 0.46875 0.07421875 0.4513888888888889 0.07421875 0.4166666666666667 0.068359375 0.4201388888888889 0.068359375 0.40625 0.0625 0.40625 0.0546875 0.4409722222222222 0.04296875 0.4409722222222222 0.03125 0.4201388888888889 0.013671875 0.4513888888888889 0.021484375 0.4722222222222222
0 0.0859375 0.2743055555555556 0.10546875 0.2673611111111111 0.10546875 0.2465277777777778 0.09765625 0.2326388888888889 0.08203125 0.24305555555555555 0.080078125 0.2638888888888889 0.0859375 0.2743055555555556
0 0.091796875 0.3298611111111111 0.09375 0.2951388888888889 0.07421875 0.2951388888888889 0.072265625 0.3263888888888889 0.091796875 0.3298611111111111
0 0.29296875 0.34375 0.3046875 0.3541666666666667 0.3125 0.34375 0.310546875 0.3125 0.298828125 0.3055555555555556 0.29296875 0.3159722222222222 0.29296875 0.34375
0 0.412109375 0.3368055555555556 0.423828125 0.3368055555555556 0.423828125 0.2951388888888889 0.412109375 0.2951388888888889 0.412109375 0.3368055555555556
0 0.517578125 0.3854166666666667 0.541015625 0.3715277777777778 0.541015625 0.34375 0.53125 0.3263888888888889 0.509765625 0.34375 0.505859375 0.3784722222222222 0.517578125 0.3854166666666667
0 0.38671875 0.3368055555555556 0.38671875 0.2951388888888889 0.376953125 0.2986111111111111 0.373046875 0.3368055555555556 0.38671875 0.3368055555555556
0 0.26953125 0.4548611111111111 0.2734375 0.4652777777777778 0.28515625 0.4652777777777778 0.28515625 0.4236111111111111 0.2734375 0.4201388888888889 0.267578125 0.4236111111111111 0.26953125 0.4548611111111111
0 0.541015625 0.3263888888888889 0.54296875 0.2847222222222222 0.53125 0.28125 0.53125 0.3125 0.541015625 0.3263888888888889