0 0.35546875 0.40625 0.361328125 0.4166666666666667 0.3671875 0.4097222222222222 0.3671875 0.3784722222222222 0.361328125 0.375 0.35546875 0.3784722222222222 0.35546875 0.40625
0 0.55078125 0.3263888888888889 0.5546875 0.3055555555555556 0.546875 0.2916666666666667 0.54296875 0.3159722222222222 0.55078125 0.3263888888888889
0 0.11328125 0.3125 0.1171875 0.2847222222222222 0.111328125 0.2673611111111111 0.09375 0.2743055555555556 0.091796875 0.2951388888888889 0.11328125 0.3125
0 0.388671875 0.2534722222222222 0.39453125 0.2465277777777778 0.392578125 0.22916666666666666 0.38671875 0.22916666666666666 0.388671875 0.2534722222222222
0 0.318359375 0.9375 0.318359375 0.9097222222222222 0.3125 0.90625 0.3125 0.9375 0.318359375 0.9375
0 0.3359375 0.9166666666666666 0.3359375 0.9652777777777778 0.337890625 0.9826388888888888 0.34765625 0.9826388888888888 0.35546875 0.9965277777777778 0.375 0.9965277777777778 0.373046875 0.9513888888888888 0.3671875 0.9444444444444444 0.369140625 0.90625 0.36328125 0.8923611111111112 0.35546875 0.9201388888888888 0.3359375 0.9166666666666666
0 0.3125 0.3229166666666667 0.322265625 0.3368055555555556 0.32421875 0.3090277777777778 0.318359375 0.2951388888888889 0.3125 0.2951388888888889 0.3125 0.3229166666666667
0 0.1875 0.65625 0.19921875 0.6180555555555556 0.19921875 0.5902777777777778 0.19140625 0.5625 0.1796875 0.5659722222222222 0.173828125 0.6041666666666666 0.1875 0.65625
0 0.810546875 0.9097222222222222 0.810546875 0.9305555555555556 0.833984375 0.9340277777777778 0.84375 0.9479166666666666 0.845703125 0.9756944444444444 0.859375 0.9826388888888888 0.8671875 0.9548611111111112 0.86328125 0.9305555555555556 0.849609375 0.90625 0.837890625 0.84375 0.82421875 0.84375 0.818359375 0.8541666666666666 0.82421875 0.8784722222222222 0.810546875 0.9097222222222222
0 0.7734375 0.9097222222222222 0.78515625 0.90625 0.787109375 0.9305555555555556 0.787109375 0.9097222222222222 0.7734375 0.8819444444444444 0.779296875 0.8125 0.76171875 0.8125 0.76171875 0.8888888888888888 0.7734375 0.9097222222222222
0 0.341796875 0.3368055555555556 0.34765625 0.3090277777777778 0.3359375 0.3090277777777778 0.341796875 0.3368055555555556
0 0.138671875 0.2951388888888889 0.150390625 0.2951388888888889 0.154296875 0.2777777777777778 0.1484375 0.2534722222222222 0.134765625 0.25 0.130859375 0.28125 0.138671875 0.2951388888888889
0 0.29296875 0.8263888888888888 0.318359375 0.7638888888888888 0.318359375 0.7430555555555556 0.306640625 0.7361111111111112 0.28515625 0.7534722222222222 0.28125 0.7951388888888888 0.29296875 0.8263888888888888
0 0.42578125 0.5625 0.4296875 0.53125 0.421875 0.5277777777777778 0.40625 0.53125 0.42578125 0.5625
0 0.205078125 0.7847222222222222 0.21875 0.7673611111111112 0.21875 0.6875 0.1953125 0.6875 0.193359375 0.7638888888888888 0.205078125 0.7847222222222222
0 0.29296875 0.3090277777777778 0.30078125 0.3055555555555556 0.29296875 0.2986111111111111 0.29296875 0.3090277777777778
0 0.29296875 0.3298611111111111 0.30078125 0.3368055555555556 0.29296875 0.3090277777777778 0.29296875 0.3298611111111111
0 0.38671875 0.3125 0.388671875 0.2743055555555556 0.3828125 0.2708333333333333 0.380859375 0.3090277777777778 0.38671875 0.3125
0 0.31640625 0.5972222222222222 0.32421875 0.5798611111111112 0.326171875 0.5277777777777778 0.3125 0.5173611111111112 0.306640625 0.5555555555555556 0.31640625 0.5972222222222222
0 0.267578125 0.5625 0.2734375 0.5486111111111112 0.2734375 0.4965277777777778 0.259765625 0.4965277777777778 0.255859375 0.5138888888888888 0.267578125 0.5625
0 0.7548828125 0.9947916666666666 0.001953125 0.003472222222222222
0 0.673828125 0.9965277777777778 0.6953125 0.9965277777777778 0.69921875 0.96875 0.6875 0.9513888888888888 0.673828125 0.9479166666666666 0.66796875 0.9548611111111112 0.673828125 0.9965277777777778
0 0.2578125 0.3472222222222222 0.26171875 0.3125 0.25390625 0.2986111111111111 0.25 0.3402777777777778 0.2578125 0.3472222222222222
0 0.349609375 0.28125 0.353515625 0.2638888888888889 0.34765625 0.25 0.34375 0.2743055555555556 0.349609375 0.28125
0 0.23046875 0.34375 0.2421875 0.3298611111111111 0.2421875 0.3055555555555556 0.236328125 0.2951388888888889 0.23046875 0.2951388888888889 0.23046875 0.34375
0 0.16796875 0.4027777777777778 0.19921875 0.4027777777777778 0.205078125 0.3923611111111111 0.193359375 0.3611111111111111 0.1875 0.3680555555555556 0.177734375 0.3541666666666667 0.16796875 0.3576388888888889 0.162109375 0.3854166666666667 0.16796875 0.4027777777777778
0 0.41796875 0.4409722222222222 0.427734375 0.4513888888888889 0.4375 0.4166666666666667 0.435546875 0.3993055555555556 0.42578125 0.3888888888888889 0.41796875 0.4027777777777778 0.41796875 0.4409722222222222
0 0.984375 0.2777777777777778 0.98828125 0.25 0.974609375 0.24305555555555555 0.96875 0.2638888888888889 0.984375 0.2777777777777778
0 0.6953125 0.9965277777777778 0.69921875 0.9722222222222222 0.673828125 0.9479166666666666 0.673828125 0.9965277777777778 0.6953125 0.9965277777777778
0 0.224609375 0.53125 0.234375 0.5277777777777778 0.234375 0.5 0.224609375 0.5 0.224609375 0.53125
0 0.68359375 0.8055555555555556 0.7109375 0.8263888888888888 0.72265625 0.8472222222222222 0.736328125 0.84375 0.73828125 0.8159722222222222 0.72265625 0.7361111111111112 0.705078125 0.7361111111111112 0.705078125 0.7673611111111112 0.69921875 0.7777777777777778 0.689453125 0.7708333333333334 0.6796875 0.7291666666666666 0.666015625 0.7152777777777778 0.662109375 0.75 0.68359375 0.8055555555555556
0 0.369140625 0.3576388888888889 0.37890625 0.3576388888888889 0.37890625 0.3159722222222222 0.3671875 0.3194444444444444 0.36328125 0.34375 0.369140625 0.3576388888888889
0 0.740234375 0.3611111111111111 0.7421875 0.3159722222222222 0.71875 0.3159722222222222 0.701171875 0.3576388888888889 0.740234375 0.3611111111111111
0 0.779296875 0.3541666666666667 0.79296875 0.3541666666666667 0.8046875 0.3402777777777778 0.791015625 0.3159722222222222 0.775390625 0.3298611111111111 0.7734375 0.34375 0.779296875 0.3541666666666667