0 0.34375 0.5416666666666666 0.361328125 0.5416666666666666 0.3671875 0.53125 0.3671875 0.5 0.361328125 0.5 0.32421875 0.5243055555555556 0.34375 0.5416666666666666
0 0.091796875 0.4375 0.09375 0.4201388888888889 0.0859375 0.3888888888888889 0.072265625 0.3784722222222222 0.068359375 0.4305555555555556 0.091796875 0.4375
0 0.705078125 0.25 0.705078125 0.2222222222222222 0.6953125 0.2222222222222222 0.693359375 0.25 0.705078125 0.25
0 0.73828125 0.7951388888888888 0.748046875 0.7986111111111112 0.7421875 0.7361111111111112 0.734375 0.71875 0.724609375 0.7222222222222222 0.71875 0.7430555555555556 0.73828125 0.7951388888888888
0 0.19921875 0.5104166666666666 0.220703125 0.4930555555555556 0.236328125 0.5 0.244140625 0.4791666666666667 0.23828125 0.4548611111111111 0.2265625 0.46875 0.21875 0.46875 0.212890625 0.4513888888888889 0.19921875 0.4513888888888889 0.193359375 0.4618055555555556 0.19140625 0.4965277777777778 0.19921875 0.5104166666666666
0 0.1875 0.4930555555555556 0.193359375 0.5034722222222222 0.21875 0.4930555555555556 0.236328125 0.5 0.244140625 0.4791666666666667 0.23828125 0.4548611111111111 0.21875 0.4722222222222222 0.208984375 0.4479166666666667 0.181640625 0.4513888888888889 0.1796875 0.4340277777777778 0.16796875 0.4409722222222222 0.162109375 0.46875 0.166015625 0.4965277777777778 0.1875 0.4930555555555556
0 0.03125 0.5104166666666666 0.044921875 0.5138888888888888 0.0546875 0.5 0.052734375 0.46875 0.017578125 0.4652777777777778 0.013671875 0.4826388888888889 0.03125 0.5104166666666666
0 0.2421875 0.5347222222222222 0.244140625 0.5625 0.25390625 0.5625 0.26953125 0.53125 0.2734375 0.5555555555555556 0.29296875 0.5451388888888888 0.298828125 0.53125 0.298828125 0.4930555555555556 0.275390625 0.5173611111111112 0.255859375 0.4930555555555556 0.25 0.5277777777777778 0.2421875 0.5347222222222222
0 0.34765625 0.5416666666666666 0.361328125 0.5416666666666666 0.3671875 0.53125 0.3671875 0.5 0.357421875 0.4930555555555556 0.35546875 0.4722222222222222 0.33203125 0.46875 0.32421875 0.4895833333333333 0.326171875 0.53125 0.34765625 0.5416666666666666
0 0.759765625 0.2604166666666667 0.759765625 0.2361111111111111 0.728515625 0.22916666666666666 0.724609375 0.25 0.759765625 0.2604166666666667
0 0.130859375 0.3923611111111111 0.142578125 0.4166666666666667 0.154296875 0.3993055555555556 0.14453125 0.34375 0.130859375 0.34375 0.130859375 0.3923611111111111
0 0.0625 0.4340277777777778 0.06640625 0.3923611111111111 0.0625 0.3784722222222222 0.048828125 0.3784722222222222 0.048828125 0.4340277777777778 0.0625 0.4340277777777778
0 0.8125 0.3541666666666667 0.830078125 0.3298611111111111 0.8125 0.3229166666666667 0.8046875 0.3333333333333333 0.80078125 0.3472222222222222 0.8125 0.3541666666666667
0 0.38671875 0.6215277777777778 0.41796875 0.59375 0.435546875 0.59375 0.44140625 0.5590277777777778 0.4375 0.5451388888888888 0.42578125 0.5451388888888888 0.412109375 0.5868055555555556 0.404296875 0.5763888888888888 0.40234375 0.5451388888888888 0.380859375 0.5659722222222222 0.380859375 0.6215277777777778 0.38671875 0.6215277777777778
0 0.54296875 0.5590277777777778 0.5390625 0.53125 0.515625 0.5277777777777778 0.513671875 0.5902777777777778 0.54296875 0.5590277777777778
0 0.11328125 0.4340277777777778 0.123046875 0.4201388888888889 0.125 0.3715277777777778 0.1171875 0.3576388888888889 0.099609375 0.3576388888888889 0.09765625 0.4236111111111111 0.11328125 0.4340277777777778
0 0.099609375 0.5173611111111112 0.099609375 0.4930555555555556 0.09375 0.4861111111111111 0.0859375 0.5 0.08984375 0.5138888888888888 0.08203125 0.5138888888888888 0.099609375 0.5173611111111112
0 0.08203125 0.5451388888888888 0.08203125 0.5138888888888888 0.080078125 0.5138888888888888 0.068359375 0.53125 0.07421875 0.5555555555555556 0.08203125 0.5451388888888888
0 0.111328125 0.5277777777777778 0.130859375 0.5173611111111112 0.13671875 0.5243055555555556 0.13671875 0.5034722222222222 0.125 0.4861111111111111 0.130859375 0.46875 0.1171875 0.4548611111111111 0.123046875 0.4930555555555556 0.111328125 0.5277777777777778
0 0.2890625 0.46875 0.3125 0.4513888888888889 0.314453125 0.4340277777777778 0.333984375 0.4340277777777778 0.3359375 0.4236111111111111 0.322265625 0.4270833333333333 0.291015625 0.4097222222222222 0.28125 0.4340277777777778 0.279296875 0.4548611111111111 0.2890625 0.46875
0 0.173828125 0.4965277777777778 0.197265625 0.4791666666666667 0.193359375 0.4618055555555556 0.201171875 0.4513888888888889 0.185546875 0.4548611111111111 0.181640625 0.4340277777777778 0.173828125 0.4305555555555556 0.162109375 0.46875 0.1640625 0.4930555555555556 0.173828125 0.4965277777777778
0 0.568359375 0.4305555555555556 0.59375 0.4375 0.59765625 0.3993055555555556 0.57421875 0.3923611111111111 0.5625 0.40625 0.568359375 0.4305555555555556
0 0.166015625 0.3993055555555556 0.201171875 0.3993055555555556 0.193359375 0.3611111111111111 0.16796875 0.3576388888888889 0.162109375 0.3854166666666667 0.166015625 0.3993055555555556
0 0 0.5659722222222222 0.046875 0.5555555555555556 0.048828125 0.53125 0.037109375 0.5138888888888888 0.01171875 0.5277777777777778 0.009765625 0.5555555555555556 0 0.5659722222222222
0 0 0.7152777777777778 0.005859375 0.6875 0 0.6875 0 0.7152777777777778
0 0.044921875 0.7326388888888888 0.0546875 0.7118055555555556 0.0546875 0.6666666666666666 0.05078125 0.65625 0.029296875 0.6597222222222222 0.015625 0.6909722222222222 0.0234375 0.7326388888888888 0.044921875 0.7326388888888888
0 0.470703125 0.4722222222222222 0.474609375 0.4791666666666667 0.48046875 0.46875 0.470703125 0.4479166666666667 0.478515625 0.4340277777777778 0.462890625 0.4479166666666667 0.451171875 0.4340277777777778 0.447265625 0.4444444444444444 0.443359375 0.4861111111111111 0.470703125 0.4722222222222222
0 0.5546875 0.3888888888888889 0.556640625 0.3576388888888889 0.541015625 0.3611111111111111 0.537109375 0.3854166666666667 0.5546875 0.3888888888888889
0 0.537109375 0.4861111111111111 0.568359375 0.4965277777777778 0.57421875 0.4826388888888889 0.568359375 0.4583333333333333 0.572265625 0.4513888888888889 0.568359375 0.4409722222222222 0.5546875 0.4409722222222222 0.537109375 0.4479166666666667 0.537109375 0.4861111111111111
0 0.9609375 0.2951388888888889 0.95703125 0.2638888888888889 0.9375 0.2673611111111111 0.9375 0.2986111111111111 0.9609375 0.2951388888888889
0 0.4921875 0.5104166666666666 0.49609375 0.5347222222222222 0.509765625 0.5243055555555556 0.5234375 0.4861111111111111 0.509765625 0.46875 0.5 0.4826388888888889 0.5 0.5 0.4921875 0.5104166666666666
0 0.40625 0.4236111111111111 0.447265625 0.4201388888888889 0.45703125 0.4027777777777778 0.455078125 0.375 0.443359375 0.3888888888888889 0.421875 0.3784722222222222 0.404296875 0.4097222222222222 0.40625 0.4236111111111111
0 0.58984375 0.53125 0.61328125 0.5277777777777778 0.619140625 0.5104166666666666 0.6171875 0.4826388888888889 0.599609375 0.4826388888888889 0.59765625 0.4722222222222222 0.5859375 0.4826388888888889 0.580078125 0.5451388888888888 0.58984375 0.53125
0 0.53125 0.3263888888888889 0.54296875 0.3263888888888889 0.54296875 0.2847222222222222 0.537109375 0.28125 0.53125 0.2916666666666667 0.53125 0.3263888888888889
0 0.048828125 0.6388888888888888 0.060546875 0.6527777777777778 0.076171875 0.6284722222222222 0.099609375 0.6215277777777778 0.109375 0.5763888888888888 0.09375 0.59375 0.087890625 0.6180555555555556 0.080078125 0.6076388888888888 0.080078125 0.5625 0.0625 0.5763888888888888 0.048828125 0.625 0.048828125 0.6388888888888888
0 0.11328125 0.6701388888888888 0.125 0.6423611111111112 0.142578125 0.6493055555555556 0.15625 0.6354166666666666 0.173828125 0.6388888888888888 0.1796875 0.5972222222222222 0.16015625 0.5763888888888888 0.142578125 0.6284722222222222 0.130859375 0.6006944444444444 0.130859375 0.5798611111111112 0.109375 0.5763888888888888 0.099609375 0.6180555555555556 0.09765625 0.6631944444444444 0.11328125 0.6701388888888888
0 0.642578125 0.3715277777777778 0.642578125 0.3888888888888889 0.67578125 0.3611111111111111 0.705078125 0.3611111111111111 0.705078125 0.3472222222222222 0.65625 0.3472222222222222 0.66015625 0.3715277777777778 0.642578125 0.3715277777777778