0 0.75 0.4097222222222222 0.755859375 0.4166666666666667 0.79296875 0.40625 0.79296875 0.375 0.76953125 0.3854166666666667 0.767578125 0.3715277777777778 0.76171875 0.3715277777777778 0.75 0.3888888888888889 0.75 0.4097222222222222
0 0.072265625 0.4479166666666667 0.07421875 0.3888888888888889 0.0625 0.3888888888888889 0.0625 0.4375 0.072265625 0.4479166666666667
0 0.40625 0.4826388888888889 0.404296875 0.4618055555555556 0.375 0.4652777777777778 0.369140625 0.4965277777777778 0.40625 0.4826388888888889
0 0.869140625 0.4027777777777778 0.90625 0.4027777777777778 0.912109375 0.3888888888888889 0.912109375 0.3680555555555556 0.90625 0.3611111111111111 0.892578125 0.375 0.884765625 0.3541666666666667 0.875 0.3611111111111111 0.8671875 0.3854166666666667 0.869140625 0.4027777777777778
0 0 0.5729166666666666 0.01953125 0.5625 0.037109375 0.5729166666666666 0.046875 0.5451388888888888 0.03515625 0.5138888888888888 0.017578125 0.5173611111111112 0.015625 0.53125 0 0.5416666666666666 0 0.5729166666666666
0 0.142578125 0.4930555555555556 0.142578125 0.4513888888888889 0.11328125 0.4548611111111111 0.10546875 0.4409722222222222 0.09765625 0.4444444444444444 0.0859375 0.4930555555555556 0.142578125 0.4930555555555556
0 0.01953125 0.4513888888888889 0.03515625 0.4513888888888889 0.037109375 0.4236111111111111 0.03125 0.40625 0.017578125 0.40625 0.013671875 0.4375 0.01953125 0.4513888888888889
0 0.84375 0.2916666666666667 0.861328125 0.2881944444444444 0.861328125 0.2638888888888889 0.83203125 0.2534722222222222 0.830078125 0.28125 0.84375 0.2916666666666667
0 0.87890625 0.2951388888888889 0.89453125 0.2951388888888889 0.90625 0.2777777777777778 0.90625 0.2638888888888889 0.880859375 0.2604166666666667 0.875 0.2743055555555556 0.87890625 0.2951388888888889
0 0 0.6909722222222222 0.0234375 0.6979166666666666 0.03125 0.6840277777777778 0.029296875 0.625 0.005859375 0.6111111111111112 0 0.6111111111111112 0 0.6909722222222222
0 0.998046875 0.3854166666666667 0.998046875 0.34375 0.98828125 0.3576388888888889 0.986328125 0.375 0.998046875 0.3854166666666667
0 0.34375 0.4513888888888889 0.330078125 0.4618055555555556 0.33203125 0.46875 0.361328125 0.4513888888888889 0.3671875 0.4618055555555556 0.375 0.4513888888888889 0.375 0.4201388888888889 0.3515625 0.4201388888888889 0.34375 0.4097222222222222 0.33203125 0.4236111111111111 0.330078125 0.4340277777777778 0.34375 0.4513888888888889
0 0.037109375 0.3159722222222222 0.029296875 0.28125 0.01171875 0.2777777777777778 0.01171875 0.3125 0.037109375 0.3159722222222222