0 0.76171875 0.3368055555555556 0.763671875 0.2951388888888889 0.75 0.2986111111111111 0.75 0.3368055555555556 0.76171875 0.3368055555555556
0 0.130859375 0.2951388888888889 0.1484375 0.2951388888888889 0.1484375 0.2638888888888889 0.13671875 0.2604166666666667 0.130859375 0.2673611111111111 0.130859375 0.2951388888888889
0 0.9921875 0.2638888888888889 0.9921875 0.24305555555555555 0.978515625 0.2326388888888889 0.96875 0.2638888888888889 0.9921875 0.2638888888888889
0 0.21875 0.46875 0.23046875 0.4409722222222222 0.23046875 0.4097222222222222 0.212890625 0.4131944444444444 0.20703125 0.4340277777777778 0.21875 0.46875
0 0.04296875 0.4340277777777778 0.05078125 0.4166666666666667 0.048828125 0.3784722222222222 0.03515625 0.3715277777777778 0.03125 0.4166666666666667 0.04296875 0.4340277777777778
0 0.3125 0.40625 0.318359375 0.40625 0.322265625 0.3888888888888889 0.3203125 0.3576388888888889 0.310546875 0.3576388888888889 0.3125 0.40625
0 0.306640625 0.25 0.31640625 0.25 0.314453125 0.22916666666666666 0.306640625 0.22916666666666666 0.306640625 0.25
0 0.25390625 0.3854166666666667 0.26171875 0.3854166666666667 0.26171875 0.3576388888888889 0.25390625 0.3576388888888889 0.25390625 0.3854166666666667
0 0.11328125 0.2951388888888889 0.111328125 0.2638888888888889 0.099609375 0.2604166666666667 0.09765625 0.2777777777777778 0.11328125 0.2951388888888889
0 0.40625 0.8402777777777778 0.421875 0.84375 0.4296875 0.8680555555555556 0.45703125 0.9027777777777778 0.466796875 0.8993055555555556 0.466796875 0.875 0.45703125 0.8506944444444444 0.455078125 0.7951388888888888 0.447265625 0.78125 0.42578125 0.7847222222222222 0.423828125 0.7951388888888888 0.408203125 0.7916666666666666 0.404296875 0.78125 0.400390625 0.7951388888888888 0.3984375 0.8263888888888888 0.40625 0.8402777777777778
0 0.10546875 0.625 0.111328125 0.65625 0.123046875 0.6597222222222222 0.13671875 0.6180555555555556 0.130859375 0.6006944444444444 0.134765625 0.59375 0.123046875 0.5625 0.111328125 0.5625 0.10546875 0.5763888888888888 0.10546875 0.625
0 0.287109375 0.3402777777777778 0.287109375 0.3159722222222222 0.275390625 0.3125 0.275390625 0.3368055555555556 0.287109375 0.3402777777777778
0 0.3046875 0.3263888888888889 0.31640625 0.3159722222222222 0.310546875 0.2847222222222222 0.3046875 0.2916666666666667 0.3046875 0.3263888888888889
0 0.181640625 0.375 0.21875 0.3715277777777778 0.216796875 0.34375 0.1875 0.3298611111111111 0.1796875 0.3576388888888889 0.181640625 0.375
0 0.162109375 0.53125 0.17578125 0.5486111111111112 0.16796875 0.5625 0.173828125 0.5625 0.1875 0.5243055555555556 0.1875 0.4965277777777778 0.16796875 0.4861111111111111 0.162109375 0.5 0.162109375 0.53125
0 0.134765625 0.4236111111111111 0.13671875 0.4027777777777778 0.130859375 0.3715277777777778 0.119140625 0.3715277777777778 0.12109375 0.4375 0.134765625 0.4236111111111111
0 0.068359375 0.4861111111111111 0.080078125 0.46875 0.076171875 0.4375 0.068359375 0.4236111111111111 0.060546875 0.4305555555555556 0.056640625 0.4618055555555556 0.068359375 0.4861111111111111
0 0.0859375 0.9201388888888888 0.0859375 0.9513888888888888 0.099609375 0.9652777777777778 0.099609375 0.9826388888888888 0.111328125 0.9826388888888888 0.111328125 0.9444444444444444 0.125 0.9236111111111112 0.119140625 0.8368055555555556 0.111328125 0.8263888888888888 0.08203125 0.8402777777777778 0.080078125 0.90625 0.0859375 0.9201388888888888
0 0.53125 0.6527777777777778 0.55078125 0.6527777777777778 0.544921875 0.59375 0.513671875 0.6076388888888888 0.51171875 0.625 0.53125 0.6527777777777778
0 0.3046875 0.2847222222222222 0.306640625 0.2638888888888889 0.298828125 0.2534722222222222 0.296875 0.2777777777777778 0.3046875 0.2847222222222222
0 0.509765625 0.9930555555555556 0.568359375 0.9930555555555556 0.560546875 0.9548611111111112 0.546875 0.9305555555555556 0.548828125 0.90625 0.5390625 0.8993055555555556 0.521484375 0.8541666666666666 0.5 0.8611111111111112 0.486328125 0.8854166666666666 0.48046875 0.9375 0.509765625 0.9930555555555556
0 0.255859375 0.25 0.26171875 0.2465277777777778 0.26171875 0.21875 0.25 0.2152777777777778 0.244140625 0.2326388888888889 0.255859375 0.25
0 0.31640625 0.8020833333333334 0.32421875 0.8263888888888888 0.3671875 0.8055555555555556 0.357421875 0.7465277777777778 0.330078125 0.7534722222222222 0.318359375 0.7326388888888888 0.322265625 0.7777777777777778 0.31640625 0.8020833333333334
0 0.369140625 0.5138888888888888 0.384765625 0.5138888888888888 0.38671875 0.46875 0.3671875 0.4652777777777778 0.369140625 0.5138888888888888
0 0.26953125 0.4305555555555556 0.28125 0.4305555555555556 0.28125 0.3854166666666667 0.267578125 0.375 0.263671875 0.40625 0.26953125 0.4305555555555556
0 0.2734375 0.2326388888888889 0.279296875 0.2326388888888889 0.279296875 0.2013888888888889 0.26953125 0.2013888888888889 0.2734375 0.2326388888888889