0 0.392578125 0.7361111111111112 0.40234375 0.7604166666666666 0.412109375 0.8263888888888888 0.416015625 0.7986111111111112 0.40625 0.7673611111111112 0.412109375 0.7326388888888888 0.40625 0.7152777777777778 0.3984375 0.7152777777777778 0.392578125 0.71875 0.392578125 0.7361111111111112
0 0.412109375 0.7013888888888888 0.41796875 0.6909722222222222 0.412109375 0.6909722222222222 0.412109375 0.7013888888888888
0 0.255859375 0.4791666666666667 0.26171875 0.4722222222222222 0.26171875 0.4166666666666667 0.25 0.4166666666666667 0.248046875 0.4444444444444444 0.255859375 0.4791666666666667
0 0.47265625 0.4513888888888889 0.474609375 0.40625 0.466796875 0.3923611111111111 0.458984375 0.3993055555555556 0.45703125 0.4375 0.47265625 0.4513888888888889
0 0.099609375 0.3263888888888889 0.119140625 0.3263888888888889 0.123046875 0.3090277777777778 0.11328125 0.2951388888888889 0.099609375 0.2951388888888889 0.099609375 0.3263888888888889
0 0.38671875 0.40625 0.392578125 0.3854166666666667 0.388671875 0.3576388888888889 0.3828125 0.3541666666666667 0.380859375 0.40625 0.38671875 0.40625
0 0.39453125 0.2916666666666667 0.3984375 0.2847222222222222 0.390625 0.2777777777777778 0.3984375 0.2604166666666667 0.392578125 0.2534722222222222 0.388671875 0.2777777777777778 0.39453125 0.2916666666666667
0 0.1484375 0.28125 0.1484375 0.2534722222222222 0.140625 0.24305555555555555 0.130859375 0.2465277777777778 0.12890625 0.2638888888888889 0.1484375 0.28125
0 0.5 0.8715277777777778 0.51171875 0.8993055555555556 0.5234375 0.9027777777777778 0.517578125 0.8958333333333334 0.517578125 0.84375 0.5078125 0.8229166666666666 0.5 0.8298611111111112 0.494140625 0.8402777777777778 0.5 0.8715277777777778
0 0.673828125 0.6180555555555556 0.673828125 0.5972222222222222 0.65625 0.5798611111111112 0.642578125 0.5902777777777778 0.673828125 0.6180555555555556
0 0.291015625 0.4722222222222222 0.296875 0.4375 0.291015625 0.4201388888888889 0.28125 0.4201388888888889 0.279296875 0.4583333333333333 0.291015625 0.4722222222222222
0 0.04296875 0.6180555555555556 0.0546875 0.6597222222222222 0.06640625 0.625 0.06640625 0.5729166666666666 0.05078125 0.5729166666666666 0.04296875 0.5763888888888888 0.04296875 0.6180555555555556
0 0.369140625 0.4479166666666667 0.380859375 0.4513888888888889 0.380859375 0.4097222222222222 0.36328125 0.4027777777777778 0.36328125 0.4340277777777778 0.369140625 0.4479166666666667
0 0.455078125 0.40625 0.4609375 0.3923611111111111 0.4609375 0.3576388888888889 0.447265625 0.3576388888888889 0.443359375 0.3923611111111111 0.455078125 0.40625
0 0.36328125 0.22916666666666666 0.3671875 0.21180555555555555 0.361328125 0.21180555555555555 0.36328125 0.22916666666666666
0 0.140625 0.2951388888888889 0.138671875 0.2708333333333333 0.126953125 0.2673611111111111 0.123046875 0.2951388888888889 0.140625 0.2951388888888889
0 0.51953125 0.7847222222222222 0.529296875 0.8020833333333334 0.51953125 0.8090277777777778 0.537109375 0.8125 0.54296875 0.8715277777777778 0.5546875 0.8993055555555556 0.5625 0.8784722222222222 0.5625 0.7847222222222222 0.5546875 0.7673611111111112 0.54296875 0.7638888888888888 0.53515625 0.7847222222222222 0.51953125 0.7847222222222222
0 0 0.3541666666666667 0.017578125 0.3576388888888889 0.0234375 0.34375 0.01953125 0.3125 0.005859375 0.3125 0 0.3159722222222222 0 0.3541666666666667
0 0.330078125 0.7673611111111112 0.337890625 0.7534722222222222 0.3046875 0.7743055555555556 0.30078125 0.8125 0.318576388671875 0.8678626527777777 0.330078125 0.8576388888888888 0.330078125 0.7673611111111112
0 0.44921875 0.7430555555555556 0.4609375 0.7604166666666666 0.46875 0.75 0.478515625 0.7013888888888888 0.470703125 0.6701388888888888 0.4609375 0.6701388888888888 0.455078125 0.6840277777777778 0.455078125 0.7256944444444444 0.44921875 0.7430555555555556
0 0.265625 0.59375 0.2734375 0.5659722222222222 0.2734375 0.5347222222222222 0.25390625 0.53125 0.25 0.5590277777777778 0.265625 0.59375
0 0.36328125 0.9236111111111112 0.3671875 0.9375 0.37890625 0.9375 0.373046875 0.9479166666666666 0.375 0.96875 0.392578125 0.96875 0.392578125 0.9930555555555556 0.435546875 0.9930555555555556 0.44140625 0.9513888888888888 0.4296875 0.8784722222222222 0.40234375 0.90625 0.3671875 0.8923611111111112 0.373046875 0.90625 0.36328125 0.9236111111111112
0 0.287109375 0.3888888888888889 0.29296875 0.3541666666666667 0.279296875 0.34375 0.275390625 0.3715277777777778 0.287109375 0.3888888888888889
0 0.2734375 0.4201388888888889 0.2734375 0.375 0.263671875 0.3611111111111111 0.26171875 0.40625 0.2734375 0.4201388888888889
0 0.244140625 0.7048611111111112 0.25 0.75 0.26171875 0.7777777777777778 0.2734375 0.7465277777777778 0.2734375 0.6840277777777778 0.26953125 0.6701388888888888 0.25 0.6701388888888888 0.244140625 0.6736111111111112 0.244140625 0.7048611111111112
0 0.15625 0.375 0.166015625 0.3784722222222222 0.17578125 0.34375 0.171875 0.3298611111111111 0.162109375 0.3263888888888889 0.15625 0.3298611111111111 0.15625 0.375
0 0.224609375 0.40625 0.236328125 0.4201388888888889 0.2421875 0.4166666666666667 0.248046875 0.3854166666666667 0.23046875 0.3715277777777778 0.224609375 0.3784722222222222 0.224609375 0.40625
0 0.517578125 0.5868055555555556 0.53515625 0.6354166666666666 0.537109375 0.609375 0.525390625 0.5972222222222222 0.537109375 0.5902777777777778 0.533203125 0.5763888888888888 0.517578125 0.5763888888888888 0.517578125 0.5868055555555556
0 0.19921875 0.4027777777777778 0.205078125 0.3923611111111111 0.193359375 0.3680555555555556 0.16796875 0.3611111111111111 0.162109375 0.3993055555555556 0.19921875 0.4027777777777778
0 0.1171875 0.6215277777777778 0.125 0.5902777777777778 0.125 0.5347222222222222 0.10546875 0.5347222222222222 0.10546875 0.59375 0.1171875 0.6215277777777778
0 0 0.96875 0.01171875 0.9340277777777778 0.017578125 0.8263888888888888 0 0.8263888888888888 0 0.96875
0 0.48046875 0.4930555555555556 0.48828125 0.5138888888888888 0.498046875 0.4930555555555556 0.494140625 0.4652777777777778 0.48046875 0.4652777777777778 0.48046875 0.4930555555555556
0 0.5625 0.7673611111111112 0.583984375 0.8298611111111112 0.5859375 0.7430555555555556 0.580078125 0.71875 0.568359375 0.7118055555555556 0.5625 0.71875 0.5625 0.7673611111111112
0 0.51171875 0.7291666666666666 0.521484375 0.7326388888888888 0.53125 0.6666666666666666 0.521484375 0.6388888888888888 0.51171875 0.6388888888888888 0.505859375 0.6909722222222222 0.51171875 0.7291666666666666
0 0.068359375 0.2986111111111111 0.091796875 0.2951388888888889 0.083984375 0.2743055555555556 0.06640625 0.2743055555555556 0.0625 0.2847222222222222 0.068359375 0.2986111111111111
0 0.5 0.9722222222222222 0.47265625 0.9513888888888888 0.484375 0.9722222222222222 0.474609375 0.9791666666666666 0.4921875 0.9965277777777778 0.49609375 0.9826388888888888 0.50390625 0.9861111111111112 0.501953125 0.9965277777777778 0.53125 0.9965277777777778 0.53125 0.9479166666666666 0.517578125 0.9409722222222222 0.505859375 0.9513888888888888 0.5 0.9722222222222222
0 0.5625 0.6423611111111112 0.580078125 0.59375 0.580078125 0.5729166666666666 0.57421875 0.5625 0.556640625 0.5729166666666666 0.5546875 0.6388888888888888 0.5625 0.6423611111111112
0 0.28125 0.9652777777777778 0.28515625 0.9930555555555556 0.294921875 0.9965277777777778 0.298828125 0.8888888888888888 0.29296875 0.8576388888888888 0.26953125 0.8611111111111112 0.267578125 0.8784722222222222 0.267578125 0.9375 0.28125 0.9652777777777778
0 0.30078125 0.3368055555555556 0.3046875 0.2986111111111111 0.296875 0.2986111111111111 0.29296875 0.3159722222222222 0.30078125 0.3368055555555556