0 0.26953125 0.6527777777777778 0.33203125 0.6076388888888888 0.32421875 0.5868055555555556 0.33203125 0.5798611111111112 0.322265625 0.5868055555555556 0.318359375 0.5625 0.287109375 0.5625 0.275390625 0.5798611111111112 0.267578125 0.6180555555555556 0.26953125 0.6527777777777778
0 0.70703125 0.4826388888888889 0.71875 0.46875 0.7421875 0.46875 0.748046875 0.4548611111111111 0.748046875 0.4375 0.73046875 0.4375 0.71875 0.4236111111111111 0.705078125 0.4548611111111111 0.70703125 0.4826388888888889
0 0.1484375 0.40625 0.146484375 0.3611111111111111 0.130859375 0.3611111111111111 0.1328125 0.3993055555555556 0.1484375 0.40625
0 0.0625 0.4305555555555556 0.076171875 0.4375 0.080078125 0.3888888888888889 0.07421875 0.3715277777777778 0.068359375 0.375 0.0625 0.3854166666666667 0.0625 0.4305555555555556
0 0.548828125 0.4652777777777778 0.5546875 0.4513888888888889 0.55078125 0.4201388888888889 0.53125 0.4340277777777778 0.5234375 0.4201388888888889 0.517578125 0.4236111111111111 0.529296875 0.4340277777777778 0.533203125 0.4548611111111111 0.5390625 0.4513888888888889 0.548828125 0.4652777777777778
0 0.505859375 0.4513888888888889 0.509765625 0.46875 0.533203125 0.4548611111111111 0.505859375 0.4513888888888889
0 0.013671875 0.4513888888888889 0.017578125 0.3993055555555556 0.00390625 0.3854166666666667 0 0.4479166666666667 0.013671875 0.4513888888888889
0 0.873046875 0.4305555555555556 0.892578125 0.4201388888888889 0.892578125 0.4305555555555556 0.904296875 0.4375 0.921875 0.4097222222222222 0.923828125 0.3784722222222222 0.91796875 0.3715277777777778 0.8984375 0.3611111111111111 0.88671875 0.375 0.869140625 0.40625 0.873046875 0.4305555555555556
0 0.48046875 0.5798611111111112 0.4921875 0.59375 0.5 0.5555555555555556 0.494140625 0.53125 0.4765625 0.5416666666666666 0.47265625 0.5243055555555556 0.462890625 0.5243055555555556 0.44921875 0.5729166666666666 0.451171875 0.6041666666666666 0.48046875 0.5798611111111112
0 0.09375 0.7118055555555556 0.111328125 0.6770833333333334 0.123046875 0.6875 0.123046875 0.6701388888888888 0.15625 0.6666666666666666 0.15625 0.625 0.1484375 0.6111111111111112 0.138671875 0.6111111111111112 0.119140625 0.6666666666666666 0.111328125 0.6701388888888888 0.10546875 0.65625 0.10546875 0.6215277777777778 0.09765625 0.6111111111111112 0.080078125 0.6701388888888888 0.076171875 0.7013888888888888 0.09375 0.7118055555555556
0 0.025390625 0.4340277777777778 0.04296875 0.4375 0.048828125 0.4236111111111111 0.04296875 0.4166666666666667 0.04296875 0.3784722222222222 0.029296875 0.3576388888888889 0.0234375 0.3680555555555556 0.025390625 0.4340277777777778
0 0.28515625 0.5243055555555556 0.287109375 0.5451388888888888 0.298828125 0.5451388888888888 0.306640625 0.5173611111111112 0.322265625 0.5138888888888888 0.3359375 0.5347222222222222 0.34765625 0.5173611111111112 0.34375 0.4861111111111111 0.328125 0.5 0.298828125 0.4861111111111111 0.298828125 0.5 0.28515625 0.5243055555555556
0 0.080078125 0.3888888888888889 0.0859375 0.4201388888888889 0.09765625 0.4236111111111111 0.10546875 0.40625 0.10546875 0.3854166666666667 0.099609375 0.3680555555555556 0.091796875 0.3680555555555556 0.080078125 0.375 0.080078125 0.3888888888888889
0 0.73046875 0.40625 0.75 0.3888888888888889 0.75390625 0.3715277777777778 0.736328125 0.375 0.72265625 0.3611111111111111 0.70703125 0.3923611111111111 0.70703125 0.4097222222222222 0.73046875 0.40625
0 0.85546875 0.3993055555555556 0.873046875 0.3993055555555556 0.88671875 0.3715277777777778 0.8828125 0.3402777777777778 0.86328125 0.34375 0.85546875 0.3576388888888889 0.849609375 0.3784722222222222 0.85546875 0.3993055555555556
0 0.60546875 0.4791666666666667 0.6171875 0.46875 0.64453125 0.46875 0.6484375 0.4340277777777778 0.62890625 0.4375 0.6171875 0.4236111111111111 0.603515625 0.4513888888888889 0.599609375 0.46875 0.60546875 0.4791666666666667
0 0.404296875 0.4513888888888889 0.404296875 0.4201388888888889 0.392578125 0.4305555555555556 0.384765625 0.4201388888888889 0.36328125 0.4236111111111111 0.361328125 0.4409722222222222 0.372829861328125 0.45460390972222225 0.375 0.4513888888888889 0.404296875 0.4513888888888889
0 0.404296875 0.5451388888888888 0.412109375 0.5555555555555556 0.421875 0.5138888888888888 0.412109375 0.5 0.400390625 0.5104166666666666 0.38671875 0.4965277777777778 0.380859375 0.5 0.375 0.53125 0.373046875 0.5625 0.404296875 0.5451388888888888
0 0.166015625 0.3993055555555556 0.1953125 0.4027777777777778 0.205078125 0.3923611111111111 0.1875 0.3611111111111111 0.16796875 0.3611111111111111 0.162109375 0.3784722222222222 0.166015625 0.3993055555555556
0 0.814453125 0.4375 0.830078125 0.4201388888888889 0.830078125 0.4097222222222222 0.81640625 0.40625 0.8125 0.3888888888888889 0.806640625 0.3888888888888889 0.79296875 0.4236111111111111 0.79296875 0.4409722222222222 0.814453125 0.4375