0 0.541015625 0.3263888888888889 0.546875 0.2986111111111111 0.53515625 0.28125 0.53125 0.3159722222222222 0.541015625 0.3263888888888889
0 0.244140625 0.5173611111111112 0.25390625 0.5173611111111112 0.26171875 0.5034722222222222 0.29296875 0.5138888888888888 0.298828125 0.5 0.296875 0.46875 0.275390625 0.4791666666666667 0.255859375 0.4652777777777778 0.2421875 0.4861111111111111 0.23828125 0.5138888888888888 0.244140625 0.5173611111111112
0 0.66796875 0.4340277777777778 0.7109375 0.4375 0.712890625 0.4201388888888889 0.70703125 0.4097222222222222 0.69921875 0.4201388888888889 0.6875 0.3993055555555556 0.689453125 0.3854166666666667 0.6796875 0.3888888888888889 0.66796875 0.4166666666666667 0.66796875 0.4340277777777778
0 0.404296875 0.3402777777777778 0.40625 0.2986111111111111 0.392578125 0.2951388888888889 0.388671875 0.3368055555555556 0.404296875 0.3402777777777778
0 0 0.5277777777777778 0.033203125 0.5243055555555556 0.03515625 0.4861111111111111 0.029296875 0.4722222222222222 0.01953125 0.4791666666666667 0 0.5034722222222222 0 0.5277777777777778
0 0.068359375 0.3541666666666667 0.072265625 0.3402777777777778 0.06640625 0.3159722222222222 0.0546875 0.2951388888888889 0.048828125 0.2986111111111111 0.048828125 0.3402777777777778 0.068359375 0.3541666666666667
0 0.830078125 0.4166666666666667 0.828125 0.4027777777777778 0.818359375 0.40625 0.806640625 0.4479166666666667 0.830078125 0.4166666666666667
0 0.40625 0.4513888888888889 0.412109375 0.4722222222222222 0.421875 0.4652777777777778 0.421875 0.4305555555555556 0.412109375 0.4305555555555556 0.408203125 0.4479166666666667 0.375 0.4479166666666667 0.375 0.4791666666666667 0.40625 0.4513888888888889
0 0.10546875 0.2743055555555556 0.1015625 0.23958333333333334 0.0859375 0.2361111111111111 0.080078125 0.2743055555555556 0.10546875 0.2743055555555556
0 0.0546875 0.53125 0.068359375 0.53125 0.095703125 0.5 0.095703125 0.5173611111111112 0.1015625 0.5138888888888888 0.10546875 0.5243055555555556 0.119140625 0.5138888888888888 0.111328125 0.4722222222222222 0.091796875 0.5 0.08203125 0.5 0.07421875 0.4722222222222222 0.068359375 0.4722222222222222 0.05078125 0.5104166666666666 0.0546875 0.53125
0 0.048828125 0.4513888888888889 0.06640625 0.4548611111111111 0.060546875 0.375 0.05078125 0.375 0.04296875 0.3888888888888889 0.048828125 0.4513888888888889
0 0.125 0.4201388888888889 0.150390625 0.4166666666666667 0.150390625 0.375 0.119140625 0.3680555555555556 0.1171875 0.3958333333333333 0.125 0.4201388888888889
0 0.154296875 0.46875 0.16015625 0.4965277777777778 0.189453125 0.4756944444444444 0.20703125 0.4826388888888889 0.2109375 0.4722222222222222 0.19921875 0.4583333333333333 0.2109375 0.4548611111111111 0.201171875 0.4513888888888889 0.18359375 0.4791666666666667 0.173828125 0.4375 0.16015625 0.4409722222222222 0.16015625 0.4618055555555556 0.154296875 0.46875
0 0.564453125 0.4340277777777778 0.58203125 0.4236111111111111 0.603515625 0.4305555555555556 0.60546875 0.4027777777777778 0.587890625 0.40625 0.57421875 0.3888888888888889 0.5625 0.4166666666666667 0.564453125 0.4340277777777778
0 0.0859375 0.4201388888888889 0.099609375 0.4409722222222222 0.10546875 0.4340277777777778 0.10546875 0.40625 0.09765625 0.3784722222222222 0.091796875 0.3784722222222222 0.0859375 0.3888888888888889 0.0859375 0.4201388888888889
0 0.888671875 0.28125 0.912109375 0.28125 0.91796875 0.2743055555555556 0.912109375 0.2638888888888889 0.888671875 0.2638888888888889 0.888671875 0.28125
0 0.25 0.6493055555555556 0.255859375 0.6701388888888888 0.3125 0.6388888888888888 0.31640625 0.625 0.3125 0.5763888888888888 0.30078125 0.5868055555555556 0.291015625 0.6215277777777778 0.27734375 0.625 0.2734375 0.59375 0.255859375 0.6111111111111112 0.255859375 0.6388888888888888 0.25 0.6493055555555556
0 0.5234375 0.3263888888888889 0.529296875 0.2951388888888889 0.51953125 0.2847222222222222 0.517578125 0.3263888888888889 0.5234375 0.3263888888888889
0 0.787109375 0.2638888888888889 0.80078125 0.28125 0.8046875 0.2465277777777778 0.79296875 0.24305555555555555 0.787109375 0.2465277777777778 0.787109375 0.2638888888888889
0 0.04296875 0.6388888888888888 0.03125 0.65625 0.03125 0.6805555555555556 0.037109375 0.6909722222222222 0.046875 0.6909722222222222 0.05859375 0.6701388888888888 0.11328125 0.6527777777777778 0.11328125 0.5798611111111112 0.099609375 0.5972222222222222 0.0859375 0.6388888888888888 0.072265625 0.6354166666666666 0.068359375 0.5972222222222222 0.05078125 0.5868055555555556 0.0546875 0.5972222222222222 0.04296875 0.6388888888888888