0 0.78515625 0.2638888888888889 0.787109375 0.2465277777777778 0.7734375 0.2361111111111111 0.767578125 0.2604166666666667 0.78515625 0.2638888888888889
0 0.3984375 0.8159722222222222 0.41015625 0.8090277777777778 0.41796875 0.8298611111111112 0.423828125 0.75 0.41796875 0.71875 0.3984375 0.71875 0.392578125 0.8020833333333334 0.3984375 0.8159722222222222
0 0.166015625 0.5138888888888888 0.171875 0.5277777777777778 0.16796875 0.5173611111111112 0.17578125 0.5034722222222222 0.16796875 0.4826388888888889 0.150390625 0.4826388888888889 0.1484375 0.5208333333333334 0.166015625 0.5138888888888888
0 0.455078125 0.6041666666666666 0.466796875 0.65625 0.47265625 0.6423611111111112 0.46875 0.6006944444444444 0.474609375 0.5625 0.455078125 0.5625 0.455078125 0.6041666666666666
0 0.091796875 0.3368055555555556 0.083984375 0.3090277777777778 0.072265625 0.3090277777777778 0.068359375 0.3402777777777778 0.091796875 0.3368055555555556
0 0.45703125 0.6041666666666666 0.455078125 0.5694444444444444 0.4609375 0.5590277777777778 0.47265625 0.5625 0.46484375 0.5555555555555556 0.466796875 0.5138888888888888 0.443359375 0.5138888888888888 0.44140625 0.5902777777777778 0.45703125 0.6041666666666666
0 0.046875 0.3715277777777778 0.048828125 0.3472222222222222 0.03125 0.3263888888888889 0.017578125 0.3368055555555556 0.013671875 0.375 0.046875 0.3715277777777778
0 0.5625 0.7743055555555556 0.572265625 0.7951388888888888 0.59375 0.7951388888888888 0.603515625 0.78125 0.599609375 0.7083333333333334 0.5859375 0.7013888888888888 0.57421875 0.7152777777777778 0.576171875 0.7673611111111112 0.5625 0.7743055555555556
0 0.810546875 0.4375 0.818359375 0.4201388888888889 0.837890625 0.40625 0.837890625 0.3888888888888889 0.80859375 0.3888888888888889 0.798828125 0.4027777777777778 0.794921875 0.4305555555555556 0.810546875 0.4375
0 0.25 0.4548611111111111 0.2578125 0.4548611111111111 0.26171875 0.4201388888888889 0.25 0.40625 0.244140625 0.4375 0.25 0.4548611111111111
0 0.03515625 0.7430555555555556 0.041015625 0.7291666666666666 0.037109375 0.65625 0.013671875 0.65625 0.017578125 0.7222222222222222 0.03515625 0.7430555555555556
0 0.115234375 0.6423611111111112 0.125 0.6145833333333334 0.125 0.5625 0.10546875 0.5659722222222222 0.10546875 0.6215277777777778 0.115234375 0.6423611111111112
0 0.279296875 0.75 0.267578125 0.75 0.26171875 0.7326388888888888 0.26171875 0.7916666666666666 0.26953125 0.7916666666666666 0.26953125 0.8055555555555556 0.29296875 0.8402777777777778 0.3046875 0.7986111111111112 0.3046875 0.75 0.298828125 0.7326388888888888 0.28125 0.7361111111111112 0.279296875 0.75
0 0.16015625 0.6527777777777778 0.166015625 0.6527777777777778 0.162109375 0.6423611111111112 0.173828125 0.6215277777777778 0.173828125 0.5763888888888888 0.169921875 0.5625 0.15625 0.5625 0.150390625 0.6076388888888888 0.16015625 0.6527777777777778
0 0.435546875 0.6875 0.443359375 0.7048611111111112 0.44921875 0.6875 0.443359375 0.6076388888888888 0.423828125 0.6111111111111112 0.423828125 0.6875 0.435546875 0.6875
0 0.75390625 0.9513888888888888 0.755859375 0.9722222222222222 0.767578125 0.9930555555555556 0.81640625 0.9930555555555556 0.798828125 0.8854166666666666 0.787109375 0.8611111111111112 0.7734375 0.875 0.7734375 0.9166666666666666 0.75390625 0.9513888888888888
0 0.71875 0.8576388888888888 0.71875 0.90625 0.724609375 0.9201388888888888 0.7421875 0.9201388888888888 0.75390625 0.875 0.74609375 0.8472222222222222 0.73046875 0.8298611111111112 0.712890625 0.8402777777777778 0.71875 0.8576388888888888
0 0.484375 0.6805555555555556 0.4921875 0.6215277777777778 0.474609375 0.625 0.46875 0.6041666666666666 0.46875 0.6666666666666666 0.484375 0.6805555555555556
0 0.537109375 0.6979166666666666 0.537109375 0.7152777777777778 0.546875 0.71875 0.55078125 0.7430555555555556 0.5546875 0.6388888888888888 0.529296875 0.6493055555555556 0.5234375 0.6215277777777778 0.51953125 0.6701388888888888 0.537109375 0.6979166666666666
0 0.1484375 0.28125 0.1484375 0.2534722222222222 0.1328125 0.2534722222222222 0.130859375 0.28125 0.1484375 0.28125
0 0.046875 0.8611111111111112 0.048828125 0.8993055555555556 0.0546875 0.8993055555555556 0.07421875 0.84375 0.080078125 0.7951388888888888 0.07421875 0.7638888888888888 0.041015625 0.7743055555555556 0.037109375 0.8368055555555556 0.046875 0.8611111111111112
0 0.10546875 0.3402777777777778 0.123046875 0.3263888888888889 0.1171875 0.3055555555555556 0.10546875 0.3090277777777778 0.099609375 0.3263888888888889 0.10546875 0.3402777777777778
0 0.04296875 0.3229166666666667 0.060546875 0.3263888888888889 0.060546875 0.3090277777777778 0.048828125 0.2847222222222222 0.04296875 0.2951388888888889 0.04296875 0.3229166666666667
0 0.873046875 0.8298611111111112 0.873046875 0.8541666666666666 0.85546875 0.8680555555555556 0.8671875 0.8784722222222222 0.892578125 0.8576388888888888 0.892578125 0.8125 0.880859375 0.7951388888888888 0.880859375 0.7777777777777778 0.861328125 0.7847222222222222 0.8671875 0.8263888888888888 0.873046875 0.8298611111111112
0 0.798828125 0.8125 0.798828125 0.8680555555555556 0.828125 0.9027777777777778 0.84375 0.875 0.84375 0.84375 0.837890625 0.8333333333333334 0.841796875 0.8159722222222222 0.8125 0.7673611111111112 0.798828125 0.78125 0.79296875 0.7951388888888888 0.798828125 0.8125
0 0.75 0.8402777777777778 0.76171875 0.8229166666666666 0.76171875 0.8020833333333334 0.767578125 0.7951388888888888 0.755859375 0.7604166666666666 0.73828125 0.7534722222222222 0.73828125 0.8229166666666666 0.75 0.8402777777777778
0 0.5322265625 0.8645833333333334 0.53125 0.8611111111111112 0.546875 0.84375 0.548828125 0.7743055555555556 0.546875 0.7638888888888888 0.5234375 0.7638888888888888 0.5234375 0.8090277777777778 0.513671875 0.8541666666666666 0.529296875 0.8576388888888888 0.5322265625 0.8645833333333334
0 0.16015625 0.8784722222222222 0.171875 0.84375 0.16796875 0.7534722222222222 0.150390625 0.75 0.142578125 0.7604166666666666 0.142578125 0.8541666666666666 0.16015625 0.8784722222222222
0 0.259765625 0.3784722222222222 0.267578125 0.375 0.265625 0.3402777777777778 0.255859375 0.3402777777777778 0.259765625 0.3784722222222222
0 0.09375 0.3125 0.103515625 0.3125 0.111328125 0.2951388888888889 0.109375 0.28125 0.09375 0.2847222222222222 0.087890625 0.2951388888888889 0.09375 0.3125
0 0.32421875 0.7743055555555556 0.3359375 0.8125 0.34375 0.8125 0.341796875 0.7326388888888888 0.33203125 0.7118055555555556 0.31640625 0.71875 0.3125 0.7604166666666666 0.32421875 0.7743055555555556
0 0.16796875 0.4027777777777778 0.19921875 0.4027777777777778 0.205078125 0.3888888888888889 0.1875 0.3611111111111111 0.16796875 0.3576388888888889 0.162109375 0.3854166666666667 0.16796875 0.4027777777777778
0 0.359375 0.34375 0.361328125 0.3055555555555556 0.349609375 0.2951388888888889 0.349609375 0.34375 0.359375 0.34375
0 0.19140625 0.7152777777777778 0.19921875 0.6284722222222222 0.19140625 0.625 0.173828125 0.6458333333333334 0.171875 0.6736111111111112 0.19140625 0.7152777777777778
0 0.3046875 0.2951388888888889 0.3046875 0.2847222222222222 0.29296875 0.28125 0.29296875 0.3055555555555556 0.3046875 0.2951388888888889
0 0.306640625 0.9375 0.3046875 0.90625 0.296875 0.8993055555555556 0.29296875 0.90625 0.306640625 0.9375
0 0.328125 0.9652777777777778 0.337890625 0.9965277777777778 0.349609375 0.9965277777777778 0.353515625 0.9652777777777778 0.34375 0.9340277777777778 0.34765625 0.8993055555555556 0.341796875 0.8715277777777778 0.3359375 0.8680555555555556 0.318359375 0.8888888888888888 0.31640625 0.9583333333333334 0.328125 0.9652777777777778
0 0.85546875 0.8611111111111112 0.85546875 0.875 0.87109375 0.8784722222222222 0.892578125 0.8576388888888888 0.892578125 0.8159722222222222 0.880859375 0.7951388888888888 0.884765625 0.78125 0.87890625 0.7743055555555556 0.861328125 0.7847222222222222 0.8671875 0.8472222222222222 0.85546875 0.8611111111111112
0 0.806640625 0.8611111111111112 0.818359375 0.8993055555555556 0.830078125 0.9027777777777778 0.84375 0.875 0.841796875 0.8159722222222222 0.81640625 0.7777777777777778 0.798828125 0.7847222222222222 0.798828125 0.8611111111111112 0.806640625 0.8611111111111112
0 0.28515625 0.3090277777777778 0.291015625 0.3055555555555556 0.287109375 0.2743055555555556 0.28125 0.2743055555555556 0.28515625 0.3090277777777778
0 0.162109375 0.9930555555555556 0.158203125 0.9375 0.125 0.9513888888888888 0.125 0.9965277777777778 0.162109375 0.9930555555555556
0 0.037109375 0.3125 0.04296875 0.2986111111111111 0.037109375 0.28125 0.01953125 0.28125 0.01953125 0.3125 0.037109375 0.3125
0 0.841796875 0.2743055555555556 0.8359375 0.25 0.82421875 0.25 0.82421875 0.2743055555555556 0.841796875 0.2743055555555556
0 0.51171875 0.78125 0.517578125 0.6875 0.494140625 0.6875 0.4921875 0.7534722222222222 0.51171875 0.78125
0 0.47265625 0.78125 0.46875 0.7951388888888888 0.48828125 0.8263888888888888 0.48828125 0.7673611111111112 0.48046875 0.75 0.46875 0.75 0.462890625 0.7604166666666666 0.47265625 0.78125
0 0.236328125 0.8125 0.25 0.84375 0.255859375 0.84375 0.25390625 0.7743055555555556 0.24609375 0.7638888888888888 0.236328125 0.7673611111111112 0.23046875 0.78125 0.236328125 0.8125
0 0.400390625 0.2013888888888889 0.39453125 0.1909722222222222 0.3984375 0.2152777777777778 0.400390625 0.2013888888888889
0 0.1875 0.3541666666666667 0.19140625 0.3159722222222222 0.181640625 0.3090277777777778 0.1796875 0.3506944444444444 0.1875 0.3541666666666667
0 0.38671875 0.6215277777777778 0.39453125 0.625 0.3984375 0.5590277777777778 0.3828125 0.5590277777777778 0.380859375 0.59375 0.38671875 0.6215277777777778
0 0.23828125 0.28125 0.25390625 0.2847222222222222 0.25390625 0.2638888888888889 0.2421875 0.2534722222222222 0.236328125 0.2638888888888889 0.23828125 0.28125
0 0.375 0.8923611111111112 0.37890625 0.90625 0.38671875 0.9027777777777778 0.39453125 0.875 0.392578125 0.8263888888888888 0.38671875 0.8125 0.3671875 0.8229166666666666 0.36042668359375 0.8175747847222222 0.34765625 0.8402777777777778 0.35546875 0.8888888888888888 0.361328125 0.8993055555555556 0.375 0.8923611111111112
0 0.443359375 0.8454861111111112 0.443359375 0.8993055555555556 0.455078125 0.9201388888888888 0.470703125 0.9270833333333334 0.474609375 0.9791666666666666 0.48828125 0.9930555555555556 0.494140625 0.9479166666666666 0.4921875 0.8611111111111112 0.486328125 0.84375 0.462890625 0.8541666666666666 0.451171875 0.8090277777777778 0.443359375 0.8229166666666666 0.455078125 0.84375 0.443359375 0.8454861111111112
0 0.451171875 0.3055555555555556 0.447265625 0.2743055555555556 0.443359375 0.3125 0.451171875 0.3055555555555556
0 0.216796875 0.9375 0.22265625 0.9652777777777778 0.244140625 0.9965277777777778 0.259765625 0.9965277777777778 0.255859375 0.8576388888888888 0.23828125 0.8541666666666666 0.22265625 0.8715277777777778 0.224609375 0.9340277777777778 0.216796875 0.9375
0 0.19921875 0.8472222222222222 0.20703125 0.8576388888888888 0.19921875 0.875 0.19921875 0.9097222222222222 0.2109375 0.9340277777777778 0.2109375 0.8125 0.205078125 0.8090277777777778 0.205078125 0.8368055555555556 0.19921875 0.8472222222222222
0 0.59765625 0.6909722222222222 0.60546875 0.7326388888888888 0.611328125 0.6666666666666666 0.60546875 0.6388888888888888 0.587890625 0.6388888888888888 0.5859375 0.6666666666666666 0.59765625 0.6909722222222222
0 0.607421875 0.22569444444444445 0.62109375 0.2326388888888889 0.623046875 0.21180555555555555 0.611328125 0.2013888888888889 0.60546875 0.2048611111111111 0.607421875 0.22569444444444445
0 0.224609375 0.4652777777777778 0.22265625 0.4166666666666667 0.20703125 0.4166666666666667 0.20703125 0.46875 0.224609375 0.4652777777777778
0 0.638671875 0.8125 0.669921875 0.8263888888888888 0.673828125 0.8368055555555556 0.69140625 0.8298611111111112 0.701171875 0.8402777777777778 0.70703125 0.8298611111111112 0.701171875 0.7569444444444444 0.705078125 0.7326388888888888 0.69921875 0.7222222222222222 0.69140625 0.71875 0.673828125 0.7465277777777778 0.65234375 0.7326388888888888 0.6484375 0.7118055555555556 0.638671875 0.7118055555555556 0.625 0.7638888888888888 0.623046875 0.7951388888888888 0.638671875 0.8125
0 0.654296875 0.6840277777777778 0.6484375 0.6840277777777778 0.64453125 0.7013888888888888 0.654296875 0.6840277777777778