0 0.166015625 0.2951388888888889 0.1640625 0.2708333333333333 0.154296875 0.2673611111111111 0.154296875 0.2951388888888889 0.166015625 0.2951388888888889
0 0.359375 0.875 0.36328125 0.8958333333333334 0.376953125 0.90625 0.380859375 0.8472222222222222 0.375 0.8333333333333334 0.375 0.7777777777777778 0.3359375 0.7881944444444444 0.33203125 0.8229166666666666 0.359375 0.875
0 0.3671875 0.28125 0.373046875 0.2673611111111111 0.369140625 0.2534722222222222 0.36328125 0.2534722222222222 0.3671875 0.28125
0 0.38671875 0.2673611111111111 0.38671875 0.2361111111111111 0.380859375 0.2465277777777778 0.38671875 0.2673611111111111
0 0.849609375 0.9826388888888888 0.86328125 0.9965277777777778 0.912109375 0.9930555555555556 0.923828125 0.9513888888888888 0.92578125 0.9166666666666666 0.912109375 0.9166666666666666 0.880859375 0.9409722222222222 0.849609375 0.9722222222222222 0.849609375 0.9826388888888888
0 0.32421875 0.3402777777777778 0.32421875 0.3125 0.31640625 0.3090277777777778 0.3125 0.3263888888888889 0.32421875 0.3402777777777778
0 0.30078125 0.3368055555555556 0.30078125 0.3125 0.29296875 0.3055555555555556 0.29296875 0.3368055555555556 0.30078125 0.3368055555555556
0 0.119140625 0.4027777777777778 0.134765625 0.3993055555555556 0.130859375 0.3541666666666667 0.1171875 0.3472222222222222 0.11328125 0.3784722222222222 0.119140625 0.4027777777777778
0 0.28515625 0.24305555555555555 0.287109375 0.2222222222222222 0.28125 0.2152777777777778 0.279296875 0.2326388888888889 0.28515625 0.24305555555555555
0 0.234375 0.2777777777777778 0.236328125 0.2465277777777778 0.224609375 0.24305555555555555 0.22265625 0.2708333333333333 0.234375 0.2777777777777778
0 0.07421875 0.3090277777777778 0.068359375 0.28125 0.056640625 0.2847222222222222 0.056640625 0.3125 0.07421875 0.3090277777777778
0 0.412109375 0.6527777777777778 0.412109375 0.7013888888888888 0.431640625 0.7638888888888888 0.44140625 0.75 0.44140625 0.6631944444444444 0.447265625 0.6493055555555556 0.443359375 0.6388888888888888 0.439453125 0.65625 0.412109375 0.6527777777777778
0 0.318359375 0.25 0.328125 0.2638888888888889 0.330078125 0.2465277777777778 0.32421875 0.2326388888888889 0.318359375 0.2361111111111111 0.318359375 0.25
0 0.32421875 0.6180555555555556 0.3359375 0.5868055555555556 0.3359375 0.5451388888888888 0.330078125 0.5347222222222222 0.318359375 0.5416666666666666 0.318359375 0.6076388888888888 0.32421875 0.6180555555555556
0 0.16796875 0.4027777777777778 0.19921875 0.4027777777777778 0.205078125 0.3923611111111111 0.19140625 0.3680555555555556 0.16796875 0.3611111111111111 0.162109375 0.3854166666666667 0.16796875 0.4027777777777778
0 0.267578125 0.2604166666666667 0.2734375 0.2638888888888889 0.275390625 0.2465277777777778 0.26953125 0.2326388888888889 0.2734375 0.24305555555555555 0.267578125 0.2604166666666667
0 0.06640625 0.3402777777777778 0.091796875 0.34375 0.09375 0.3159722222222222 0.076171875 0.2986111111111111 0.06640625 0.3159722222222222 0.06640625 0.3402777777777778
0 0.267578125 0.96875 0.267578125 0.9965277777777778 0.294921875 0.9965277777777778 0.296875 0.9826388888888888 0.287109375 0.9479166666666666 0.291015625 0.9375 0.267578125 0.9375 0.255859375 0.9548611111111112 0.267578125 0.96875
0 0.298828125 0.90625 0.29296875 0.90625 0.29296875 0.9201388888888888 0.298828125 0.90625
0 0.23828125 0.9965277777777778 0.24609375 0.9965277777777778 0.25390625 0.9618055555555556 0.248046875 0.9479166666666666 0.248046875 0.8993055555555556 0.23828125 0.90625 0.236328125 0.9791666666666666 0.23828125 0.9965277777777778
0 0.0234375 0.3090277777777778 0.017578125 0.2673611111111111 0.005859375 0.2743055555555556 0.005859375 0.3055555555555556 0.0234375 0.3090277777777778
0 0.71875 0.9965277777777778 0.7421875 0.9965277777777778 0.748046875 0.9861111111111112 0.7421875 0.9409722222222222 0.73046875 0.9236111111111112 0.73046875 0.8993055555555556 0.71875 0.8576388888888888 0.705078125 0.8645833333333334 0.701171875 0.9618055555555556 0.71875 0.9965277777777778
0 0.67578125 0.9618055555555556 0.6875 0.9097222222222222 0.67578125 0.8923611111111112 0.66796875 0.8472222222222222 0.642578125 0.8298611111111112 0.642578125 0.9131944444444444 0.67578125 0.9618055555555556
0 0.48828125 0.8298611111111112 0.509765625 0.84375 0.51953125 0.875 0.537109375 0.875 0.529296875 0.7534722222222222 0.5 0.7638888888888888 0.486328125 0.7361111111111112 0.48046875 0.7430555555555556 0.474609375 0.7951388888888888 0.48828125 0.8298611111111112
0 0.25 0.6701388888888888 0.25390625 0.65625 0.26171875 0.65625 0.267578125 0.6076388888888888 0.25 0.6076388888888888 0.25 0.6701388888888888
0 0.34765625 0.3125 0.349609375 0.2916666666666667 0.341796875 0.2847222222222222 0.337890625 0.3090277777777778 0.34765625 0.3125
0 0.30078125 0.24305555555555555 0.3046875 0.2152777777777778 0.298828125 0.2152777777777778 0.30078125 0.24305555555555555
0 0.380859375 0.7673611111111112 0.38671875 0.8125 0.39453125 0.8229166666666666 0.400390625 0.8055555555555556 0.400390625 0.7013888888888888 0.390625 0.7118055555555556 0.37890625 0.7083333333333334 0.375 0.7604166666666666 0.380859375 0.7673611111111112
0 0.455078125 0.2638888888888889 0.455078125 0.24305555555555555 0.447265625 0.2326388888888889 0.443359375 0.2604166666666667 0.455078125 0.2638888888888889
0 0.54296875 0.8628472222222222 0.54296875 0.9201388888888888 0.580078125 0.9652777777777778 0.591796875 0.9652777777777778 0.599609375 0.9930555555555556 0.615234375 0.9965277777777778 0.6171875 0.9548611111111112 0.60546875 0.9375 0.60546875 0.90625 0.595703125 0.8645833333333334 0.5859375 0.8576388888888888 0.57421875 0.875 0.57421875 0.8576388888888888 0.56640625 0.8923611111111112 0.54296875 0.84375 0.548828125 0.8611111111111112 0.54296875 0.8628472222222222
0 0.255859375 0.7430555555555556 0.259765625 0.7708333333333334 0.26953125 0.7847222222222222 0.26171875 0.7951388888888888 0.267578125 0.8125 0.271484375 0.78125 0.28125 0.7743055555555556 0.279296875 0.6875 0.255859375 0.6875 0.255859375 0.7430555555555556
0 0.291015625 0.34375 0.287109375 0.3125 0.279296875 0.3125 0.275390625 0.3402777777777778 0.291015625 0.34375
0 0.794921875 0.46875 0.8046875 0.4652777777777778 0.818359375 0.4166666666666667 0.8046875 0.4027777777777778 0.78125 0.40625 0.775390625 0.4201388888888889 0.775390625 0.4618055555555556 0.794921875 0.46875