0 0.130859375 0.5 0.162109375 0.4791666666666667 0.173828125 0.4409722222222222 0.166015625 0.4201388888888889 0.138671875 0.4375 0.125 0.4791666666666667 0.130859375 0.5
0 0.123046875 0.40625 0.12890625 0.3888888888888889 0.125 0.3611111111111111 0.109375 0.3611111111111111 0.10546875 0.3993055555555556 0.123046875 0.40625
0 0.580078125 0.3854166666666667 0.583984375 0.375 0.60546875 0.3680555555555556 0.599609375 0.3402777777777778 0.580078125 0.3472222222222222 0.57421875 0.3680555555555556 0.580078125 0.3854166666666667
0 0.4296875 0.4513888888888889 0.44921875 0.4305555555555556 0.44921875 0.40625 0.443359375 0.3923611111111111 0.421875 0.4201388888888889 0.41796875 0.4027777777777778 0.40625 0.40625 0.396484375 0.4270833333333333 0.39453125 0.4513888888888889 0.4296875 0.4513888888888889
0 0.787109375 0.3576388888888889 0.787109375 0.3229166666666667 0.755859375 0.3263888888888889 0.755859375 0.3576388888888889 0.787109375 0.3576388888888889
0 0.21875 0.4513888888888889 0.25390625 0.4479166666666667 0.25 0.4166666666666667 0.224609375 0.4166666666666667 0.216796875 0.40625 0.2109375 0.4305555555555556 0.21875 0.4513888888888889
0 0.048828125 0.3576388888888889 0.05078125 0.3263888888888889 0.04296875 0.3125 0.025390625 0.3229166666666667 0.025390625 0.3611111111111111 0.048828125 0.3576388888888889
0 0.099609375 0.4930555555555556 0.111328125 0.4965277777777778 0.123046875 0.4826388888888889 0.1171875 0.4479166666666667 0.09375 0.4548611111111111 0.0859375 0.4722222222222222 0.099609375 0.4930555555555556
0 0.267578125 0.5 0.26953125 0.5277777777777778 0.294921875 0.5104166666666666 0.32421875 0.5138888888888888 0.32421875 0.4479166666666667 0.29296875 0.4409722222222222 0.28125 0.4513888888888889 0.275390625 0.4930555555555556 0.267578125 0.5
0 0.736328125 0.4270833333333333 0.73828125 0.4479166666666667 0.78515625 0.4340277777777778 0.78125 0.40625 0.763671875 0.4097222222222222 0.755859375 0.3888888888888889 0.751953125 0.3923611111111111 0.748046875 0.4166666666666667 0.736328125 0.4270833333333333
0 0.517578125 0.40625 0.546875 0.4097222222222222 0.5625 0.3888888888888889 0.5625 0.3611111111111111 0.53125 0.3576388888888889 0.517578125 0.3854166666666667 0.517578125 0.40625
0 0.423828125 0.3298611111111111 0.423828125 0.2951388888888889 0.412109375 0.2951388888888889 0.41015625 0.3263888888888889 0.423828125 0.3298611111111111
0 0.06640625 0.3263888888888889 0.0625 0.2847222222222222 0.048828125 0.28125 0.048828125 0.3159722222222222 0.06640625 0.3263888888888889
0 0 0.5868055555555556 0.02734375 0.5798611111111112 0.029296875 0.5277777777777778 0.005859375 0.5347222222222222 0 0.5416666666666666 0 0.5868055555555556
0 0.173828125 0.4027777777777778 0.1796875 0.3888888888888889 0.193359375 0.4027777777777778 0.201171875 0.3993055555555556 0.19921875 0.375 0.16796875 0.3576388888888889 0.162109375 0.3993055555555556 0.173828125 0.4027777777777778
0 0.228515625 0.5451388888888888 0.236328125 0.5277777777777778 0.236328125 0.5034722222222222 0.22265625 0.4965277777777778 0.21875 0.4826388888888889 0.212890625 0.4965277777777778 0.1875 0.5 0.1875 0.5486111111111112 0.228515625 0.5451388888888888
0 0.3046875 0.6423611111111112 0.3046875 0.6666666666666666 0.318359375 0.6701388888888888 0.326171875 0.65625 0.365234375 0.6388888888888888 0.373046875 0.59375 0.361328125 0.5868055555555556 0.33203125 0.6111111111111112 0.318359375 0.5868055555555556 0.306640625 0.6180555555555556 0.310546875 0.6354166666666666 0.3046875 0.6423611111111112
0 0.626953125 0.4375 0.642578125 0.40625 0.638671875 0.3888888888888889 0.60546875 0.3923611111111111 0.599609375 0.4375 0.626953125 0.4375
0 0.1171875 0.5625 0.123046875 0.5486111111111112 0.1171875 0.5138888888888888 0.09765625 0.5138888888888888 0.09375 0.5590277777777778 0.1171875 0.5625
0 0.04296875 0.5416666666666666 0.0546875 0.5763888888888888 0.068359375 0.5763888888888888 0.08203125 0.5590277777777778 0.068359375 0.5138888888888888 0.046875 0.5347222222222222 0.048828125 0.5416666666666666 0.04296875 0.5416666666666666
0 0.134765625 0.6666666666666666 0.142578125 0.6666666666666666 0.15625 0.6388888888888888 0.193359375 0.6354166666666666 0.19921875 0.6111111111111112 0.185546875 0.5833333333333334 0.19921875 0.5798611111111112 0.1875 0.5729166666666666 0.173828125 0.6076388888888888 0.16015625 0.6076388888888888 0.1484375 0.5798611111111112 0.12890625 0.625 0.125 0.6423611111111112 0.134765625 0.6666666666666666
0 0.099609375 0.4201388888888889 0.10546875 0.3888888888888889 0.09765625 0.3680555555555556 0.087890625 0.3715277777777778 0.0859375 0.4097222222222222 0.099609375 0.4201388888888889
0 0.0625 0.75 0.0625 0.7777777777777778 0.068359375 0.7847222222222222 0.078125 0.7847222222222222 0.095703125 0.75 0.142578125 0.7465277777777778 0.15625 0.7222222222222222 0.154296875 0.6805555555555556 0.146484375 0.6701388888888888 0.138671875 0.6701388888888888 0.119140625 0.7048611111111112 0.1171875 0.7222222222222222 0.10546875 0.71875 0.09765625 0.6875 0.08203125 0.6909722222222222 0.0859375 0.7152777777777778 0.0625 0.75
0 0.017578125 0.3055555555555556 0.029296875 0.3125 0.03515625 0.2951388888888889 0.03125 0.2777777777777778 0.0234375 0.2777777777777778 0.017578125 0.28125 0.017578125 0.3055555555555556
0 0.787109375 0.4305555555555556 0.810546875 0.4340277777777778 0.81640625 0.4201388888888889 0.8125 0.3923611111111111 0.79296875 0.3854166666666667 0.78125 0.40625 0.787109375 0.4305555555555556
0 0.09375 0.3090277777777778 0.099609375 0.28125 0.08203125 0.2777777777777778 0.076171875 0.3090277777777778 0.09375 0.3090277777777778
0 0.380859375 0.4166666666666667 0.412109375 0.3993055555555556 0.412109375 0.375 0.380859375 0.3784722222222222 0.375 0.3923611111111111 0.380859375 0.4166666666666667
0 0.15327065625 0.28148540625 0.166015625 0.2847222222222222 0.15625 0.2673611111111111 0.15327065625 0.28148540625
0 0.152683423828125 0.2842693229166666 0.150390625 0.2951388888888889 0.15625 0.3125 0.1640625 0.3125 0.154296875 0.2986111111111111 0.152683423828125 0.2842693229166666
0 0.34375 0.5138888888888888 0.35546875 0.5034722222222222 0.373046875 0.5104166666666666 0.37890625 0.5 0.380859375 0.4652777777777778 0.36328125 0.4826388888888889 0.35546875 0.4548611111111111 0.337890625 0.4548611111111111 0.3359375 0.4930555555555556 0.34375 0.5138888888888888
0 0.73046875 0.4097222222222222 0.736328125 0.3888888888888889 0.736328125 0.375 0.72265625 0.3576388888888889 0.693359375 0.3784722222222222 0.69140625 0.40625 0.73046875 0.4097222222222222
0 0.703125 0.375 0.6875 0.3680555555555556 0.69140625 0.3854166666666667 0.736328125 0.3715277777777778 0.732421875 0.3368055555555556 0.716796875 0.3263888888888889 0.69921875 0.34375 0.7109375 0.3611111111111111 0.703125 0.375
0 0.13671875 0.40625 0.150390625 0.40625 0.154296875 0.3854166666666667 0.1484375 0.3611111111111111 0.134765625 0.3576388888888889 0.130859375 0.3888888888888889 0.13671875 0.40625