0 0.59765625 0.3263888888888889 0.60546875 0.3263888888888889 0.60546875 0.2916666666666667 0.599609375 0.2916666666666667 0.59375 0.3125 0.59765625 0.3263888888888889
0 0.70703125 0.40625 0.70703125 0.4201388888888889 0.748046875 0.4201388888888889 0.75390625 0.40625 0.75 0.3888888888888889 0.734375 0.3888888888888889 0.724609375 0.375 0.72265625 0.3888888888888889 0.70703125 0.40625
0 0.921875 0.3993055555555556 0.92578125 0.3854166666666667 0.951171875 0.3715277777777778 0.955078125 0.3576388888888889 0.94921875 0.3472222222222222 0.935546875 0.3472222222222222 0.92578125 0.3611111111111111 0.91796875 0.3784722222222222 0.921875 0.3993055555555556
0 0.0546875 0.4236111111111111 0.0625 0.4375 0.080078125 0.4340277777777778 0.07421875 0.3888888888888889 0.05078125 0.3888888888888889 0.0546875 0.4236111111111111
0 0.25 0.5277777777777778 0.259765625 0.5277777777777778 0.267578125 0.5138888888888888 0.3046875 0.5104166666666666 0.3046875 0.4826388888888889 0.298828125 0.4722222222222222 0.275390625 0.4826388888888889 0.271484375 0.4618055555555556 0.25 0.46875 0.244140625 0.5 0.25 0.5277777777777778
0 0.00390625 0.4479166666666667 0.0234375 0.4340277777777778 0.01171875 0.3854166666666667 0 0.3854166666666667 0.00390625 0.4479166666666667
0 0.955078125 0.375 0.966796875 0.3715277777777778 0.97265625 0.3888888888888889 0.982421875 0.375 0.9921875 0.3854166666666667 0.9921875 0.3715277777777778 0.96875 0.375 0.96875 0.3576388888888889 0.9609375 0.3576388888888889 0.955078125 0.3611111111111111 0.955078125 0.375
0 0.3125 0.46875 0.326171875 0.4618055555555556 0.333984375 0.4409722222222222 0.34375 0.4618055555555556 0.35546875 0.4513888888888889 0.353515625 0.4201388888888889 0.34375 0.4201388888888889 0.341796875 0.4375 0.318359375 0.4201388888888889 0.306640625 0.4548611111111111 0.3125 0.46875
0 0.97265625 0.2847222222222222 0.974609375 0.2638888888888889 0.96875 0.25 0.95703125 0.25 0.955078125 0.28125 0.97265625 0.2847222222222222
0 0.154296875 0.4166666666666667 0.15625 0.375 0.138671875 0.3715277777777778 0.13671875 0.4097222222222222 0.154296875 0.4166666666666667
0 0.05078125 0.4375 0.0546875 0.4201388888888889 0.048828125 0.3888888888888889 0.037109375 0.3888888888888889 0.03515625 0.4270833333333333 0.05078125 0.4375
0 0.861328125 0.4201388888888889 0.873046875 0.4097222222222222 0.90625 0.4201388888888889 0.912109375 0.40625 0.912109375 0.3923611111111111 0.8984375 0.3784722222222222 0.89453125 0.3611111111111111 0.880859375 0.3611111111111111 0.857421875 0.3958333333333333 0.85546875 0.4097222222222222 0.861328125 0.4201388888888889
0 0.630859375 0.4340277777777778 0.654296875 0.4340277777777778 0.65234375 0.3993055555555556 0.63671875 0.3784722222222222 0.626953125 0.3888888888888889 0.625 0.4236111111111111 0.630859375 0.4340277777777778
0 0.09375 0.4375 0.09765625 0.3923611111111111 0.08984375 0.375 0.080078125 0.3784722222222222 0.080078125 0.4340277777777778 0.09375 0.4375
0 0.66015625 0.4166666666666667 0.69921875 0.4027777777777778 0.69921875 0.375 0.6875 0.3854166666666667 0.6796875 0.3680555555555556 0.666015625 0.375 0.65625 0.3923611111111111 0.66015625 0.4166666666666667
0 0.173828125 0.5486111111111112 0.1796875 0.5763888888888888 0.21875 0.5486111111111112 0.23828125 0.5555555555555556 0.2421875 0.5034722222222222 0.224609375 0.5138888888888888 0.2109375 0.5451388888888888 0.19921875 0.53125 0.19921875 0.5 0.1875 0.5034722222222222 0.1875 0.5243055555555556 0.173828125 0.5486111111111112
0 0.244140625 0.5 0.267578125 0.46875 0.267578125 0.4513888888888889 0.23046875 0.4479166666666667 0.224609375 0.46875 0.224609375 0.5034722222222222 0.244140625 0.5