0 0.662109375 0.3993055555555556 0.662109375 0.3680555555555556 0.65234375 0.375 0.63671875 0.3611111111111111 0.630859375 0.40625 0.662109375 0.3993055555555556
0 0.19921875 0.75 0.201171875 0.78125 0.216796875 0.78125 0.23828125 0.7534722222222222 0.2421875 0.7604166666666666 0.283203125 0.7326388888888888 0.287109375 0.71875 0.28125 0.6701388888888888 0.24609375 0.7013888888888888 0.236328125 0.7013888888888888 0.23046875 0.6875 0.21875 0.6909722222222222 0.212890625 0.7291666666666666 0.19921875 0.75
0 0.029296875 0.4513888888888889 0.037109375 0.4375 0.03515625 0.40625 0.03125 0.3888888888888889 0.01953125 0.3923611111111111 0.017578125 0.4340277777777778 0.029296875 0.4513888888888889
0 0.1875 0.5798611111111112 0.19140625 0.6041666666666666 0.212890625 0.5902777777777778 0.23046875 0.5555555555555556 0.228515625 0.5416666666666666 0.20703125 0.5486111111111112 0.205078125 0.53125 0.193359375 0.5416666666666666 0.197265625 0.5486111111111112 0.1875 0.5798611111111112
0 0.048828125 0.5555555555555556 0.0546875 0.5451388888888888 0.080078125 0.5416666666666666 0.09765625 0.4965277777777778 0.07421875 0.5 0.06640625 0.5138888888888888 0.060546875 0.5 0.04296875 0.5 0.037109375 0.5138888888888888 0.037109375 0.5555555555555556 0.048828125 0.5555555555555556
0 0.330078125 0.5451388888888888 0.330078125 0.5243055555555556 0.318359375 0.5138888888888888 0.3125 0.5555555555555556 0.330078125 0.5451388888888888
0 0.287109375 0.59375 0.3046875 0.5625 0.3046875 0.5416666666666666 0.29296875 0.5138888888888888 0.275390625 0.5416666666666666 0.2734375 0.5833333333333334 0.287109375 0.59375
0 0.345703125 0.4861111111111111 0.375 0.4826388888888889 0.373046875 0.4513888888888889 0.359375 0.4479166666666667 0.349609375 0.4618055555555556 0.34375 0.4409722222222222 0.3359375 0.4409722222222222 0.330078125 0.4583333333333333 0.330078125 0.5 0.345703125 0.4861111111111111
0 0.736328125 0.4826388888888889 0.76171875 0.4791666666666667 0.7734375 0.4409722222222222 0.75 0.4409722222222222 0.73828125 0.4236111111111111 0.73046875 0.4375 0.724609375 0.4722222222222222 0.736328125 0.4826388888888889
0 0.44921875 0.4479166666666667 0.48046875 0.4305555555555556 0.486328125 0.40625 0.44921875 0.40625 0.443359375 0.4236111111111111 0.443359375 0.4479166666666667 0.44921875 0.4479166666666667
0 0.84375 0.2673611111111111 0.84375 0.24305555555555555 0.837890625 0.2326388888888889 0.826171875 0.23958333333333334 0.82421875 0.2673611111111111 0.84375 0.2673611111111111
0 0 0.5347222222222222 0.02734375 0.53125 0.025390625 0.4861111111111111 0.01171875 0.4861111111111111 0 0.5 0 0.5347222222222222
0 0.150390625 0.3888888888888889 0.162109375 0.3888888888888889 0.166015625 0.3715277777777778 0.16015625 0.3472222222222222 0.14453125 0.3472222222222222 0.142578125 0.3715277777777778 0.150390625 0.3888888888888889
0 0.068359375 0.40625 0.07421875 0.4201388888888889 0.0859375 0.40625 0.0859375 0.3854166666666667 0.076171875 0.3611111111111111 0.06640625 0.3611111111111111 0.068359375 0.40625
0 0.16796875 0.75 0.177734375 0.71875 0.181640625 0.7291666666666666 0.193359375 0.7291666666666666 0.208984375 0.7152777777777778 0.21875 0.6701388888888888 0.193359375 0.6909722222222222 0.16796875 0.65625 0.16015625 0.6909722222222222 0.14453125 0.71875 0.14453125 0.75 0.16796875 0.75
0 0.4921875 0.5138888888888888 0.494140625 0.5 0.482421875 0.4826388888888889 0.484375 0.4722222222222222 0.494140625 0.4722222222222222 0.490234375 0.4618055555555556 0.4609375 0.46875 0.45703125 0.5173611111111112 0.4921875 0.5138888888888888
0 0.412109375 0.6493055555555556 0.416015625 0.6701388888888888 0.4609375 0.6493055555555556 0.46875 0.6354166666666666 0.46875 0.6215277777777778 0.45703125 0.6041666666666666 0.44140625 0.6076388888888888 0.435546875 0.5798611111111112 0.423828125 0.59375 0.423828125 0.6215277777777778 0.412109375 0.6493055555555556
0 0.078125 0.6770833333333334 0.00390625 0.006944444444444444
0 0.037109375 0.75 0.056640625 0.7222222222222222 0.0546875 0.6701388888888888 0.041015625 0.6493055555555556 0.025390625 0.6736111111111112 0.017578125 0.7465277777777778 0.037109375 0.75
0 0.07421875 0.7152777777777778 0.09765625 0.7118055555555556 0.111328125 0.6979166666666666 0.1171875 0.6736111111111112 0.111328125 0.6284722222222222 0.099609375 0.6354166666666666 0.09375 0.6979166666666666 0.07421875 0.7152777777777778
0 0.19921875 0.4027777777777778 0.197265625 0.3715277777777778 0.16796875 0.3576388888888889 0.16796875 0.3993055555555556 0.19921875 0.4027777777777778
0 0.0859375 0.5555555555555556 0.091796875 0.5659722222222222 0.11328125 0.5625 0.12890625 0.5451388888888888 0.1484375 0.5590277777777778 0.16015625 0.53125 0.15625 0.5138888888888888 0.142578125 0.5138888888888888 0.130859375 0.5381944444444444 0.125 0.5034722222222222 0.09765625 0.5034722222222222 0.0859375 0.53125 0.0859375 0.5555555555555556
0 0.16015625 0.5104166666666666 0.1796875 0.4930555555555556 0.173828125 0.4548611111111111 0.15234375 0.4652777777777778 0.150390625 0.4930555555555556 0.16015625 0.5104166666666666
0 0.498046875 0.4618055555555556 0.5234375 0.4652777777777778 0.529296875 0.4479166666666667 0.5234375 0.4201388888888889 0.49609375 0.4270833333333333 0.4921875 0.4548611111111111 0.498046875 0.4618055555555556
0 0.546875 0.4826388888888889 0.56640625 0.46875 0.587890625 0.4791666666666667 0.59375 0.46875 0.58984375 0.4375 0.57421875 0.4375 0.56640625 0.4236111111111111 0.548828125 0.4479166666666667 0.54296875 0.4652777777777778 0.546875 0.4826388888888889
0 0.63671875 0.5706006944444444 0.642578125 0.5798611111111112 0.638671875 0.59375 0.64453125 0.5763888888888888 0.654296875 0.5868055555555556 0.66015625 0.5763888888888888 0.66015625 0.5104166666666666 0.654296875 0.5 0.64453125 0.5034722222222222 0.63671875 0.53125 0.63671875 0.5706006944444444
0 0.40625 0.4513888888888889 0.412109375 0.4375 0.3984375 0.4027777777777778 0.380859375 0.4097222222222222 0.369140625 0.4479166666666667 0.40625 0.4513888888888889
0 0.046875 0.3263888888888889 0.06640625 0.3263888888888889 0.06640625 0.2951388888888889 0.046875 0.2951388888888889 0.046875 0.3263888888888889
0 0.642578125 0.4826388888888889 0.65625 0.4548611111111111 0.654296875 0.4375 0.64453125 0.4236111111111111 0.63671875 0.4479166666666667 0.634765625 0.46875 0.642578125 0.4826388888888889
0 0.517578125 0.3993055555555556 0.54296875 0.3680555555555556 0.513671875 0.3680555555555556 0.51171875 0.3923611111111111 0.517578125 0.3993055555555556
0 0.724609375 0.4375 0.73828125 0.4166666666666667 0.724609375 0.3888888888888889 0.70703125 0.3854166666666667 0.697265625 0.40625 0.697265625 0.4375 0.724609375 0.4375
0 0.19140625 0.4305555555555556 0.193359375 0.46875 0.19921875 0.4791666666666667 0.20703125 0.46875 0.23828125 0.46875 0.244140625 0.4548611111111111 0.240234375 0.4340277777777778 0.2109375 0.4236111111111111 0.203125 0.4340277777777778 0.19140625 0.4305555555555556