0 0.04296875 0.375 0.041015625 0.3541666666666667 0.0234375 0.34375 0.01171875 0.3611111111111111 0.01171875 0.3888888888888889 0.04296875 0.375
0 0.517578125 0.4895833333333333 0.53125 0.5277777777777778 0.53125 0.4513888888888889 0.517578125 0.4513888888888889 0.517578125 0.4895833333333333
0 0.9580078125 0.9895833333333334 0.005859375 0.006944444444444444
0 0.97265625 0.9930555555555556 0.998046875 0.9930555555555556 0.994140625 0.9652777777777778 0.966796875 0.96875 0.9609375 0.9826388888888888 0.97265625 0.9930555555555556
0 0.88671875 0.9618055555555556 0.892578125 0.9965277777777778 0.9375 0.9930555555555556 0.923828125 0.9618055555555556 0.923828125 0.9375 0.912109375 0.9201388888888888 0.892578125 0.9166666666666666 0.892578125 0.9479166666666666 0.88671875 0.9618055555555556
0 0.671875 0.4340277777777778 0.67578125 0.3715277777777778 0.662109375 0.3680555555555556 0.662109375 0.4201388888888889 0.671875 0.4340277777777778
0 0.3125 0.46875 0.330078125 0.46875 0.33203125 0.4305555555555556 0.31640625 0.4201388888888889 0.310546875 0.4305555555555556 0.3125 0.46875
0 0.1171875 0.4375 0.109375 0.3993055555555556 0.09765625 0.3923611111111111 0.09375 0.4166666666666667 0.1171875 0.4375
0 0.796875 0.84375 0.822265625 0.875 0.83984375 0.8784722222222222 0.859375 0.9166666666666666 0.873046875 0.9027777777777778 0.861328125 0.8472222222222222 0.861328125 0.8125 0.849609375 0.7916666666666666 0.837890625 0.7916666666666666 0.8359375 0.8541666666666666 0.828125 0.8645833333333334 0.8046875 0.8159722222222222 0.806640625 0.7673611111111112 0.787109375 0.7638888888888888 0.78515625 0.8125 0.796875 0.84375
0 0.810546875 0.2638888888888889 0.8046875 0.2361111111111111 0.79296875 0.2361111111111111 0.787109375 0.2604166666666667 0.810546875 0.2638888888888889
0 0.1484375 0.28125 0.1484375 0.25 0.12890625 0.24305555555555555 0.12890625 0.2777777777777778 0.1484375 0.28125
0 0.05859375 0.6388888888888888 0.060546875 0.5625 0.0390625 0.5659722222222222 0.037109375 0.6076388888888888 0.05859375 0.6388888888888888
0 0.998046875 0.8680555555555556 0.99609375 0.8576388888888888 0.984375 0.8576388888888888 0.998046875 0.8680555555555556
0 0.9951171875 0.8142361111111112 0.005859375 0.003472222222222222
0 0.912109375 0.84375 0.978515625 0.8715277777777778 0.96875 0.8263888888888888 0.955078125 0.8125 0.94921875 0.7916666666666666 0.9296875 0.78125 0.923828125 0.7673611111111112 0.912109375 0.78125 0.90625 0.8055555555555556 0.912109375 0.84375
0 0.4140625 0.4861111111111111 0.421875 0.46875 0.41796875 0.4340277777777778 0.40625 0.4305555555555556 0.40625 0.4826388888888889 0.4140625 0.4861111111111111
0 0.40625 0.5659722222222222 0.40625 0.5 0.400390625 0.4861111111111111 0.388671875 0.5 0.388671875 0.5416666666666666 0.40625 0.5659722222222222
0 0.109375 0.40625 0.111328125 0.375 0.09765625 0.3680555555555556 0.09375 0.40625 0.109375 0.40625
0 0.298828125 0.4722222222222222 0.29296875 0.4479166666666667 0.275390625 0.4513888888888889 0.26953125 0.4791666666666667 0.298828125 0.4722222222222222
0 0.79296875 0.9930555555555556 0.8046875 0.9965277777777778 0.810546875 0.9930555555555556 0.8125 0.9548611111111112 0.798828125 0.9479166666666666 0.798828125 0.9791666666666666 0.79296875 0.9930555555555556
0 0.70703125 0.9965277777777778 0.7109375 0.9861111111111112 0.728515625 0.9965277777777778 0.736328125 0.9513888888888888 0.724609375 0.9409722222222222 0.7109375 0.9444444444444444 0.71484375 0.96875 0.70703125 0.9965277777777778
0 0.44140625 0.4722222222222222 0.44140625 0.4166666666666667 0.431640625 0.4097222222222222 0.42578125 0.4201388888888889 0.423828125 0.46875 0.44140625 0.4722222222222222
0 0.01953125 0.5 0.029296875 0.5486111111111112 0.04296875 0.53125 0.056640625 0.5416666666666666 0.060546875 0.53125 0.060546875 0.5173611111111112 0.04296875 0.4965277777777778 0.03125 0.5138888888888888 0.01953125 0.5
0 0.423828125 0.5763888888888888 0.44140625 0.5138888888888888 0.4296875 0.5034722222222222 0.421875 0.5173611111111112 0.41796875 0.5659722222222222 0.423828125 0.5763888888888888
0 0.16796875 0.4027777777777778 0.201171875 0.3993055555555556 0.201171875 0.3784722222222222 0.193359375 0.3611111111111111 0.1875 0.3680555555555556 0.17578125 0.3541666666666667 0.16796875 0.3576388888888889 0.162109375 0.3854166666666667 0.16796875 0.4027777777777778
0 0.09375 0.5 0.099609375 0.5104166666666666 0.107421875 0.5069444444444444 0.111328125 0.4826388888888889 0.10546875 0.4513888888888889 0.091796875 0.4513888888888889 0.09375 0.5
0 0.04296875 0.2986111111111111 0.052734375 0.3125 0.0546875 0.28125 0.048828125 0.2743055555555556 0.04296875 0.2743055555555556 0.04296875 0.2986111111111111
0 0.98046875 0.9375 0.986328125 0.9513888888888888 0.998046875 0.9548611111111112 0.998046875 0.8854166666666666 0.990234375 0.875 0.98046875 0.875 0.98046875 0.9375
0 0.810546875 0.40625 0.828125 0.40625 0.830078125 0.3472222222222222 0.814453125 0.3680555555555556 0.806640625 0.3888888888888889 0.810546875 0.40625
0 0.6875 0.4652777777777778 0.693359375 0.4652777777777778 0.69921875 0.4305555555555556 0.69921875 0.4166666666666667 0.69140625 0.4166666666666667 0.6796875 0.4236111111111111 0.6875 0.4652777777777778
0 0.88671875 0.4479166666666667 0.8984375 0.4409722222222222 0.892578125 0.3888888888888889 0.880859375 0.3888888888888889 0.86328125 0.4131944444444444 0.869140625 0.4340277777777778 0.88671875 0.4479166666666667
0 0.7451171875 0.7447916666666666 0.005859375 0.003472222222222222
0 0.78515625 0.7916666666666666 0.798828125 0.7465277777777778 0.791015625 0.6909722222222222 0.775390625 0.6875 0.7734375 0.7465277777777778 0.78515625 0.7916666666666666
0 0.7421875 0.6892361111111112 0.75 0.6979166666666666 0.744140625 0.7152777777777778 0.755859375 0.6840277777777778 0.75390625 0.6701388888888888 0.7421875 0.6701388888888888 0.7421875 0.6892361111111112
0 0.44921875 0.4722222222222222 0.462890625 0.4513888888888889 0.462890625 0.4375 0.447265625 0.4375 0.443359375 0.46875 0.44921875 0.4722222222222222
0 0.693359375 0.6736111111111112 0.68359375 0.6527777777777778 0.673828125 0.6423611111111112 0.671875 0.6493055555555556 0.689453125 0.6944444444444444 0.693359375 0.6805555555555556 0.701171875 0.6979166666666666 0.697265625 0.7083333333333334 0.7109375 0.7222222222222222 0.72265625 0.6979166666666666 0.72265625 0.65625 0.697265625 0.6180555555555556 0.70703125 0.6701388888888888 0.693359375 0.6736111111111112
0 0.6611328125 0.6215277777777778 0.001953125 0.006944444444444444
0 0.6650390625 0.6006944444444444 0.005859375 0.006944444444444444
0 0.4296875 0.6041666666666666 0.455078125 0.6527777777777778 0.466796875 0.6041666666666666 0.466796875 0.5763888888888888 0.455078125 0.5486111111111112 0.451171875 0.5555555555555556 0.4375 0.5451388888888888 0.4296875 0.5659722222222222 0.4296875 0.6041666666666666
0 0.103515625 0.2743055555555556 0.1015625 0.23958333333333334 0.0859375 0.2361111111111111 0.080078125 0.2743055555555556 0.103515625 0.2743055555555556
0 0.560546875 0.5451388888888888 0.5625 0.4826388888888889 0.548828125 0.4791666666666667 0.546875 0.5381944444444444 0.560546875 0.5451388888888888
0 0.68359375 0.9965277777777778 0.69140625 0.96875 0.6796875 0.9618055555555556 0.658203125 0.9756944444444444 0.66015625 0.9965277777777778 0.68359375 0.9965277777777778
0 0.619140625 0.9548611111111112 0.609375 0.9826388888888888 0.61328125 0.9965277777777778 0.625 0.9965277777777778 0.623046875 0.9513888888888888 0.63671875 0.9166666666666666 0.630859375 0.9097222222222222 0.623046875 0.9409722222222222 0.609375 0.9201388888888888 0.60546875 0.9305555555555556 0.619140625 0.9548611111111112
0 0.7109375 0.6701388888888888 0.72265625 0.6354166666666666 0.71875 0.6076388888888888 0.712890625 0.6041666666666666 0.69921875 0.6076388888888888 0.7109375 0.6701388888888888
0 0.19921875 0.6701388888888888 0.2109375 0.6493055555555556 0.212890625 0.6145833333333334 0.201171875 0.5868055555555556 0.19140625 0.5972222222222222 0.1875 0.625 0.19921875 0.6701388888888888
0 0.7109375 0.4826388888888889 0.70703125 0.5104166666666666 0.724609375 0.5138888888888888 0.73046875 0.46875 0.72265625 0.4652777777777778 0.73046875 0.4479166666666667 0.724609375 0.4409722222222222 0.716796875 0.4826388888888889 0.70703125 0.4722222222222222 0.705078125 0.4479166666666667 0.701171875 0.46875 0.7109375 0.4826388888888889
0 0.537109375 0.9201388888888888 0.5546875 0.9513888888888888 0.5625 0.9513888888888888 0.568359375 0.9409722222222222 0.568359375 0.8993055555555556 0.560546875 0.8784722222222222 0.556640625 0.8125 0.537109375 0.8125 0.53125 0.8229166666666666 0.537109375 0.9201388888888888
0 0.10546875 0.7361111111111112 0.11328125 0.7916666666666666 0.123046875 0.8125 0.13671875 0.78125 0.13671875 0.7256944444444444 0.1484375 0.7118055555555556 0.13671875 0.6875 0.099609375 0.6875 0.091796875 0.7083333333333334 0.10546875 0.7361111111111112
0 0.349609375 0.4861111111111111 0.359375 0.5 0.3671875 0.4826388888888889 0.361328125 0.4513888888888889 0.34765625 0.4513888888888889 0.349609375 0.4861111111111111