0 0.162109375 0.3229166666666667 0.171875 0.2986111111111111 0.162109375 0.2638888888888889 0.15625 0.2638888888888889 0.154296875 0.3020833333333333 0.162109375 0.3229166666666667
0 0.416015625 0.2986111111111111 0.41796875 0.2743055555555556 0.412109375 0.2743055555555556 0.41015625 0.2881944444444444 0.416015625 0.2986111111111111
0 0.279296875 0.2638888888888889 0.279296875 0.2465277777777778 0.26953125 0.2326388888888889 0.267578125 0.2673611111111111 0.279296875 0.2638888888888889
0 0.04296875 0.3472222222222222 0.06640625 0.34375 0.060546875 0.3125 0.041015625 0.3125 0.037109375 0.3263888888888889 0.04296875 0.3472222222222222
0 0.3125 0.5277777777777778 0.318359375 0.5451388888888888 0.330078125 0.5451388888888888 0.33203125 0.46875 0.318359375 0.4722222222222222 0.3125 0.4826388888888889 0.3125 0.5277777777777778
0 0.392578125 0.7604166666666666 0.400390625 0.7361111111111112 0.39453125 0.6840277777777778 0.3984375 0.6597222222222222 0.373046875 0.6631944444444444 0.375 0.6909722222222222 0.365738408203125 0.7003808229166667 0.373046875 0.7361111111111112 0.392578125 0.7604166666666666
0 0.642578125 0.8854166666666666 0.6484375 0.8854166666666666 0.642578125 0.8784722222222222 0.642578125 0.8854166666666666
0 0.6484375 0.90625 0.642578125 0.890625 0.642578125 0.9201388888888888 0.6484375 0.90625
0 0.6796875 0.9166666666666666 0.673828125 0.9305555555555556 0.6796875 0.9375 0.673828125 0.9513888888888888 0.693359375 0.9930555555555556 0.716796875 0.9930555555555556 0.71875 0.9652777777777778 0.705078125 0.9340277777777778 0.705078125 0.90625 0.693359375 0.875 0.69140625 0.8472222222222222 0.67578125 0.8576388888888888 0.673828125 0.90625 0.6796875 0.9166666666666666
0 0.6171875 0.8541666666666666 0.634765625 0.875 0.642578125 0.8680555555555556 0.642578125 0.84375 0.626953125 0.8263888888888888 0.6171875 0.8263888888888888 0.6171875 0.8541666666666666
0 0.498046875 0.6493055555555556 0.48828125 0.6666666666666666 0.51171875 0.6597222222222222 0.5234375 0.6805555555555556 0.5234375 0.6284722222222222 0.51171875 0.6458333333333334 0.4921875 0.6354166666666666 0.48828125 0.6388888888888888 0.498046875 0.6493055555555556
0 0.6796875 0.8055555555555556 0.68359375 0.8159722222222222 0.69140625 0.8055555555555556 0.685546875 0.7951388888888888 0.673828125 0.8125 0.6796875 0.8055555555555556
0 0.6748046875 0.7864583333333334 0.001953125 0.010416666666666666
0 0.638671875 0.8055555555555556 0.630859375 0.8263888888888888 0.642578125 0.8402777777777778 0.63671875 0.7673611111111112 0.630859375 0.7777777777777778 0.62890625 0.7951388888888888 0.638671875 0.8055555555555556
0 0.1171875 0.6388888888888888 0.123046875 0.6770833333333334 0.12890625 0.6805555555555556 0.138671875 0.6527777777777778 0.138671875 0.59375 0.123046875 0.59375 0.1171875 0.6076388888888888 0.1171875 0.6388888888888888
0 0.318359375 0.4340277777777778 0.30078125 0.4340277777777778 0.3046875 0.4791666666666667 0.318359375 0.4340277777777778
0 0.130859375 0.3055555555555556 0.12890625 0.2777777777777778 0.1171875 0.2673611111111111 0.11328125 0.28125 0.11328125 0.3090277777777778 0.130859375 0.3055555555555556
0 0.98828125 0.96875 0.998046875 0.96875 0.998046875 0.9479166666666666 0.98046875 0.9131944444444444 0.98046875 0.8923611111111112 0.966796875 0.875 0.947265625 0.8715277777777778 0.943359375 0.90625 0.98828125 0.96875
0 0.9609375 0.8576388888888888 0.98046875 0.8576388888888888 0.978515625 0.84375 0.966796875 0.8402777777777778 0.9609375 0.84375 0.9609375 0.8576388888888888
0 0.310546875 0.6597222222222222 0.3125 0.7118055555555556 0.3359375 0.7604166666666666 0.34375 0.7534722222222222 0.34765625 0.71875 0.33984375 0.6493055555555556 0.34375 0.6388888888888888 0.3359375 0.6527777777777778 0.310546875 0.6597222222222222
0 0.47265625 0.7326388888888888 0.478515625 0.71875 0.474609375 0.6423611111111112 0.466796875 0.6354166666666666 0.455078125 0.6388888888888888 0.453125 0.6527777777777778 0.443359375 0.6493055555555556 0.4375 0.6736111111111112 0.47265625 0.7326388888888888
0 0.287109375 0.5729166666666666 0.296875 0.5590277777777778 0.298828125 0.5104166666666666 0.29296875 0.5 0.28125 0.5034722222222222 0.279296875 0.5555555555555556 0.287109375 0.5729166666666666
0 0.517578125 0.9930555555555556 0.5234375 0.9722222222222222 0.513671875 0.9097222222222222 0.50390625 0.8993055555555556 0.486328125 0.9166666666666666 0.484375 0.9375 0.46875 0.9513888888888888 0.46875 0.9965277777777778 0.517578125 0.9930555555555556
0 0.25 0.28125 0.248046875 0.2534722222222222 0.234375 0.2465277777777778 0.23046875 0.2743055555555556 0.25 0.28125
0 0.35546875 0.3229166666666667 0.35546875 0.2847222222222222 0.349609375 0.2847222222222222 0.35546875 0.3229166666666667
0 0.392578125 0.3368055555555556 0.3984375 0.3298611111111111 0.396484375 0.2916666666666667 0.388671875 0.2916666666666667 0.392578125 0.3368055555555556
0 0.318359375 0.4791666666666667 0.310546875 0.4826388888888889 0.3125 0.4930555555555556 0.328125 0.4791666666666667 0.333984375 0.5 0.3359375 0.4513888888888889 0.330078125 0.4375 0.318359375 0.4375 0.310546875 0.4618055555555556 0.318359375 0.4791666666666667
0 0.255859375 0.3715277777777778 0.26171875 0.375 0.267578125 0.3541666666666667 0.263671875 0.3402777777777778 0.25390625 0.3402777777777778 0.255859375 0.3715277777777778
0 0.26171875 0.59375 0.267578125 0.5763888888888888 0.267578125 0.53125 0.26171875 0.5138888888888888 0.25 0.5138888888888888 0.25 0.5798611111111112 0.26171875 0.59375
0 0.5625 0.7048611111111112 0.572265625 0.7152777777777778 0.57421875 0.7013888888888888 0.568359375 0.6736111111111112 0.564453125 0.6770833333333334 0.568359375 0.6909722222222222 0.5625 0.7048611111111112
0 0.576171875 0.6666666666666666 0.5703125 0.6597222222222222 0.568359375 0.6666666666666666 0.576171875 0.6666666666666666
0 0.60546875 0.7291666666666666 0.599609375 0.7048611111111112 0.611328125 0.6840277777777778 0.609375 0.6666666666666666 0.6015625 0.6388888888888888 0.587890625 0.6423611111111112 0.5859375 0.6840277777777778 0.60546875 0.7291666666666666
0 0.36328125 0.28125 0.35546875 0.2604166666666667 0.36328125 0.2534722222222222 0.35546875 0.2534722222222222 0.353515625 0.2638888888888889 0.36328125 0.28125
0 0.16796875 0.4027777777777778 0.19921875 0.3993055555555556 0.201171875 0.3854166666666667 0.19140625 0.3576388888888889 0.16796875 0.3576388888888889 0.162109375 0.3854166666666667 0.16796875 0.4027777777777778
0 0 0.84375 0.01171875 0.8298611111111112 0.009765625 0.75 0 0.75 0 0.84375
0 0.5234375 0.8229166666666666 0.54296875 0.875 0.5546875 0.8888888888888888 0.5625 0.875 0.580078125 0.875 0.568359375 0.7847222222222222 0.556640625 0.7847222222222222 0.546875 0.8125 0.5234375 0.8229166666666666
0 0.568359375 0.9930555555555556 0.57421875 0.9965277777777778 0.58203125 0.9756944444444444 0.587890625 0.9965277777777778 0.595703125 0.9861111111111112 0.6015625 0.9965277777777778 0.599609375 0.9826388888888888 0.580078125 0.96875 0.58203125 0.8888888888888888 0.576171875 0.8784722222222222 0.5625 0.8784722222222222 0.560546875 0.9618055555555556 0.568359375 0.9930555555555556
0 0.37890625 0.4097222222222222 0.38671875 0.3784722222222222 0.375 0.3680555555555556 0.373046875 0.3958333333333333 0.37890625 0.4097222222222222
0 0.423828125 0.4236111111111111 0.421875 0.3888888888888889 0.408203125 0.3923611111111111 0.40625 0.40625 0.423828125 0.4236111111111111
0 0.435546875 0.7777777777777778 0.4375 0.8125 0.447265625 0.8229166666666666 0.44921875 0.75 0.443359375 0.7291666666666666 0.42578125 0.7291666666666666 0.423828125 0.7465277777777778 0.435546875 0.7777777777777778
0 0.111328125 0.2777777777777778 0.10546875 0.25 0.08203125 0.2465277777777778 0.08203125 0.2777777777777778 0.111328125 0.2777777777777778
0 0.57421875 0.8194444444444444 0.576171875 0.8576388888888888 0.587890625 0.8680555555555556 0.61328125 0.8125 0.60546875 0.75 0.599609375 0.7430555555555556 0.60546875 0.7291666666666666 0.57421875 0.7743055555555556 0.568359375 0.8125 0.57421875 0.8194444444444444
0 0.56640625 0.21875 0.57421875 0.2013888888888889 0.568359375 0.1909722222222222 0.5625 0.2013888888888889 0.56640625 0.21875
0 0.384765625 0.34375 0.38671875 0.3229166666666667 0.375 0.3125 0.375 0.34375 0.384765625 0.34375
0 0.537109375 0.6701388888888888 0.548828125 0.6736111111111112 0.548828125 0.5798611111111112 0.53125 0.5868055555555556 0.53125 0.6493055555555556 0.537109375 0.6701388888888888
0 0.5 0.8576388888888888 0.5 0.875 0.517578125 0.9027777777777778 0.513671875 0.9236111111111112 0.5234375 0.9618055555555556 0.53125 0.9618055555555556 0.537109375 0.9513888888888888 0.53125 0.9027777777777778 0.53515625 0.875 0.517578125 0.8506944444444444 0.517578125 0.8298611111111112 0.5 0.8263888888888888 0.4921875 0.84375 0.5 0.8576388888888888
0 0.603515625 0.22916666666666666 0.611328125 0.2048611111111111 0.60546875 0.2013888888888889 0.599609375 0.2048611111111111 0.603515625 0.22916666666666666
0 0.41015625 0.2048611111111111 0.408203125 0.1875 0.404296875 0.21180555555555555 0.41015625 0.2048611111111111
0 0.40234375 0.84375 0.400390625 0.8715277777777778 0.435546875 0.9201388888888888 0.443359375 0.9027777777777778 0.4375 0.8854166666666666 0.4375 0.8159722222222222 0.4296875 0.7847222222222222 0.408203125 0.8020833333333334 0.3984375 0.7986111111111112 0.3984375 0.7743055555555556 0.39453125 0.7638888888888888 0.38671875 0.7673611111111112 0.38671875 0.84375 0.40234375 0.84375