0 0.404296875 0.75 0.40625 0.7777777777777778 0.4296875 0.8090277777777778 0.4375 0.8402777777777778 0.44921875 0.84375 0.44921875 0.7638888888888888 0.443359375 0.7361111111111112 0.412109375 0.7326388888888888 0.412109375 0.7465277777777778 0.404296875 0.75
0 0.05078125 0.3715277777777778 0.04296875 0.3298611111111111 0.025390625 0.3368055555555556 0.03125 0.375 0.05078125 0.3715277777777778
0 0.62890625 0.875 0.646484375 0.875 0.65625 0.8888888888888888 0.662109375 0.875 0.669921875 0.8784722222222222 0.673828125 0.8923611111111112 0.681640625 0.8888888888888888 0.705078125 0.9166666666666666 0.7109375 0.90625 0.7109375 0.8784722222222222 0.701171875 0.8611111111111112 0.701171875 0.8298611111111112 0.693359375 0.8055555555555556 0.6875 0.7951388888888888 0.673828125 0.7986111111111112 0.67578125 0.8541666666666666 0.66015625 0.8576388888888888 0.654296875 0.8263888888888888 0.63671875 0.8055555555555556 0.634765625 0.78125 0.6171875 0.78125 0.62890625 0.875
0 0.48046875 0.5763888888888888 0.486328125 0.5729166666666666 0.50390625 0.59375 0.50390625 0.5625 0.5 0.5416666666666666 0.494140625 0.5416666666666666 0.48046875 0.5486111111111112 0.48046875 0.5763888888888888
0 0.162109375 0.5486111111111112 0.173828125 0.5486111111111112 0.1796875 0.5173611111111112 0.1796875 0.5 0.16796875 0.4861111111111111 0.15625 0.5138888888888888 0.162109375 0.5486111111111112
0 0.84765625 0.9965277777777778 0.84375 0.9375 0.830078125 0.9340277777777778 0.8203125 0.9444444444444444 0.82421875 0.9930555555555556 0.84765625 0.9965277777777778
0 0.755859375 0.9618055555555556 0.76953125 0.9930555555555556 0.78125 0.9930555555555556 0.78515625 0.96875 0.779296875 0.9548611111111112 0.779296875 0.9201388888888888 0.75 0.8923611111111112 0.744140625 0.9097222222222222 0.755859375 0.9618055555555556
0 0.83203125 0.6701388888888888 0.84375 0.7013888888888888 0.859375 0.71875 0.890625 0.71875 0.8984375 0.7291666666666666 0.904296875 0.7013888888888888 0.8984375 0.6527777777777778 0.880859375 0.6527777777777778 0.873046875 0.6701388888888888 0.84375 0.6284722222222222 0.85546875 0.6493055555555556 0.83203125 0.6701388888888888
0 0.26171875 0.2951388888888889 0.2734375 0.2916666666666667 0.26953125 0.2638888888888889 0.26171875 0.2638888888888889 0.26171875 0.2951388888888889
0 0.017578125 0.4236111111111111 0.029296875 0.4201388888888889 0.03125 0.3854166666666667 0.013671875 0.3715277777777778 0.01171875 0.4027777777777778 0.017578125 0.4236111111111111
0 0.068359375 0.6111111111111112 0.07421875 0.6215277777777778 0.09765625 0.6041666666666666 0.09765625 0.5416666666666666 0.091796875 0.5555555555555556 0.06640625 0.5451388888888888 0.0625 0.59375 0.068359375 0.6111111111111112
0 0.400390625 0.5555555555555556 0.40625 0.5868055555555556 0.41796875 0.59375 0.423828125 0.5590277777777778 0.41796875 0.53125 0.40625 0.5277777777777778 0.400390625 0.53125 0.400390625 0.5555555555555556
0 0.3671875 0.28125 0.373046875 0.25 0.36328125 0.2465277777777778 0.361328125 0.2708333333333333 0.3671875 0.28125
0 0.484375 0.6701388888888888 0.5 0.65625 0.505859375 0.6284722222222222 0.486328125 0.625 0.48046875 0.6354166666666666 0.484375 0.6701388888888888
0 0.05078125 0.3263888888888889 0.060546875 0.3229166666666667 0.060546875 0.2916666666666667 0.0546875 0.28125 0.046875 0.2881944444444444 0.04296875 0.3159722222222222 0.05078125 0.3263888888888889
0 0.162109375 0.3229166666666667 0.16796875 0.28125 0.150390625 0.28125 0.1484375 0.3229166666666667 0.162109375 0.3229166666666667
0 0.359375 0.8472222222222222 0.361328125 0.8888888888888888 0.3671875 0.8923611111111112 0.380859375 0.8090277777777778 0.375 0.7951388888888888 0.380859375 0.7673611111111112 0.35546875 0.7777777777777778 0.349609375 0.7916666666666666 0.349609375 0.8402777777777778 0.359375 0.8472222222222222
0 0.49609375 0.9375 0.509765625 0.9652777777777778 0.517578125 0.9513888888888888 0.509765625 0.8298611111111112 0.494140625 0.8229166666666666 0.48046875 0.8368055555555556 0.47265625 0.9166666666666666 0.49609375 0.9375
0 0.5 0.78125 0.5 0.7951388888888888 0.513671875 0.8159722222222222 0.51171875 0.84375 0.517578125 0.8680555555555556 0.548828125 0.90625 0.556640625 0.8888888888888888 0.548828125 0.7777777777777778 0.53515625 0.7743055555555556 0.515625 0.7986111111111112 0.5 0.78125
0 0.064453125 0.84375 0.068359375 0.875 0.080078125 0.8888888888888888 0.0859375 0.7638888888888888 0.0625 0.7638888888888888 0.0546875 0.7777777777777778 0.0546875 0.84375 0.064453125 0.84375
0 0.40625 0.4965277777777778 0.41796875 0.5 0.423828125 0.4930555555555556 0.423828125 0.4513888888888889 0.412109375 0.4479166666666667 0.40625 0.4513888888888889 0.40625 0.4965277777777778
0 0.0361328125 0.7100694444444444 0.001953125 0.017361111111111112
0 0.052734375 0.6857638888888888 0.00390625 0.003472222222222222
0 0.0390625 0.6527777777777778 0.03515625 0.6805555555555556 0.0546875 0.6527777777777778 0.060546875 0.6597222222222222 0.0625 0.6875 0.07421875 0.7013888888888888 0.07421875 0.6388888888888888 0.068359375 0.6284722222222222 0.064453125 0.6388888888888888 0.052734375 0.6388888888888888 0.05078125 0.6527777777777778 0.03515625 0.6284722222222222 0.025390625 0.6284722222222222 0.0234375 0.6354166666666666 0.0390625 0.6527777777777778
0 0.38671875 0.6527777777777778 0.39453125 0.6701388888888888 0.40625 0.6180555555555556 0.404296875 0.5868055555555556 0.38671875 0.5868055555555556 0.38671875 0.6527777777777778
0 0.134765625 0.3298611111111111 0.13671875 0.2986111111111111 0.123046875 0.2951388888888889 0.1171875 0.3263888888888889 0.134765625 0.3298611111111111
0 0.13671875 0.5104166666666666 0.154296875 0.4826388888888889 0.15625 0.4548611111111111 0.134765625 0.4548611111111111 0.130859375 0.5 0.13671875 0.5104166666666666
0 0.763671875 0.9965277777777778 0.759765625 0.96875 0.7421875 0.96875 0.73828125 0.9930555555555556 0.763671875 0.9965277777777778
0 0.650390625 0.96875 0.650390625 0.9930555555555556 0.712890625 0.9930555555555556 0.70703125 0.9409722222222222 0.697265625 0.9236111111111112 0.66796875 0.9201388888888888 0.662109375 0.9305555555555556 0.662109375 0.9618055555555556 0.650390625 0.96875
0 0.0859375 0.3298611111111111 0.080078125 0.2986111111111111 0.068359375 0.3055555555555556 0.0625 0.3368055555555556 0.0859375 0.3298611111111111
0 0.162109375 0.5104166666666666 0.171875 0.4826388888888889 0.166015625 0.46875 0.15625 0.4722222222222222 0.154296875 0.5 0.162109375 0.5104166666666666
0 0.1484375 0.3923611111111111 0.1484375 0.3472222222222222 0.130859375 0.3541666666666667 0.130859375 0.3923611111111111 0.1484375 0.3923611111111111
0 0.89453125 0.9791666666666666 0.899087890625 0.9965277777777778 0.923828125 0.9965277777777778 0.9296875 0.9409722222222222 0.943359375 0.9305555555555556 0.94921875 0.90625 0.9375 0.90625 0.93359375 0.9201388888888888 0.92578125 0.90625 0.923828125 0.9409722222222222 0.912109375 0.9548611111111112 0.89453125 0.9548611111111112 0.88671875 0.9965277777777778 0.89453125 0.9791666666666666
0 0.56640625 0.5243055555555556 0.568359375 0.4861111111111111 0.546875 0.4861111111111111 0.544921875 0.5243055555555556 0.56640625 0.5243055555555556
0 0.03515625 0.6909722222222222 0.037109375 0.7430555555555556 0.04296875 0.75 0.0546875 0.7013888888888888 0.068359375 0.6875 0.0625 0.6701388888888888 0.0546875 0.6701388888888888 0.041015625 0.6979166666666666 0.03515625 0.6909722222222222
0 0.4296875 0.6215277777777778 0.4375 0.6597222222222222 0.443359375 0.6597222222222222 0.44921875 0.6388888888888888 0.443359375 0.6041666666666666 0.439453125 0.6180555555555556 0.4296875 0.6215277777777778
0 0.29296875 0.3125 0.29296875 0.28125 0.28515625 0.28125 0.28125 0.2986111111111111 0.29296875 0.3125
0 0.4609375 0.6041666666666666 0.4609375 0.5625 0.443359375 0.5625 0.447265625 0.6041666666666666 0.4609375 0.6041666666666666
0 0.4765625 0.7361111111111112 0.48046875 0.6875 0.47265625 0.6597222222222222 0.455078125 0.6875 0.455078125 0.7326388888888888 0.4765625 0.7361111111111112
0 0.1171875 0.3125 0.1171875 0.2673611111111111 0.10546875 0.2673611111111111 0.099609375 0.28125 0.09765625 0.3125 0.1171875 0.3125
0 0.603515625 0.9930555555555556 0.64453125 0.9930555555555556 0.6484375 0.9618055555555556 0.630859375 0.9166666666666666 0.630859375 0.8923611111111112 0.61328125 0.9027777777777778 0.60546875 0.9305555555555556 0.599609375 0.96875 0.603515625 0.9930555555555556
0 0.57421875 0.9791666666666666 0.59375 0.9930555555555556 0.59375 0.9375 0.5859375 0.9270833333333334 0.5859375 0.9097222222222222 0.56640625 0.9027777777777778 0.580078125 0.875 0.57421875 0.8611111111111112 0.5625 0.8576388888888888 0.5625 0.9513888888888888 0.57421875 0.9791666666666666
0 0.099609375 0.7361111111111112 0.111328125 0.78125 0.125 0.7430555555555556 0.125 0.6701388888888888 0.09765625 0.6701388888888888 0.099609375 0.7361111111111112
0 0.623046875 0.5972222222222222 0.623046875 0.6076388888888888 0.634765625 0.6527777777777778 0.6484375 0.6701388888888888 0.6484375 0.5972222222222222 0.642578125 0.59375 0.63671875 0.6041666666666666 0.623046875 0.5972222222222222
0 0.3046875 0.9965277777777778 0.316015625 0.9965277777777778 0.322265625 0.9791666666666666 0.330078125 0.9826388888888888 0.32734375 0.9965277777777778 0.3359375 0.9826388888888888 0.338671875 0.9965277777777778 0.36328125 0.9930555555555556 0.361328125 0.9513888888888888 0.34765625 0.9513888888888888 0.337890625 0.9756944444444444 0.31640625 0.96875 0.3046875 0.9826388888888888 0.3046875 0.9965277777777778
0 0.712890625 0.7951388888888888 0.716796875 0.8055555555555556 0.75390625 0.8576388888888888 0.76171875 0.8854166666666666 0.77734375 0.8888888888888888 0.779296875 0.8472222222222222 0.7734375 0.8298611111111112 0.779296875 0.7916666666666666 0.7734375 0.7604166666666666 0.767578125 0.75 0.75390625 0.75 0.740234375 0.7638888888888888 0.728515625 0.7326388888888888 0.71875 0.7361111111111112 0.71875 0.78125 0.712890625 0.7951388888888888