0 0.4609375 0.78125 0.46875 0.8159722222222222 0.48828125 0.8125 0.50390625 0.78125 0.5 0.7326388888888888 0.486328125 0.7326388888888888 0.462890625 0.7604166666666666 0.466796875 0.7673611111111112 0.4609375 0.78125
0 0.15625 0.4861111111111111 0.15625 0.4756944444444444 0.173828125 0.4548611111111111 0.173828125 0.4340277777777778 0.150390625 0.4236111111111111 0.1484375 0.46875 0.15625 0.4861111111111111
0 0.1171875 0.7291666666666666 0.1171875 0.7673611111111112 0.134765625 0.8229166666666666 0.12890625 0.7986111111111112 0.13671875 0.8020833333333334 0.142578125 0.7673611111111112 0.138671875 0.7118055555555556 0.111328125 0.71875 0.1171875 0.7291666666666666
0 0.07421875 0.3229166666666667 0.072265625 0.3090277777777778 0.05078125 0.2951388888888889 0.05078125 0.3298611111111111 0.07421875 0.3229166666666667
0 0.388671875 0.5138888888888888 0.3984375 0.46875 0.392578125 0.4513888888888889 0.37890625 0.4513888888888889 0.375 0.4826388888888889 0.388671875 0.5138888888888888
0 0.912109375 0.2604166666666667 0.916015625 0.25 0.9140625 0.2326388888888889 0.892578125 0.2361111111111111 0.888671875 0.2604166666666667 0.912109375 0.2604166666666667
0 0.76171875 0.3368055555555556 0.759765625 0.2951388888888889 0.75 0.2986111111111111 0.75 0.3368055555555556 0.76171875 0.3368055555555556
0 0.3984375 0.59375 0.40625 0.6354166666666666 0.421875 0.65625 0.4296875 0.6354166666666666 0.4296875 0.5763888888888888 0.423828125 0.5590277777777778 0.40625 0.5625 0.3984375 0.5763888888888888 0.3984375 0.59375
0 0.685546875 0.4166666666666667 0.701171875 0.4166666666666667 0.705078125 0.3680555555555556 0.69921875 0.3541666666666667 0.681640625 0.3611111111111111 0.6796875 0.40625 0.685546875 0.4166666666666667
0 0.01171875 0.6041666666666666 0.017578125 0.5972222222222222 0.03515625 0.625 0.04296875 0.6041666666666666 0.037109375 0.5486111111111112 0.017578125 0.5451388888888888 0.01171875 0.5555555555555556 0.01171875 0.6041666666666666
0 0.119140625 0.5451388888888888 0.111328125 0.5520833333333334 0.1171875 0.5555555555555556 0.130859375 0.5138888888888888 0.123046875 0.4826388888888889 0.109375 0.4861111111111111 0.10546875 0.5173611111111112 0.119140625 0.5451388888888888
0 0.29296875 0.7291666666666666 0.296875 0.6597222222222222 0.28515625 0.6284722222222222 0.2734375 0.6388888888888888 0.267578125 0.6597222222222222 0.29296875 0.7291666666666666
0 0.068359375 0.5104166666666666 0.068359375 0.5416666666666666 0.07421875 0.5451388888888888 0.080078125 0.53125 0.08203125 0.4826388888888889 0.080078125 0.4722222222222222 0.06640625 0.4826388888888889 0.0625 0.4965277777777778 0.068359375 0.5104166666666666
0 0.162109375 0.3229166666666667 0.16015625 0.2951388888888889 0.14453125 0.2951388888888889 0.14453125 0.3263888888888889 0.162109375 0.3229166666666667
0 0.0234375 0.8090277777777778 0.03125 0.8125 0.03125 0.7326388888888888 0.025390625 0.7222222222222222 0.005859375 0.7326388888888888 0.005859375 0.7638888888888888 0.0234375 0.8090277777777778
0 0.333984375 0.6527777777777778 0.3359375 0.59375 0.3125 0.5972222222222222 0.31640625 0.65625 0.333984375 0.6527777777777778
0 0.8359375 0.9548611111111112 0.8046875 0.9652777777777778 0.8125 0.9722222222222222 0.8125 0.9930555555555556 0.880859375 0.9930555555555556 0.888671875 0.96875 0.88671875 0.9375 0.875 0.9305555555555556 0.861328125 0.8888888888888888 0.84375 0.8923611111111112 0.8359375 0.9201388888888888 0.8359375 0.9548611111111112
0 0.79296875 0.9513888888888888 0.810546875 0.9479166666666666 0.8125 0.9201388888888888 0.8046875 0.90625 0.8046875 0.8888888888888888 0.8125 0.8402777777777778 0.78125 0.8402777777777778 0.78125 0.9305555555555556 0.79296875 0.9513888888888888
0 0.173828125 0.84375 0.17578125 0.8576388888888888 0.201171875 0.875 0.2109375 0.8055555555555556 0.19921875 0.7638888888888888 0.173828125 0.7638888888888888 0.173828125 0.84375
0 0.412109375 0.7534722222222222 0.412109375 0.6597222222222222 0.3984375 0.65625 0.38671875 0.6736111111111112 0.390625 0.7465277777777778 0.412109375 0.7534722222222222
0 0.736328125 0.90625 0.76171875 0.9375 0.76953125 0.9201388888888888 0.76171875 0.8229166666666666 0.75 0.7951388888888888 0.73828125 0.7986111111111112 0.71875 0.8472222222222222 0.736328125 0.90625
0 0.40625 0.9340277777777778 0.423828125 0.9409722222222222 0.447265625 0.96875 0.447265625 0.875 0.44140625 0.84375 0.43359375 0.8263888888888888 0.421875 0.8263888888888888 0.412109375 0.84375 0.41796875 0.8888888888888888 0.40625 0.9340277777777778
0 0.380859375 0.9027777777777778 0.3984375 0.9097222222222222 0.3984375 0.8576388888888888 0.388671875 0.8368055555555556 0.38671875 0.8125 0.37890625 0.8125 0.375 0.8888888888888888 0.380859375 0.9027777777777778
0 0.181640625 0.375 0.21875 0.3715277777777778 0.2109375 0.34375 0.201171875 0.34375 0.193359375 0.3298611111111111 0.1875 0.3368055555555556 0.1796875 0.3576388888888889 0.181640625 0.375
0 0.103515625 0.2951388888888889 0.123046875 0.2951388888888889 0.123046875 0.2777777777777778 0.109375 0.2638888888888889 0.103515625 0.2638888888888889 0.103515625 0.2951388888888889
0 0.169921875 0.3715277777777778 0.171875 0.34375 0.166015625 0.3263888888888889 0.150390625 0.3263888888888889 0.150390625 0.3715277777777778 0.169921875 0.3715277777777778
0 0.185546875 0.6701388888888888 0.185546875 0.625 0.17578125 0.6111111111111112 0.162109375 0.625 0.162109375 0.6701388888888888 0.185546875 0.6701388888888888
0 0.6796875 0.9965277777777778 0.70703125 0.9965277777777778 0.708984375 0.9861111111111112 0.71484375 0.9861111111111112 0.71484375 0.9965277777777778 0.71875 0.9791666666666666 0.73046875 0.9965277777777778 0.76171875 0.9965277777777778 0.75 0.9583333333333334 0.75 0.9236111111111112 0.736328125 0.9236111111111112 0.73046875 0.9097222222222222 0.71875 0.9097222222222222 0.724609375 0.9340277777777778 0.724609375 0.9479166666666666 0.71875 0.9513888888888888 0.72265625 0.9618055555555556 0.70703125 0.9826388888888888 0.6796875 0.9409722222222222 0.67578125 0.9166666666666666 0.662109375 0.9305555555555556 0.66015625 0.9513888888888888 0.6796875 0.9965277777777778
0 0.130859375 0.4513888888888889 0.140625 0.4513888888888889 0.14453125 0.4097222222222222 0.13671875 0.3888888888888889 0.12890625 0.3923611111111111 0.125 0.4027777777777778 0.130859375 0.4513888888888889
0 0.234375 0.5 0.23046875 0.4548611111111111 0.2109375 0.4583333333333333 0.20703125 0.5 0.234375 0.5
0 0.205078125 0.5972222222222222 0.21875 0.6111111111111112 0.212890625 0.6354166666666666 0.224609375 0.6041666666666666 0.21875 0.5486111111111112 0.205078125 0.5486111111111112 0.205078125 0.5972222222222222
0 0.60546875 0.9965277777777778 0.60546875 0.9513888888888888 0.583984375 0.9444444444444444 0.5859375 0.9965277777777778 0.60546875 0.9965277777777778
0 0.831705078125 0.9965277777777778 0.8359375 0.9826388888888888 0.841796875 0.9965277777777778 0.8984375 0.9965277777777778 0.88671875 0.96875 0.859375 0.9826388888888888 0.8359375 0.9722222222222222 0.8203125 0.9513888888888888 0.80078125 0.9513888888888888 0.78515625 0.96875 0.78125 0.9965277777777778 0.831705078125 0.9965277777777778
0 0.318359375 0.7743055555555556 0.326171875 0.7847222222222222 0.3359375 0.7777777777777778 0.341796875 0.8055555555555556 0.357421875 0.8125 0.3671875 0.8368055555555556 0.373046875 0.8298611111111112 0.375 0.7986111111111112 0.361328125 0.7465277777777778 0.36328125 0.7222222222222222 0.349609375 0.7222222222222222 0.341796875 0.7673611111111112 0.33203125 0.7743055555555556 0.32421875 0.75 0.32421875 0.71875 0.318359375 0.7118055555555556 0.3125 0.7465277777777778 0.318359375 0.7743055555555556
0 0.09375 0.96875 0.10546875 0.9965277777777778 0.123046875 0.9965277777777778 0.1171875 0.9791666666666666 0.130859375 0.9618055555555556 0.130859375 0.9097222222222222 0.119140625 0.8784722222222222 0.099609375 0.8715277777777778 0.09375 0.8888888888888888 0.09375 0.96875
0 0.091796875 0.2951388888888889 0.09765625 0.2847222222222222 0.087890625 0.2534722222222222 0.076171875 0.2604166666666667 0.076171875 0.2916666666666667 0.091796875 0.2951388888888889
0 0 0.9652777777777778 0.005859375 0.9861111111111112 0.01171875 0.9826388888888888 0.0234375 0.8854166666666666 0.0234375 0.84375 0.017578125 0.8263888888888888 0 0.8263888888888888 0 0.9652777777777778
0 0.505859375 0.7638888888888888 0.5234375 0.7708333333333334 0.5234375 0.7847222222222222 0.5546875 0.84375 0.560546875 0.8263888888888888 0.5546875 0.7152777777777778 0.53515625 0.7326388888888888 0.51422991015625 0.72023809375 0.525390625 0.75 0.51953125 0.7638888888888888 0.50390625 0.75 0.505859375 0.7638888888888888
0 0.66796875 0.9861111111111112 0.673828125 0.9930555555555556 0.66796875 0.96875 0.662109375 0.9965277777777778 0.66796875 0.9861111111111112
0 0.607421875 0.9965277777777778 0.60546875 0.9513888888888888 0.59765625 0.9409722222222222 0.583984375 0.9444444444444444 0.58203125 0.9930555555555556 0.607421875 0.9965277777777778
0 0.34375 0.4861111111111111 0.349609375 0.4965277777777778 0.361328125 0.4826388888888889 0.361328125 0.4513888888888889 0.35546875 0.4479166666666667 0.34375 0.4513888888888889 0.34375 0.4861111111111111
0 0.16015625 0.2777777777777778 0.16015625 0.25 0.142578125 0.24305555555555555 0.13671875 0.2743055555555556 0.16015625 0.2777777777777778
0 0.515625 0.9201388888888888 0.517578125 0.8923611111111112 0.53125 0.8888888888888888 0.53125 0.9340277777777778 0.548828125 0.9548611111111112 0.5625 0.9548611111111112 0.54296875 0.8680555555555556 0.541015625 0.8263888888888888 0.53125 0.8263888888888888 0.51171875 0.8611111111111112 0.5 0.8576388888888888 0.4921875 0.8263888888888888 0.494140625 0.84375 0.486328125 0.8576388888888888 0.48828125 0.8993055555555556 0.515625 0.9201388888888888
0 0.4853515625 0.8263888888888888 0.001953125 0.006944444444444444
0 0.58984375 0.8125 0.59375 0.8263888888888888 0.6171875 0.8298611111111112 0.6171875 0.7638888888888888 0.611328125 0.7569444444444444 0.611328125 0.7361111111111112 0.591796875 0.71875 0.58203125 0.75 0.580078125 0.8090277777777778 0.58984375 0.8125
0 0.41796875 0.4930555555555556 0.41796875 0.4375 0.400390625 0.4340277777777778 0.404296875 0.4895833333333333 0.41796875 0.4930555555555556
0 0.6484375 0.8993055555555556 0.671875 0.9166666666666666 0.673828125 0.8784722222222222 0.6796875 0.8715277777777778 0.673828125 0.8680555555555556 0.662109375 0.8125 0.64453125 0.8055555555555556 0.638671875 0.8715277777777778 0.6484375 0.8993055555555556
0 0.259765625 0.8576388888888888 0.259765625 0.8715277777777778 0.25 0.875 0.25 0.9166666666666666 0.26953125 0.9513888888888888 0.279296875 0.9513888888888888 0.279296875 0.96875 0.2890625 0.9826388888888888 0.29296875 0.9236111111111112 0.279296875 0.8888888888888888 0.296875 0.8784722222222222 0.310546875 0.8888888888888888 0.30078125 0.8784722222222222 0.3046875 0.8611111111111112 0.279296875 0.8576388888888888 0.28125 0.8680555555555556 0.267578125 0.8888888888888888 0.26171875 0.84375 0.25390625 0.84375 0.25 0.8541666666666666 0.259765625 0.8576388888888888