0 0.466796875 0.6840277777777778 0.45703125 0.6493055555555556 0.44921875 0.6527777777777778 0.4296875 0.6284722222222222 0.41796875 0.6388888888888888 0.41796875 0.6909722222222222 0.466796875 0.6840277777777778
0 0.119140625 0.4375 0.12890625 0.4340277777777778 0.12890625 0.4027777777777778 0.1171875 0.40625 0.119140625 0.4375
0 0.435546875 0.8298611111111112 0.435546875 0.8576388888888888 0.486328125 0.9201388888888888 0.486328125 0.8263888888888888 0.478515625 0.7986111111111112 0.45703125 0.7951388888888888 0.44921875 0.8125 0.4375 0.8159722222222222 0.44140625 0.8229166666666666 0.435546875 0.8298611111111112
0 0 0.3680555555555556 0.0234375 0.3680555555555556 0.03125 0.3576388888888889 0.03125 0.3229166666666667 0.01171875 0.3125 0 0.3263888888888889 0 0.3680555555555556
0 0.568359375 0.5868055555555556 0.568359375 0.5347222222222222 0.5625 0.5173611111111112 0.55078125 0.5173611111111112 0.5546875 0.6041666666666666 0.568359375 0.5868055555555556
0 0.95703125 0.2916666666666667 0.984375 0.2951388888888889 0.984375 0.2638888888888889 0.966796875 0.2673611111111111 0.955078125 0.2777777777777778 0.95703125 0.2916666666666667
0 0.70703125 0.8263888888888888 0.7265625 0.84375 0.724609375 0.8541666666666666 0.73046875 0.8368055555555556 0.748046875 0.8402777777777778 0.759765625 0.8159722222222222 0.76171875 0.78125 0.75 0.7673611111111112 0.736328125 0.7673611111111112 0.73046875 0.8263888888888888 0.71875 0.8263888888888888 0.71875 0.7673611111111112 0.7109375 0.75 0.701171875 0.7673611111111112 0.69921875 0.8020833333333334 0.70703125 0.8263888888888888
0 0.8046875 0.4409722222222222 0.82421875 0.4166666666666667 0.82421875 0.3888888888888889 0.8046875 0.3993055555555556 0.79296875 0.4375 0.8046875 0.4409722222222222
0 0.162109375 0.2916666666666667 0.15625 0.2638888888888889 0.14453125 0.28125 0.142578125 0.3125 0.162109375 0.2916666666666667
0 0.556640625 0.9930555555555556 0.546875 0.9618055555555556 0.546875 0.9930555555555556 0.556640625 0.9930555555555556
0 0.568359375 0.9930555555555556 0.59765625 0.9965277777777778 0.59375 0.9479166666666666 0.57421875 0.9513888888888888 0.568359375 0.9618055555555556 0.568359375 0.9930555555555556
0 0.3671875 0.5451388888888888 0.375 0.5277777777777778 0.375 0.4826388888888889 0.361328125 0.4826388888888889 0.361328125 0.5416666666666666 0.3671875 0.5451388888888888
0 0.0625 0.59375 0.068359375 0.6076388888888888 0.0859375 0.5902777777777778 0.078125 0.53125 0.0625 0.53125 0.0625 0.59375
0 0.4375 0.6388888888888888 0.45703125 0.6527777777777778 0.455078125 0.6076388888888888 0.443359375 0.5972222222222222 0.4375 0.6076388888888888 0.4375 0.6388888888888888
0 0.8984375 0.9236111111111112 0.90625 0.9618055555555556 0.91796875 0.9826388888888888 0.908203125 0.9548611111111112 0.912109375 0.9479166666666666 0.91796875 0.9583333333333334 0.912109375 0.9375 0.900390625 0.9236111111111112 0.912109375 0.9097222222222222 0.8984375 0.8923611111111112 0.88671875 0.9166666666666666 0.8984375 0.9236111111111112
0 0.810546875 0.8923611111111112 0.810546875 0.9618055555555556 0.818359375 0.9791666666666666 0.84375 0.9791666666666666 0.849609375 0.9201388888888888 0.837890625 0.8923611111111112 0.833984375 0.8298611111111112 0.8203125 0.8125 0.806640625 0.8159722222222222 0.80078125 0.8298611111111112 0.798828125 0.875 0.810546875 0.8923611111111112
0 0.3671875 0.4027777777777778 0.3671875 0.375 0.35546875 0.3715277777777778 0.35546875 0.40625 0.3671875 0.4027777777777778
0 0.130859375 0.3090277777777778 0.130859375 0.28125 0.11328125 0.2743055555555556 0.111328125 0.3090277777777778 0.130859375 0.3090277777777778
0 0.130859375 0.40625 0.13671875 0.3923611111111111 0.13671875 0.3576388888888889 0.125 0.3576388888888889 0.119140625 0.3784722222222222 0.130859375 0.40625
0 0.046875 0.3368055555555556 0.0625 0.3263888888888889 0.060546875 0.2951388888888889 0.04296875 0.2951388888888889 0.037109375 0.3229166666666667 0.046875 0.3368055555555556
0 0.998046875 0.90625 0.994140625 0.8159722222222222 0.970703125 0.8611111111111112 0.970703125 0.8715277777777778 0.998046875 0.90625
0 0.91796875 0.8055555555555556 0.9296875 0.84375 0.955078125 0.8576388888888888 0.962890625 0.8298611111111112 0.9609375 0.7673611111111112 0.9296875 0.75 0.9296875 0.7777777777777778 0.91796875 0.8055555555555556
0 0.2734375 0.8125 0.28125 0.8229166666666666 0.28125 0.90625 0.291015625 0.9479166666666666 0.298828125 0.9513888888888888 0.310546875 0.9166666666666666 0.310546875 0.8159722222222222 0.29296875 0.8125 0.28515625 0.8229166666666666 0.27734375 0.7951388888888888 0.279296875 0.8055555555555556 0.2734375 0.8125
0 0.490234375 0.7083333333333334 0.498046875 0.7048611111111112 0.5 0.6840277777777778 0.509765625 0.6875 0.525390625 0.75 0.533203125 0.75 0.5234375 0.7326388888888888 0.537109375 0.71875 0.537109375 0.7013888888888888 0.5234375 0.65625 0.505859375 0.6701388888888888 0.48828125 0.6597222222222222 0.484375 0.6840277777777778 0.490234375 0.7083333333333334
0 0.869140625 0.7152777777777778 0.880859375 0.71875 0.87890625 0.7326388888888888 0.888671875 0.75 0.9296875 0.75 0.943359375 0.7326388888888888 0.947265625 0.7118055555555556 0.935546875 0.6736111111111112 0.916015625 0.6666666666666666 0.916015625 0.6840277777777778 0.8984375 0.6805555555555556 0.888671875 0.7013888888888888 0.880859375 0.6979166666666666 0.875 0.6527777777777778 0.8671875 0.6527777777777778 0.86328125 0.6979166666666666 0.869140625 0.7152777777777778
0 0.013671875 0.8541666666666666 0.0234375 0.8611111111111112 0.037109375 0.90625 0.041015625 0.8993055555555556 0.03515625 0.8923611111111112 0.048828125 0.8472222222222222 0.048828125 0.7951388888888888 0.041015625 0.78125 0.01953125 0.78125 0.01171875 0.7951388888888888 0.013671875 0.8541666666666666
0 0.41796875 0.5902777777777778 0.431640625 0.5902777777777778 0.4375 0.5659722222222222 0.43359375 0.5451388888888888 0.443359375 0.5451388888888888 0.443359375 0.5347222222222222 0.4375 0.5347222222222222 0.41796875 0.5416666666666666 0.41796875 0.5902777777777778
0 0.0859375 0.3298611111111111 0.10546875 0.3298611111111111 0.10546875 0.3055555555555556 0.0859375 0.3055555555555556 0.0859375 0.3298611111111111
0 0.318359375 0.6736111111111112 0.32421875 0.6840277777777778 0.318359375 0.7291666666666666 0.34765625 0.7638888888888888 0.35546875 0.7430555555555556 0.349609375 0.7291666666666666 0.34765625 0.6701388888888888 0.341796875 0.65625 0.33203125 0.65625 0.328125 0.6701388888888888 0.318359375 0.6736111111111112
0 0.6796875 0.7534722222222222 0.6796875 0.65625 0.662109375 0.65625 0.65625 0.6875 0.6796875 0.7534722222222222
0 0.5859375 0.7118055555555556 0.59375 0.7152777777777778 0.591796875 0.65625 0.580078125 0.65625 0.57421875 0.6736111111111112 0.5859375 0.7118055555555556
0 0.162109375 0.3368055555555556 0.173828125 0.3263888888888889 0.169921875 0.2951388888888889 0.150390625 0.3090277777777778 0.150390625 0.3229166666666667 0.162109375 0.3368055555555556
0 0.384765625 0.5243055555555556 0.388671875 0.4965277777777778 0.37890625 0.4826388888888889 0.388671875 0.4652777777777778 0.3828125 0.4513888888888889 0.376953125 0.4583333333333333 0.375 0.4791666666666667 0.384765625 0.5243055555555556
0 0.080078125 0.4201388888888889 0.076171875 0.3784722222222222 0.0625 0.375 0.0625 0.4201388888888889 0.080078125 0.4201388888888889
0 0.04296875 0.5555555555555556 0.048828125 0.5416666666666666 0.046875 0.5 0.03125 0.5034722222222222 0.03125 0.5416666666666666 0.04296875 0.5555555555555556
0 0.1171875 0.9965277777777778 0.1279296875 0.9965277777777778 0.134765625 0.9791666666666666 0.138671875 0.9965277777777778 0.162109375 0.9930555555555556 0.16015625 0.96875 0.142578125 0.96875 0.1171875 0.9826388888888888 0.1171875 0.9965277777777778
0 0.744140625 0.9513888888888888 0.75390625 0.9513888888888888 0.75 0.96875 0.759765625 0.96875 0.767578125 0.9930555555555556 0.810546875 0.9930555555555556 0.8125 0.96875 0.8046875 0.9548611111111112 0.810546875 0.9201388888888888 0.80078125 0.8993055555555556 0.798828125 0.875 0.775390625 0.8784722222222222 0.775390625 0.9166666666666666 0.76171875 0.9375 0.748046875 0.8854166666666666 0.75 0.84375 0.73046875 0.8402777777777778 0.73046875 0.9097222222222222 0.744140625 0.9513888888888888
0 0.54296875 0.7604166666666666 0.55078125 0.7847222222222222 0.572265625 0.7951388888888888 0.59375 0.8263888888888888 0.59375 0.8090277777777778 0.587890625 0.8090277777777778 0.59375 0.7743055555555556 0.5859375 0.7222222222222222 0.57421875 0.7222222222222222 0.5625 0.7430555555555556 0.548828125 0.71875 0.552734375 0.7326388888888888 0.54296875 0.7604166666666666
0 0.486328125 0.6354166666666666 0.498046875 0.625 0.498046875 0.5729166666666666 0.486328125 0.5659722222222222 0.4765625 0.5833333333333334 0.478515625 0.625 0.486328125 0.6354166666666666
0 0.224609375 0.28125 0.236328125 0.28125 0.234375 0.25 0.224609375 0.25 0.224609375 0.28125
0 0.484375 0.7638888888888888 0.484375 0.8020833333333334 0.505859375 0.8541666666666666 0.513671875 0.8298611111111112 0.529296875 0.8125 0.53125 0.7638888888888888 0.494140625 0.7638888888888888 0.4921875 0.7326388888888888 0.486328125 0.7326388888888888 0.4921875 0.7604166666666666 0.484375 0.7638888888888888
0 0.697265625 0.9375 0.6875 0.9479166666666666 0.681640625 0.9826388888888888 0.6875 0.9965277777777778 0.724609375 0.9930555555555556 0.716796875 0.9166666666666666 0.693359375 0.8993055555555556 0.69140625 0.9236111111111112 0.697265625 0.9375
0 0.630859375 0.9097222222222222 0.630859375 0.9479166666666666 0.638671875 0.96875 0.662109375 0.9930555555555556 0.671875 0.96875 0.666015625 0.8923611111111112 0.646484375 0.8715277777777778 0.63671875 0.875 0.630859375 0.8472222222222222 0.63671875 0.9027777777777778 0.630859375 0.9097222222222222
0 0.673828125 0.8263888888888888 0.67578125 0.8402777777777778 0.697265625 0.84375 0.693359375 0.8576388888888888 0.705078125 0.875 0.697265625 0.8611111111111112 0.705078125 0.8576388888888888 0.693359375 0.8263888888888888 0.69921875 0.8159722222222222 0.6796875 0.7951388888888888 0.681640625 0.8263888888888888 0.673828125 0.8263888888888888
0 0.625 0.8402777777777778 0.63671875 0.8472222222222222 0.650390625 0.875 0.666015625 0.8784722222222222 0.673828125 0.84375 0.638671875 0.7916666666666666 0.6328125 0.7638888888888888 0.61328125 0.7638888888888888 0.611328125 0.7847222222222222 0.625 0.8402777777777778
0 0.1171875 0.8472222222222222 0.126953125 0.8472222222222222 0.14453125 0.8784722222222222 0.15625 0.8784722222222222 0.1484375 0.8333333333333334 0.154296875 0.7951388888888888 0.1171875 0.7951388888888888 0.111328125 0.7986111111111112 0.1171875 0.8472222222222222
0 0.599609375 0.6597222222222222 0.603515625 0.7083333333333334 0.611328125 0.7152777777777778 0.619140625 0.6909722222222222 0.63671875 0.6875 0.634765625 0.6423611111111112 0.609375 0.6527777777777778 0.59765625 0.6354166666666666 0.59375 0.6493055555555556 0.599609375 0.6597222222222222
0 0.603515625 0.9826388888888888 0.599609375 0.9930555555555556 0.62890625 0.9965277777777778 0.63671875 0.96875 0.6171875 0.9305555555555556 0.611328125 0.8854166666666666 0.59375 0.8888888888888888 0.59375 0.9722222222222222 0.603515625 0.9826388888888888
0 0.201171875 0.9826388888888888 0.201171875 0.9965277777777778 0.236328125 0.9965277777777778 0.248046875 0.9513888888888888 0.20703125 0.9618055555555556 0.2109375 0.9722222222222222 0.201171875 0.9826388888888888
0 0.25390625 0.9305555555555556 0.25 0.9201388888888888 0.248046875 0.9340277777777778 0.25390625 0.9305555555555556