0 0.78125 0.2638888888888889 0.7734375 0.2326388888888889 0.759765625 0.2326388888888889 0.759765625 0.2604166666666667 0.78125 0.2638888888888889
0 0.4375 0.3715277777777778 0.4375 0.34375 0.41015625 0.3472222222222222 0.40625 0.375 0.4375 0.3715277777777778
0 0.705078125 0.4027777777777778 0.748046875 0.4027777777777778 0.748046875 0.3715277777777778 0.73828125 0.3472222222222222 0.736328125 0.3576388888888889 0.716796875 0.3541666666666667 0.70703125 0.3715277777777778 0.701171875 0.3888888888888889 0.705078125 0.4027777777777778
0 0.0546875 0.4340277777777778 0.0625 0.4236111111111111 0.060546875 0.3923611111111111 0.052734375 0.375 0.041015625 0.375 0.041015625 0.4305555555555556 0.0546875 0.4340277777777778
0 0.181640625 0.375 0.1875 0.3680555555555556 0.185546875 0.3298611111111111 0.173828125 0.3229166666666667 0.173828125 0.3715277777777778 0.181640625 0.375
0 0.19140625 0.4930555555555556 0.224609375 0.4930555555555556 0.23046875 0.4826388888888889 0.23046875 0.4479166666666667 0.224609375 0.4409722222222222 0.2109375 0.4409722222222222 0.205078125 0.4513888888888889 0.193359375 0.4409722222222222 0.181640625 0.4548611111111111 0.1796875 0.4722222222222222 0.19140625 0.4930555555555556
0 0.23046875 0.4375 0.236328125 0.4618055555555556 0.267578125 0.4340277777777778 0.263671875 0.40625 0.23828125 0.40625 0.23828125 0.4236111111111111 0.23046875 0.4375
0 0.09375 0.4027777777777778 0.099609375 0.4166666666666667 0.111328125 0.4201388888888889 0.1171875 0.3854166666666667 0.111328125 0.3611111111111111 0.099609375 0.3611111111111111 0.09375 0.3715277777777778 0.09375 0.4027777777777778
0 0.625 0.4409722222222222 0.6484375 0.4375 0.650390625 0.4166666666666667 0.662109375 0.40625 0.65625 0.3854166666666667 0.646484375 0.3958333333333333 0.630859375 0.3854166666666667 0.619140625 0.3993055555555556 0.6171875 0.4375 0.625 0.4409722222222222
0 0.548828125 0.40625 0.5703125 0.4201388888888889 0.572265625 0.3923611111111111 0.5546875 0.3888888888888889 0.548828125 0.375 0.54296875 0.375 0.548828125 0.40625
0 0.650390625 0.4340277777777778 0.66015625 0.4479166666666667 0.65625 0.4618055555555556 0.673828125 0.4722222222222222 0.693359375 0.4652777777777778 0.697265625 0.4166666666666667 0.65625 0.4097222222222222 0.650390625 0.4166666666666667 0.650390625 0.4340277777777778
0 0.037109375 0.3125 0.037109375 0.28125 0.025390625 0.2777777777777778 0.0234375 0.3125 0.037109375 0.3125
0 0.142578125 0.4618055555555556 0.173828125 0.4652777777777778 0.1796875 0.4479166666666667 0.173828125 0.4236111111111111 0.169921875 0.4305555555555556 0.14453125 0.4097222222222222 0.13671875 0.4131944444444444 0.130859375 0.4409722222222222 0.142578125 0.4618055555555556
0 0.59375 0.3923611111111111 0.599609375 0.4027777777777778 0.60546875 0.3680555555555556 0.57421875 0.3576388888888889 0.568359375 0.3888888888888889 0.59375 0.3923611111111111