0 0.919921875 0.2743055555555556 0.921875 0.2951388888888889 0.931640625 0.2951388888888889 0.927734375 0.2743055555555556 0.912109375 0.2673611111111111 0.90625 0.2951388888888889 0.919921875 0.2743055555555556
0 0.3046875 0.4375 0.322265625 0.4375 0.326171875 0.4479166666666667 0.33203125 0.4097222222222222 0.32421875 0.4027777777777778 0.298828125 0.4027777777777778 0.3046875 0.4375
0 0.150390625 0.4097222222222222 0.1796875 0.4097222222222222 0.205078125 0.3923611111111111 0.19140625 0.3680555555555556 0.173828125 0.3680555555555556 0.16015625 0.3819444444444444 0.14453125 0.375 0.142578125 0.3888888888888889 0.150390625 0.4097222222222222
0 0.724609375 0.2465277777777778 0.72265625 0.2326388888888889 0.7109375 0.2326388888888889 0.70703125 0.2465277777777778 0.724609375 0.2465277777777778
0 0.82421875 0.2743055555555556 0.83203125 0.28125 0.83984375 0.2534722222222222 0.849609375 0.28125 0.853515625 0.2777777777777778 0.85546875 0.2638888888888889 0.841796875 0.25 0.82421875 0.2534722222222222 0.82421875 0.2743055555555556
0 0.287109375 0.2534722222222222 0.29296875 0.25 0.29296875 0.2326388888888889 0.28515625 0.2326388888888889 0.287109375 0.2534722222222222
0 0.005859375 0.4375 0.015625 0.4375 0.01953125 0.4513888888888889 0.03125 0.4479166666666667 0.021484375 0.3888888888888889 0.005859375 0.3888888888888889 0.005859375 0.4375
0 0.04296875 0.4375 0.060546875 0.4340277777777778 0.0546875 0.3854166666666667 0.041015625 0.3854166666666667 0.037109375 0.40625 0.04296875 0.4375
0 0.2109375 0.4722222222222222 0.23828125 0.4618055555555556 0.251953125 0.46875 0.255859375 0.4548611111111111 0.255859375 0.4375 0.236328125 0.4479166666666667 0.224609375 0.4201388888888889 0.20703125 0.4340277777777778 0.205078125 0.46875 0.2109375 0.4722222222222222
0 0.080078125 0.4305555555555556 0.125 0.4201388888888889 0.125 0.3923611111111111 0.1171875 0.375 0.0859375 0.375 0.07421875 0.3888888888888889 0.080078125 0.4305555555555556
0 0.875 0.40625 0.873046875 0.375 0.84375 0.3680555555555556 0.8359375 0.3784722222222222 0.8359375 0.40625 0.875 0.40625
0 0.09765625 0.7152777777777778 0.103515625 0.6979166666666666 0.103515625 0.65625 0.07421875 0.6666666666666666 0.07421875 0.7013888888888888 0.09765625 0.7152777777777778
0 0 0.53125 0.041015625 0.5243055555555556 0.04296875 0.4826388888888889 0.005859375 0.4861111111111111 0 0.4930555555555556 0 0.53125
0 0.04296875 0.3368055555555556 0.064453125 0.3298611111111111 0.06640625 0.3125 0.060546875 0.2986111111111111 0.04296875 0.2847222222222222 0.037109375 0.3263888888888889 0.04296875 0.3368055555555556
0 0.921875 0.40625 0.921875 0.3680555555555556 0.90625 0.375 0.892578125 0.4027777777777778 0.921875 0.40625
0 0.42578125 0.3923611111111111 0.44921875 0.40625 0.44921875 0.3784722222222222 0.44140625 0.3611111111111111 0.416015625 0.3680555555555556 0.412109375 0.40625 0.42578125 0.3923611111111111
0 0.4375 0.6215277777777778 0.443359375 0.6354166666666666 0.45703125 0.6145833333333334 0.4921875 0.6111111111111112 0.498046875 0.59375 0.498046875 0.5451388888888888 0.48828125 0.5451388888888888 0.4765625 0.5763888888888888 0.45703125 0.5486111111111112 0.44921875 0.5659722222222222 0.44921875 0.59375 0.4375 0.6215277777777778
0 0.046875 0.5416666666666666 0.08203125 0.5243055555555556 0.1015625 0.5277777777777778 0.109375 0.5138888888888888 0.10546875 0.4861111111111111 0.087890625 0.4826388888888889 0.0859375 0.4965277777777778 0.0703125 0.4965277777777778 0.0625 0.4722222222222222 0.04296875 0.5 0.041015625 0.53125 0.046875 0.5416666666666666
0 0.162109375 0.3090277777777778 0.15625 0.28125 0.142578125 0.28125 0.138671875 0.3125 0.162109375 0.3090277777777778
0 0.259765625 0.4409722222222222 0.279296875 0.4305555555555556 0.298828125 0.4479166666666667 0.3046875 0.4305555555555556 0.291015625 0.3888888888888889 0.255859375 0.4097222222222222 0.25390625 0.4340277777777778 0.259765625 0.4409722222222222
0 0.318359375 0.3402777777777778 0.33203125 0.3402777777777778 0.3359375 0.3159722222222222 0.330078125 0.2986111111111111 0.318359375 0.2986111111111111 0.318359375 0.3402777777777778
0 0.12890625 0.3888888888888889 0.12890625 0.3611111111111111 0.111328125 0.34375 0.10546875 0.3715277777777778 0.12890625 0.3888888888888889
0 0.28125 0.3263888888888889 0.287109375 0.34375 0.296875 0.34375 0.298828125 0.3125 0.287109375 0.2986111111111111 0.28125 0.3055555555555556 0.28125 0.3263888888888889
0 0.09765625 0.71875 0.10546875 0.6840277777777778 0.099609375 0.6631944444444444 0.10546875 0.6527777777777778 0.09375 0.6423611111111112 0.07421875 0.6597222222222222 0.07421875 0.6979166666666666 0.09765625 0.71875
0 0.875 0.2951388888888889 0.8984375 0.2951388888888889 0.8984375 0.2673611111111111 0.873046875 0.2673611111111111 0.869140625 0.2777777777777778 0.875 0.2951388888888889
0 0.4296875 0.3263888888888889 0.4375 0.3368055555555556 0.443359375 0.3125 0.439453125 0.2951388888888889 0.431640625 0.2951388888888889 0.44140625 0.3090277777777778 0.4296875 0.3263888888888889
0 0.986328125 0.2951388888888889 0.98046875 0.2777777777777778 0.958984375 0.2777777777777778 0.951171875 0.2951388888888889 0.986328125 0.2951388888888889
0 0.7734375 0.4791666666666667 0.791015625 0.4652777777777778 0.8046875 0.46875 0.81640625 0.4305555555555556 0.80078125 0.4097222222222222 0.783203125 0.4270833333333333 0.7734375 0.4513888888888889 0.7734375 0.4791666666666667
0 0.662109375 0.46875 0.69921875 0.4618055555555556 0.705078125 0.4513888888888889 0.705078125 0.40625 0.69140625 0.4027777777777778 0.69140625 0.4166666666666667 0.681640625 0.4236111111111111 0.673828125 0.4027777777777778 0.66015625 0.4201388888888889 0.65625 0.4618055555555556 0.662109375 0.46875
0 0.2734375 0.2465277777777778 0.2734375 0.2222222222222222 0.267578125 0.21875 0.263671875 0.2326388888888889 0.2734375 0.2465277777777778
0 0.005859375 0.3055555555555556 0.0234375 0.3125 0.0234375 0.2847222222222222 0.01171875 0.2777777777777778 0.005859375 0.28125 0.005859375 0.3055555555555556
0 0.388671875 0.3888888888888889 0.41015625 0.3888888888888889 0.412109375 0.3611111111111111 0.3984375 0.3611111111111111 0.3984375 0.34375 0.380859375 0.3611111111111111 0.380859375 0.3993055555555556 0.388671875 0.3888888888888889
0 0.359375 0.22916666666666666 0.35546875 0.2048611111111111 0.353515625 0.22569444444444445 0.359375 0.22916666666666666
0 0.125 0.5868055555555556 0.125 0.6076388888888888 0.13671875 0.6111111111111112 0.1484375 0.59375 0.1875 0.5798611111111112 0.1875 0.5451388888888888 0.181640625 0.5590277777777778 0.1640625 0.5625 0.15625 0.5347222222222222 0.142578125 0.53125 0.138671875 0.5625 0.125 0.5868055555555556
0 0.65625 0.375 0.65625 0.3402777777777778 0.630859375 0.3402777777777778 0.625 0.3715277777777778 0.65625 0.375
0 0.224609375 0.3576388888888889 0.2421875 0.3715277777777778 0.267578125 0.3576388888888889 0.267578125 0.34375 0.255859375 0.3298611111111111 0.23046875 0.3368055555555556 0.224609375 0.3402777777777778 0.224609375 0.3576388888888889
0 0.193359375 0.7326388888888888 0.201171875 0.71875 0.234375 0.7013888888888888 0.2578125 0.7013888888888888 0.26171875 0.65625 0.25390625 0.6423611111111112 0.2109375 0.6805555555555556 0.19921875 0.6423611111111112 0.1796875 0.6736111111111112 0.173828125 0.7256944444444444 0.193359375 0.7326388888888888
0 0.125 0.4201388888888889 0.125 0.3888888888888889 0.1171875 0.375 0.099609375 0.375 0.099609375 0.4166666666666667 0.125 0.4201388888888889