0 0.724609375 0.4409722222222222 0.728515625 0.3993055555555556 0.712890625 0.4027777777777778 0.69921875 0.3923611111111111 0.693359375 0.4027777777777778 0.6875 0.4513888888888889 0.724609375 0.4409722222222222
0 0.8046875 0.3784722222222222 0.84375 0.3854166666666667 0.849609375 0.375 0.84765625 0.3541666666666667 0.83203125 0.3611111111111111 0.82421875 0.34375 0.8125 0.34375 0.8046875 0.3576388888888889 0.8046875 0.3784722222222222
0 0.056640625 0.3402777777777778 0.064453125 0.3402777777777778 0.06640625 0.3125 0.056640625 0.2986111111111111 0.05078125 0.3055555555555556 0.048828125 0.3229166666666667 0.056640625 0.3402777777777778
0 0.125 0.3263888888888889 0.138671875 0.3263888888888889 0.13671875 0.3090277777777778 0.125 0.3090277777777778 0.125 0.3263888888888889
0 0.373046875 0.4027777777777778 0.380859375 0.4236111111111111 0.392578125 0.4166666666666667 0.392578125 0.40625 0.376953125 0.40625 0.373046875 0.3854166666666667 0.361328125 0.3888888888888889 0.35546875 0.40625 0.35546875 0.4375 0.373046875 0.4027777777777778
0 0.466796875 0.3854166666666667 0.46875 0.3576388888888889 0.447265625 0.3576388888888889 0.443359375 0.3472222222222222 0.431640625 0.3888888888888889 0.466796875 0.3854166666666667
0 0.146484375 0.3090277777777778 0.154296875 0.2847222222222222 0.142578125 0.2638888888888889 0.138671875 0.2708333333333333 0.13671875 0.3090277777777778 0.146484375 0.3090277777777778
0 0.029296875 0.3680555555555556 0.0546875 0.375 0.0546875 0.3576388888888889 0.046875 0.34375 0.037109375 0.3298611111111111 0.025390625 0.3298611111111111 0.0234375 0.3576388888888889 0.029296875 0.3680555555555556
0 0.263671875 0.4548611111111111 0.2734375 0.4513888888888889 0.283203125 0.4305555555555556 0.287109375 0.4479166666666667 0.306640625 0.4479166666666667 0.3046875 0.4097222222222222 0.28125 0.4270833333333333 0.275390625 0.4097222222222222 0.267578125 0.4201388888888889 0.26171875 0.4340277777777778 0.263671875 0.4548611111111111
0 0.103515625 0.3263888888888889 0.111328125 0.3159722222222222 0.111328125 0.2847222222222222 0.09375 0.2847222222222222 0.091796875 0.3125 0.103515625 0.3263888888888889
0 0.005859375 0.3125 0.0234375 0.3125 0.0234375 0.28125 0.01171875 0.2743055555555556 0.005859375 0.28125 0.005859375 0.3125
0 0.84765625 0.2638888888888889 0.853515625 0.28125 0.859375 0.2743055555555556 0.857421875 0.2604166666666667 0.837890625 0.2638888888888889 0.841796875 0.28125 0.84765625 0.2638888888888889
0 0.8515625 0.28125 0.859375 0.2673611111111111 0.85546875 0.2465277777777778 0.837890625 0.25 0.837890625 0.2777777777777778 0.8515625 0.28125
0 0.744140625 0.4201388888888889 0.751953125 0.4201388888888889 0.755859375 0.4375 0.796875 0.4305555555555556 0.796875 0.4027777777777778 0.78125 0.40625 0.7734375 0.3888888888888889 0.76171875 0.3888888888888889 0.75390625 0.4166666666666667 0.744140625 0.4201388888888889
0 0.63671875 0.4479166666666667 0.642578125 0.4618055555555556 0.6484375 0.4548611111111111 0.6484375 0.4097222222222222 0.61328125 0.4097222222222222 0.60546875 0.4513888888888889 0.63671875 0.4479166666666667
0 0.416015625 0.3993055555555556 0.41015625 0.3715277777777778 0.38671875 0.3611111111111111 0.392578125 0.4027777777777778 0.416015625 0.3993055555555556
0 0.376953125 0.5034722222222222 0.41015625 0.4930555555555556 0.41796875 0.4548611111111111 0.39453125 0.4513888888888889 0.388671875 0.4340277777777778 0.380859375 0.4409722222222222 0.3671875 0.4965277777777778 0.376953125 0.5034722222222222
0 0.80859375 0.2847222222222222 0.810546875 0.2638888888888889 0.798828125 0.2534722222222222 0.79296875 0.2743055555555556 0.80859375 0.2847222222222222
0 0.47265625 0.4826388888888889 0.484375 0.46875 0.51171875 0.4791666666666667 0.517578125 0.4618055555555556 0.509765625 0.4236111111111111 0.462890625 0.4409722222222222 0.462890625 0.46875 0.47265625 0.4826388888888889
0 0.76171875 0.2638888888888889 0.779296875 0.2638888888888889 0.78125 0.25 0.767578125 0.2361111111111111 0.76171875 0.24305555555555555 0.76171875 0.2638888888888889
0 0.755859375 0.4201388888888889 0.76171875 0.3923611111111111 0.76953125 0.3854166666666667 0.7734375 0.3472222222222222 0.763671875 0.34375 0.755859375 0.3645833333333333 0.736328125 0.3819444444444444 0.736328125 0.4166666666666667 0.755859375 0.4201388888888889