0 0.97265625 0.2951388888888889 0.97265625 0.2777777777777778 0.955078125 0.2638888888888889 0.9453125 0.2708333333333333 0.943359375 0.2951388888888889 0.97265625 0.2951388888888889
0 0.572265625 0.3402777777777778 0.57421875 0.3125 0.556640625 0.3090277777777778 0.5546875 0.3333333333333333 0.572265625 0.3402777777777778
0 0.8046875 0.9930555555555556 0.79296875 0.9513888888888888 0.767578125 0.9375 0.767578125 0.9965277777777778 0.8046875 0.9930555555555556
0 0.28125 0.5 0.26953125 0.5138888888888888 0.279296875 0.5104166666666666 0.291015625 0.4861111111111111 0.29296875 0.4618055555555556 0.28125 0.4513888888888889 0.2734375 0.4652777777777778 0.267578125 0.4791666666666667 0.28125 0.5
0 0.009765625 0.4652777777777778 0.0234375 0.4513888888888889 0.0234375 0.4340277777777778 0.015625 0.3993055555555556 0.00390625 0.40625 0 0.4652777777777778 0.009765625 0.4652777777777778
0 0.763671875 0.46875 0.8046875 0.46875 0.818359375 0.4201388888888889 0.841796875 0.4166666666666667 0.84765625 0.4027777777777778 0.841796875 0.3854166666666667 0.8046875 0.3715277777777778 0.79296875 0.3993055555555556 0.7734375 0.4166666666666667 0.76171875 0.4409722222222222 0.763671875 0.46875
0 0 0.6840277777777778 0.01171875 0.6701388888888888 0.009765625 0.6180555555555556 0 0.6180555555555556 0 0.6840277777777778
0 0.236328125 0.5416666666666666 0.23828125 0.5034722222222222 0.232421875 0.4965277777777778 0.1875 0.5034722222222222 0.185546875 0.5625 0.236328125 0.5416666666666666
0 0.455078125 0.4409722222222222 0.47265625 0.4409722222222222 0.48046875 0.4513888888888889 0.484375 0.4375 0.48046875 0.40625 0.46484375 0.4201388888888889 0.44921875 0.4097222222222222 0.443359375 0.4201388888888889 0.443359375 0.4548611111111111 0.455078125 0.4409722222222222
0 0.1953125 0.4027777777777778 0.205078125 0.3888888888888889 0.193359375 0.3611111111111111 0.16796875 0.3611111111111111 0.162109375 0.4027777777777778 0.1953125 0.4027777777777778
0 0.0859375 0.6076388888888888 0.0859375 0.6423611111111112 0.091796875 0.6493055555555556 0.111328125 0.6215277777777778 0.14453125 0.6180555555555556 0.154296875 0.6041666666666666 0.15625 0.5763888888888888 0.150390625 0.5625 0.138671875 0.5659722222222222 0.12109375 0.6076388888888888 0.11328125 0.6006944444444444 0.111328125 0.5729166666666666 0.099609375 0.5625 0.099609375 0.5902777777777778 0.0859375 0.6076388888888888
0 0.5234375 0.3784722222222222 0.53125 0.3993055555555556 0.54296875 0.3854166666666667 0.560546875 0.3888888888888889 0.5625 0.3576388888888889 0.53125 0.3576388888888889 0.53125 0.3715277777777778 0.5234375 0.3784722222222222
0 0.626953125 0.2222222222222222 0.62890625 0.2048611111111111 0.619140625 0.19791666666666666 0.6171875 0.2222222222222222 0.626953125 0.2222222222222222
0 0.06640625 0.4513888888888889 0.0859375 0.4236111111111111 0.0625 0.4201388888888889 0.05078125 0.4513888888888889 0.06640625 0.4513888888888889
0 0 0.8159722222222222 0.015625 0.8125 0.02734375 0.7847222222222222 0.048828125 0.7604166666666666 0.041015625 0.7152777777777778 0.04296875 0.6875 0.013671875 0.7013888888888888 0 0.7222222222222222 0 0.8159722222222222
0 0.763671875 0.46875 0.775390625 0.4548611111111111 0.78125 0.4652777777777778 0.8046875 0.46875 0.81640625 0.4305555555555556 0.8125 0.4097222222222222 0.796875 0.4201388888888889 0.791015625 0.4027777777777778 0.78125 0.4027777777777778 0.7734375 0.4166666666666667 0.76171875 0.4409722222222222 0.763671875 0.46875
0 0.4306640625 0.4201388888888889 0.42578125 0.40625 0.4453125 0.3888888888888889 0.443359375 0.4201388888888889 0.44921875 0.4097222222222222 0.447265625 0.3854166666666667 0.42578125 0.3888888888888889 0.421875 0.3784722222222222 0.41015625 0.3923611111111111 0.41015625 0.4236111111111111 0.4306640625 0.4201388888888889