0 0.09375 0.3402777777777778 0.103515625 0.3263888888888889 0.09765625 0.2951388888888889 0.087890625 0.2986111111111111 0.09375 0.3402777777777778
0 0.34375 0.9375 0.34765625 0.9965277777777778 0.392578125 0.9930555555555556 0.388671875 0.9756944444444444 0.39453125 0.96875 0.39453125 0.9305555555555556 0.38671875 0.9236111111111112 0.353515625 0.9444444444444444 0.34375 0.9375
0 0.0234375 0.3854166666666667 0.048828125 0.375 0.048828125 0.34375 0.01953125 0.34375 0.017578125 0.375 0.0234375 0.3854166666666667
0 0.255859375 0.7986111111111112 0.267578125 0.8125 0.259765625 0.78125 0.263671875 0.7986111111111112 0.255859375 0.7986111111111112
0 0.3046875 0.8715277777777778 0.3203125 0.875 0.32421875 0.8402777777777778 0.310546875 0.7673611111111112 0.29296875 0.7638888888888888 0.28125 0.7847222222222222 0.275390625 0.8263888888888888 0.3046875 0.8715277777777778
0 0.90625 0.2847222222222222 0.904296875 0.2638888888888889 0.880859375 0.2673611111111111 0.880859375 0.2916666666666667 0.90625 0.2847222222222222
0 0.07421875 0.34375 0.07421875 0.3159722222222222 0.0625 0.3125 0.0625 0.3472222222222222 0.07421875 0.34375
0 0.875 0.4375 0.88671875 0.4479166666666667 0.9296875 0.4479166666666667 0.9296875 0.4305555555555556 0.91796875 0.40625 0.88671875 0.4097222222222222 0.875 0.4201388888888889 0.875 0.4375
0 0.392578125 0.8888888888888888 0.400390625 0.9479166666666666 0.416015625 0.96875 0.416015625 0.8576388888888888 0.41015625 0.8298611111111112 0.392578125 0.8263888888888888 0.38671875 0.8368055555555556 0.380859375 0.8576388888888888 0.392578125 0.8888888888888888
0 0.193359375 0.625 0.205078125 0.6423611111111112 0.20703125 0.6319444444444444 0.197265625 0.6111111111111112 0.21875 0.6111111111111112 0.21875 0.5486111111111112 0.2109375 0.5625 0.19921875 0.5590277777777778 0.193359375 0.5625 0.193359375 0.625
0 0.1171875 0.6597222222222222 0.130859375 0.7048611111111112 0.142578125 0.6875 0.140625 0.625 0.1171875 0.625 0.1171875 0.6597222222222222
0 0.125 0.3784722222222222 0.134765625 0.3784722222222222 0.138671875 0.3368055555555556 0.125 0.3298611111111111 0.119140625 0.3576388888888889 0.125 0.3784722222222222
0 0.236328125 0.3541666666666667 0.25 0.3576388888888889 0.25390625 0.3263888888888889 0.2421875 0.3159722222222222 0.236328125 0.3229166666666667 0.236328125 0.3541666666666667
0 0.15234375 0.4513888888888889 0.154296875 0.40625 0.1484375 0.3888888888888889 0.138671875 0.3923611111111111 0.142578125 0.4444444444444444 0.15234375 0.4513888888888889
0 0.181640625 0.78125 0.193359375 0.84375 0.205078125 0.7986111111111112 0.205078125 0.7326388888888888 0.1875 0.7291666666666666 0.181640625 0.7326388888888888 0.181640625 0.78125
0 0.166015625 0.4027777777777778 0.193359375 0.40625 0.205078125 0.3923611111111111 0.197265625 0.3680555555555556 0.181640625 0.3680555555555556 0.17578125 0.3576388888888889 0.16796875 0.3680555555555556 0.162109375 0.3854166666666667 0.166015625 0.4027777777777778
0 0.068359375 0.4548611111111111 0.080078125 0.4513888888888889 0.0859375 0.4236111111111111 0.0859375 0.4097222222222222 0.07421875 0.3993055555555556 0.0625 0.40625 0.068359375 0.4548611111111111
0 0.13671875 0.9930555555555556 0.125 0.9548611111111112 0.095703125 0.9756944444444444 0.087890625 0.9965277777777778 0.13671875 0.9930555555555556
0 0.21875 0.2743055555555556 0.23046875 0.2743055555555556 0.23046875 0.24305555555555555 0.224609375 0.24305555555555555 0.21875 0.2465277777777778 0.21875 0.2743055555555556
0 0.53125 0.84375 0.537109375 0.8541666666666666 0.5625 0.8263888888888888 0.56640625 0.7777777777777778 0.537109375 0.7847222222222222 0.53125 0.7951388888888888 0.53125 0.84375
0 0.048828125 0.3298611111111111 0.04296875 0.2986111111111111 0.025390625 0.3090277777777778 0.025390625 0.3298611111111111 0.048828125 0.3298611111111111
0 0.48046875 0.6041666666666666 0.505859375 0.65625 0.51171875 0.6493055555555556 0.505859375 0.6354166666666666 0.51171875 0.5868055555555556 0.505859375 0.5763888888888888 0.4921875 0.5763888888888888 0.48046875 0.5902777777777778 0.48046875 0.6041666666666666
0 0.498046875 0.9652777777777778 0.486328125 0.9722222222222222 0.486328125 0.9826388888888888 0.509765625 0.9930555555555556 0.517578125 0.9826388888888888 0.517578125 0.9513888888888888 0.505859375 0.9166666666666666 0.509765625 0.8993055555555556 0.505859375 0.8923611111111112 0.486328125 0.9097222222222222 0.486328125 0.9340277777777778 0.498046875 0.9652777777777778
0 0.552734375 0.7083333333333334 0.5625 0.7152777777777778 0.56640625 0.6701388888888888 0.560546875 0.6284722222222222 0.54296875 0.6388888888888888 0.541015625 0.6701388888888888 0.552734375 0.7083333333333334
0 0.23828125 0.9618055555555556 0.232421875 0.96875 0.236328125 0.9756944444444444 0.23046875 0.9965277777777778 0.279296875 0.9965277777777778 0.2734375 0.9618055555555556 0.244140625 0.96875 0.234375 0.9513888888888888 0.23828125 0.9618055555555556
0 0.28515625 0.9375 0.279296875 0.9305555555555556 0.275390625 0.9409722222222222 0.28515625 0.9375