0 0.125 0.4166666666666667 0.13671875 0.4166666666666667 0.142578125 0.40625 0.13671875 0.3611111111111111 0.123046875 0.375 0.119140625 0.4027777777777778 0.125 0.4166666666666667
0 0.1796875 0.40625 0.205078125 0.3993055555555556 0.19921875 0.375 0.17578125 0.3611111111111111 0.171875 0.3715277777777778 0.1796875 0.40625
0 0.099609375 0.4375 0.103515625 0.4201388888888889 0.09375 0.375 0.08203125 0.3784722222222222 0.080078125 0.4340277777777778 0.099609375 0.4375
0 0.2734375 0.4930555555555556 0.29296875 0.4791666666666667 0.3125 0.4826388888888889 0.318359375 0.46875 0.3125 0.4409722222222222 0.28125 0.4375 0.2734375 0.4513888888888889 0.267578125 0.46875 0.2734375 0.4930555555555556
0 0.01171875 0.4479166666666667 0.0234375 0.4513888888888889 0.03125 0.4375 0.03125 0.4097222222222222 0.01171875 0.3888888888888889 0.005859375 0.4166666666666667 0.01171875 0.4479166666666667
0 0.037109375 0.4166666666666667 0.052734375 0.4340277777777778 0.0546875 0.3888888888888889 0.046875 0.3715277777777778 0.037109375 0.375 0.037109375 0.4166666666666667
0 0.0625 0.4513888888888889 0.072265625 0.4513888888888889 0.080078125 0.4375 0.07421875 0.3923611111111111 0.056640625 0.3923611111111111 0.0546875 0.4375 0.0625 0.4513888888888889
0 0 0.6388888888888888 0.009765625 0.6388888888888888 0.017578125 0.6215277777777778 0.017578125 0.59375 0.01171875 0.5868055555555556 0.0234375 0.5555555555555556 0.01171875 0.5451388888888888 0.01171875 0.5833333333333334 0 0.5902777777777778 0 0.6388888888888888
0 0.5234375 0.3263888888888889 0.53125 0.3090277777777778 0.529296875 0.2951388888888889 0.517578125 0.2847222222222222 0.513671875 0.3159722222222222 0.5234375 0.3263888888888889
0 0.76171875 0.2638888888888889 0.779296875 0.2604166666666667 0.771484375 0.2326388888888889 0.759765625 0.23958333333333334 0.755859375 0.2534722222222222 0.76171875 0.2638888888888889
0 0.29296875 0.5451388888888888 0.30078125 0.5625 0.330078125 0.5590277777777778 0.330078125 0.5138888888888888 0.287109375 0.5138888888888888 0.28125 0.5416666666666666 0.29296875 0.5451388888888888
0 0.37890625 0.46875 0.38671875 0.4548611111111111 0.41015625 0.4548611111111111 0.416015625 0.4375 0.412109375 0.4166666666666667 0.380859375 0.4236111111111111 0.375 0.4409722222222222 0.37890625 0.46875
0 0.388671875 0.5451388888888888 0.421875 0.5451388888888888 0.42578125 0.5 0.38671875 0.5 0.375 0.53125 0.37890625 0.5625 0.388671875 0.5451388888888888
0 0.1484375 0.3993055555555556 0.171875 0.4166666666666667 0.17578125 0.4027777777777778 0.16796875 0.3611111111111111 0.154296875 0.3576388888888889 0.1484375 0.3611111111111111 0.1484375 0.3993055555555556
0 0.13671875 0.6388888888888888 0.142578125 0.625 0.189453125 0.6076388888888888 0.193359375 0.5625 0.1875 0.5555555555555556 0.162109375 0.5763888888888888 0.142578125 0.5590277777777778 0.12890625 0.5902777777777778 0.125 0.6284722222222222 0.13671875 0.6388888888888888