0 0.55859375 0.3402777777777778 0.560546875 0.3125 0.55078125 0.2986111111111111 0.54296875 0.3090277777777778 0.544921875 0.3368055555555556 0.55859375 0.3402777777777778
0 0.099609375 0.3715277777777778 0.11328125 0.375 0.11328125 0.3368055555555556 0.103515625 0.3263888888888889 0.09765625 0.3298611111111111 0.099609375 0.3715277777777778
0 0.3671875 0.3402777777777778 0.3671875 0.3125 0.35546875 0.2986111111111111 0.34765625 0.3020833333333333 0.34765625 0.3368055555555556 0.3671875 0.3402777777777778
0 0.0625 0.3263888888888889 0.080078125 0.3229166666666667 0.080078125 0.2916666666666667 0.07421875 0.28125 0.064453125 0.2847222222222222 0.056640625 0.3125 0.0625 0.3263888888888889
0 0.568359375 0.3888888888888889 0.572265625 0.3611111111111111 0.560546875 0.3402777777777778 0.5546875 0.34375 0.5546875 0.3715277777777778 0.568359375 0.3888888888888889
0 0.15625 0.2951388888888889 0.154296875 0.2673611111111111 0.14453125 0.2673611111111111 0.142578125 0.2951388888888889 0.15625 0.2951388888888889
0 0.142578125 0.3993055555555556 0.154296875 0.3993055555555556 0.15625 0.3576388888888889 0.142578125 0.3576388888888889 0.142578125 0.3993055555555556
0 0.8046875 0.7465277777777778 0.8125 0.75 0.8046875 0.7361111111111112 0.8125 0.7274305555555556 0.8125 0.7048611111111112 0.79296875 0.6875 0.79296875 0.7118055555555556 0.8046875 0.7465277777777778
0 0.82421875 0.75 0.859375 0.7638888888888888 0.853515625 0.7118055555555556 0.8359375 0.6736111111111112 0.837890625 0.7013888888888888 0.82421875 0.75
0 0.373046875 0.28125 0.375 0.2534722222222222 0.3671875 0.25 0.36328125 0.2673611111111111 0.373046875 0.28125
0 0 0.8923611111111112 0.01171875 0.8923611111111112 0.00390625 0.875 0.01171875 0.8576388888888888 0.01171875 0.8090277777777778 0 0.8055555555555556 0.005859375 0.8125 0 0.8246527777777778 0.009765625 0.8402777777777778 0 0.84375 0.005859375 0.8680555555555556 0 0.8715277777777778 0 0.8923611111111112
0 0.0546875 0.3125 0.0546875 0.28125 0.041015625 0.2777777777777778 0.037109375 0.3055555555555556 0.0546875 0.3125
0 0.8359375 0.6388888888888888 0.84375 0.6388888888888888 0.83984375 0.625 0.8359375 0.6215277777777778 0.8359375 0.6388888888888888
0 0.84375 0.6701388888888888 0.84375 0.6805555555555556 0.849609375 0.6979166666666666 0.87890625 0.71875 0.88671875 0.7013888888888888 0.880859375 0.625 0.875 0.6111111111111112 0.86328125 0.6111111111111112 0.861328125 0.65625 0.84375 0.6701388888888888
0 0.41796875 0.7326388888888888 0.4296875 0.6666666666666666 0.4296875 0.6076388888888888 0.3984375 0.6319444444444444 0.3984375 0.6840277777777778 0.41796875 0.7326388888888888
0 0.26171875 0.6180555555555556 0.263671875 0.6840277777777778 0.26953125 0.6875 0.2734375 0.6076388888888888 0.263671875 0.5972222222222222 0.255859375 0.6076388888888888 0.26171875 0.6180555555555556
0 0.44921875 0.7847222222222222 0.443359375 0.8090277777777778 0.44921875 0.8090277777777778 0.451171875 0.78125 0.466796875 0.7916666666666666 0.46875 0.8125 0.474609375 0.8125 0.474609375 0.7881944444444444 0.462890625 0.78125 0.474609375 0.7638888888888888 0.466796875 0.75 0.44921875 0.75 0.44140625 0.7777777777777778 0.44921875 0.7847222222222222
0 0.4423828125 0.7482638888888888 0.001953125 0.003472222222222222
0 0.142578125 0.6736111111111112 0.154296875 0.6527777777777778 0.15625 0.5972222222222222 0.13671875 0.59375 0.130859375 0.625 0.142578125 0.6736111111111112
0 0.310546875 0.3402777777777778 0.318359375 0.3402777777777778 0.318359375 0.3090277777777778 0.306640625 0.2986111111111111 0.3046875 0.3229166666666667 0.310546875 0.3402777777777778
0 0.125 0.3090277777777778 0.12109375 0.2777777777777778 0.10546875 0.28125 0.103515625 0.3055555555555556 0.125 0.3090277777777778
0 0.16796875 0.4027777777777778 0.19921875 0.4027777777777778 0.205078125 0.3923611111111111 0.1953125 0.3680555555555556 0.16796875 0.3611111111111111 0.162109375 0.3854166666666667 0.16796875 0.4027777777777778
0 0.31640625 0.5034722222222222 0.32421875 0.4826388888888889 0.32421875 0.4513888888888889 0.322265625 0.4409722222222222 0.306640625 0.4479166666666667 0.306640625 0.4826388888888889 0.31640625 0.5034722222222222
0 0.74609375 0.3993055555555556 0.75390625 0.4097222222222222 0.748046875 0.4201388888888889 0.755859375 0.4375 0.76953125 0.4340277777777778 0.759765625 0.4027777777777778 0.767578125 0.3888888888888889 0.755859375 0.40625 0.75 0.3923611111111111 0.734375 0.3923611111111111 0.73046875 0.4201388888888889 0.74609375 0.3993055555555556
0 0.232421875 0.5138888888888888 0.236328125 0.4618055555555556 0.234375 0.4513888888888889 0.224609375 0.4513888888888889 0.21875 0.4791666666666667 0.232421875 0.5138888888888888
0 0.23828125 0.6180555555555556 0.25 0.5972222222222222 0.25390625 0.5451388888888888 0.25 0.5347222222222222 0.236328125 0.5347222222222222 0.23046875 0.5763888888888888 0.23828125 0.6180555555555556
0 0.37890625 0.9722222222222222 0.37890625 0.9965277777777778 0.390625 0.9965277777777778 0.3984375 0.9791666666666666 0.41015625 0.9826388888888888 0.40234375 0.9965277777777778 0.41015625 0.9861111111111112 0.4140625 0.9965277777777778 0.4375 0.9930555555555556 0.4375 0.9513888888888888 0.423828125 0.9409722222222222 0.41015625 0.9513888888888888 0.38671875 0.9444444444444444 0.390625 0.9513888888888888 0.37890625 0.9722222222222222
0 0.29296875 0.3368055555555556 0.29296875 0.2986111111111111 0.28515625 0.2986111111111111 0.28125 0.3298611111111111 0.29296875 0.3368055555555556
0 0.322265625 0.6493055555555556 0.330078125 0.6111111111111112 0.330078125 0.5625 0.3125 0.5625 0.3125 0.625 0.322265625 0.6493055555555556
0 0.330078125 0.34375 0.3359375 0.3055555555555556 0.33203125 0.2951388888888889 0.32421875 0.2951388888888889 0.322265625 0.3055555555555556 0.318359375 0.3368055555555556 0.330078125 0.34375
0 0.201171875 0.9930555555555556 0.193359375 0.96875 0.181640625 0.9722222222222222 0.166015625 0.9930555555555556 0.201171875 0.9930555555555556
0 0.2109375 0.9513888888888888 0.2109375 0.9375 0.205078125 0.9548611111111112 0.2109375 0.9513888888888888
0 0.75 0.5798611111111112 0.736328125 0.5763888888888888 0.736328125 0.6180555555555556 0.75 0.5798611111111112
0 0.724609375 0.6319444444444444 0.724609375 0.65625 0.732421875 0.6736111111111112 0.75390625 0.6979166666666666 0.755859375 0.7152777777777778 0.779296875 0.71875 0.78125 0.6597222222222222 0.771484375 0.6284722222222222 0.728515625 0.625 0.71875 0.5729166666666666 0.712890625 0.5763888888888888 0.7109375 0.6006944444444444 0.724609375 0.6319444444444444
0 0.3359375 0.4027777777777778 0.34765625 0.4201388888888889 0.35546875 0.375 0.34375 0.3611111111111111 0.3359375 0.375 0.3359375 0.4027777777777778
0 0.3984375 0.5972222222222222 0.41015625 0.5625 0.41015625 0.5347222222222222 0.404296875 0.5243055555555556 0.388671875 0.5243055555555556 0.38671875 0.5729166666666666 0.3984375 0.5972222222222222
0 0.44140625 0.9166666666666666 0.4375 0.875 0.435546875 0.90625 0.44140625 0.9166666666666666
0 0.451171875 0.9618055555555556 0.462890625 0.96875 0.46875 0.9965277777777778 0.482421875 0.9965277777777778 0.486328125 0.90625 0.48046875 0.8680555555555556 0.47265625 0.8611111111111112 0.455078125 0.8784722222222222 0.447265625 0.9236111111111112 0.451171875 0.9618055555555556
0 0.681640625 0.5763888888888888 0.6875 0.5625 0.6796875 0.5416666666666666 0.66796875 0.5451388888888888 0.681640625 0.5763888888888888
0 0.19140625 0.8263888888888888 0.201171875 0.8576388888888888 0.20703125 0.8576388888888888 0.21875 0.8125 0.216796875 0.7604166666666666 0.205078125 0.7361111111111112 0.1875 0.75 0.19140625 0.8263888888888888
0 0.67578125 0.3576388888888889 0.705078125 0.3576388888888889 0.708984375 0.3229166666666667 0.697265625 0.3125 0.681640625 0.3229166666666667 0.673828125 0.3402777777777778 0.67578125 0.3576388888888889
0 0.7421875 0.2534722222222222 0.7421875 0.2326388888888889 0.728515625 0.22916666666666666 0.724609375 0.25 0.7421875 0.2534722222222222
0 0.28125 0.4513888888888889 0.2734375 0.3993055555555556 0.263671875 0.4027777777777778 0.263671875 0.4548611111111111 0.28125 0.4513888888888889
0 0.30078125 0.9791666666666666 0.306640625 0.9791666666666666 0.310546875 0.875 0.3046875 0.8680555555555556 0.3046875 0.84375 0.291015625 0.8402777777777778 0.2734375 0.8576388888888888 0.267578125 0.9027777777777778 0.30078125 0.9791666666666666
0 0.31640625 0.8125 0.3125 0.8159722222222222 0.306640625 0.8263888888888888 0.31640625 0.8125
0 0.765625 0.5625 0.767578125 0.5277777777777778 0.75 0.5243055555555556 0.744140625 0.5555555555555556 0.765625 0.5625