0 0.36328125 0.3368055555555556 0.3671875 0.2986111111111111 0.361328125 0.2986111111111111 0.35546875 0.3263888888888889 0.36328125 0.3368055555555556
0 0.068359375 0.40625 0.080078125 0.3715277777777778 0.07421875 0.3576388888888889 0.05078125 0.3576388888888889 0.0546875 0.3993055555555556 0.068359375 0.40625
0 0.26171875 0.3541666666666667 0.2734375 0.34375 0.265625 0.3125 0.255859375 0.3125 0.26171875 0.3541666666666667
0 0.22265625 0.4375 0.26171875 0.4340277777777778 0.2734375 0.3993055555555556 0.263671875 0.3784722222222222 0.25 0.40625 0.232421875 0.3923611111111111 0.21875 0.4201388888888889 0.22265625 0.4375
0 0.150390625 0.4166666666666667 0.15625 0.40625 0.154296875 0.375 0.138671875 0.375 0.13671875 0.3993055555555556 0.150390625 0.4166666666666667
0 0.755859375 0.4166666666666667 0.796875 0.4166666666666667 0.798828125 0.3854166666666667 0.79296875 0.375 0.775390625 0.3854166666666667 0.7734375 0.3611111111111111 0.767578125 0.3611111111111111 0.75 0.40625 0.755859375 0.4166666666666667
0 0 0.5416666666666666 0.01171875 0.53125 0.00390625 0.4722222222222222 0 0.46875 0.005859375 0.4965277777777778 0 0.5052083333333334 0 0.5416666666666666
0 0.064453125 0.4722222222222222 0.10546875 0.4513888888888889 0.109375 0.4305555555555556 0.09765625 0.4201388888888889 0.087890625 0.4375 0.078125 0.4375 0.07421875 0.4201388888888889 0.06640625 0.4201388888888889 0.052734375 0.4444444444444444 0.048828125 0.4652777777777778 0.064453125 0.4722222222222222
0 0.318359375 0.3368055555555556 0.330078125 0.3368055555555556 0.32421875 0.2951388888888889 0.318359375 0.2951388888888889 0.318359375 0.3368055555555556
0 0.15625 0.3923611111111111 0.173828125 0.3923611111111111 0.16796875 0.3680555555555556 0.154296875 0.3576388888888889 0.150390625 0.375 0.15625 0.3923611111111111
0 0.310546875 0.34375 0.310546875 0.2986111111111111 0.30078125 0.2951388888888889 0.298828125 0.3402777777777778 0.310546875 0.34375
0 0.275390625 0.34375 0.287109375 0.34375 0.28515625 0.3090277777777778 0.2734375 0.3090277777777778 0.275390625 0.34375
0 0.1171875 0.40625 0.125 0.3923611111111111 0.11328125 0.3541666666666667 0.099609375 0.3541666666666667 0.09375 0.3680555555555556 0.09375 0.4027777777777778 0.1171875 0.40625
0 0.998046875 0.2638888888888889 0.998046875 0.2326388888888889 0.990234375 0.2361111111111111 0.986328125 0.2638888888888889 0.998046875 0.2638888888888889
0 0.4375 0.5451388888888888 0.45703125 0.5138888888888888 0.46875 0.53125 0.48046875 0.5243055555555556 0.47265625 0.5104166666666666 0.484375 0.5 0.48046875 0.4826388888888889 0.474609375 0.4826388888888889 0.466796875 0.5173611111111112 0.455078125 0.5104166666666666 0.453125 0.4791666666666667 0.443359375 0.4861111111111111 0.431640625 0.5173611111111112 0.4375 0.5451388888888888
0 0.3359375 0.3368055555555556 0.34765625 0.3263888888888889 0.34375 0.2951388888888889 0.33203125 0.2951388888888889 0.3359375 0.3368055555555556
0 0.234375 0.2638888888888889 0.234375 0.24305555555555555 0.224609375 0.2326388888888889 0.21875 0.2638888888888889 0.234375 0.2638888888888889
0 0.322265625 0.5659722222222222 0.34375 0.5555555555555556 0.34375 0.53125 0.357421875 0.5486111111111112 0.3671875 0.5347222222222222 0.361328125 0.4965277777777778 0.35546875 0.4965277777777778 0.3515625 0.5138888888888888 0.3359375 0.5 0.32421875 0.5138888888888888 0.318359375 0.5416666666666666 0.322265625 0.5659722222222222
0 0.10546875 0.28125 0.10546875 0.25 0.099609375 0.2361111111111111 0.080078125 0.25 0.080078125 0.28125 0.10546875 0.28125
0 0.34765625 0.25 0.349609375 0.22916666666666666 0.341796875 0.2222222222222222 0.337890625 0.24305555555555555 0.34765625 0.25
0 0.09765625 0.4965277777777778 0.127603515625 0.4826388888888889 0.123046875 0.4722222222222222 0.1328125 0.4618055555555556 0.138021484375 0.4826388888888889 0.150390625 0.4791666666666667 0.1484375 0.4375 0.1171875 0.4722222222222222 0.1171875 0.4409722222222222 0.111328125 0.4409722222222222 0.111328125 0.4652777777777778 0.099609375 0.4618055555555556 0.09375 0.4826388888888889 0.09765625 0.4965277777777778
0 0.390625 0.3159722222222222 0.392578125 0.2951388888888889 0.384765625 0.2916666666666667 0.380859375 0.3125 0.390625 0.3159722222222222
0 0.83203125 0.2743055555555556 0.849609375 0.2743055555555556 0.85546875 0.2326388888888889 0.841796875 0.2326388888888889 0.826171875 0.25 0.82421875 0.2604166666666667 0.83203125 0.2743055555555556
0 0.16015625 0.53125 0.1640625 0.5173611111111112 0.181640625 0.5138888888888888 0.1875 0.5 0.19921875 0.5173611111111112 0.20703125 0.5 0.205078125 0.4722222222222222 0.19921875 0.46875 0.19140625 0.4965277777777778 0.173828125 0.5 0.166015625 0.46875 0.1484375 0.5034722222222222 0.1484375 0.53125 0.16015625 0.53125
0 0.203125 0.4583333333333333 0.00390625 0.006944444444444444