0 0.109375 0.7326388888888888 0.1171875 0.7048611111111112 0.1171875 0.6388888888888888 0.09375 0.6388888888888888 0.09375 0.6875 0.109375 0.7326388888888888
0 0.38671875 0.75 0.3984375 0.7951388888888888 0.40625 0.7986111111111112 0.412109375 0.7048611111111112 0.392578125 0.6979166666666666 0.38671875 0.7013888888888888 0.38671875 0.75
0 0.548828125 0.5625 0.54296875 0.5763888888888888 0.548828125 0.5798611111111112 0.560546875 0.5138888888888888 0.5546875 0.5034722222222222 0.537109375 0.5138888888888888 0.53515625 0.5625 0.548828125 0.5625
0 0.6796875 0.7638888888888888 0.693359375 0.7604166666666666 0.69921875 0.7361111111111112 0.69921875 0.7222222222222222 0.693359375 0.7222222222222222 0.6796875 0.7361111111111112 0.6796875 0.7638888888888888
0 0.638671875 0.7916666666666666 0.65625 0.7951388888888888 0.666015625 0.7777777777777778 0.65625 0.7569444444444444 0.654296875 0.71875 0.638671875 0.7048611111111112 0.63671875 0.7118055555555556 0.62890625 0.7569444444444444 0.638671875 0.7916666666666666
0 0.998046875 0.9930555555555556 0.998046875 0.9166666666666666 0.97265625 0.9201388888888888 0.96875 0.9930555555555556 0.998046875 0.9930555555555556
0 0.892578125 0.9097222222222222 0.892578125 0.9340277777777778 0.904296875 0.9618055555555556 0.900390625 0.9722222222222222 0.91796875 0.9930555555555556 0.955078125 0.9965277777777778 0.955078125 0.9479166666666666 0.923828125 0.9027777777777778 0.921875 0.875 0.900390625 0.8715277777777778 0.904296875 0.8784722222222222 0.892578125 0.9097222222222222
0 0.73046875 0.46875 0.728515625 0.4375 0.70703125 0.4375 0.705078125 0.46875 0.73046875 0.46875
0 0.826171875 0.78125 0.81640625 0.7951388888888888 0.830078125 0.7951388888888888 0.830078125 0.7604166666666666 0.818359375 0.7465277777777778 0.806640625 0.7534722222222222 0.826171875 0.78125
0 0.755859375 0.78125 0.779296875 0.8055555555555556 0.791015625 0.7743055555555556 0.7734375 0.7326388888888888 0.76171875 0.7326388888888888 0.755859375 0.7465277777777778 0.755859375 0.78125
0 0.337890625 0.5416666666666666 0.34375 0.4826388888888889 0.337890625 0.46875 0.326171875 0.46875 0.32421875 0.5069444444444444 0.337890625 0.5416666666666666
0 0.044921875 0.5590277777777778 0.0546875 0.5451388888888888 0.0546875 0.5 0.03515625 0.5 0.03125 0.5243055555555556 0.044921875 0.5590277777777778
0 0.1171875 0.6076388888888888 0.123046875 0.6076388888888888 0.125 0.59375 0.130859375 0.6041666666666666 0.130859375 0.53125 0.115234375 0.53125 0.111328125 0.59375 0.1171875 0.6076388888888888
0 0.400390625 0.5902777777777778 0.416015625 0.6215277777777778 0.421875 0.6076388888888888 0.421875 0.5729166666666666 0.412109375 0.5451388888888888 0.404296875 0.5486111111111112 0.3984375 0.5590277777777778 0.400390625 0.5902777777777778
0 0.525390625 0.5625 0.53125 0.5625 0.5234375 0.5486111111111112 0.53125 0.5416666666666666 0.53125 0.5 0.513671875 0.4930555555555556 0.505859375 0.5138888888888888 0.525390625 0.5625
0 0.017578125 0.7222222222222222 0.01953125 0.7638888888888888 0.02734375 0.7673611111111112 0.037109375 0.6909722222222222 0.03125 0.6701388888888888 0.017578125 0.6736111111111112 0.01171875 0.7118055555555556 0.017578125 0.7222222222222222
0 0.248046875 0.4513888888888889 0.248046875 0.4236111111111111 0.234375 0.4097222222222222 0.23046875 0.4375 0.248046875 0.4513888888888889
0 0.05078125 0.3576388888888889 0.068359375 0.3472222222222222 0.060546875 0.3125 0.048828125 0.3125 0.05078125 0.3576388888888889
0 0.82421875 0.8125 0.8125 0.8402777777777778 0.84375 0.8888888888888888 0.84765625 0.8402777777777778 0.837890625 0.8125 0.828125 0.8125 0.82421875 0.75 0.810546875 0.7534722222222222 0.82421875 0.8125
0 0.755859375 0.7916666666666666 0.78125 0.8055555555555556 0.787109375 0.7673611111111112 0.771484375 0.7326388888888888 0.76171875 0.7326388888888888 0.755859375 0.7465277777777778 0.755859375 0.7916666666666666
0 0.71875 0.25 0.71875 0.22916666666666666 0.70703125 0.22916666666666666 0.705078125 0.2465277777777778 0.71875 0.25
0 0.455078125 0.6909722222222222 0.47265625 0.7013888888888888 0.46875 0.6597222222222222 0.455078125 0.6597222222222222 0.44921875 0.6701388888888888 0.44140625 0.6597222222222222 0.4375 0.6701388888888888 0.431640625 0.7013888888888888 0.455078125 0.6909722222222222
0 0.59765625 0.8576388888888888 0.60546875 0.8715277777777778 0.611328125 0.8298611111111112 0.599609375 0.8263888888888888 0.603515625 0.84375 0.59765625 0.8576388888888888
0 0.572265625 0.9375 0.5625 0.8923611111111112 0.568359375 0.8680555555555556 0.560546875 0.8263888888888888 0.5546875 0.8125 0.54296875 0.8229166666666666 0.537109375 0.8784722222222222 0.572265625 0.9375
0 0.26171875 0.8125 0.29296875 0.8576388888888888 0.29296875 0.75 0.28515625 0.7361111111111112 0.26953125 0.75 0.263671875 0.7743055555555556 0.267578125 0.7916666666666666 0.26171875 0.8125
0 0.423828125 0.59375 0.431640625 0.5763888888888888 0.4296875 0.53125 0.41796875 0.5243055555555556 0.412109375 0.5486111111111112 0.423828125 0.59375
0 0.375 0.6284722222222222 0.380859375 0.5590277777777778 0.36328125 0.5590277777777778 0.36328125 0.6111111111111112 0.375 0.6284722222222222
0 0.60546875 0.9826388888888888 0.60546875 0.96875 0.59375 0.9722222222222222 0.60546875 0.9826388888888888
0 0.625 0.9513888888888888 0.619140625 0.9930555555555556 0.66015625 0.9965277777777778 0.66015625 0.96875 0.6484375 0.9479166666666666 0.650390625 0.9166666666666666 0.625 0.9201388888888888 0.619140625 0.9375 0.625 0.9513888888888888
0 0.57421875 0.6354166666666666 0.580078125 0.5763888888888888 0.576171875 0.5625 0.556640625 0.5729166666666666 0.5546875 0.6354166666666666 0.57421875 0.6354166666666666
0 0.107421875 0.5763888888888888 0.109375 0.5138888888888888 0.09375 0.5138888888888888 0.09375 0.5625 0.107421875 0.5763888888888888
0 0.19921875 0.7291666666666666 0.2109375 0.6423611111111112 0.205078125 0.625 0.1875 0.6284722222222222 0.1875 0.7013888888888888 0.19921875 0.7291666666666666
0 0.826171875 0.8715277777777778 0.84765625 0.8888888888888888 0.84765625 0.8402777777777778 0.833984375 0.8020833333333334 0.82421875 0.7986111111111112 0.830078125 0.8159722222222222 0.814453125 0.8298611111111112 0.8125 0.8402777777777778 0.826171875 0.8715277777777778
0 0.318359375 0.78125 0.33203125 0.78125 0.349609375 0.8229166666666666 0.35546875 0.8229166666666666 0.349609375 0.7048611111111112 0.328125 0.71875 0.3125 0.7152777777777778 0.306640625 0.75 0.318359375 0.78125
0 0.099609375 0.9930555555555556 0.103515625 0.9513888888888888 0.09375 0.9409722222222222 0.09765625 0.8993055555555556 0.076171875 0.8923611111111112 0.0625 0.90625 0.0625 0.9930555555555556 0.099609375 0.9930555555555556
0 0.392578125 0.4305555555555556 0.390625 0.4027777777777778 0.369140625 0.40625 0.369140625 0.4409722222222222 0.392578125 0.4305555555555556
0 0.50390625 0.75 0.517578125 0.7638888888888888 0.50390625 0.7916666666666666 0.513671875 0.8090277777777778 0.521484375 0.8020833333333334 0.529296875 0.8263888888888888 0.5390625 0.8298611111111112 0.546875 0.8125 0.560546875 0.8055555555555556 0.5546875 0.75 0.529296875 0.75 0.53125 0.7777777777777778 0.525390625 0.78125 0.513671875 0.75 0.51171875 0.71875 0.505859375 0.71875 0.51171875 0.7465277777777778 0.50390625 0.75
0 0.388671875 0.5416666666666666 0.392578125 0.4965277777777778 0.380859375 0.4722222222222222 0.375 0.4791666666666667 0.375 0.5173611111111112 0.388671875 0.5416666666666666
0 0.599609375 0.7430555555555556 0.611328125 0.75 0.6171875 0.6527777777777778 0.59375 0.6493055555555556 0.591796875 0.7152777777777778 0.599609375 0.7430555555555556
0 0.171875 0.8229166666666666 0.193359375 0.8125 0.193359375 0.7361111111111112 0.1796875 0.7326388888888888 0.16796875 0.75 0.166015625 0.7916666666666666 0.171875 0.8229166666666666
0 0.455078125 0.8125 0.455078125 0.8472222222222222 0.486328125 0.8888888888888888 0.4921875 0.8611111111111112 0.4921875 0.78125 0.484375 0.7604166666666666 0.45703125 0.78125 0.4609375 0.8055555555555556 0.455078125 0.8125
0 0.302734375 0.5138888888888888 0.3046875 0.4930555555555556 0.291015625 0.4826388888888889 0.287109375 0.5138888888888888 0.302734375 0.5138888888888888