0 0.720703125 0.4097222222222222 0.744140625 0.4201388888888889 0.748046875 0.4027777777777778 0.740234375 0.3680555555555556 0.724609375 0.3680555555555556 0.7109375 0.3819444444444444 0.7109375 0.4201388888888889 0.720703125 0.4097222222222222
0 0.3359375 0.5173611111111112 0.34375 0.5416666666666666 0.35546875 0.5243055555555556 0.361328125 0.5277777777777778 0.3671875 0.5 0.380859375 0.53125 0.388671875 0.5277777777777778 0.392578125 0.4826388888888889 0.36328125 0.5 0.361328125 0.4791666666666667 0.35546875 0.4722222222222222 0.349609375 0.4826388888888889 0.34765625 0.5 0.3359375 0.5173611111111112
0 0.09765625 0.4375 0.1171875 0.4305555555555556 0.1171875 0.3923611111111111 0.10546875 0.3854166666666667 0.09765625 0.3888888888888889 0.09765625 0.4375
0 0.81640625 0.3993055555555556 0.822265625 0.3888888888888889 0.841796875 0.3888888888888889 0.849609375 0.375 0.84765625 0.3541666666666667 0.837890625 0.3472222222222222 0.82421875 0.3472222222222222 0.818359375 0.3576388888888889 0.8125 0.3784722222222222 0.81640625 0.3993055555555556
0 0.998046875 0.40625 0.998046875 0.3541666666666667 0.978515625 0.3680555555555556 0.974609375 0.3888888888888889 0.998046875 0.40625
0 0.85546875 0.3715277777777778 0.904296875 0.3611111111111111 0.904296875 0.34375 0.8828125 0.3263888888888889 0.8671875 0.3368055555555556 0.85546875 0.3576388888888889 0.85546875 0.3715277777777778
0 0.142578125 0.4166666666666667 0.150390625 0.4027777777777778 0.150390625 0.3784722222222222 0.14453125 0.3611111111111111 0.134765625 0.3611111111111111 0.130859375 0.40625 0.142578125 0.4166666666666667
0 0.765625 0.3923611111111111 0.7734375 0.375 0.763671875 0.3541666666666667 0.748046875 0.3541666666666667 0.744140625 0.3888888888888889 0.765625 0.3923611111111111
0 0.685546875 0.40625 0.69140625 0.375 0.662109375 0.3611111111111111 0.6484375 0.40625 0.685546875 0.40625
0 0.51953125 0.4652777777777778 0.525390625 0.4513888888888889 0.5546875 0.4479166666666667 0.5546875 0.40625 0.541015625 0.4166666666666667 0.5234375 0.40625 0.513671875 0.4375 0.51953125 0.4652777777777778
0 0.041015625 0.5138888888888888 0.04296875 0.4652777777777778 0.029296875 0.4548611111111111 0.01953125 0.4618055555555556 0.017578125 0.4791666666666667 0.041015625 0.5138888888888888
0 0.818359375 0.3576388888888889 0.82421875 0.3472222222222222 0.82421875 0.3298611111111111 0.81640625 0.3229166666666667 0.79296875 0.3263888888888889 0.787109375 0.3576388888888889 0.818359375 0.3576388888888889
0 0.287109375 0.6736111111111112 0.287109375 0.7013888888888888 0.298828125 0.7048611111111112 0.322265625 0.6736111111111112 0.3359375 0.6701388888888888 0.34375 0.6805555555555556 0.353515625 0.6666666666666666 0.353515625 0.6180555555555556 0.322265625 0.6388888888888888 0.31640625 0.6111111111111112 0.3046875 0.6111111111111112 0.298828125 0.6527777777777778 0.287109375 0.6736111111111112