0 0.8359375 0.2777777777777778 0.861328125 0.2743055555555556 0.857421875 0.25 0.83203125 0.25 0.830078125 0.2708333333333333 0.8359375 0.2777777777777778
0 0.3984375 0.6666666666666666 0.40625 0.59375 0.388671875 0.5868055555555556 0.38671875 0.6458333333333334 0.3984375 0.6666666666666666
0 0.38671875 0.7986111111111112 0.41015625 0.7951388888888888 0.400390625 0.7291666666666666 0.404296875 0.71875 0.380859375 0.71875 0.37890625 0.7847222222222222 0.38671875 0.7986111111111112
0 0.423828125 0.4166666666666667 0.43359375 0.4236111111111111 0.4375 0.375 0.4296875 0.3715277777777778 0.423828125 0.375 0.423828125 0.4166666666666667
0 0.66015625 0.8715277777777778 0.662109375 0.9201388888888888 0.67578125 0.9513888888888888 0.681640625 0.9513888888888888 0.68359375 0.9340277777777778 0.69921875 0.9236111111111112 0.68359375 0.8923611111111112 0.69140625 0.8263888888888888 0.685546875 0.7916666666666666 0.673828125 0.7916666666666666 0.66796875 0.8055555555555556 0.666015625 0.8576388888888888 0.66015625 0.8715277777777778
0 0.712890625 0.9861111111111112 0.76171875 0.9930555555555556 0.755859375 0.9513888888888888 0.744140625 0.9409722222222222 0.755859375 0.9305555555555556 0.7421875 0.9097222222222222 0.7421875 0.8888888888888888 0.734375 0.8784722222222222 0.71875 0.8993055555555556 0.72265625 0.9513888888888888 0.712890625 0.9861111111111112
0 0.498046875 0.90625 0.50390625 0.9305555555555556 0.494140625 0.9375 0.494140625 0.9513888888888888 0.505859375 0.9826388888888888 0.513671875 0.9930555555555556 0.572265625 0.9930555555555556 0.57421875 0.9652777777777778 0.5625 0.90625 0.548828125 0.90625 0.52734375 0.9375 0.51953125 0.9375 0.51171875 0.9305555555555556 0.50390625 0.8923611111111112 0.498046875 0.8923611111111112 0.50390625 0.8993055555555556 0.498046875 0.90625
0 0.255859375 0.4027777777777778 0.263671875 0.40625 0.263671875 0.3836805555555556 0.25390625 0.3784722222222222 0.263671875 0.3611111111111111 0.255859375 0.3472222222222222 0.25 0.375 0.255859375 0.4027777777777778
0 0.3828125 0.8819444444444444 0.3671875 0.8993055555555556 0.3671875 0.9201388888888888 0.37890625 0.9375 0.37890625 0.9513888888888888 0.38671875 0.9618055555555556 0.392578125 0.9513888888888888 0.3984375 0.9791666666666666 0.40625 0.9826388888888888 0.404296875 0.9930555555555556 0.435546875 0.9965277777777778 0.4296875 0.9652777777777778 0.435546875 0.9340277777777778 0.423828125 0.8715277777777778 0.384765625 0.8854166666666666 0.380859375 0.84375 0.375 0.8472222222222222 0.375 0.8697916666666666 0.3828125 0.8819444444444444
0 0.041015625 0.4652777777777778 0.048828125 0.4652777777777778 0.046875 0.40625 0.03515625 0.4027777777777778 0.03125 0.4305555555555556 0.041015625 0.4652777777777778
0 0.310546875 0.5590277777777778 0.330078125 0.5763888888888888 0.330078125 0.5173611111111112 0.322265625 0.5104166666666666 0.306640625 0.5138888888888888 0.310546875 0.5590277777777778
0 0.1875 0.5034722222222222 0.19921875 0.4791666666666667 0.19921875 0.4618055555555556 0.197265625 0.4513888888888889 0.181640625 0.4513888888888889 0.1796875 0.4930555555555556 0.1875 0.5034722222222222
0 0.185546875 0.4548611111111111 0.173828125 0.4826388888888889 0.1796875 0.4965277777777778 0.18359375 0.4652777777777778 0.19921875 0.4618055555555556 0.19921875 0.4305555555555556 0.19140625 0.4201388888888889 0.173828125 0.4236111111111111 0.171875 0.4479166666666667 0.185546875 0.4548611111111111
0 0.34375 0.3368055555555556 0.349609375 0.2916666666666667 0.341796875 0.2916666666666667 0.337890625 0.3125 0.34375 0.3368055555555556
0 0.150390625 0.3229166666666667 0.154296875 0.2951388888888889 0.1484375 0.28125 0.138671875 0.28125 0.13671875 0.3125 0.150390625 0.3229166666666667
0 0.369140625 0.5486111111111112 0.37890625 0.5763888888888888 0.388671875 0.5277777777777778 0.38671875 0.5138888888888888 0.375 0.5138888888888888 0.369140625 0.5243055555555556 0.369140625 0.5486111111111112
0 0.3671875 0.4548611111111111 0.369140625 0.4097222222222222 0.359375 0.40625 0.35546875 0.4375 0.3671875 0.4548611111111111
0 0.123046875 0.6875 0.11328125 0.6909722222222222 0.119140625 0.7152777777777778 0.15625 0.7118055555555556 0.154296875 0.6423611111111112 0.13671875 0.6423611111111112 0.125 0.65625 0.130859375 0.6979166666666666 0.123046875 0.6875
0 0.2421875 0.40625 0.240234375 0.3784722222222222 0.2265625 0.375 0.224609375 0.40625 0.2421875 0.40625
0 0.35546875 0.5243055555555556 0.34375 0.5451388888888888 0.349609375 0.5451388888888888 0.359375 0.5173611111111112 0.34375 0.4965277777777778 0.359375 0.4861111111111111 0.34375 0.4826388888888889 0.341796875 0.5138888888888888 0.35546875 0.5243055555555556
0 0.029296875 0.3576388888888889 0.03515625 0.3263888888888889 0.01171875 0.3159722222222222 0.005859375 0.3541666666666667 0.029296875 0.3576388888888889
0 0.90625 0.9791666666666666 0.916015625 0.9652777777777778 0.916015625 0.9965277777777778 0.92578125 0.9965277777777778 0.912109375 0.9479166666666666 0.900390625 0.9479166666666666 0.8984375 0.9618055555555556 0.90625 0.9791666666666666
0 0.85546875 0.9930555555555556 0.861328125 0.9548611111111112 0.8515625 0.9409722222222222 0.85546875 0.9166666666666666 0.837890625 0.8923611111111112 0.826171875 0.8923611111111112 0.82421875 0.9201388888888888 0.82421875 0.9965277777777778 0.85546875 0.9930555555555556
0 0.318359375 0.7777777777777778 0.3125 0.7916666666666666 0.318359375 0.8159722222222222 0.310546875 0.84375 0.3203125 0.84375 0.330078125 0.8784722222222222 0.341796875 0.8611111111111112 0.337890625 0.8472222222222222 0.34765625 0.8125 0.34765625 0.7951388888888888 0.333984375 0.7604166666666666 0.310546875 0.7604166666666666 0.318359375 0.7777777777777778
0 0.763671875 0.2604166666666667 0.78125 0.2638888888888889 0.77734375 0.2465277777777778 0.763671875 0.2465277777777778 0.763671875 0.2604166666666667
0 0.78125 0.7951388888888888 0.779296875 0.78125 0.767578125 0.7743055555555556 0.76171875 0.7777777777777778 0.78125 0.7951388888888888
0 0.724609375 0.8263888888888888 0.734375 0.8263888888888888 0.734375 0.8125 0.7421875 0.8125 0.724609375 0.7951388888888888 0.724609375 0.7673611111111112 0.712890625 0.7638888888888888 0.7109375 0.7951388888888888 0.724609375 0.8263888888888888
0 0.412109375 0.6979166666666666 0.421875 0.7048611111111112 0.41796875 0.7291666666666666 0.423828125 0.7326388888888888 0.427734375 0.7222222222222222 0.447265625 0.7534722222222222 0.44921875 0.6736111111111112 0.443359375 0.65625 0.4296875 0.6527777777777778 0.416015625 0.6666666666666666 0.423828125 0.6840277777777778 0.412109375 0.6979166666666666
0 0.4609375 0.8055555555555556 0.443359375 0.8263888888888888 0.443359375 0.84375 0.455078125 0.875 0.4921875 0.8993055555555556 0.4921875 0.8784722222222222 0.517578125 0.8541666666666666 0.51171875 0.8263888888888888 0.517578125 0.8125 0.509765625 0.7951388888888888 0.48046875 0.8125 0.4609375 0.78125 0.4609375 0.7638888888888888 0.44921875 0.7777777777777778 0.44921875 0.8003472222222222 0.4609375 0.8055555555555556
0 0.310546875 0.4930555555555556 0.318359375 0.4652777777777778 0.31640625 0.4340277777777778 0.30078125 0.4305555555555556 0.298828125 0.4791666666666667 0.310546875 0.4930555555555556
0 0.09765625 0.3263888888888889 0.111328125 0.3125 0.10546875 0.28125 0.0859375 0.2847222222222222 0.08203125 0.3263888888888889 0.09765625 0.3263888888888889
0 0.798828125 0.2777777777777778 0.8125 0.2777777777777778 0.8125 0.25 0.796875 0.25 0.79296875 0.2638888888888889 0.798828125 0.2777777777777778
0 0.404296875 0.28125 0.404296875 0.2604166666666667 0.390625 0.2569444444444444 0.39453125 0.2916666666666667 0.404296875 0.28125
0 0.2734375 0.6666666666666666 0.279296875 0.65625 0.28125 0.5972222222222222 0.263671875 0.59375 0.255859375 0.6041666666666666 0.25390625 0.6215277777777778 0.2734375 0.6666666666666666
0 0.34375 0.4479166666666667 0.330078125 0.4513888888888889 0.33203125 0.46875 0.337890625 0.46875 0.34765625 0.4409722222222222 0.34765625 0.40625 0.34375 0.3993055555555556 0.33203125 0.4097222222222222 0.330078125 0.4201388888888889 0.34375 0.4479166666666667
0 0.15625 0.3993055555555556 0.166015625 0.3541666666666667 0.15625 0.3368055555555556 0.14453125 0.34375 0.142578125 0.3958333333333333 0.15625 0.3993055555555556
0 0.310546875 0.6979166666666666 0.330078125 0.6909722222222222 0.330078125 0.6354166666666666 0.3046875 0.6388888888888888 0.310546875 0.6979166666666666
0 0.375 0.4652777777777778 0.384765625 0.4652777777777778 0.392578125 0.4513888888888889 0.390625 0.4375 0.375 0.4375 0.375 0.4652777777777778
0 0.75390625 0.8993055555555556 0.75 0.90625 0.7578125 0.90625 0.767578125 0.9722222222222222 0.775390625 0.9722222222222222 0.78125 0.9930555555555556 0.818359375 0.9965277777777778 0.81640625 0.96875 0.798828125 0.9375 0.798828125 0.8680555555555556 0.79296875 0.8576388888888888 0.76953125 0.875 0.771484375 0.90625 0.759765625 0.90625 0.748046875 0.8888888888888888 0.744140625 0.8923611111111112 0.75390625 0.8993055555555556
0 0.537109375 0.28125 0.53515625 0.25 0.53125 0.28125 0.537109375 0.28125
0 0.37890625 0.3402777777777778 0.3671875 0.3541666666666667 0.37109375 0.3576388888888889 0.37890625 0.3576388888888889 0.380859375 0.34375 0.375 0.3159722222222222 0.3671875 0.3229166666666667 0.37890625 0.3402777777777778
0 0.361328125 0.6701388888888888 0.3671875 0.65625 0.3671875 0.6041666666666666 0.361328125 0.5868055555555556 0.349609375 0.5902777777777778 0.349609375 0.6701388888888888 0.361328125 0.6701388888888888
0 0.1171875 0.5625 0.123046875 0.5625 0.134765625 0.5416666666666666 0.134765625 0.4965277777777778 0.11328125 0.4930555555555556 0.11328125 0.5451388888888888 0.1171875 0.5625
0 0.443359375 0.6111111111111112 0.447265625 0.6597222222222222 0.4609375 0.6979166666666666 0.46875 0.7013888888888888 0.474609375 0.6597222222222222 0.46875 0.6284722222222222 0.45703125 0.6076388888888888 0.451171875 0.6215277777777778 0.443359375 0.6111111111111112
0 0 0.9930555555555556 0.015625 0.9965277777777778 0.0234375 0.9513888888888888 0.013671875 0.9305555555555556 0.017578125 0.9201388888888888 0.005859375 0.9097222222222222 0 0.9097222222222222 0 0.9930555555555556
0 0.486328125 0.7222222222222222 0.4921875 0.7430555555555556 0.513671875 0.7430555555555556 0.509765625 0.6805555555555556 0.478515625 0.6875 0.474609375 0.71875 0.486328125 0.7222222222222222
0 0.53125 0.7256944444444444 0.5234375 0.7291666666666666 0.5234375 0.7638888888888888 0.53125 0.7916666666666666 0.548828125 0.7951388888888888 0.57421875 0.8263888888888888 0.564453125 0.8125 0.576171875 0.7951388888888888 0.568359375 0.7222222222222222 0.548828125 0.7326388888888888 0.546875 0.78125 0.533203125 0.7395833333333334 0.529296875 0.6979166666666666 0.5234375 0.7013888888888888 0.53125 0.7256944444444444
0 0.2421875 0.7291666666666666 0.23828125 0.6909722222222222 0.248046875 0.6388888888888888 0.224609375 0.6458333333333334 0.224609375 0.7013888888888888 0.2421875 0.7291666666666666
0 0.3046875 0.2951388888888889 0.310546875 0.2916666666666667 0.3125 0.2638888888888889 0.30078125 0.2638888888888889 0.3046875 0.2951388888888889
0 0.587890625 0.96875 0.587890625 0.9861111111111112 0.62890625 0.9930555555555556 0.63671875 0.9826388888888888 0.634765625 0.9479166666666666 0.623046875 0.9131944444444444 0.62890625 0.8854166666666666 0.625 0.875 0.611328125 0.8784722222222222 0.59375 0.9097222222222222 0.59765625 0.9479166666666666 0.587890625 0.96875
0 0.556640625 0.8854166666666666 0.564453125 0.8784722222222222 0.56640625 0.9027777777777778 0.56640625 0.8576388888888888 0.5546875 0.8576388888888888 0.556640625 0.8854166666666666
0 0.609375 0.8506944444444444 0.62890625 0.8819444444444444 0.625 0.9097222222222222 0.63671875 0.9548611111111112 0.642578125 0.9548611111111112 0.6484375 0.9479166666666666 0.6484375 0.9236111111111112 0.642578125 0.9166666666666666 0.642578125 0.8472222222222222 0.63671875 0.8194444444444444 0.62890625 0.8125 0.609375 0.8263888888888888 0.609375 0.8506944444444444
0 0.412109375 0.3993055555555556 0.41796875 0.3854166666666667 0.416015625 0.3541666666666667 0.412109375 0.34375 0.400390625 0.3541666666666667 0.3984375 0.375 0.412109375 0.3993055555555556
0 0.5967478203125 0.42482235069444446 0.599609375 0.4027777777777778 0.587890625 0.4027777777777778 0.5967478203125 0.42482235069444446
0 0.59375 0.4479166666666667 0.5962975546875 0.4282910625 0.5859375 0.4375 0.59375 0.4479166666666667
0 0.255859375 0.7951388888888888 0.265625 0.7986111111111112 0.2734375 0.7743055555555556 0.2734375 0.71875 0.267578125 0.6979166666666666 0.25 0.6979166666666666 0.25 0.7777777777777778 0.255859375 0.7951388888888888