0 0.923828125 0.2847222222222222 0.9296875 0.2743055555555556 0.91796875 0.2534722222222222 0.90625 0.2534722222222222 0.900390625 0.28125 0.923828125 0.2847222222222222
0 0.798828125 0.2604166666666667 0.791015625 0.2361111111111111 0.775390625 0.24305555555555555 0.7734375 0.2638888888888889 0.798828125 0.2604166666666667
0 0.353515625 0.9375 0.35546875 0.9618055555555556 0.3671875 0.9722222222222222 0.373046875 0.9652777777777778 0.380859375 0.8888888888888888 0.37890625 0.8402777777777778 0.3671875 0.8125 0.34765625 0.8402777777777778 0.34375 0.9236111111111112 0.353515625 0.9375
0 0.162109375 0.3888888888888889 0.162109375 0.3576388888888889 0.1484375 0.3611111111111111 0.1484375 0.3923611111111111 0.162109375 0.3888888888888889
0 0.080078125 0.4513888888888889 0.0859375 0.4375 0.0859375 0.40625 0.080078125 0.3923611111111111 0.068359375 0.3993055555555556 0.06640625 0.4375 0.080078125 0.4513888888888889
0 0.451171875 0.5 0.45703125 0.4375 0.4375 0.4548611111111111 0.431640625 0.5104166666666666 0.451171875 0.5
0 0.630859375 0.375 0.630859375 0.34375 0.599609375 0.3402777777777778 0.59375 0.3854166666666667 0.630859375 0.375
0 0.00390625 0.5416666666666666 0.013671875 0.5173611111111112 0.005859375 0.4861111111111111 0 0.4861111111111111 0.00390625 0.5416666666666666
0 0.162109375 0.34375 0.16796875 0.3368055555555556 0.16796875 0.3055555555555556 0.15625 0.2986111111111111 0.154296875 0.3263888888888889 0.162109375 0.34375
0 0.09375 0.3263888888888889 0.09375 0.2916666666666667 0.08203125 0.2777777777777778 0.080078125 0.3229166666666667 0.09375 0.3263888888888889
0 0.07421875 0.6215277777777778 0.072265625 0.5798611111111112 0.0546875 0.5763888888888888 0.048828125 0.625 0.07421875 0.6215277777777778
0 0.005859375 0.65625 0.041015625 0.6284722222222222 0.03515625 0.59375 0.025390625 0.59375 0.01953125 0.5763888888888888 0.005859375 0.59375 0 0.6180555555555556 0.005859375 0.65625
0 0.208984375 0.5173611111111112 0.224609375 0.4861111111111111 0.23828125 0.4930555555555556 0.244140625 0.4826388888888889 0.2421875 0.4513888888888889 0.212890625 0.4548611111111111 0.205078125 0.46875 0.1796875 0.46875 0.16796875 0.5173611111111112 0.208984375 0.5173611111111112
0 0.111328125 0.3263888888888889 0.12890625 0.3263888888888889 0.130859375 0.2986111111111111 0.1171875 0.28125 0.10546875 0.28125 0.10546875 0.3159722222222222 0.111328125 0.3263888888888889
0 0.78515625 0.4097222222222222 0.79296875 0.3993055555555556 0.791015625 0.3819444444444444 0.798828125 0.375 0.794921875 0.3541666666666667 0.763671875 0.3541666666666667 0.763671875 0.4027777777777778 0.78515625 0.4097222222222222
0 0.861328125 0.2777777777777778 0.861328125 0.2534722222222222 0.84375 0.2534722222222222 0.837890625 0.2743055555555556 0.861328125 0.2777777777777778
0 0.30078125 0.34375 0.306640625 0.3263888888888889 0.3046875 0.3055555555555556 0.296875 0.3055555555555556 0.29296875 0.34375 0.30078125 0.34375
0 0.7734375 0.4930555555555556 0.78515625 0.4652777777777778 0.78515625 0.4409722222222222 0.7734375 0.4236111111111111 0.76171875 0.4236111111111111 0.75390625 0.4375 0.75 0.4791666666666667 0.7734375 0.4930555555555556
0 0.07421875 0.5625 0.08984375 0.5625 0.09765625 0.5486111111111112 0.099609375 0.5138888888888888 0.0859375 0.5138888888888888 0.07421875 0.53125 0.07421875 0.5625
0 0.625 0.5763888888888888 0.642578125 0.5416666666666666 0.642578125 0.5138888888888888 0.630859375 0.5 0.615234375 0.5034722222222222 0.611328125 0.5694444444444444 0.625 0.5763888888888888
0 0.287109375 0.4513888888888889 0.296875 0.4826388888888889 0.322265625 0.4652777777777778 0.330078125 0.4375 0.32421875 0.4201388888888889 0.314453125 0.4305555555555556 0.310546875 0.4201388888888889 0.29296875 0.4166666666666667 0.287109375 0.4201388888888889 0.287109375 0.4513888888888889
0 0.439453125 0.6597222222222222 0.44140625 0.6493055555555556 0.431640625 0.6388888888888888 0.4375 0.6076388888888888 0.423828125 0.5868055555555556 0.412109375 0.6076388888888888 0.412109375 0.6701388888888888 0.439453125 0.6597222222222222
0 0.455078125 0.6111111111111112 0.455078125 0.6215277777777778 0.443359375 0.6284722222222222 0.451171875 0.6423611111111112 0.4609375 0.59375 0.44921875 0.5763888888888888 0.443359375 0.6041666666666666 0.455078125 0.6111111111111112
0 0.82421875 0.3715277777777778 0.853515625 0.3680555555555556 0.85546875 0.3576388888888889 0.841796875 0.3472222222222222 0.841796875 0.3159722222222222 0.830078125 0.3263888888888889 0.81640625 0.3159722222222222 0.8125 0.3472222222222222 0.82421875 0.3715277777777778
0 0.2109375 0.5138888888888888 0.212890625 0.4861111111111111 0.20703125 0.46875 0.1796875 0.46875 0.16796875 0.5173611111111112 0.2109375 0.5138888888888888