0 0.830078125 0.2743055555555556 0.849609375 0.2743055555555556 0.849609375 0.2534722222222222 0.8359375 0.2465277777777778 0.830078125 0.25 0.830078125 0.2743055555555556
0 0.3359375 0.5694444444444444 0.34375 0.59375 0.3515625 0.5763888888888888 0.373046875 0.5659722222222222 0.380859375 0.5763888888888888 0.388671875 0.5590277777777778 0.38671875 0.5173611111111112 0.3671875 0.5451388888888888 0.361328125 0.5451388888888888 0.357421875 0.5277777777777778 0.34375 0.5347222222222222 0.34375 0.5555555555555556 0.3359375 0.5694444444444444
0 0.412109375 0.3368055555555556 0.416015625 0.3090277777777778 0.40625 0.2986111111111111 0.400390625 0.3263888888888889 0.412109375 0.3368055555555556
0 0.361328125 0.34375 0.361328125 0.3125 0.349609375 0.3090277777777778 0.349609375 0.34375 0.361328125 0.34375
0 0.4296875 0.3402777777777778 0.431640625 0.3125 0.421875 0.3055555555555556 0.41796875 0.3368055555555556 0.4296875 0.3402777777777778
0 0.01171875 0.4479166666666667 0.029296875 0.4513888888888889 0.03515625 0.4236111111111111 0.025390625 0.3923611111111111 0.017578125 0.3923611111111111 0.01171875 0.3993055555555556 0.01171875 0.4479166666666667
0 0.142578125 0.3125 0.142578125 0.2847222222222222 0.12890625 0.2847222222222222 0.125 0.3125 0.142578125 0.3125
0 0.037109375 0.3159722222222222 0.05078125 0.3263888888888889 0.0546875 0.2986111111111111 0.04296875 0.28125 0.037109375 0.2916666666666667 0.037109375 0.3159722222222222
0 0.849609375 0.4027777777777778 0.890625 0.40625 0.8984375 0.3888888888888889 0.89453125 0.375 0.8671875 0.3576388888888889 0.849609375 0.3888888888888889 0.849609375 0.4027777777777778
0 0.0859375 0.3055555555555556 0.091796875 0.3125 0.10546875 0.3125 0.1171875 0.2951388888888889 0.111328125 0.2777777777777778 0.09375 0.2777777777777778 0.0859375 0.28125 0.0859375 0.3055555555555556
0 0.1171875 0.40625 0.1328125 0.4097222222222222 0.13671875 0.3993055555555556 0.125 0.3611111111111111 0.1171875 0.3611111111111111 0.1171875 0.40625
0 0.642578125 0.4305555555555556 0.642578125 0.3993055555555556 0.62890625 0.3993055555555556 0.625 0.3888888888888889 0.6171875 0.3888888888888889 0.607421875 0.4131944444444444 0.609375 0.4375 0.642578125 0.4305555555555556
0 0.06640625 0.3541666666666667 0.0859375 0.3298611111111111 0.08203125 0.3125 0.072265625 0.3055555555555556 0.0625 0.3125 0.06640625 0.3541666666666667
0 0.51171875 0.4652777777777778 0.53125 0.46875 0.537109375 0.4548611111111111 0.537109375 0.4375 0.51953125 0.4236111111111111 0.505859375 0.4305555555555556 0.50390625 0.4513888888888889 0.51171875 0.4652777777777778
0 0.974609375 0.2881944444444444 0.998046875 0.2986111111111111 0.998046875 0.28125 0.986328125 0.2638888888888889 0.97265625 0.28125 0.974609375 0.2881944444444444
0 0.47265625 0.5173611111111112 0.494140625 0.5 0.50390625 0.5138888888888888 0.51171875 0.4965277777777778 0.5078125 0.4618055555555556 0.478515625 0.4652777777777778 0.46875 0.4791666666666667 0.462890625 0.5034722222222222 0.47265625 0.5173611111111112
0 0.04296875 0.4201388888888889 0.048828125 0.4409722222222222 0.060546875 0.4409722222222222 0.06640625 0.4340277777777778 0.06640625 0.3923611111111111 0.05078125 0.3784722222222222 0.04296875 0.3923611111111111 0.04296875 0.4201388888888889
0 0.79296875 0.2673611111111111 0.810546875 0.2743055555555556 0.8125 0.2465277777777778 0.802734375 0.2465277777777778 0.79296875 0.2534722222222222 0.79296875 0.2673611111111111
0 0.162109375 0.4027777777777778 0.16015625 0.3402777777777778 0.150390625 0.3402777777777778 0.142578125 0.3541666666666667 0.13671875 0.3993055555555556 0.162109375 0.4027777777777778