0 0.642578125 0.7777777777777778 0.666015625 0.7465277777777778 0.66796875 0.7152777777777778 0.63671875 0.71875 0.630859375 0.7326388888888888 0.62890625 0.7673611111111112 0.642578125 0.7777777777777778
0 0.90234375 0.4965277777777778 0.900390625 0.4652777777777778 0.89453125 0.4548611111111111 0.888671875 0.46875 0.88671875 0.5 0.90234375 0.4965277777777778
0 0.939453125 0.53125 0.94140625 0.5104166666666666 0.935546875 0.5 0.92578125 0.5034722222222222 0.923828125 0.5277777777777778 0.939453125 0.53125
0 0.681640625 0.65625 0.69921875 0.6388888888888888 0.697265625 0.6111111111111112 0.685546875 0.6076388888888888 0.67578125 0.625 0.681640625 0.65625
0 0.884765625 0.9201388888888888 0.8984375 0.9166666666666666 0.90625 0.8923611111111112 0.90625 0.8541666666666666 0.900390625 0.84375 0.880859375 0.8472222222222222 0.875 0.8993055555555556 0.884765625 0.9201388888888888
0 0.869140625 0.6979166666666666 0.884765625 0.6875 0.88671875 0.6736111111111112 0.873046875 0.6527777777777778 0.88671875 0.6423611111111112 0.873046875 0.6423611111111112 0.8671875 0.6631944444444444 0.869140625 0.6979166666666666
0 0.693359375 0.7604166666666666 0.716796875 0.7118055555555556 0.7109375 0.7013888888888888 0.69140625 0.7013888888888888 0.6875 0.71875 0.685546875 0.7395833333333334 0.693359375 0.7604166666666666
0 0.4921875 0.71875 0.498046875 0.7326388888888888 0.52734375 0.7083333333333334 0.53515625 0.6840277777777778 0.529296875 0.6736111111111112 0.537109375 0.6597222222222222 0.53125 0.6527777777777778 0.537109375 0.625 0.53125 0.6215277777777778 0.5234375 0.6388888888888888 0.51953125 0.625 0.4921875 0.6805555555555556 0.4921875 0.71875
0 0.63671875 0.9548611111111112 0.666015625 0.9097222222222222 0.65625 0.875 0.62890625 0.875 0.625 0.9513888888888888 0.63671875 0.9548611111111112
0 0.998046875 0.4513888888888889 0.998046875 0.4201388888888889 0.986328125 0.4236111111111111 0.984375 0.4513888888888889 0.998046875 0.4513888888888889
0 0.8671875 0.5729166666666666 0.87890625 0.5763888888888888 0.884765625 0.5486111111111112 0.873046875 0.5416666666666666 0.8671875 0.5451388888888888 0.8671875 0.5729166666666666
0 0.8046875 0.65625 0.814453125 0.65625 0.82421875 0.6388888888888888 0.810546875 0.6111111111111112 0.8046875 0.6111111111111112 0.8046875 0.65625
0 0.923828125 0.4722222222222222 0.9375 0.4652777777777778 0.9375 0.4409722222222222 0.923828125 0.4409722222222222 0.923828125 0.4722222222222222
0 0.90625 0.5590277777777778 0.912109375 0.5173611111111112 0.896484375 0.5243055555555556 0.89453125 0.5451388888888888 0.90625 0.5590277777777778
0 0.95703125 0.5138888888888888 0.96875 0.5138888888888888 0.978515625 0.4861111111111111 0.978515625 0.46875 0.96875 0.4652777777777778 0.95703125 0.4930555555555556 0.95703125 0.5138888888888888
0 0.85546875 0.8055555555555556 0.87109375 0.8159722222222222 0.880859375 0.8090277777777778 0.880859375 0.7673611111111112 0.86328125 0.75 0.85546875 0.7638888888888888 0.85546875 0.8055555555555556
0 0.78515625 0.8402777777777778 0.796875 0.8368055555555556 0.8046875 0.8125 0.8046875 0.78125 0.79296875 0.7673611111111112 0.78125 0.7777777777777778 0.775390625 0.8229166666666666 0.78515625 0.8402777777777778
0 0.8046875 0.9930555555555556 0.796875 0.9513888888888888 0.779296875 0.9479166666666666 0.76953125 0.9618055555555556 0.767578125 0.9965277777777778 0.8046875 0.9930555555555556
0 0.7734375 0.5104166666666666 0.7734375 0.4965277777777778 0.755859375 0.4930555555555556 0.75390625 0.5243055555555556 0.7734375 0.5104166666666666
0 0.853515625 0.6111111111111112 0.84375 0.6215277777777778 0.841796875 0.6319444444444444 0.85136912109375 0.6523652361111112 0.859375 0.6215277777777778 0.853515625 0.6111111111111112
0 0.84765625 0.6666666666666666 0.851193986328125 0.6530398333333333 0.841796875 0.6597222222222222 0.84765625 0.6666666666666666
0 0.830078125 0.5763888888888888 0.826171875 0.5902777777777778 0.841107537109375 0.6035539201388889 0.84765625 0.5763888888888888 0.830078125 0.5763888888888888
0 0.8359375 0.625 0.84033203125 0.6067708333333334 0.830078125 0.625 0.8359375 0.625
0 0.8671875 0.4375 0.875 0.4375 0.87890625 0.4166666666666667 0.873046875 0.4027777777777778 0.8671875 0.40625 0.8671875 0.4375
0 0.986328125 0.5763888888888888 0.998046875 0.5451388888888888 0.974609375 0.5347222222222222 0.97265625 0.5729166666666666 0.986328125 0.5763888888888888
0 0.89453125 0.6076388888888888 0.8984375 0.5868055555555556 0.88671875 0.5798611111111112 0.880859375 0.6076388888888888 0.89453125 0.6076388888888888