0 0.142578125 0.4375 0.150390625 0.4618055555555556 0.171875 0.4375 0.173828125 0.4201388888888889 0.166015625 0.40625 0.15625 0.40625 0.15625 0.4201388888888889 0.142578125 0.4375
0 0.248046875 0.2534722222222222 0.25 0.2326388888888889 0.244140625 0.2326388888888889 0.2421875 0.2534722222222222 0.248046875 0.2534722222222222
0 0.263671875 0.4652777777777778 0.2734375 0.4652777777777778 0.28125 0.4513888888888889 0.28125 0.4097222222222222 0.244140625 0.4097222222222222 0.240234375 0.4270833333333333 0.263671875 0.4652777777777778
0 0.017578125 0.5 0.0625 0.4722222222222222 0.07421875 0.4791666666666667 0.068359375 0.4409722222222222 0.04296875 0.46875 0.037109375 0.4375 0.0234375 0.4375 0.013671875 0.4791666666666667 0.017578125 0.5
0 0.23046875 0.3541666666666667 0.244140625 0.3680555555555556 0.25 0.3472222222222222 0.23828125 0.3159722222222222 0.23046875 0.3263888888888889 0.23046875 0.3541666666666667
0 0.244140625 0.5138888888888888 0.259765625 0.5173611111111112 0.267578125 0.5034722222222222 0.255859375 0.4722222222222222 0.2421875 0.4965277777777778 0.244140625 0.5138888888888888
0 0.20703125 0.5104166666666666 0.20703125 0.5243055555555556 0.21875 0.5347222222222222 0.236328125 0.5138888888888888 0.23046875 0.4895833333333333 0.234375 0.46875 0.22265625 0.46875 0.21875 0.4965277777777778 0.20703125 0.5104166666666666
0 0 0.5625 0.0234375 0.5625 0.03125 0.5451388888888888 0.0234375 0.5173611111111112 0.01171875 0.5173611111111112 0 0.5277777777777778 0 0.5625
0 0.28515625 0.4375 0.291015625 0.4375 0.3046875 0.40625 0.3046875 0.3784722222222222 0.29296875 0.3888888888888889 0.28125 0.40625 0.28515625 0.4375
0 0.046875 0.3368055555555556 0.0625 0.3263888888888889 0.052734375 0.2916666666666667 0.041015625 0.2951388888888889 0.037109375 0.3229166666666667 0.046875 0.3368055555555556
0 0.3359375 0.4930555555555556 0.375 0.4826388888888889 0.373046875 0.4479166666666667 0.3671875 0.4409722222222222 0.359375 0.4513888888888889 0.337890625 0.4479166666666667 0.33203125 0.4513888888888889 0.3359375 0.4930555555555556
0 0.375 0.5625 0.384765625 0.5451388888888888 0.412109375 0.5451388888888888 0.416015625 0.53125 0.404296875 0.5138888888888888 0.416015625 0.5034722222222222 0.3984375 0.5173611111111112 0.392578125 0.5 0.380859375 0.4965277777777778 0.37890625 0.5173611111111112 0.369140625 0.53125 0.3671875 0.5451388888888888 0.375 0.5625
0 0.01953125 0.5729166666666666 0.0234375 0.59375 0.037109375 0.59375 0.060546875 0.5659722222222222 0.087890625 0.5763888888888888 0.099609375 0.5555555555555556 0.091796875 0.53125 0.080078125 0.53125 0.080078125 0.5451388888888888 0.07421875 0.5486111111111112 0.064453125 0.5277777777777778 0.048828125 0.53125 0.041015625 0.5173611111111112 0.025390625 0.5138888888888888 0.03125 0.5486111111111112 0.01953125 0.5729166666666666
0 0.296875 0.4652777777777778 0.3046875 0.4618055555555556 0.3125 0.4340277777777778 0.3203125 0.4548611111111111 0.333984375 0.4513888888888889 0.341796875 0.4375 0.34375 0.3888888888888889 0.3359375 0.3888888888888889 0.322265625 0.4236111111111111 0.3046875 0.4097222222222222 0.298828125 0.4201388888888889 0.29296875 0.4375 0.296875 0.4652777777777778
0 0.087890625 0.3923611111111111 0.09375 0.4166666666666667 0.103515625 0.4201388888888889 0.10546875 0.3784722222222222 0.09765625 0.3611111111111111 0.087890625 0.3715277777777778 0.087890625 0.3923611111111111
0 0.171875 0.4930555555555556 0.193359375 0.46875 0.2109375 0.46875 0.212890625 0.4513888888888889 0.208984375 0.4375 0.1796875 0.4375 0.162109375 0.4513888888888889 0.162109375 0.4930555555555556 0.171875 0.4930555555555556
0 0.435546875 0.4618055555555556 0.44921875 0.4409722222222222 0.44921875 0.4201388888888889 0.443359375 0.40625 0.439453125 0.4201388888888889 0.4296875 0.4236111111111111 0.42578125 0.4409722222222222 0.435546875 0.4618055555555556
0 0.146484375 0.40625 0.142578125 0.3680555555555556 0.130859375 0.3680555555555556 0.130859375 0.40625 0.146484375 0.40625
0 0.4296875 0.40625 0.423828125 0.3784722222222222 0.404296875 0.375 0.39453125 0.3854166666666667 0.39453125 0.4166666666666667 0.4296875 0.40625
0 0.474609375 0.4930555555555556 0.486328125 0.4791666666666667 0.486328125 0.4409722222222222 0.4609375 0.4513888888888889 0.455078125 0.4375 0.4453125 0.4618055555555556 0.443359375 0.4965277777777778 0.474609375 0.4930555555555556
0 0.236328125 0.2673611111111111 0.236328125 0.2465277777777778 0.2265625 0.2465277777777778 0.224609375 0.2638888888888889 0.236328125 0.2673611111111111
0 0.287109375 0.5763888888888888 0.296875 0.5763888888888888 0.30078125 0.5625 0.330078125 0.5555555555555556 0.341796875 0.5347222222222222 0.337890625 0.5 0.29296875 0.5243055555555556 0.28515625 0.5520833333333334 0.287109375 0.5763888888888888
0 0.1484375 0.28125 0.146484375 0.2569444444444444 0.130859375 0.25 0.130859375 0.2847222222222222 0.1484375 0.28125
0 0.5 0.4375 0.505859375 0.4409722222222222 0.525390625 0.4305555555555556 0.53515625 0.4375 0.54296875 0.4236111111111111 0.537109375 0.3993055555555556 0.505859375 0.4027777777777778 0.5 0.4097222222222222 0.5 0.4375
0 0.09765625 0.625 0.103515625 0.6388888888888888 0.1484375 0.625 0.15625 0.6041666666666666 0.14453125 0.5659722222222222 0.12109375 0.59375 0.11328125 0.59375 0.111328125 0.5763888888888888 0.099609375 0.5763888888888888 0.087890625 0.59375 0.0859375 0.625 0.09765625 0.625
0 0.037109375 0.7951388888888888 0.048828125 0.8055555555555556 0.0625 0.7951388888888888 0.072265625 0.7673611111111112 0.08203125 0.7743055555555556 0.087890625 0.7638888888888888 0.0859375 0.75 0.09375 0.7430555555555556 0.099609375 0.7638888888888888 0.10546875 0.7534722222222222 0.123046875 0.7534722222222222 0.130859375 0.7361111111111112 0.130859375 0.6979166666666666 0.125 0.6875 0.11328125 0.6909722222222222 0.099609375 0.7326388888888888 0.08203125 0.7395833333333334 0.076171875 0.7291666666666666 0.07421875 0.6909722222222222 0.068359375 0.6875 0.046875 0.7291666666666666 0.048828125 0.7534722222222222 0.037109375 0.7951388888888888
0 0.255859375 0.3541666666666667 0.26171875 0.3472222222222222 0.259765625 0.3125 0.25 0.3125 0.255859375 0.3541666666666667
0 0.3046875 0.25 0.310546875 0.2465277777777778 0.306640625 0.21875 0.298828125 0.21875 0.3046875 0.25