0 0.3671875 0.5277777777777778 0.373046875 0.53125 0.380859375 0.5138888888888888 0.3671875 0.5034722222222222 0.380859375 0.4826388888888889 0.37890625 0.4722222222222222 0.3671875 0.46875 0.36328125 0.5 0.3671875 0.5277777777777778
0 0.44140625 0.6354166666666666 0.443359375 0.5625 0.423828125 0.5625 0.423828125 0.6180555555555556 0.44140625 0.6354166666666666
0 0.435546875 0.4861111111111111 0.443359375 0.4652777777777778 0.4375 0.4236111111111111 0.4296875 0.4236111111111111 0.435546875 0.4861111111111111
0 0.3984375 0.4548611111111111 0.38671875 0.4513888888888889 0.396484375 0.4722222222222222 0.404296875 0.4201388888888889 0.388671875 0.4166666666666667 0.400390625 0.4409722222222222 0.3984375 0.4548611111111111
0 0.736328125 0.65625 0.73046875 0.625 0.712890625 0.6423611111111112 0.7109375 0.6493055555555556 0.736328125 0.65625
0 0.697265625 0.6527777777777778 0.689453125 0.625 0.673828125 0.625 0.673828125 0.6597222222222222 0.697265625 0.6527777777777778
0 0.76953125 0.375 0.78515625 0.3263888888888889 0.767578125 0.3229166666666667 0.755859375 0.34375 0.75390625 0.3680555555555556 0.76953125 0.375
0 0.28125 0.34375 0.291015625 0.34375 0.2890625 0.3090277777777778 0.28125 0.3090277777777778 0.28125 0.34375
0 0.3359375 0.9930555555555556 0.35546875 0.9965277777777778 0.361328125 0.9861111111111112 0.357421875 0.9409722222222222 0.3359375 0.9444444444444444 0.33203125 0.9826388888888888 0.3359375 0.9930555555555556
0 0.29296875 0.4236111111111111 0.296875 0.3888888888888889 0.287109375 0.3784722222222222 0.28125 0.4027777777777778 0.29296875 0.4236111111111111
0 0.2421875 0.3506944444444444 0.255859375 0.3541666666666667 0.255859375 0.3194444444444444 0.248046875 0.3125 0.2421875 0.3229166666666667 0.2421875 0.3506944444444444
0 0.091796875 0.3229166666666667 0.09375 0.2916666666666667 0.083984375 0.28125 0.078125 0.2881944444444444 0.076171875 0.3159722222222222 0.091796875 0.3229166666666667
0 0.30078125 0.53125 0.3125 0.5138888888888888 0.318359375 0.4826388888888889 0.31640625 0.46875 0.296875 0.46875 0.29296875 0.5104166666666666 0.30078125 0.53125
0 0.423828125 0.8159722222222222 0.435546875 0.8298611111111112 0.4375 0.8541666666666666 0.447265625 0.8715277777777778 0.44921875 0.75 0.4296875 0.75 0.423828125 0.7534722222222222 0.423828125 0.8159722222222222
0 0.09375 0.6388888888888888 0.10546875 0.6493055555555556 0.109375 0.5763888888888888 0.1015625 0.5625 0.08984375 0.5694444444444444 0.087890625 0.6180555555555556 0.09375 0.6388888888888888
0 0.28515625 0.9340277777777778 0.29296875 0.8159722222222222 0.287109375 0.7986111111111112 0.263671875 0.8125 0.263671875 0.8888888888888888 0.28515625 0.9340277777777778
0 0.32421875 0.6041666666666666 0.330078125 0.5763888888888888 0.318359375 0.5659722222222222 0.33203125 0.5451388888888888 0.330078125 0.5277777777777778 0.31640625 0.53125 0.3125 0.5555555555555556 0.32421875 0.6041666666666666
0 0.1875 0.4166666666666667 0.205078125 0.40625 0.19921875 0.3715277777777778 0.16796875 0.3576388888888889 0.1640625 0.4027777777777778 0.1875 0.4166666666666667
0 0.779296875 0.4513888888888889 0.787109375 0.46875 0.798828125 0.4652777777777778 0.8046875 0.4513888888888889 0.8046875 0.3993055555555556 0.798828125 0.3923611111111111 0.78125 0.3923611111111111 0.763671875 0.4201388888888889 0.765625 0.4444444444444444 0.779296875 0.4513888888888889
0 0.2109375 0.4201388888888889 0.21875 0.4409722222222222 0.228515625 0.4305555555555556 0.23046875 0.40625 0.224609375 0.3888888888888889 0.216796875 0.3888888888888889 0.2109375 0.3923611111111111 0.2109375 0.4201388888888889
0 0.24609375 0.4826388888888889 0.255859375 0.4618055555555556 0.255859375 0.4305555555555556 0.248046875 0.4166666666666667 0.23828125 0.4201388888888889 0.236328125 0.4756944444444444 0.24609375 0.4826388888888889
0 0.13671875 0.3541666666666667 0.142578125 0.34375 0.140625 0.3125 0.119140625 0.3194444444444444 0.123046875 0.3541666666666667 0.13671875 0.3541666666666667
0 0.19140625 0.9965277777777778 0.236328125 0.9965277777777778 0.234375 0.9409722222222222 0.220703125 0.9479166666666666 0.2109375 0.9375 0.197265625 0.9548611111111112 0.19921875 0.9826388888888888 0.19140625 0.9965277777777778
0 0.498046875 0.59375 0.494140625 0.5625 0.474609375 0.5625 0.46875 0.59375 0.498046875 0.59375
0 0.41796875 0.5138888888888888 0.435546875 0.5 0.431640625 0.4826388888888889 0.41796875 0.4826388888888889 0.41796875 0.5138888888888888
0 0.568359375 0.65625 0.57421875 0.6840277777777778 0.599609375 0.7013888888888888 0.611328125 0.6909722222222222 0.603515625 0.6076388888888888 0.59375 0.6111111111111112 0.59765625 0.6215277777777778 0.58203125 0.6493055555555556 0.548828125 0.6076388888888888 0.548828125 0.6388888888888888 0.568359375 0.65625
0 0.326171875 0.8576388888888888 0.333984375 0.8541666666666666 0.3359375 0.875 0.361328125 0.8923611111111112 0.359375 0.8263888888888888 0.34375 0.8263888888888888 0.326171875 0.84375 0.326171875 0.8576388888888888
0 0.119140625 0.3090277777777778 0.115234375 0.28125 0.099609375 0.2847222222222222 0.099609375 0.3125 0.119140625 0.3090277777777778
0 0.44921875 0.5902777777777778 0.455078125 0.5902777777777778 0.46875 0.5243055555555556 0.44921875 0.5173611111111112 0.447265625 0.5763888888888888 0.44921875 0.5902777777777778
0 0.18359375 0.9027777777777778 0.193359375 0.8541666666666666 0.193359375 0.8090277777777778 0.185546875 0.78125 0.16796875 0.78125 0.16796875 0.8680555555555556 0.18359375 0.9027777777777778
0 0.755859375 0.3472222222222222 0.759765625 0.3368055555555556 0.759765625 0.3159722222222222 0.734375 0.3159722222222222 0.734375 0.3472222222222222 0.755859375 0.3472222222222222
0 0.84765625 0.2777777777777778 0.865234375 0.28125 0.8671875 0.2534722222222222 0.849609375 0.25 0.84375 0.2638888888888889 0.84765625 0.2777777777777778
0 0.2734375 0.2916666666666667 0.279296875 0.2638888888888889 0.267578125 0.2604166666666667 0.263671875 0.2743055555555556 0.2734375 0.2916666666666667