0 0.8994140625 0.2795138888888889 0.001953125 0.003472222222222222
0 0.892578125 0.2777777777777778 0.88671875 0.2638888888888889 0.86328125 0.2638888888888889 0.861328125 0.28125 0.892578125 0.2777777777777778
0 0.072265625 0.2986111111111111 0.0625 0.2777777777777778 0.048828125 0.28125 0.048828125 0.2986111111111111 0.072265625 0.2986111111111111
0 0.349609375 0.2986111111111111 0.35546875 0.2951388888888889 0.35546875 0.2743055555555556 0.349609375 0.2743055555555556 0.349609375 0.2986111111111111
0 0.318359375 0.25 0.31640625 0.2222222222222222 0.3125 0.2465277777777778 0.318359375 0.25
0 0.29296875 0.2604166666666667 0.28515625 0.24305555555555555 0.28125 0.2638888888888889 0.29296875 0.2604166666666667
0 0.1484375 0.3854166666666667 0.1484375 0.3611111111111111 0.125 0.3576388888888889 0.125 0.3993055555555556 0.1484375 0.3854166666666667
0 0.318359375 0.4166666666666667 0.32421875 0.4340277777777778 0.3359375 0.4201388888888889 0.333984375 0.375 0.318359375 0.375 0.318359375 0.4166666666666667
0 0.505859375 0.4027777777777778 0.505859375 0.3576388888888889 0.4921875 0.3402777777777778 0.486328125 0.3541666666666667 0.505859375 0.4027777777777778
0 0.30078125 0.25 0.306640625 0.25 0.306640625 0.22916666666666666 0.298828125 0.22916666666666666 0.30078125 0.25
0 0.125 0.3125 0.125 0.2847222222222222 0.109375 0.28125 0.10546875 0.3125 0.125 0.3125
0 0.10546875 0.5416666666666666 0.11328125 0.6354166666666666 0.12890625 0.6076388888888888 0.123046875 0.5590277777777778 0.109375 0.5555555555555556 0.10546875 0.5416666666666666
0 0.67578125 0.8576388888888888 0.697265625 0.8576388888888888 0.69921875 0.8680555555555556 0.724609375 0.8854166666666666 0.740234375 0.875 0.75390625 0.9027777777777778 0.755859375 0.8854166666666666 0.76953125 0.8645833333333334 0.755859375 0.8402777777777778 0.7421875 0.7777777777777778 0.736328125 0.7777777777777778 0.72265625 0.8090277777777778 0.716796875 0.84375 0.705078125 0.8472222222222222 0.6953125 0.84375 0.697265625 0.8298611111111112 0.685546875 0.7951388888888888 0.66796875 0.7951388888888888 0.666015625 0.8263888888888888 0.67578125 0.8576388888888888
0 0.693359375 0.7916666666666666 0.69140625 0.7777777777777778 0.6875 0.7743055555555556 0.6875 0.7847222222222222 0.6796875 0.7743055555555556 0.67578125 0.7777777777777778 0.693359375 0.7916666666666666
0 0.263671875 0.2777777777777778 0.2734375 0.28125 0.26953125 0.2534722222222222 0.263671875 0.2534722222222222 0.263671875 0.2777777777777778
0 0.173828125 0.6423611111111112 0.173828125 0.5902777777777778 0.150390625 0.5902777777777778 0.150390625 0.6388888888888888 0.173828125 0.6423611111111112
0 0.16796875 0.4027777777777778 0.1796875 0.3888888888888889 0.1875 0.4027777777777778 0.205078125 0.3923611111111111 0.197265625 0.3715277777777778 0.16796875 0.3576388888888889 0.162109375 0.3854166666666667 0.16796875 0.4027777777777778
0 0.16796875 0.4409722222222222 0.16796875 0.4965277777777778 0.1875 0.4791666666666667 0.177734375 0.4375 0.162109375 0.4236111111111111 0.16796875 0.4409722222222222
0 0.310546875 0.3159722222222222 0.3125 0.2916666666666667 0.3046875 0.2847222222222222 0.30078125 0.2986111111111111 0.310546875 0.3159722222222222
0 0.224609375 0.4513888888888889 0.23046875 0.4409722222222222 0.23046875 0.40625 0.22265625 0.3923611111111111 0.212890625 0.3923611111111111 0.212890625 0.4375 0.224609375 0.4513888888888889
0 0.12890625 0.9548611111111112 0.119140625 0.9548611111111112 0.134765625 0.9722222222222222 0.129069009765625 0.9864004618055555 0.134765625 0.9965277777777778 0.173828125 0.9965277777777778 0.173828125 0.9409722222222222 0.181640625 0.9340277777777778 0.1796875 0.9236111111111112 0.16796875 0.9513888888888888 0.138671875 0.9548611111111112 0.1328125 0.96875 0.12890625 0.9548611111111112
0 0.724609375 0.3263888888888889 0.724609375 0.3125 0.712890625 0.2986111111111111 0.69921875 0.3125 0.69921875 0.34375 0.724609375 0.3263888888888889
0 0.494140625 0.5729166666666666 0.517578125 0.6284722222222222 0.5234375 0.5972222222222222 0.51953125 0.53125 0.51171875 0.5104166666666666 0.5 0.5104166666666666 0.4921875 0.5243055555555556 0.48828125 0.5486111111111112 0.494140625 0.5729166666666666
0 0.29296875 0.2916666666666667 0.298828125 0.2916666666666667 0.298828125 0.2604166666666667 0.29296875 0.2604166666666667 0.29296875 0.2916666666666667
0 0.341796875 0.3159722222222222 0.34765625 0.2986111111111111 0.34375 0.2847222222222222 0.337890625 0.2847222222222222 0.341796875 0.3159722222222222
0 0.396484375 0.6076388888888888 0.400390625 0.5243055555555556 0.380859375 0.5347222222222222 0.37890625 0.5902777777777778 0.396484375 0.6076388888888888
0 0.35546875 0.5277777777777778 0.349609375 0.4791666666666667 0.33203125 0.4826388888888889 0.33203125 0.53125 0.35546875 0.5277777777777778
0 0.75390625 0.4965277777777778 0.755859375 0.4513888888888889 0.744140625 0.4513888888888889 0.736328125 0.4652777777777778 0.75390625 0.4965277777777778
0 0.162109375 0.8055555555555556 0.173828125 0.7673611111111112 0.17578125 0.7013888888888888 0.150390625 0.7013888888888888 0.1484375 0.7638888888888888 0.162109375 0.8055555555555556