0 0.111328125 0.4479166666666667 0.119140625 0.4375 0.119140625 0.3993055555555556 0.1171875 0.3888888888888889 0.103515625 0.3888888888888889 0.099609375 0.4479166666666667 0.111328125 0.4479166666666667
0 0 0.4479166666666667 0.013671875 0.4479166666666667 0.01953125 0.4340277777777778 0.01171875 0.3888888888888889 0 0.3888888888888889 0 0.4479166666666667
0 0.244140625 0.5138888888888888 0.25390625 0.5277777777777778 0.271484375 0.5138888888888888 0.283203125 0.4791666666666667 0.291015625 0.5138888888888888 0.3046875 0.5 0.30078125 0.46875 0.287109375 0.46875 0.2734375 0.4861111111111111 0.26171875 0.46875 0.255859375 0.4722222222222222 0.244140625 0.5 0.244140625 0.5138888888888888
0 0.759765625 0.4201388888888889 0.775390625 0.4305555555555556 0.78125 0.4201388888888889 0.78125 0.3888888888888889 0.75 0.3888888888888889 0.744140625 0.40625 0.7421875 0.4340277777777778 0.759765625 0.4201388888888889
0 0.166015625 0.3993055555555556 0.193359375 0.4027777777777778 0.205078125 0.3923611111111111 0.185546875 0.3576388888888889 0.16796875 0.3680555555555556 0.162109375 0.3854166666666667 0.166015625 0.3993055555555556
0 0.14453125 0.4166666666666667 0.150390625 0.3784722222222222 0.134765625 0.3611111111111111 0.130859375 0.40625 0.14453125 0.4166666666666667
0 0.998046875 0.3263888888888889 0.998046875 0.2951388888888889 0.98046875 0.2951388888888889 0.974609375 0.3229166666666667 0.998046875 0.3263888888888889
0 0.880859375 0.4201388888888889 0.888671875 0.4027777777777778 0.880859375 0.3819444444444444 0.892578125 0.375 0.873046875 0.3854166666666667 0.861328125 0.3680555555555556 0.845703125 0.3958333333333333 0.84375 0.40625 0.880859375 0.4201388888888889
0 0.611328125 0.5034722222222222 0.623046875 0.5104166666666666 0.62890625 0.46875 0.61328125 0.4722222222222222 0.59765625 0.4513888888888889 0.580078125 0.5138888888888888 0.611328125 0.5034722222222222
0 0.388671875 0.4861111111111111 0.419921875 0.4756944444444444 0.4296875 0.4826388888888889 0.4375 0.46875 0.4375 0.4375 0.423828125 0.4375 0.421875 0.4513888888888889 0.40625 0.4513888888888889 0.404296875 0.4340277777777778 0.39453125 0.4409722222222222 0.38671875 0.46875 0.388671875 0.4861111111111111
0 0.69921875 0.4652777777777778 0.69921875 0.4236111111111111 0.705078125 0.4166666666666667 0.697265625 0.4236111111111111 0.6875 0.4097222222222222 0.673828125 0.4236111111111111 0.66796875 0.46875 0.69921875 0.4652777777777778
0 0.2890625 0.6527777777777778 0.298828125 0.6354166666666666 0.31640625 0.6284722222222222 0.32421875 0.6041666666666666 0.3359375 0.625 0.34375 0.6076388888888888 0.34375 0.5763888888888888 0.32421875 0.5763888888888888 0.326171875 0.59375 0.31640625 0.6076388888888888 0.310546875 0.5659722222222222 0.3046875 0.5659722222222222 0.287109375 0.5972222222222222 0.28125 0.6493055555555556 0.2890625 0.6527777777777778