0 0.75390625 0.4409722222222222 0.779296875 0.4097222222222222 0.76953125 0.3923611111111111 0.755859375 0.40625 0.75 0.4236111111111111 0.75390625 0.4409722222222222
0 0.505859375 0.3159722222222222 0.517578125 0.3263888888888889 0.517578125 0.28125 0.51171875 0.28125 0.505859375 0.2847222222222222 0.505859375 0.3159722222222222
0 0.09765625 0.3055555555555556 0.115234375 0.3125 0.1171875 0.2847222222222222 0.109375 0.2743055555555556 0.099609375 0.2777777777777778 0.09375 0.28125 0.09765625 0.3055555555555556
0 0.458984375 0.3263888888888889 0.4609375 0.3090277777777778 0.451171875 0.2847222222222222 0.44921875 0.3263888888888889 0.458984375 0.3263888888888889
0 0.392578125 0.21180555555555555 0.38671875 0.19791666666666666 0.388671875 0.2222222222222222 0.392578125 0.21180555555555555
0 0.4765625 0.375 0.486328125 0.4027777777777778 0.498046875 0.3715277777777778 0.4921875 0.3541666666666667 0.462890625 0.3576388888888889 0.4609375 0.3680555555555556 0.4765625 0.375
0 0.1484375 0.28125 0.1484375 0.25 0.130859375 0.2534722222222222 0.130859375 0.28125 0.1484375 0.28125
0 0.88671875 0.4305555555555556 0.923828125 0.4236111111111111 0.91796875 0.3923611111111111 0.888671875 0.3888888888888889 0.880859375 0.4166666666666667 0.88671875 0.4305555555555556
0 0.287109375 0.34375 0.296875 0.34375 0.296875 0.3055555555555556 0.29296875 0.2951388888888889 0.2890625 0.3020833333333333 0.28515625 0.3333333333333333 0.287109375 0.34375
0 0.4375 0.3298611111111111 0.44140625 0.3055555555555556 0.431640625 0.2916666666666667 0.4296875 0.3263888888888889 0.4375 0.3298611111111111
0 0.69140625 0.4930555555555556 0.712890625 0.4965277777777778 0.71875 0.4826388888888889 0.71875 0.4444444444444444 0.712890625 0.4375 0.703125 0.4548611111111111 0.6875 0.4479166666666667 0.6796875 0.4722222222222222 0.6796875 0.5104166666666666 0.69140625 0.4930555555555556
0 0.36328125 0.2465277777777778 0.373046875 0.2326388888888889 0.369140625 0.2222222222222222 0.36328125 0.2222222222222222 0.36328125 0.2465277777777778
0 0.2734375 0.25 0.275390625 0.2326388888888889 0.26953125 0.21875 0.267578125 0.25 0.2734375 0.25
0 0.068359375 0.34375 0.068359375 0.3090277777777778 0.0625 0.3090277777777778 0.0625 0.34375 0.068359375 0.34375
0 0.236328125 0.4965277777777778 0.25390625 0.4722222222222222 0.26171875 0.4861111111111111 0.28125 0.4722222222222222 0.279296875 0.4479166666666667 0.26171875 0.4513888888888889 0.255859375 0.46875 0.248046875 0.4513888888888889 0.236328125 0.4548611111111111 0.23046875 0.4652777777777778 0.236328125 0.4965277777777778
0 0.57421875 0.4930555555555556 0.599609375 0.4375 0.568359375 0.4375 0.5625 0.4513888888888889 0.560546875 0.4861111111111111 0.57421875 0.4930555555555556
0 0.326171875 0.2604166666666667 0.3359375 0.2534722222222222 0.330078125 0.2326388888888889 0.33203125 0.2534722222222222 0.326171875 0.2604166666666667
0 0.125 0.4722222222222222 0.150390625 0.4618055555555556 0.173828125 0.46875 0.169921875 0.4201388888888889 0.154296875 0.4166666666666667 0.140625 0.4375 0.12109375 0.4444444444444444 0.1171875 0.4652777777777778 0.125 0.4722222222222222
0 0.154296875 0.3368055555555556 0.162109375 0.3402777777777778 0.166015625 0.3090277777777778 0.15625 0.2986111111111111 0.150390625 0.3125 0.154296875 0.3368055555555556
0 0.205078125 0.40625 0.19921875 0.375 0.1875 0.3854166666666667 0.173828125 0.375 0.1640625 0.3819444444444444 0.162109375 0.4166666666666667 0.205078125 0.40625
0 0.318359375 0.2465277777777778 0.31640625 0.22916666666666666 0.3125 0.25 0.318359375 0.2465277777777778
0 0.28125 0.5277777777777778 0.3046875 0.4722222222222222 0.28515625 0.4722222222222222 0.2734375 0.4861111111111111 0.26953125 0.5173611111111112 0.28125 0.5277777777777778
0 0.130859375 0.375 0.130859375 0.3402777777777778 0.119140625 0.3402777777777778 0.119140625 0.3680555555555556 0.130859375 0.375
0 0.013671875 0.6354166666666666 0.017578125 0.6111111111111112 0.033203125 0.59375 0.033203125 0.6284722222222222 0.052734375 0.625 0.068359375 0.6076388888888888 0.0625 0.5763888888888888 0.041015625 0.5763888888888888 0.013671875 0.6076388888888888 0.00390625 0.5590277777777778 0 0.6354166666666666 0.013671875 0.6354166666666666
0 0.759765625 0.4722222222222222 0.7734375 0.4548611111111111 0.775390625 0.46875 0.798828125 0.46875 0.80078125 0.4201388888888889 0.78515625 0.4236111111111111 0.775390625 0.4375 0.775390625 0.4513888888888889 0.76171875 0.4409722222222222 0.755859375 0.4479166666666667 0.759765625 0.4722222222222222
0 0.517578125 0.4826388888888889 0.537109375 0.4548611111111111 0.53515625 0.4236111111111111 0.4921875 0.4409722222222222 0.4921875 0.4861111111111111 0.517578125 0.4826388888888889
0 0.568359375 0.5416666666666666 0.61328125 0.5243055555555556 0.615234375 0.4826388888888889 0.59375 0.4826388888888889 0.587890625 0.4722222222222222 0.580078125 0.4826388888888889 0.568359375 0.5173611111111112 0.568359375 0.5416666666666666
0 0.6171875 0.4409722222222222 0.623046875 0.4479166666666667 0.66796875 0.4479166666666667 0.66796875 0.40625 0.65625 0.4166666666666667 0.623046875 0.40625 0.6171875 0.4201388888888889 0.6171875 0.4409722222222222
0 0.04296875 0.5451388888888888 0.04296875 0.5729166666666666 0.06640625 0.5763888888888888 0.08203125 0.5625 0.111328125 0.5590277777777778 0.111328125 0.5034722222222222 0.09375 0.5138888888888888 0.076171875 0.5486111111111112 0.068359375 0.5451388888888888 0.068359375 0.5034722222222222 0.0546875 0.5069444444444444 0.0546875 0.5243055555555556 0.04296875 0.5451388888888888
0 0.9921875 0.4479166666666667 0.998046875 0.4409722222222222 0.998046875 0.3888888888888889 0.98828125 0.3923611111111111 0.978515625 0.4375 0.9921875 0.4479166666666667
0 0.228515625 0.46875 0.244140625 0.4479166666666667 0.234375 0.4166666666666667 0.224609375 0.4236111111111111 0.21875 0.4652777777777778 0.228515625 0.46875