0 0.5234375 0.3229166666666667 0.537109375 0.3263888888888889 0.54296875 0.2951388888888889 0.529296875 0.2847222222222222 0.5234375 0.2951388888888889 0.5234375 0.3229166666666667
0 0.48046875 0.4027777777777778 0.48828125 0.3888888888888889 0.51171875 0.3888888888888889 0.51171875 0.3611111111111111 0.48828125 0.3576388888888889 0.474609375 0.3784722222222222 0.48046875 0.4027777777777778
0 0.06640625 0.4305555555555556 0.06640625 0.3923611111111111 0.048828125 0.3854166666666667 0.05078125 0.4305555555555556 0.06640625 0.4305555555555556
0 0.0234375 0.5277777777777778 0.03515625 0.5416666666666666 0.041015625 0.5243055555555556 0.03515625 0.4826388888888889 0.01953125 0.4826388888888889 0.013671875 0.5347222222222222 0.0234375 0.5277777777777778
0 0.12890625 0.40625 0.12890625 0.375 0.123046875 0.3611111111111111 0.11328125 0.3611111111111111 0.111328125 0.40625 0.12890625 0.40625
0 0.85546875 0.4166666666666667 0.904296875 0.4166666666666667 0.90625 0.3854166666666667 0.8671875 0.3715277777777778 0.853515625 0.40625 0.85546875 0.4166666666666667
0 0.099609375 0.4201388888888889 0.10546875 0.40625 0.103515625 0.375 0.0859375 0.3715277777777778 0.0859375 0.4131944444444444 0.099609375 0.4201388888888889
0 0.154296875 0.4618055555555556 0.1640625 0.4513888888888889 0.19921875 0.4513888888888889 0.205078125 0.4201388888888889 0.19921875 0.4097222222222222 0.18359375 0.4236111111111111 0.173828125 0.4236111111111111 0.16796875 0.4097222222222222 0.16015625 0.4201388888888889 0.150390625 0.4409722222222222 0.154296875 0.4618055555555556
0 0.73828125 0.3680555555555556 0.744140625 0.3541666666666667 0.73828125 0.3368055555555556 0.70703125 0.3472222222222222 0.69921875 0.375 0.73828125 0.3680555555555556
0 0.099609375 0.4861111111111111 0.150390625 0.4826388888888889 0.15625 0.46875 0.162109375 0.4722222222222222 0.162109375 0.4513888888888889 0.15625 0.4548611111111111 0.1484375 0.4409722222222222 0.123046875 0.4513888888888889 0.109375 0.4375 0.09375 0.4652777777777778 0.099609375 0.4861111111111111
0 0.01953125 0.4375 0.037109375 0.4375 0.03125 0.3888888888888889 0.0234375 0.375 0.017578125 0.3819444444444444 0.013671875 0.4236111111111111 0.01953125 0.4375
0 0.974609375 0.2951388888888889 0.9921875 0.2951388888888889 0.9921875 0.2534722222222222 0.982421875 0.2604166666666667 0.97265625 0.25 0.96875 0.2847222222222222 0.974609375 0.2951388888888889
0 0.3125 0.5555555555555556 0.322265625 0.5590277777777778 0.326171875 0.5486111111111112 0.35546875 0.5416666666666666 0.361328125 0.53125 0.361328125 0.4965277777777778 0.349609375 0.5 0.341796875 0.5277777777777778 0.32421875 0.4965277777777778 0.3125 0.53125 0.3125 0.5555555555555556
0 0.39453125 0.4340277777777778 0.40625 0.4201388888888889 0.435546875 0.4166666666666667 0.431640625 0.3888888888888889 0.400390625 0.3888888888888889 0.392578125 0.40625 0.388671875 0.4201388888888889 0.39453125 0.4340277777777778
0 0.62890625 0.4027777777777778 0.63671875 0.3923611111111111 0.666015625 0.3993055555555556 0.66796875 0.375 0.662109375 0.3611111111111111 0.638671875 0.3576388888888889 0.630859375 0.3715277777777778 0.625 0.3854166666666667 0.62890625 0.4027777777777778
0 0.03125 0.7152777777777778 0.04296875 0.7152777777777778 0.0546875 0.6909722222222222 0.080078125 0.6840277777777778 0.080078125 0.6701388888888888 0.103515625 0.6805555555555556 0.111328125 0.6388888888888888 0.10546875 0.6076388888888888 0.09375 0.6076388888888888 0.0859375 0.6354166666666666 0.07421875 0.6458333333333334 0.07421875 0.6805555555555556 0.060546875 0.6458333333333334 0.060546875 0.625 0.0546875 0.6215277777777778 0.04296875 0.625 0.03125 0.65625 0.025390625 0.7013888888888888 0.03125 0.7152777777777778