0 0.3046875 0.5868055555555556 0.30078125 0.5451388888888888 0.291015625 0.5416666666666666 0.2734375 0.5590277777777778 0.26953125 0.6076388888888888 0.3046875 0.5868055555555556
0 0.07421875 0.34375 0.09765625 0.3368055555555556 0.095703125 0.3090277777777778 0.08203125 0.2951388888888889 0.07421875 0.3055555555555556 0.068359375 0.3263888888888889 0.07421875 0.34375
0 0.6171875 0.4513888888888889 0.6171875 0.4201388888888889 0.611328125 0.4097222222222222 0.59765625 0.4236111111111111 0.580078125 0.4201388888888889 0.580078125 0.4652777777777778 0.6171875 0.4513888888888889
0 0.248046875 0.4340277777777778 0.244140625 0.3784722222222222 0.232421875 0.3923611111111111 0.205078125 0.375 0.201171875 0.4409722222222222 0.248046875 0.4340277777777778
0 0.361328125 0.5138888888888888 0.375 0.4791666666666667 0.375 0.4548611111111111 0.361328125 0.4548611111111111 0.35546875 0.4791666666666667 0.345703125 0.4861111111111111 0.337890625 0.4791666666666667 0.341796875 0.4618055555555556 0.330078125 0.4618055555555556 0.318359375 0.4861111111111111 0.318359375 0.5277777777777778 0.361328125 0.5138888888888888
0 0.1484375 0.3090277777777778 0.150390625 0.2847222222222222 0.134765625 0.28125 0.130859375 0.3055555555555556 0.1484375 0.3090277777777778
0 0.04296875 0.6180555555555556 0.04296875 0.5763888888888888 0.01171875 0.5763888888888888 0.005859375 0.625 0.04296875 0.6180555555555556
0 0.03125 0.3229166666666667 0.037109375 0.2951388888888889 0.033203125 0.28125 0.0234375 0.28125 0.01953125 0.3125 0.03125 0.3229166666666667
0 0.873046875 0.4375 0.88671875 0.4479166666666667 0.9296875 0.4513888888888889 0.92578125 0.3888888888888889 0.90625 0.3923611111111111 0.873046875 0.4201388888888889 0.873046875 0.4375
0 0.263671875 0.5451388888888888 0.267578125 0.53125 0.259765625 0.5208333333333334 0.267578125 0.5 0.259765625 0.5104166666666666 0.255859375 0.5451388888888888 0.263671875 0.5451388888888888
0 0.2109375 0.5451388888888888 0.212890625 0.5763888888888888 0.236328125 0.5625 0.228515625 0.5277777777777778 0.23046875 0.5 0.21875 0.5138888888888888 0.22265625 0.53125 0.2109375 0.5451388888888888
0 0.1875 0.5138888888888888 0.1875 0.4618055555555556 0.16796875 0.4722222222222222 0.162109375 0.5104166666666666 0.1875 0.5138888888888888
0 0.15625 0.5138888888888888 0.15625 0.46875 0.14453125 0.4513888888888889 0.134765625 0.4652777777777778 0.12890625 0.5208333333333334 0.15625 0.5138888888888888
0 0.486328125 0.4548611111111111 0.51171875 0.4618055555555556 0.517578125 0.4340277777777778 0.51171875 0.3923611111111111 0.48828125 0.4097222222222222 0.48046875 0.4375 0.486328125 0.4548611111111111
0 0.037109375 0.5416666666666666 0.04296875 0.5625 0.0546875 0.5625 0.068359375 0.5381944444444444 0.07421875 0.5590277777777778 0.087890625 0.5451388888888888 0.1171875 0.5451388888888888 0.111328125 0.5 0.09765625 0.5 0.078125 0.5277777777777778 0.06640625 0.4965277777777778 0.05078125 0.5 0.048828125 0.5277777777777778 0.037109375 0.5416666666666666
0 0.705078125 0.4305555555555556 0.716796875 0.40625 0.689453125 0.3854166666666667 0.671875 0.3888888888888889 0.671875 0.4340277777777778 0.705078125 0.4305555555555556
0 0 0.4861111111111111 0.01171875 0.4861111111111111 0.0234375 0.46875 0.013671875 0.4375 0 0.4375 0 0.4861111111111111
0 0.546875 0.4513888888888889 0.55078125 0.4201388888888889 0.54296875 0.3888888888888889 0.51953125 0.4097222222222222 0.51953125 0.4618055555555556 0.546875 0.4513888888888889
0 0.056640625 0.3993055555555556 0.06640625 0.4340277777777778 0.080078125 0.4201388888888889 0.080078125 0.4027777777777778 0.07421875 0.375 0.0625 0.3715277777777778 0.056640625 0.3784722222222222 0.056640625 0.3993055555555556
0 0.443359375 0.46875 0.455078125 0.4791666666666667 0.462890625 0.4652777777777778 0.458984375 0.4305555555555556 0.443359375 0.4340277777777778 0.4375 0.4479166666666667 0.42578125 0.4375 0.423828125 0.4236111111111111 0.423828125 0.4340277777777778 0.41796875 0.4340277777777778 0.416015625 0.4826388888888889 0.443359375 0.46875
0 0.375 0.6041666666666666 0.375 0.5625 0.361328125 0.5659722222222222 0.345703125 0.5972222222222222 0.3359375 0.5590277777777778 0.32421875 0.5625 0.318359375 0.5763888888888888 0.318359375 0.6388888888888888 0.375 0.6041666666666666
0 0.06640625 0.7395833333333334 0.068359375 0.7673611111111112 0.111328125 0.75 0.125 0.7326388888888888 0.1484375 0.7291666666666666 0.15625 0.71875 0.162109375 0.65625 0.154296875 0.65625 0.13671875 0.6944444444444444 0.12109375 0.7013888888888888 0.11328125 0.7291666666666666 0.103515625 0.7152777777777778 0.103515625 0.6597222222222222 0.087890625 0.6666666666666666 0.076171875 0.6979166666666666 0.076171875 0.71875 0.06640625 0.7395833333333334
0 0.662109375 0.4201388888888889 0.66796875 0.4097222222222222 0.666015625 0.3784722222222222 0.638671875 0.3715277777777778 0.630859375 0.3888888888888889 0.630859375 0.4201388888888889 0.662109375 0.4201388888888889