0 0.4453125 0.6840277777777778 0.451171875 0.7118055555555556 0.45703125 0.7118055555555556 0.4609375 0.625 0.443359375 0.625 0.427734375 0.6458333333333334 0.435546875 0.6840277777777778 0.4453125 0.6840277777777778
0 0.185546875 0.4097222222222222 0.185546875 0.375 0.1796875 0.3611111111111111 0.16796875 0.3680555555555556 0.162109375 0.3993055555555556 0.185546875 0.4097222222222222
0 0.775390625 0.3680555555555556 0.79296875 0.3576388888888889 0.791015625 0.3368055555555556 0.775390625 0.34375 0.76953125 0.3333333333333333 0.7734375 0.3229166666666667 0.76171875 0.3298611111111111 0.755859375 0.3611111111111111 0.775390625 0.3680555555555556
0 0.322265625 0.4236111111111111 0.3359375 0.4027777777777778 0.322265625 0.3993055555555556 0.322265625 0.4236111111111111
0 0.322265625 0.4340277777777778 0.333984375 0.4375 0.322265625 0.4236111111111111 0.322265625 0.4340277777777778
0 0.298828125 0.4236111111111111 0.3046875 0.3993055555555556 0.291015625 0.3854166666666667 0.287109375 0.4097222222222222 0.298828125 0.4236111111111111
0 0.818359375 0.4201388888888889 0.818359375 0.3784722222222222 0.80078125 0.3993055555555556 0.80078125 0.4236111111111111 0.818359375 0.4201388888888889
0 0.837890625 0.40625 0.830078125 0.4166666666666667 0.849609375 0.40625 0.849609375 0.3888888888888889 0.841796875 0.375 0.83203125 0.375 0.830078125 0.3888888888888889 0.837890625 0.40625
0 0.03125 0.7430555555555556 0.037109375 0.7048611111111112 0.048828125 0.6909722222222222 0.048828125 0.65625 0.0546875 0.6423611111111112 0.025390625 0.6423611111111112 0.0234375 0.7395833333333334 0.03125 0.7430555555555556
0 0.1875 0.7048611111111112 0.193359375 0.7048611111111112 0.212890625 0.6076388888888888 0.205078125 0.5902777777777778 0.17578125 0.59375 0.17578125 0.6493055555555556 0.1875 0.7048611111111112
0 0.25 0.4201388888888889 0.259765625 0.3923611111111111 0.25390625 0.3611111111111111 0.248046875 0.3715277777777778 0.25 0.4201388888888889
0 0.248046875 0.5 0.259765625 0.5104166666666666 0.263671875 0.4548611111111111 0.248046875 0.4548611111111111 0.244140625 0.4826388888888889 0.248046875 0.5
0 0.1875 0.7048611111111112 0.193359375 0.7048611111111112 0.19921875 0.6493055555555556 0.181640625 0.65625 0.181640625 0.6805555555555556 0.1875 0.7048611111111112
0 0.185546875 0.5451388888888888 0.205078125 0.5277777777777778 0.205078125 0.4861111111111111 0.1953125 0.4826388888888889 0.181640625 0.4826388888888889 0.185546875 0.5451388888888888
0 0.806640625 0.3298611111111111 0.8046875 0.3541666666666667 0.79296875 0.3576388888888889 0.8046875 0.3715277777777778 0.810546875 0.3125 0.796875 0.3194444444444444 0.79296875 0.3263888888888889 0.806640625 0.3298611111111111
0 0.5546875 0.4513888888888889 0.556640625 0.3993055555555556 0.548828125 0.3923611111111111 0.54296875 0.4340277777777778 0.5546875 0.4513888888888889
0 0.8671875 0.40625 0.892578125 0.4027777777777778 0.892578125 0.3611111111111111 0.880859375 0.3680555555555556 0.8671875 0.3888888888888889 0.8671875 0.40625
0 0.6875 0.59375 0.67578125 0.6076388888888888 0.70703125 0.6354166666666666 0.716796875 0.625 0.7109375 0.59375 0.69140625 0.5972222222222222 0.6796875 0.5763888888888888 0.67578125 0.5798611111111112 0.6875 0.59375
0 0.349609375 0.3888888888888889 0.35546875 0.3888888888888889 0.35546875 0.34375 0.34375 0.34375 0.349609375 0.3888888888888889
0 0.57421875 0.71875 0.57421875 0.6423611111111112 0.568359375 0.6284722222222222 0.556640625 0.6284722222222222 0.5546875 0.6388888888888888 0.55078125 0.6979166666666666 0.57421875 0.71875
0 0.53125 0.6701388888888888 0.54296875 0.6875 0.546875 0.65625 0.537109375 0.6180555555555556 0.53125 0.6180555555555556 0.53125 0.6701388888888888
0 0.4609375 0.2916666666666667 0.47265625 0.2951388888888889 0.47265625 0.2673611111111111 0.466796875 0.2638888888888889 0.4609375 0.2673611111111111 0.4609375 0.2916666666666667
0 0.10546875 0.7638888888888888 0.125 0.7916666666666666 0.1171875 0.7743055555555556 0.12890625 0.7604166666666666 0.130859375 0.7222222222222222 0.125 0.6909722222222222 0.111328125 0.6875 0.103515625 0.6909722222222222 0.10546875 0.7638888888888888
0 0.21875 0.9305555555555556 0.23046875 0.9375 0.2421875 0.8368055555555556 0.236328125 0.8090277777777778 0.212890625 0.8125 0.2109375 0.8888888888888888 0.21875 0.9305555555555556