0 0.255859375 0.46875 0.265625 0.4861111111111111 0.26953125 0.4305555555555556 0.263671875 0.4236111111111111 0.255859375 0.4236111111111111 0.255859375 0.46875
0 0.625 0.5729166666666666 0.623046875 0.5243055555555556 0.607421875 0.5277777777777778 0.60546875 0.5451388888888888 0.625 0.5729166666666666
0 0.16796875 0.4027777777777778 0.19921875 0.4027777777777778 0.205078125 0.3923611111111111 0.193359375 0.3611111111111111 0.16796875 0.3576388888888889 0.162109375 0.3854166666666667 0.16796875 0.4027777777777778
0 0.47265625 0.3541666666666667 0.474609375 0.3159722222222222 0.462890625 0.3159722222222222 0.462890625 0.34375 0.47265625 0.3541666666666667
0 0.947265625 0.9965277777777778 0.9296875 0.9444444444444444 0.9296875 0.9097222222222222 0.90625 0.9201388888888888 0.904296875 0.9930555555555556 0.947265625 0.9965277777777778
0 0.841796875 0.9722222222222222 0.861328125 0.9930555555555556 0.880859375 0.9930555555555556 0.880859375 0.9548611111111112 0.8671875 0.9340277777777778 0.85546875 0.9340277777777778 0.859375 0.9201388888888888 0.853515625 0.90625 0.841796875 0.9027777777777778 0.83203125 0.9166666666666666 0.83203125 0.9513888888888888 0.841796875 0.9722222222222222
0 0.3828125 0.8472222222222222 0.361328125 0.84375 0.361328125 0.8576388888888888 0.3671875 0.875 0.375 0.8680555555555556 0.37890625 0.8923611111111112 0.392578125 0.9097222222222222 0.40625 0.9513888888888888 0.412109375 0.9375 0.412109375 0.8993055555555556 0.40625 0.8819444444444444 0.41015625 0.8229166666666666 0.40625 0.8125 0.38671875 0.8159722222222222 0.380859375 0.8298611111111112 0.3828125 0.8472222222222222
0 0.068359375 0.5451388888888888 0.080078125 0.5555555555555556 0.087890625 0.5138888888888888 0.07421875 0.5138888888888888 0.06640625 0.53125 0.068359375 0.5451388888888888
0 0.173828125 0.5625 0.1796875 0.5104166666666666 0.173828125 0.4930555555555556 0.162109375 0.4965277777777778 0.162109375 0.5486111111111112 0.173828125 0.5625
0 0.759765625 0.7673611111111112 0.767578125 0.7638888888888888 0.7734375 0.7743055555555556 0.759765625 0.7881944444444444 0.763671875 0.8090277777777778 0.79296875 0.8402777777777778 0.814453125 0.84375 0.81640625 0.8125 0.802734375 0.7916666666666666 0.7734375 0.7916666666666666 0.779296875 0.7465277777777778 0.76953125 0.75 0.76953125 0.7604166666666666 0.759765625 0.7673611111111112
0 0.591796875 0.6284722222222222 0.61328125 0.6701388888888888 0.625 0.6284722222222222 0.625 0.5798611111111112 0.61328125 0.5729166666666666 0.59375 0.5868055555555556 0.587890625 0.6041666666666666 0.591796875 0.6284722222222222
0 0.451171875 0.4166666666666667 0.4609375 0.4166666666666667 0.4609375 0.3715277777777778 0.451171875 0.3611111111111111 0.447265625 0.3958333333333333 0.451171875 0.4166666666666667
0 0.22265625 0.3368055555555556 0.234375 0.3472222222222222 0.23828125 0.2986111111111111 0.23046875 0.2847222222222222 0.22265625 0.2986111111111111 0.22265625 0.3368055555555556
0 0.685546875 0.875 0.6875 0.8854166666666666 0.673828125 0.8958333333333334 0.685546875 0.9097222222222222 0.693359375 0.9409722222222222 0.697265625 0.9375 0.69921875 0.9513888888888888 0.71484375 0.9479166666666666 0.724609375 0.9826388888888888 0.736328125 0.9826388888888888 0.7421875 0.9375 0.732421875 0.8923611111111112 0.7041015625 0.8993055555555556 0.671875 0.8541666666666666 0.666015625 0.8229166666666666 0.65625 0.8229166666666666 0.662109375 0.8680555555555556 0.685546875 0.875
0 0.70703125 0.8055555555555556 0.71484375 0.8090277777777778 0.716796875 0.7951388888888888 0.70703125 0.7951388888888888 0.70703125 0.8055555555555556
0 0.36328125 0.7777777777777778 0.3671875 0.7534722222222222 0.38671875 0.7326388888888888 0.38671875 0.7013888888888888 0.376953125 0.6875 0.361328125 0.6875 0.35546875 0.7013888888888888 0.349609375 0.7638888888888888 0.36328125 0.7777777777777778
0 0.5625 0.6875 0.572265625 0.7048611111111112 0.572265625 0.7569444444444444 0.5859375 0.7638888888888888 0.5859375 0.6805555555555556 0.58203125 0.6666666666666666 0.568359375 0.6701388888888888 0.5625 0.6736111111111112 0.5625 0.6875
0 0.787109375 0.6875 0.798828125 0.6840277777777778 0.796875 0.6979166666666666 0.82421875 0.7222222222222222 0.833984375 0.7465277777777778 0.853515625 0.75 0.853515625 0.7326388888888888 0.84375 0.7118055555555556 0.84765625 0.65625 0.841796875 0.6423611111111112 0.8125 0.6388888888888888 0.806640625 0.6875 0.779296875 0.625 0.775390625 0.6423611111111112 0.787109375 0.6875
0 0.36328125 0.6354166666666666 0.384765625 0.6840277777777778 0.38671875 0.6215277777777778 0.3671875 0.6180555555555556 0.361328125 0.6215277777777778 0.36328125 0.6354166666666666
0 0.537109375 0.78125 0.533203125 0.7638888888888888 0.5234375 0.7638888888888888 0.5234375 0.7847222222222222 0.568359375 0.8368055555555556 0.57421875 0.8125 0.568359375 0.7690972222222222 0.5625 0.7638888888888888 0.56640625 0.7465277777777778 0.544921875 0.78125 0.537109375 0.78125
0 0.111328125 0.6423611111111112 0.111328125 0.6527777777777778 0.146484375 0.7048611111111112 0.1484375 0.6111111111111112 0.125 0.6215277777777778 0.125 0.6458333333333334 0.111328125 0.6423611111111112
0 0.306640625 0.5 0.3125 0.4930555555555556 0.31640625 0.4479166666666667 0.310546875 0.4305555555555556 0.298828125 0.4375 0.296875 0.46875 0.306640625 0.5
0 0.412109375 0.5763888888888888 0.421875 0.6111111111111112 0.435546875 0.5868055555555556 0.435546875 0.5416666666666666 0.412109375 0.5347222222222222 0.412109375 0.5763888888888888
0 0.423828125 0.6388888888888888 0.423828125 0.6875 0.4296875 0.7013888888888888 0.44140625 0.6840277777777778 0.44140625 0.6631944444444444 0.455078125 0.65625 0.44921875 0.6354166666666666 0.455078125 0.6215277777777778 0.4453125 0.6388888888888888 0.423828125 0.6388888888888888
0 0.287109375 0.6076388888888888 0.287109375 0.6215277777777778 0.306640625 0.6527777777777778 0.318359375 0.65625 0.322265625 0.6388888888888888 0.3125 0.5902777777777778 0.31640625 0.5763888888888888 0.298828125 0.5798611111111112 0.298828125 0.6041666666666666 0.287109375 0.6076388888888888
0 0.4375 0.5104166666666666 0.4375 0.5625 0.44921875 0.5763888888888888 0.455078125 0.5625 0.455078125 0.4861111111111111 0.4375 0.4791666666666667 0.431640625 0.4965277777777778 0.4375 0.5104166666666666
0 0.73046875 0.6840277777777778 0.7421875 0.7118055555555556 0.755859375 0.7118055555555556 0.759765625 0.6875 0.75 0.6597222222222222 0.75 0.6388888888888888 0.73828125 0.6423611111111112 0.73046875 0.65625 0.73046875 0.6840277777777778
0 0.69921875 0.7013888888888888 0.712890625 0.7013888888888888 0.72265625 0.6840277777777778 0.70703125 0.6388888888888888 0.697265625 0.6354166666666666 0.693359375 0.6875 0.69921875 0.7013888888888888
0 0.318359375 0.5347222222222222 0.330078125 0.5625 0.33984375 0.5659722222222222 0.34375 0.5138888888888888 0.32421875 0.5104166666666666 0.318359375 0.5138888888888888 0.318359375 0.5347222222222222
0 0.3984375 0.5 0.40625 0.5 0.412109375 0.4375 0.3984375 0.4340277777777778 0.39453125 0.4861111111111111 0.3984375 0.5
0 0.14453125 0.5868055555555556 0.14453125 0.5677083333333334 0.134765625 0.5659722222222222 0.14453125 0.5486111111111112 0.142578125 0.53125 0.12890625 0.53125 0.125 0.5555555555555556 0.14453125 0.5868055555555556
0 0.1484375 0.28125 0.150390625 0.2534722222222222 0.12890625 0.2361111111111111 0.12890625 0.2777777777777778 0.1484375 0.28125
0 0.931640625 0.9375 0.94921875 0.9930555555555556 0.986328125 0.9930555555555556 0.984375 0.9652777777777778 0.966796875 0.9236111111111112 0.955078125 0.9201388888888888 0.935546875 0.8923611111111112 0.9296875 0.8993055555555556 0.931640625 0.9375
0 0.5 0.7013888888888888 0.51171875 0.7013888888888888 0.51171875 0.6736111111111112 0.5234375 0.6666666666666666 0.525390625 0.6284722222222222 0.51171875 0.625 0.48828125 0.6423611111111112 0.48828125 0.6805555555555556 0.5 0.7013888888888888
0 0.880859375 0.7638888888888888 0.869140625 0.75 0.86328125 0.75 0.880859375 0.7638888888888888
0 0.853515625 0.75 0.85546875 0.7430555555555556 0.849609375 0.7361111111111112 0.853515625 0.75
0 0.9140625 0.7673611111111112 0.923828125 0.75 0.923828125 0.7326388888888888 0.90625 0.6736111111111112 0.892578125 0.6631944444444444 0.888671875 0.7534722222222222 0.9140625 0.7673611111111112
0 0.736328125 0.8993055555555556 0.73828125 0.9166666666666666 0.765625 0.9548611111111112 0.775390625 0.9027777777777778 0.767578125 0.8263888888888888 0.748046875 0.8263888888888888 0.744140625 0.84375 0.748046875 0.8680555555555556 0.736328125 0.8993055555555556
0 0.599609375 0.7430555555555556 0.611328125 0.7777777777777778 0.623046875 0.7638888888888888 0.625 0.78125 0.634765625 0.78125 0.650390625 0.8229166666666666 0.662109375 0.8159722222222222 0.666015625 0.7951388888888888 0.654296875 0.7569444444444444 0.654296875 0.7222222222222222 0.642578125 0.7118055555555556 0.623046875 0.7326388888888888 0.611328125 0.6909722222222222 0.60546875 0.7013888888888888 0.61328125 0.7152777777777778 0.599609375 0.7430555555555556
0 0.404296875 0.4201388888888889 0.412109375 0.3993055555555556 0.41015625 0.3854166666666667 0.404296875 0.3715277777777778 0.39453125 0.375 0.39453125 0.4201388888888889 0.404296875 0.4201388888888889
0 0.455078125 0.75 0.455078125 0.7847222222222222 0.44921875 0.7986111111111112 0.474609375 0.8368055555555556 0.474609375 0.7465277777777778 0.46875 0.7222222222222222 0.45703125 0.7222222222222222 0.44921875 0.7326388888888888 0.455078125 0.75
0 0.478515625 0.7048611111111112 0.474609375 0.7013888888888888 0.47265625 0.71875 0.478515625 0.7048611111111112
0 0.4296875 0.7048611111111112 0.42578125 0.75 0.435546875 0.7604166666666666 0.435546875 0.7013888888888888 0.4296875 0.7048611111111112
0 0.4296875 0.7743055555555556 0.435546875 0.78125 0.435546875 0.7604166666666666 0.4296875 0.7743055555555556
0 0.630859375 0.625 0.642578125 0.6284722222222222 0.6640625 0.6597222222222222 0.666015625 0.5902777777777778 0.66015625 0.5659722222222222 0.646484375 0.5798611111111112 0.630859375 0.6111111111111112 0.630859375 0.625
0 0.66796875 0.9930555555555556 0.69921875 0.9930555555555556 0.685546875 0.9652777777777778 0.697265625 0.9548611111111112 0.69140625 0.9409722222222222 0.67578125 0.9479166666666666 0.681640625 0.9652777777777778 0.66796875 0.9930555555555556
0 0.63671875 0.9965277777777778 0.638671875 0.9236111111111112 0.625 0.9201388888888888 0.6171875 0.9479166666666666 0.61328125 0.9930555555555556 0.63671875 0.9965277777777778
0 0.78125 0.3854166666666667 0.79296875 0.4166666666666667 0.802734375 0.4201388888888889 0.81640625 0.3993055555555556 0.818359375 0.3784722222222222 0.810546875 0.3541666666666667 0.802734375 0.3541666666666667 0.775390625 0.3888888888888889 0.775390625 0.4097222222222222 0.78125 0.3854166666666667
0 0.369140625 0.5138888888888888 0.375 0.53125 0.39453125 0.5416666666666666 0.3984375 0.5034722222222222 0.392578125 0.4861111111111111 0.37890625 0.4861111111111111 0.369140625 0.4965277777777778 0.369140625 0.5138888888888888