0 0.654296875 0.3888888888888889 0.63671875 0.40625 0.63671875 0.4305555555555556 0.654296875 0.3888888888888889
0 0.662109375 0.4201388888888889 0.673828125 0.4201388888888889 0.673828125 0.3784722222222222 0.66796875 0.3784722222222222 0.66015625 0.3888888888888889 0.662109375 0.4201388888888889
0 0.927734375 0.8715277777777778 0.927734375 0.9097222222222222 0.943359375 0.9305555555555556 0.998046875 0.9513888888888888 0.98828125 0.9340277777777778 0.9921875 0.9027777777777778 0.970703125 0.8819444444444444 0.962890625 0.84375 0.939453125 0.8229166666666666 0.92578125 0.84375 0.921875 0.8680555555555556 0.927734375 0.8715277777777778
0 0.33203125 0.2951388888888889 0.341796875 0.2951388888888889 0.33984375 0.2638888888888889 0.330078125 0.2638888888888889 0.33203125 0.2951388888888889
0 0.166015625 0.2916666666666667 0.162109375 0.2638888888888889 0.1484375 0.2673611111111111 0.1484375 0.2986111111111111 0.166015625 0.2916666666666667
0 0.1484375 0.2986111111111111 0.185546875 0.2951388888888889 0.185546875 0.2743055555555556 0.173828125 0.2916666666666667 0.162109375 0.2638888888888889 0.150390625 0.2638888888888889 0.14453125 0.28125 0.1484375 0.2986111111111111
0 0.3046875 0.21875 0.30078125 0.19791666666666666 0.298828125 0.21180555555555555 0.3046875 0.21875
0 0.298828125 0.2951388888888889 0.306640625 0.2916666666666667 0.3046875 0.2638888888888889 0.298828125 0.2638888888888889 0.298828125 0.2951388888888889
0 0.380859375 0.2638888888888889 0.384765625 0.2465277777777778 0.37890625 0.2326388888888889 0.375 0.2604166666666667 0.380859375 0.2638888888888889
0 0.32421875 0.2361111111111111 0.326171875 0.21875 0.318359375 0.21875 0.32421875 0.2361111111111111
0 0.716796875 0.4236111111111111 0.72265625 0.3958333333333333 0.734375 0.4236111111111111 0.748046875 0.3854166666666667 0.748046875 0.3680555555555556 0.7421875 0.3611111111111111 0.724609375 0.3854166666666667 0.712890625 0.4201388888888889 0.716796875 0.4236111111111111
0 0.375 0.3368055555555556 0.375 0.2951388888888889 0.36328125 0.2986111111111111 0.361328125 0.3333333333333333 0.375 0.3368055555555556
0 0.474609375 0.4236111111111111 0.486328125 0.40625 0.4912109375 0.4201388888888889 0.50390625 0.4201388888888889 0.51171875 0.40625 0.51171875 0.3888888888888889 0.48046875 0.3784722222222222 0.46875 0.40625 0.474609375 0.4236111111111111
0 0.123046875 0.3055555555555556 0.123046875 0.2847222222222222 0.10546875 0.2847222222222222 0.103515625 0.3125 0.123046875 0.3055555555555556
0 0.39453125 0.3298611111111111 0.40625 0.3298611111111111 0.40625 0.3055555555555556 0.400390625 0.2986111111111111 0.392578125 0.2986111111111111 0.39453125 0.3298611111111111
0 0.3896484375 0.19618055555555555 0.005859375 0.017361111111111112
0 0.29296875 0.2326388888888889 0.29296875 0.21875 0.287109375 0.2152777777777778 0.287109375 0.2326388888888889 0.29296875 0.2326388888888889
0 0.375 0.2916666666666667 0.37890625 0.2638888888888889 0.369140625 0.2604166666666667 0.3671875 0.28125 0.375 0.2916666666666667
0 0.40625 0.2916666666666667 0.40625 0.25 0.3984375 0.2638888888888889 0.40625 0.2916666666666667
0 0.560546875 0.3888888888888889 0.56640625 0.3715277777777778 0.5625 0.3576388888888889 0.537109375 0.34375 0.5234375 0.3888888888888889 0.560546875 0.3888888888888889
0 0.47265625 0.3993055555555556 0.48046875 0.3611111111111111 0.4609375 0.3611111111111111 0.451171875 0.3819444444444444 0.44921875 0.40625 0.47265625 0.3993055555555556
0 0.3671875 0.2326388888888889 0.36328125 0.2048611111111111 0.361328125 0.2326388888888889 0.3671875 0.2326388888888889
0 0.5625 0.4340277777777778 0.572265625 0.4236111111111111 0.599609375 0.4236111111111111 0.599609375 0.40625 0.57421875 0.3854166666666667 0.560546875 0.4097222222222222 0.556640625 0.4201388888888889 0.5625 0.4340277777777778
0 0.634765625 0.4722222222222222 0.658203125 0.46875 0.66796875 0.4513888888888889 0.66796875 0.4201388888888889 0.642578125 0.4201388888888889 0.63671875 0.4305555555555556 0.630859375 0.4618055555555556 0.634765625 0.4722222222222222
0 0.62109375 0.4097222222222222 0.640625 0.40625 0.6484375 0.3854166666666667 0.640625 0.3576388888888889 0.62890625 0.3645833333333333 0.6171875 0.3888888888888889 0.62109375 0.4097222222222222
0 0.625 0.21875 0.623046875 0.1909722222222222 0.6171875 0.21875 0.625 0.21875
0 0.361328125 0.2847222222222222 0.361328125 0.2534722222222222 0.35546875 0.2534722222222222 0.353515625 0.2708333333333333 0.361328125 0.2847222222222222
0 0.4375 0.4166666666666667 0.435546875 0.3854166666666667 0.416015625 0.3993055555555556 0.40625 0.3784722222222222 0.3984375 0.3923611111111111 0.3984375 0.4236111111111111 0.4375 0.4166666666666667