0 0.4609375 0.4722222222222222 0.484375 0.4826388888888889 0.4921875 0.4652777777777778 0.48828125 0.4375 0.48046875 0.4375 0.4765625 0.4513888888888889 0.4609375 0.4340277777777778 0.451171875 0.4479166666666667 0.44921875 0.4861111111111111 0.4609375 0.4722222222222222
0 0.810546875 0.2673611111111111 0.810546875 0.24305555555555555 0.796875 0.2361111111111111 0.79296875 0.2638888888888889 0.810546875 0.2673611111111111
0 0.05078125 0.4201388888888889 0.0546875 0.4409722222222222 0.06640625 0.4479166666666667 0.0703125 0.4270833333333333 0.080078125 0.4340277777777778 0.080078125 0.4236111111111111 0.068359375 0.3854166666666667 0.0625 0.3854166666666667 0.05078125 0.3923611111111111 0.05078125 0.4201388888888889
0 0.734375 0.4548611111111111 0.7421875 0.4305555555555556 0.736328125 0.40625 0.716796875 0.40625 0.70703125 0.4201388888888889 0.705078125 0.4548611111111111 0.734375 0.4548611111111111
0 0.05078125 0.4652777777777778 0.046875 0.4166666666666667 0.037109375 0.4097222222222222 0.025390625 0.4201388888888889 0.025390625 0.4652777777777778 0.05078125 0.4652777777777778
0 0.98046875 0.4513888888888889 0.998046875 0.4409722222222222 0.998046875 0.40625 0.98828125 0.40625 0.9765625 0.4305555555555556 0.974609375 0.4479166666666667 0.98046875 0.4513888888888889
0 0.56640625 0.3923611111111111 0.58203125 0.3784722222222222 0.591796875 0.3854166666666667 0.599609375 0.3715277777777778 0.59375 0.3541666666666667 0.568359375 0.3541666666666667 0.5625 0.375 0.56640625 0.3923611111111111
0 0.369140625 0.4791666666666667 0.39453125 0.4826388888888889 0.400390625 0.46875 0.400390625 0.4375 0.390625 0.4479166666666667 0.3671875 0.4409722222222222 0.36328125 0.46875 0.369140625 0.4791666666666667
0 0.517578125 0.4027777777777778 0.5234375 0.3993055555555556 0.525390625 0.375 0.505859375 0.3680555555555556 0.494140625 0.3888888888888889 0.494140625 0.40625 0.517578125 0.4027777777777778
0 0.775390625 0.375 0.779296875 0.3854166666666667 0.80078125 0.3854166666666667 0.806640625 0.3472222222222222 0.78515625 0.3368055555555556 0.7734375 0.3472222222222222 0.775390625 0.375
0 0.150390625 0.4166666666666667 0.15625 0.40625 0.15625 0.3784722222222222 0.142578125 0.3611111111111111 0.13671875 0.4027777777777778 0.150390625 0.4166666666666667
0 0.6796875 0.3784722222222222 0.69140625 0.3923611111111111 0.705078125 0.3888888888888889 0.7109375 0.3680555555555556 0.705078125 0.3472222222222222 0.69140625 0.3541666666666667 0.67578125 0.34375 0.66796875 0.3888888888888889 0.6796875 0.3784722222222222
0 0 0.9097222222222222 0.009765625 0.9236111111111112 0.017578125 0.9201388888888888 0.01171875 0.7847222222222222 0 0.7673611111111112 0 0.9097222222222222
0 0.619140625 0.4201388888888889 0.64453125 0.4305555555555556 0.654296875 0.4201388888888889 0.650390625 0.3888888888888889 0.625 0.3854166666666667 0.6171875 0.40625 0.619140625 0.4201388888888889
0 0.96875 0.3576388888888889 0.998046875 0.3541666666666667 0.998046875 0.3090277777777778 0.986328125 0.2986111111111111 0.96875 0.3159722222222222 0.962890625 0.34375 0.96875 0.3576388888888889
0 0.58203125 0.4513888888888889 0.591796875 0.4409722222222222 0.609375 0.4409722222222222 0.6171875 0.4513888888888889 0.623046875 0.4375 0.6171875 0.40625 0.5859375 0.4027777777777778 0.576171875 0.4305555555555556 0.58203125 0.4513888888888889
0 0.671875 0.5 0.685546875 0.4375 0.6484375 0.4375 0.638671875 0.4548611111111111 0.638671875 0.5 0.671875 0.5
0 0.517578125 0.4027777777777778 0.5234375 0.4097222222222222 0.51953125 0.4201388888888889 0.525390625 0.40625 0.5400390625 0.4027777777777778 0.54296875 0.3854166666666667 0.556640625 0.40625 0.5546875 0.375 0.529296875 0.3784722222222222 0.529296875 0.4027777777777778 0.517578125 0.4027777777777778
0 0.51953125 0.4548611111111111 0.53515625 0.4409722222222222 0.5546875 0.4479166666666667 0.5546875 0.40625 0.525390625 0.4097222222222222 0.517578125 0.4305555555555556 0.51953125 0.4548611111111111
0 0.662109375 0.3715277777777778 0.66015625 0.34375 0.630859375 0.3402777777777778 0.625 0.3715277777777778 0.662109375 0.3715277777777778
0 0.85546875 0.2777777777777778 0.873046875 0.2777777777777778 0.873046875 0.2534722222222222 0.853515625 0.2534722222222222 0.849609375 0.2673611111111111 0.85546875 0.2777777777777778
0 0.16796875 0.4027777777777778 0.19921875 0.4027777777777778 0.205078125 0.3923611111111111 0.19140625 0.3611111111111111 0.16796875 0.3576388888888889 0.162109375 0.3854166666666667 0.16796875 0.4027777777777778
0 0.7734375 0.4097222222222222 0.779296875 0.3923611111111111 0.775390625 0.375 0.765625 0.3680555555555556 0.7421875 0.3784722222222222 0.73828125 0.40625 0.7734375 0.4097222222222222