0 0.888671875 0.28125 0.88671875 0.25 0.87890625 0.24305555555555555 0.8671875 0.2534722222222222 0.86328125 0.28125 0.888671875 0.28125
0 0.255859375 0.3854166666666667 0.26171875 0.375 0.26171875 0.34375 0.25 0.34375 0.248046875 0.3819444444444444 0.255859375 0.3854166666666667
0 0.080078125 0.2708333333333333 0.10546875 0.2777777777777778 0.10546875 0.25 0.091796875 0.2361111111111111 0.080078125 0.2465277777777778 0.080078125 0.2708333333333333
0 0.013671875 0.3090277777777778 0.03125 0.3090277777777778 0.03125 0.28125 0.0234375 0.2777777777777778 0.01171875 0.28125 0.013671875 0.3090277777777778
0 0.333984375 0.4409722222222222 0.375 0.4340277777777778 0.375 0.40625 0.3671875 0.3888888888888889 0.337890625 0.40625 0.330078125 0.4236111111111111 0.333984375 0.4409722222222222
0 0.734375 0.4826388888888889 0.7421875 0.46875 0.763671875 0.4791666666666667 0.7734375 0.4340277777777778 0.73828125 0.4236111111111111 0.7265625 0.4583333333333333 0.724609375 0.4826388888888889 0.734375 0.4826388888888889
0 0.478515625 0.3263888888888889 0.484375 0.3263888888888889 0.486328125 0.2951388888888889 0.474609375 0.2951388888888889 0.478515625 0.3263888888888889
0 0.443359375 0.4722222222222222 0.484375 0.4513888888888889 0.478515625 0.4236111111111111 0.44921875 0.4236111111111111 0.44140625 0.4548611111111111 0.443359375 0.4722222222222222
0 0.322265625 0.2222222222222222 0.32421875 0.2013888888888889 0.318359375 0.2013888888888889 0.322265625 0.2222222222222222
0 0.248046875 0.5104166666666666 0.2744140625 0.4965277777777778 0.279296875 0.4826388888888889 0.287109375 0.5 0.294921875 0.5 0.298828125 0.4861111111111111 0.29296875 0.4548611111111111 0.279296875 0.4548611111111111 0.28515625 0.46875 0.28125 0.4791666666666667 0.267578125 0.4652777777777778 0.26171875 0.4375 0.255859375 0.4375 0.255859375 0.4513888888888889 0.244140625 0.46875 0.2421875 0.5 0.248046875 0.5104166666666666
0 0.3046875 0.3368055555555556 0.318359375 0.3368055555555556 0.322265625 0.2986111111111111 0.31640625 0.2916666666666667 0.302734375 0.3020833333333333 0.298828125 0.3263888888888889 0.3046875 0.3368055555555556
0 0.0859375 0.3993055555555556 0.103515625 0.3993055555555556 0.111328125 0.3888888888888889 0.10546875 0.3576388888888889 0.091796875 0.3541666666666667 0.083984375 0.3680555555555556 0.080078125 0.3854166666666667 0.0859375 0.3993055555555556
0 0.849609375 0.2777777777777778 0.861328125 0.2777777777777778 0.8671875 0.2638888888888889 0.8671875 0.25 0.859375 0.24305555555555555 0.849609375 0.2604166666666667 0.849609375 0.2777777777777778
0 0.986328125 0.2916666666666667 0.986328125 0.2638888888888889 0.9765625 0.2708333333333333 0.966796875 0.2534722222222222 0.95703125 0.2604166666666667 0.943359375 0.2951388888888889 0.986328125 0.2916666666666667
0 0.34375 0.3298611111111111 0.353515625 0.3368055555555556 0.361328125 0.2916666666666667 0.349609375 0.2847222222222222 0.34375 0.2916666666666667 0.34375 0.3298611111111111
0 0.349609375 0.5625 0.359375 0.5451388888888888 0.380859375 0.5486111111111112 0.392578125 0.5 0.380859375 0.5 0.373046875 0.5243055555555556 0.359375 0.5 0.349609375 0.5 0.337890625 0.5347222222222222 0.3359375 0.5625 0.349609375 0.5625
0 0.38671875 0.4791666666666667 0.412109375 0.4791666666666667 0.421875 0.4652777777777778 0.421875 0.4375 0.39453125 0.4479166666666667 0.392578125 0.4340277777777778 0.3828125 0.4444444444444444 0.37890625 0.46875 0.38671875 0.4791666666666667
0 0.412109375 0.2916666666666667 0.41796875 0.2916666666666667 0.416015625 0.2465277777777778 0.41015625 0.25 0.412109375 0.2916666666666667
0 0.6796875 0.4097222222222222 0.6796875 0.375 0.673828125 0.3611111111111111 0.6484375 0.375 0.64453125 0.4097222222222222 0.6796875 0.4097222222222222
0 0.29296875 0.34375 0.29296875 0.3055555555555556 0.28125 0.3055555555555556 0.28125 0.3402777777777778 0.29296875 0.34375
0 0.2109375 0.6701388888888888 0.2109375 0.7048611111111112 0.216796875 0.7118055555555556 0.244140625 0.6909722222222222 0.2734375 0.6840277777777778 0.279296875 0.6701388888888888 0.279296875 0.6388888888888888 0.2734375 0.625 0.263671875 0.625 0.255859375 0.6388888888888888 0.23828125 0.6423611111111112 0.236328125 0.6284722222222222 0.21875 0.6388888888888888 0.21875 0.6597222222222222 0.2109375 0.6701388888888888
0 0.75390625 0.3993055555555556 0.775390625 0.3854166666666667 0.765625 0.3541666666666667 0.740234375 0.3645833333333333 0.736328125 0.3888888888888889 0.75390625 0.3993055555555556