0 0.037109375 0.5 0.03515625 0.4513888888888889 0.013671875 0.4513888888888889 0.013671875 0.4930555555555556 0.037109375 0.5
0 0.068359375 0.5104166666666666 0.07421875 0.5104166666666666 0.080078125 0.4618055555555556 0.07421875 0.4375 0.0625 0.4409722222222222 0.056640625 0.4722222222222222 0.068359375 0.5104166666666666
0 0.125 0.4409722222222222 0.125 0.4652777777777778 0.130859375 0.46875 0.13671875 0.4201388888888889 0.130859375 0.4027777777777778 0.12109375 0.40625 0.119140625 0.4340277777777778 0.125 0.4409722222222222
0 0.416015625 0.3229166666666667 0.412109375 0.3263888888888889 0.4207899296875 0.34799382638888887 0.423828125 0.3263888888888889 0.416015625 0.3229166666666667
0 0.41796875 0.3680555555555556 0.420247396484375 0.3518518506944444 0.412109375 0.3576388888888889 0.41796875 0.3680555555555556
0 0.998046875 0.4027777777777778 0.998046875 0.35879513888888886 0.98828125 0.3541666666666667 0.998046875 0.3368055555555556 0.98828125 0.3402777777777778 0.98046875 0.375 0.998046875 0.4027777777777778
0 0.3125 0.375 0.318359375 0.3680555555555556 0.310546875 0.3611111111111111 0.318359375 0.3472222222222222 0.318359375 0.3263888888888889 0.306640625 0.3263888888888889 0.3046875 0.3506944444444444 0.3125 0.375
0 0.09375 0.5451388888888888 0.109375 0.5763888888888888 0.1171875 0.5729166666666666 0.134765625 0.59375 0.13671875 0.5868055555555556 0.125 0.5763888888888888 0.13671875 0.5625 0.130859375 0.53125 0.1171875 0.5104166666666666 0.107421875 0.5347222222222222 0.09375 0.5451388888888888
0 0.10546875 0.4652777777777778 0.119140625 0.4826388888888889 0.125 0.4513888888888889 0.11328125 0.4201388888888889 0.10546875 0.4201388888888889 0.10546875 0.4652777777777778
0 0.1484375 0.4791666666666667 0.16796875 0.4791666666666667 0.16796875 0.4340277777777778 0.16015625 0.4201388888888889 0.14453125 0.4305555555555556 0.142578125 0.4652777777777778 0.1484375 0.4791666666666667
0 0.607421875 0.3888888888888889 0.611328125 0.34375 0.603515625 0.3402777777777778 0.599609375 0.3854166666666667 0.607421875 0.3888888888888889
0 0.01953125 0.7291666666666666 0.041015625 0.71875 0.0546875 0.7465277777777778 0.0625 0.7430555555555556 0.06640625 0.7222222222222222 0.046875 0.6527777777777778 0.03125 0.6597222222222222 0.0234375 0.6875 0.01171875 0.6875 0.005859375 0.6666666666666666 0.005859375 0.7152777777777778 0.01953125 0.7291666666666666
0 0.5546875 0.3854166666666667 0.560546875 0.375 0.560546875 0.34375 0.546875 0.3402777777777778 0.54296875 0.3541666666666667 0.5546875 0.3854166666666667
0 0.318359375 0.4097222222222222 0.32421875 0.4375 0.3359375 0.4375 0.3359375 0.3784722222222222 0.326171875 0.375 0.318359375 0.3854166666666667 0.318359375 0.4097222222222222
0 0.46875 0.3888888888888889 0.47265625 0.3472222222222222 0.458984375 0.34375 0.45703125 0.3854166666666667 0.46875 0.3888888888888889
0 0.025390625 0.5868055555555556 0.03515625 0.6041666666666666 0.0390625 0.59375 0.05078125 0.6180555555555556 0.0546875 0.59375 0.046875 0.5347222222222222 0.029296875 0.5347222222222222 0.0234375 0.5486111111111112 0.025390625 0.5868055555555556