0 0.8935546875 0.28125 0.89453125 0.2604166666666667 0.90625 0.28125 0.904296875 0.2604166666666667 0.880859375 0.2534722222222222 0.880859375 0.28125 0.8935546875 0.28125
0 0.5 0.8055555555555556 0.505859375 0.8055555555555556 0.51171875 0.7951388888888888 0.509765625 0.7326388888888888 0.486328125 0.71875 0.478515625 0.7604166666666666 0.5 0.8055555555555556
0 0.4375 0.7951388888888888 0.44140625 0.8125 0.462890625 0.8368055555555556 0.46484375 0.8576388888888888 0.474609375 0.8611111111111112 0.47265625 0.7638888888888888 0.4609375 0.75 0.443359375 0.7604166666666666 0.443359375 0.7916666666666666 0.4375 0.7951388888888888
0 0.412109375 0.8055555555555556 0.41796875 0.8055555555555556 0.423828125 0.7847222222222222 0.4375 0.78125 0.42578125 0.7673611111111112 0.431640625 0.7638888888888888 0.423828125 0.7326388888888888 0.412109375 0.7291666666666666 0.40625 0.7534722222222222 0.404296875 0.78125 0.412109375 0.8055555555555556
0 0.44921875 0.5 0.44921875 0.4409722222222222 0.435546875 0.4375 0.431640625 0.4513888888888889 0.44921875 0.5
0 0.5625 0.6215277777777778 0.580078125 0.65625 0.5859375 0.6180555555555556 0.580078125 0.5763888888888888 0.568359375 0.5659722222222222 0.5625 0.5763888888888888 0.5625 0.6215277777777778
0 0.849609375 0.2743055555555556 0.849609375 0.25 0.83203125 0.25 0.83203125 0.2777777777777778 0.849609375 0.2743055555555556
0 0.94921875 0.9097222222222222 0.955078125 0.9305555555555556 0.94921875 0.9479166666666666 0.953125 0.9618055555555556 0.974609375 0.9826388888888888 0.96875 0.9930555555555556 0.998046875 0.9930555555555556 0.990234375 0.9722222222222222 0.9921875 0.9375 0.974609375 0.8888888888888888 0.966796875 0.8784722222222222 0.94921875 0.8854166666666666 0.955078125 0.9027777777777778 0.94921875 0.9097222222222222
0 0.880859375 0.8993055555555556 0.875 0.9166666666666666 0.892578125 0.9479166666666666 0.90625 0.9479166666666666 0.91796875 0.9201388888888888 0.90625 0.9027777777777778 0.89453125 0.8472222222222222 0.87890625 0.8402777777777778 0.875 0.8680555555555556 0.880859375 0.8993055555555556
0 0.439453125 0.8923611111111112 0.435546875 0.8888888888888888 0.443359375 0.9097222222222222 0.4375 0.9305555555555556 0.42578125 0.9375 0.404296875 0.90625 0.400390625 0.9166666666666666 0.40625 0.9340277777777778 0.421875 0.9340277777777778 0.416015625 0.9513888888888888 0.42578125 0.9652777777777778 0.453125 0.9791666666666666 0.4609375 0.9965277777777778 0.482421875 0.9965277777777778 0.466796875 0.875 0.451171875 0.8611111111111112 0.439453125 0.8784722222222222 0.439453125 0.8923611111111112
0 0.068359375 0.4652777777777778 0.080078125 0.4618055555555556 0.0859375 0.4340277777777778 0.078125 0.40625 0.0625 0.40625 0.068359375 0.4652777777777778
0 0.412109375 0.6597222222222222 0.42578125 0.6840277777777778 0.443359375 0.6805555555555556 0.453125 0.6909722222222222 0.44921875 0.6076388888888888 0.4375 0.5972222222222222 0.4375 0.6076388888888888 0.423828125 0.6215277777777778 0.421875 0.6076388888888888 0.41015625 0.6041666666666666 0.40625 0.6388888888888888 0.412109375 0.6597222222222222
0 0.767578125 0.8472222222222222 0.767578125 0.8611111111111112 0.791015625 0.8680555555555556 0.806640625 0.9201388888888888 0.822265625 0.9201388888888888 0.830078125 0.8923611111111112 0.810546875 0.8472222222222222 0.8125 0.8229166666666666 0.796875 0.8055555555555556 0.78515625 0.8090277777777778 0.78515625 0.8229166666666666 0.767578125 0.8472222222222222
0 0.75 0.8472222222222222 0.751953125 0.8333333333333334 0.76171875 0.8263888888888888 0.76171875 0.8125 0.73828125 0.7951388888888888 0.736328125 0.8333333333333334 0.75 0.8472222222222222
0 0.5 0.5659722222222222 0.5 0.5902777777777778 0.51171875 0.6041666666666666 0.517578125 0.59375 0.51171875 0.53125 0.498046875 0.5347222222222222 0.494140625 0.5590277777777778 0.5 0.5659722222222222
0 0.65625 0.7152777777777778 0.66796875 0.6875 0.66015625 0.6423611111111112 0.6484375 0.625 0.63671875 0.6388888888888888 0.630859375 0.6875 0.65625 0.7152777777777778
0 0.1240234375 0.3298611111111111 0.013671875 0.034722222222222224
0 0.099609375 0.5243055555555556 0.10546875 0.5243055555555556 0.111328125 0.46875 0.09375 0.46875 0.091796875 0.5 0.099609375 0.5243055555555556
0 0.330078125 0.5104166666666666 0.3359375 0.5173611111111112 0.34375 0.5034722222222222 0.34375 0.4652777777777778 0.326171875 0.4652777777777778 0.330078125 0.5104166666666666
0 0.38671875 0.5555555555555556 0.3984375 0.5659722222222222 0.40625 0.5173611111111112 0.40234375 0.5 0.392578125 0.5 0.38671875 0.5104166666666666 0.38671875 0.5555555555555556
0 0.9609375 0.8611111111111112 0.9921875 0.8888888888888888 0.998046875 0.8784722222222222 0.998046875 0.7986111111111112 0.98828125 0.78125 0.998046875 0.7638888888888888 0.98828125 0.7743055555555556 0.984375 0.7604166666666666 0.998046875 0.7361111111111112 0.9921875 0.7361111111111112 0.982421875 0.7638888888888888 0.962890625 0.7673611111111112 0.955078125 0.7951388888888888 0.9609375 0.8611111111111112
0 0.32421875 0.6527777777777778 0.333984375 0.6666666666666666 0.33203125 0.6875 0.33984375 0.6875 0.35546875 0.7118055555555556 0.361328125 0.6388888888888888 0.357421875 0.6215277777777778 0.34375 0.6215277777777778 0.337890625 0.6597222222222222 0.32421875 0.6527777777777778
0 0.513671875 0.7118055555555556 0.517578125 0.7048611111111112 0.505859375 0.6875 0.517578125 0.6805555555555556 0.517578125 0.65625 0.505859375 0.6215277777777778 0.4921875 0.625 0.486328125 0.6458333333333334 0.513671875 0.7118055555555556
0 0.8203125 0.7777777777777778 0.857421875 0.7951388888888888 0.869140625 0.8263888888888888 0.888671875 0.8263888888888888 0.892578125 0.7916666666666666 0.865234375 0.7118055555555556 0.849609375 0.7326388888888888 0.85546875 0.7569444444444444 0.84375 0.7604166666666666 0.82421875 0.7013888888888888 0.8125 0.6909722222222222 0.806640625 0.6979166666666666 0.8046875 0.75 0.8203125 0.7777777777777778
0 0.150390625 0.65625 0.16796875 0.6701388888888888 0.173828125 0.6076388888888888 0.16796875 0.5798611111111112 0.15625 0.5798611111111112 0.1484375 0.5902777777777778 0.150390625 0.65625
0 0.306640625 0.4548611111111111 0.318359375 0.46875 0.32421875 0.4340277777777778 0.310546875 0.4236111111111111 0.3046875 0.4340277777777778 0.306640625 0.4548611111111111
0 0.375 0.4930555555555556 0.38671875 0.4791666666666667 0.38671875 0.4479166666666667 0.37890625 0.4409722222222222 0.369140625 0.4479166666666667 0.375 0.4930555555555556
0 0.142578125 0.5 0.14453125 0.5138888888888888 0.158203125 0.5173611111111112 0.162109375 0.4513888888888889 0.150390625 0.4479166666666667 0.142578125 0.4513888888888889 0.142578125 0.5
0 0.1640625 0.3576388888888889 0.162109375 0.3125 0.14453125 0.3125 0.142578125 0.3541666666666667 0.1640625 0.3576388888888889
0 0.361328125 0.6111111111111112 0.3671875 0.6111111111111112 0.373046875 0.5486111111111112 0.3671875 0.53125 0.35546875 0.5347222222222222 0.349609375 0.5763888888888888 0.361328125 0.6111111111111112
0 0.2890625 0.6215277777777778 0.29296875 0.6076388888888888 0.279296875 0.5972222222222222 0.296875 0.5729166666666666 0.296875 0.5625 0.29296875 0.5486111111111112 0.279296875 0.5486111111111112 0.275390625 0.59375 0.2890625 0.6215277777777778
0 0.44921875 0.59375 0.455078125 0.5763888888888888 0.455078125 0.5347222222222222 0.44921875 0.5034722222222222 0.4375 0.5138888888888888 0.4375 0.5798611111111112 0.44921875 0.59375
0 0.734375 0.6979166666666666 0.72265625 0.6979166666666666 0.71875 0.7326388888888888 0.736328125 0.7638888888888888 0.736328125 0.78125 0.7421875 0.78125 0.75390625 0.7534722222222222 0.75 0.7326388888888888 0.779296875 0.7048611111111112 0.78125 0.6979166666666666 0.76953125 0.7013888888888888 0.78515625 0.6701388888888888 0.76171875 0.6840277777777778 0.75 0.6840277777777778 0.736328125 0.6597222222222222 0.724609375 0.6701388888888888 0.736328125 0.6875 0.734375 0.6979166666666666
0 0.1171875 0.4444444444444444 0.12890625 0.46875 0.13671875 0.4513888888888889 0.13671875 0.4201388888888889 0.125 0.4166666666666667 0.1171875 0.4201388888888889 0.1171875 0.4444444444444444
0 0.48046875 0.5243055555555556 0.478515625 0.4722222222222222 0.46875 0.46875 0.45703125 0.4826388888888889 0.45703125 0.5243055555555556 0.48046875 0.5243055555555556
0 0.255859375 0.4652777777777778 0.263671875 0.4652777777777778 0.267578125 0.4513888888888889 0.25390625 0.4409722222222222 0.267578125 0.4201388888888889 0.255859375 0.4166666666666667 0.25 0.4375 0.255859375 0.4652777777777778
0 0.23046875 0.5625 0.236328125 0.5625 0.2421875 0.5555555555555556 0.248046875 0.4965277777777778 0.23828125 0.4791666666666667 0.23046875 0.4861111111111111 0.224609375 0.5173611111111112 0.23046875 0.5625
0 0.599609375 0.6875 0.599609375 0.71875 0.611328125 0.7430555555555556 0.623046875 0.7465277777777778 0.623046875 0.65625 0.6171875 0.6423611111111112 0.59375 0.6493055555555556 0.5859375 0.6631944444444444 0.599609375 0.6875
0 0.34375 0.4826388888888889 0.359375 0.4861111111111111 0.353515625 0.4305555555555556 0.34375 0.4305555555555556 0.34375 0.4826388888888889
0 0.642578125 0.3784722222222222 0.650390625 0.3854166666666667 0.65625 0.3784722222222222 0.65234375 0.3263888888888889 0.642578125 0.3263888888888889 0.642578125 0.3784722222222222
0 0.16796875 0.4027777777777778 0.197265625 0.4027777777777778 0.205078125 0.3923611111111111 0.193359375 0.3611111111111111 0.16796875 0.3611111111111111 0.162109375 0.3854166666666667 0.16796875 0.4027777777777778
0 0.03125 0.3263888888888889 0.029296875 0.2951388888888889 0.009765625 0.2986111111111111 0.005859375 0.3402777777777778 0.03125 0.3263888888888889
0 0.51953125 0.6145833333333334 0.513671875 0.6215277777777778 0.521484375 0.6666666666666666 0.529296875 0.6666666666666666 0.53125 0.65625 0.544921875 0.6597222222222222 0.55078125 0.6076388888888888 0.53125 0.6076388888888888 0.52734375 0.625 0.517578125 0.5972222222222222 0.513671875 0.6041666666666666 0.51953125 0.6145833333333334
0 0.62890625 0.9201388888888888 0.6484375 0.9375 0.671875 0.9375 0.6796875 0.9652777777777778 0.69921875 0.9652777777777778 0.69921875 0.9270833333333334 0.6875 0.90625 0.69140625 0.8784722222222222 0.67578125 0.8402777777777778 0.662109375 0.8368055555555556 0.66015625 0.8680555555555556 0.650390625 0.8888888888888888 0.630859375 0.8611111111111112 0.625 0.8125 0.60546875 0.8159722222222222 0.599609375 0.8680555555555556 0.62890625 0.9201388888888888
0 0.099609375 0.3229166666666667 0.103515625 0.2951388888888889 0.09765625 0.28125 0.08203125 0.28125 0.08203125 0.3229166666666667 0.099609375 0.3229166666666667
0 0.50390625 0.5902777777777778 0.515625 0.59375 0.5234375 0.5659722222222222 0.5234375 0.53125 0.51953125 0.5104166666666666 0.509765625 0.5173611111111112 0.513671875 0.5625 0.50390625 0.5902777777777778
0 0.662109375 0.7708333333333334 0.66015625 0.7951388888888888 0.669921875 0.7986111111111112 0.666015625 0.8090277777777778 0.70703125 0.8680555555555556 0.712890625 0.8541666666666666 0.7109375 0.7951388888888888 0.69921875 0.7534722222222222 0.67578125 0.75 0.67578125 0.7708333333333334 0.662109375 0.7604166666666666 0.654296875 0.7326388888888888 0.642578125 0.7222222222222222 0.638671875 0.7430555555555556 0.662109375 0.7708333333333334
0 0.810546875 0.4444444444444444 0.796875 0.46875 0.80859375 0.4722222222222222 0.8125 0.4375 0.822265625 0.4201388888888889 0.818359375 0.40625 0.806640625 0.40625 0.80078125 0.4236111111111111 0.796875 0.4375 0.810546875 0.4444444444444444
0 0.662109375 0.6666666666666666 0.6796875 0.6805555555555556 0.671875 0.59375 0.66015625 0.59375 0.65625 0.6388888888888888 0.662109375 0.6666666666666666
0 0.6748046875 0.5833333333333334 0.001953125 0.006944444444444444
0 0.59375 0.9861111111111112 0.599609375 0.9965277777777778 0.61328125 0.9965277777777778 0.611328125 0.9652777777777778 0.591796875 0.9722222222222222 0.5859375 0.9965277777777778 0.59375 0.9861111111111112
0 0.5546875 0.9965277777777778 0.5546875 0.9652777777777778 0.54296875 0.9305555555555556 0.537109375 0.9340277777777778 0.53515625 0.9930555555555556 0.5546875 0.9965277777777778
0 0.291015625 0.4027777777777778 0.287109375 0.40625 0.298828125 0.4236111111111111 0.298828125 0.4027777777777778 0.291015625 0.4027777777777778
0 0.287109375 0.4375 0.298828125 0.4548611111111111 0.298828125 0.4236111111111111 0.287109375 0.4375
0 0.251953125 0.375 0.259765625 0.3298611111111111 0.244140625 0.3263888888888889 0.2421875 0.34375 0.251953125 0.375