0 0.380859375 0.3298611111111111 0.39453125 0.3368055555555556 0.3984375 0.2951388888888889 0.388671875 0.2847222222222222 0.380859375 0.2916666666666667 0.380859375 0.3298611111111111
0 0.01171875 0.4340277777777778 0.017578125 0.4409722222222222 0.03125 0.4340277777777778 0.0234375 0.3888888888888889 0.009765625 0.3888888888888889 0.01171875 0.4340277777777778
0 0.701171875 0.4166666666666667 0.728515625 0.40625 0.740234375 0.4201388888888889 0.748046875 0.40625 0.736328125 0.3715277777777778 0.71484375 0.3715277777777778 0.70703125 0.3819444444444444 0.69921875 0.4027777777777778 0.701171875 0.4166666666666667
0 0.51171875 0.3263888888888889 0.517578125 0.2986111111111111 0.505859375 0.28125 0.505859375 0.3263888888888889 0.51171875 0.3263888888888889
0 0.09765625 0.4409722222222222 0.103515625 0.4166666666666667 0.099609375 0.3888888888888889 0.0859375 0.3715277777777778 0.076171875 0.375 0.076171875 0.4375 0.09765625 0.4409722222222222
0 0.111328125 0.4201388888888889 0.13671875 0.4305555555555556 0.13671875 0.3854166666666667 0.125 0.3680555555555556 0.111328125 0.3888888888888889 0.111328125 0.4201388888888889
0 0.806640625 0.4375 0.82421875 0.4201388888888889 0.8203125 0.4027777777777778 0.806640625 0.4027777777777778 0.80078125 0.3923611111111111 0.79296875 0.3993055555555556 0.791015625 0.4201388888888889 0.806640625 0.4375
0 0.099609375 0.3055555555555556 0.119140625 0.3055555555555556 0.123046875 0.2847222222222222 0.10546875 0.2673611111111111 0.099609375 0.2777777777777778 0.099609375 0.3055555555555556
0 0 0.4513888888888889 0.017578125 0.4409722222222222 0.005859375 0.3888888888888889 0 0.3888888888888889 0 0.4097222222222222 0.009765625 0.4166666666666667 0 0.4305555555555556 0 0.4513888888888889
0 0.923828125 0.3888888888888889 0.923828125 0.3611111111111111 0.916015625 0.3472222222222222 0.90234375 0.3645833333333333 0.900390625 0.3923611111111111 0.923828125 0.3888888888888889
0 0.193359375 0.6111111111111112 0.18359375 0.5902777777777778 0.205078125 0.59375 0.205078125 0.6111111111111112 0.2421875 0.6076388888888888 0.23828125 0.5763888888888888 0.2109375 0.5972222222222222 0.1875 0.5763888888888888 0.17578125 0.6076388888888888 0.193359375 0.6111111111111112
0 0.4921875 0.3888888888888889 0.484375 0.4027777777777778 0.48828125 0.40625 0.51171875 0.3541666666666667 0.498046875 0.3576388888888889 0.486328125 0.375 0.484375 0.3854166666666667 0.4921875 0.3888888888888889
0 0.15625 0.5034722222222222 0.158203125 0.5277777777777778 0.181640625 0.5243055555555556 0.189453125 0.5 0.19921875 0.5243055555555556 0.205078125 0.5173611111111112 0.2109375 0.4791666666666667 0.193359375 0.4826388888888889 0.193359375 0.4930555555555556 0.181640625 0.5034722222222222 0.181640625 0.4722222222222222 0.173828125 0.4722222222222222 0.16796875 0.4930555555555556 0.15625 0.5034722222222222
0 0.0859375 0.6284722222222222 0.10546875 0.6111111111111112 0.107421875 0.5902777777777778 0.119140625 0.6076388888888888 0.154296875 0.6076388888888888 0.154296875 0.5486111111111112 0.12109375 0.5868055555555556 0.10546875 0.5868055555555556 0.10546875 0.5555555555555556 0.099609375 0.5555555555555556 0.095703125 0.5729166666666666 0.076171875 0.5972222222222222 0.076171875 0.625 0.0859375 0.6284722222222222
0 0.212890625 0.5277777777777778 0.224609375 0.5243055555555556 0.23828125 0.4965277777777778 0.240234375 0.5138888888888888 0.26171875 0.5173611111111112 0.267578125 0.5138888888888888 0.26953125 0.4756944444444444 0.255859375 0.46875 0.236328125 0.4861111111111111 0.224609375 0.46875 0.212890625 0.4930555555555556 0.20703125 0.5104166666666666 0.212890625 0.5277777777777778
0 0.16015625 0.4305555555555556 0.166015625 0.4097222222222222 0.162109375 0.375 0.150390625 0.3715277777777778 0.1484375 0.4236111111111111 0.16015625 0.4305555555555556
0 0.6875 0.3819444444444444 0.673828125 0.3715277777777778 0.67578125 0.3888888888888889 0.6953125 0.3784722222222222 0.69921875 0.3854166666666667 0.7109375 0.3715277777777778 0.7109375 0.3576388888888889 0.69921875 0.3611111111111111 0.6875 0.3472222222222222 0.697265625 0.3611111111111111 0.6875 0.3819444444444444
0 0.43359375 0.3298611111111111 0.4375 0.2951388888888889 0.4296875 0.2916666666666667 0.42578125 0.3263888888888889 0.43359375 0.3298611111111111
0 0.041015625 0.4479166666666667 0.068359375 0.4513888888888889 0.068359375 0.4097222222222222 0.056640625 0.3888888888888889 0.048828125 0.40625 0.03515625 0.40625 0.03125 0.4201388888888889 0.041015625 0.4479166666666667
0 0.017578125 0.7361111111111112 0.07421875 0.6840277777777778 0.06640625 0.6527777777777778 0.046875 0.6736111111111112 0.00390625 0.6493055555555556 0 0.7638888888888888 0.017578125 0.7361111111111112
0 0.94140625 0.2951388888888889 0.94921875 0.28125 0.947265625 0.2673611111111111 0.927734375 0.2638888888888889 0.923828125 0.2951388888888889 0.94140625 0.2951388888888889
0 0.875 0.2777777777777778 0.869140625 0.25 0.857421875 0.2569444444444444 0.85546875 0.28125 0.875 0.2777777777777778
0 0.3046875 0.6215277777777778 0.326171875 0.59375 0.349609375 0.6041666666666666 0.359375 0.5868055555555556 0.359375 0.5625 0.35546875 0.5451388888888888 0.34375 0.5520833333333334 0.34375 0.53125 0.3359375 0.5625 0.318359375 0.5347222222222222 0.3125 0.5590277777777778 0.298828125 0.5763888888888888 0.29296875 0.6076388888888888 0.3046875 0.6215277777777778
0 0.822265625 0.28125 0.841796875 0.2777777777777778 0.841796875 0.2534722222222222 0.82421875 0.25 0.818359375 0.2638888888888889 0.822265625 0.28125
0 0.17578125 0.4027777777777778 0.19140625 0.40625 0.205078125 0.3923611111111111 0.185546875 0.3611111111111111 0.16796875 0.3611111111111111 0.166015625 0.3854166666666667 0.17578125 0.4027777777777778
0 0.791015625 0.4097222222222222 0.796875 0.3923611111111111 0.791015625 0.375 0.78125 0.3854166666666667 0.76171875 0.3784722222222222 0.755859375 0.40625 0.791015625 0.4097222222222222