0 0.3125 0.5 0.3125 0.4652777777777778 0.296875 0.4548611111111111 0.29296875 0.5 0.3125 0.5
0 0.2734375 0.5868055555555556 0.287109375 0.5868055555555556 0.296875 0.5277777777777778 0.28515625 0.5173611111111112 0.2734375 0.5451388888888888 0.26953125 0.5763888888888888 0.2734375 0.5868055555555556
0 0.0859375 0.34375 0.10546875 0.3298611111111111 0.10546875 0.2986111111111111 0.091796875 0.2951388888888889 0.087890625 0.28125 0.080078125 0.3125 0.0859375 0.34375
0 0.16796875 0.2777777777777778 0.16796875 0.2534722222222222 0.154296875 0.25 0.154296875 0.2777777777777778 0.16796875 0.2777777777777778
0 0.056640625 0.3368055555555556 0.060546875 0.3263888888888889 0.046875 0.2986111111111111 0.033203125 0.3020833333333333 0.03125 0.3402777777777778 0.056640625 0.3368055555555556
0 0.1484375 0.5138888888888888 0.162109375 0.4791666666666667 0.142578125 0.46875 0.138671875 0.5 0.1484375 0.5138888888888888
0 0.12890625 0.3993055555555556 0.12890625 0.3472222222222222 0.11328125 0.34375 0.111328125 0.375 0.12890625 0.3993055555555556
0 0.255859375 0.4513888888888889 0.275390625 0.4375 0.271484375 0.4097222222222222 0.26171875 0.40625 0.255859375 0.4201388888888889 0.255859375 0.4513888888888889
0 0.2734375 0.3125 0.275390625 0.2847222222222222 0.267578125 0.2777777777777778 0.263671875 0.2986111111111111 0.2734375 0.3125
0 0.76171875 0.3368055555555556 0.759765625 0.2847222222222222 0.75390625 0.28125 0.744140625 0.3055555555555556 0.7421875 0.3263888888888889 0.76171875 0.3368055555555556
0 0.140625 0.2986111111111111 0.142578125 0.2673611111111111 0.126953125 0.2638888888888889 0.125 0.2951388888888889 0.140625 0.2986111111111111
0 0.154296875 0.59375 0.16015625 0.5972222222222222 0.171875 0.5763888888888888 0.173828125 0.53125 0.166015625 0.5138888888888888 0.15625 0.5138888888888888 0.150390625 0.5416666666666666 0.154296875 0.59375
0 0.21875 0.4618055555555556 0.224609375 0.4201388888888889 0.20703125 0.4236111111111111 0.205078125 0.4513888888888889 0.21875 0.4618055555555556
0 0.04296875 0.8229166666666666 0.056640625 0.8472222222222222 0.068359375 0.8159722222222222 0.072265625 0.75 0.064453125 0.7291666666666666 0.041015625 0.7361111111111112 0.037109375 0.7847222222222222 0.04296875 0.8229166666666666
0 0.32421875 0.3576388888888889 0.330078125 0.3472222222222222 0.330078125 0.3159722222222222 0.318359375 0.3263888888888889 0.318359375 0.3576388888888889 0.32421875 0.3576388888888889
0 0.291015625 0.3576388888888889 0.29296875 0.3263888888888889 0.28515625 0.3159722222222222 0.28125 0.3541666666666667 0.291015625 0.3576388888888889
0 0.138671875 0.3576388888888889 0.1484375 0.3680555555555556 0.154296875 0.3229166666666667 0.1484375 0.3090277777777778 0.142578125 0.3125 0.13671875 0.3263888888888889 0.138671875 0.3576388888888889
0 0.197265625 0.3229166666666667 0.19140625 0.2673611111111111 0.1796875 0.28125 0.1796875 0.3229166666666667 0.197265625 0.3229166666666667
0 0.267578125 0.5763888888888888 0.2734375 0.5763888888888888 0.28125 0.5277777777777778 0.279296875 0.4930555555555556 0.259765625 0.4930555555555556 0.255859375 0.5416666666666666 0.267578125 0.5763888888888888
0 0.099609375 0.4375 0.109375 0.4513888888888889 0.1171875 0.4375 0.119140625 0.4027777777777778 0.1171875 0.3854166666666667 0.10546875 0.3784722222222222 0.099609375 0.3888888888888889 0.099609375 0.4375
0 0.0625 0.3055555555555556 0.07421875 0.3055555555555556 0.072265625 0.2604166666666667 0.0625 0.2604166666666667 0.0625 0.3055555555555556
0 0.306640625 0.3715277777777778 0.3046875 0.3958333333333333 0.29296875 0.4027777777777778 0.298828125 0.4201388888888889 0.310546875 0.3923611111111111 0.310546875 0.375 0.3046875 0.3611111111111111 0.29296875 0.3611111111111111 0.29296875 0.3784722222222222 0.306640625 0.3715277777777778
0 0.30078125 0.6527777777777778 0.31640625 0.6736111111111112 0.314453125 0.6423611111111112 0.322265625 0.6076388888888888 0.31640625 0.5902777777777778 0.3046875 0.5868055555555556 0.298828125 0.59375 0.30078125 0.6527777777777778
0 0.109375 0.2986111111111111 0.103515625 0.2673611111111111 0.091796875 0.2673611111111111 0.0859375 0.2951388888888889 0.109375 0.2986111111111111
0 0.373046875 0.9513888888888888 0.375 0.9340277777777778 0.369140625 0.9305555555555556 0.3671875 0.9513888888888888 0.373046875 0.9513888888888888
0 0.38671875 0.9548611111111112 0.380859375 0.96875 0.369140625 0.96875 0.38671875 0.9965277777777778 0.44140625 0.9965277777777778 0.443359375 0.9826388888888888 0.4296875 0.9375 0.416015625 0.9236111111111112 0.400390625 0.9618055555555556 0.38671875 0.9548611111111112
0 0.10546875 0.7430555555555556 0.1171875 0.71875 0.1171875 0.6423611111111112 0.09375 0.6354166666666666 0.09375 0.7048611111111112 0.10546875 0.7430555555555556
0 0.21875 0.375 0.212890625 0.34375 0.1875 0.3298611111111111 0.1796875 0.3715277777777778 0.21875 0.375