0 0.35546875 0.7048611111111112 0.35546875 0.6909722222222222 0.345703125 0.7013888888888888 0.334635416015625 0.6817129618055556 0.330078125 0.6875 0.318359375 0.6701388888888888 0.318359375 0.7291666666666666 0.330078125 0.7326388888888888 0.32421875 0.7534722222222222 0.341796875 0.7083333333333334 0.35546875 0.7048611111111112
0 0.3525390625 0.6631944444444444 0.005859375 0.006944444444444444
0 0.115234375 0.4965277777777778 0.12890625 0.4826388888888889 0.130859375 0.46875 0.1171875 0.4375 0.111328125 0.4375 0.099609375 0.46875 0.099609375 0.5 0.115234375 0.4965277777777778
0 0.25 0.9722222222222222 0.26171875 0.9722222222222222 0.259765625 0.9236111111111112 0.248046875 0.8854166666666666 0.25390625 0.875 0.236328125 0.8854166666666666 0.23828125 0.9548611111111112 0.25 0.9722222222222222
0 0.263671875 0.9930555555555556 0.27734375 0.9722222222222222 0.28125 0.9930555555555556 0.31640625 0.9965277777777778 0.31640625 0.9826388888888888 0.3046875 0.9618055555555556 0.30078125 0.8576388888888888 0.29296875 0.875 0.296875 0.8854166666666666 0.28125 0.8888888888888888 0.2734375 0.9097222222222222 0.2734375 0.9722222222222222 0.263671875 0.9930555555555556
0 0.01171875 0.4479166666666667 0.009765625 0.4236111111111111 0.00390625 0.4201388888888889 0 0.4618055555555556 0.01171875 0.4479166666666667
0 0.486328125 0.4826388888888889 0.484375 0.4513888888888889 0.466796875 0.4513888888888889 0.462890625 0.4826388888888889 0.486328125 0.4826388888888889
0 0.12890625 0.5138888888888888 0.130859375 0.4791666666666667 0.142578125 0.5 0.162109375 0.5 0.16796875 0.4930555555555556 0.16796875 0.4618055555555556 0.16015625 0.4513888888888889 0.146484375 0.4722222222222222 0.134765625 0.46875 0.119140625 0.4861111111111111 0.119140625 0.5138888888888888 0.12890625 0.5138888888888888
0 0.056640625 0.8888888888888888 0.068359375 0.8993055555555556 0.07421875 0.875 0.07421875 0.7847222222222222 0.0546875 0.7847222222222222 0.05078125 0.8576388888888888 0.056640625 0.8888888888888888
0 0.326171875 0.4305555555555556 0.337890625 0.4305555555555556 0.349609375 0.40625 0.34375 0.375 0.33203125 0.375 0.32421875 0.3923611111111111 0.326171875 0.4305555555555556
0 0.0625 0.3263888888888889 0.0625 0.3090277777777778 0.0546875 0.2951388888888889 0.041015625 0.2951388888888889 0.037109375 0.3263888888888889 0.0625 0.3263888888888889
0 0.8046875 0.4513888888888889 0.802734375 0.4201388888888889 0.779296875 0.4097222222222222 0.76171875 0.4305555555555556 0.76171875 0.4513888888888889 0.8046875 0.4513888888888889
0 0.193359375 0.96875 0.201171875 0.9965277777777778 0.21875 0.9965277777777778 0.22265625 0.9722222222222222 0.212890625 0.875 0.19140625 0.875 0.185546875 0.8993055555555556 0.193359375 0.96875
0 0.123046875 0.8888888888888888 0.12109375 0.8680555555555556 0.130859375 0.8541666666666666 0.1484375 0.8576388888888888 0.146484375 0.8090277777777778 0.111328125 0.8159722222222222 0.11328125 0.8888888888888888 0.123046875 0.8888888888888888
0 0.1513671875 0.7864583333333334 0.005859375 0.010416666666666666
0 0.150390625 0.3784722222222222 0.16015625 0.3993055555555556 0.19921875 0.4027777777777778 0.205078125 0.3923611111111111 0.185546875 0.3611111111111111 0.162109375 0.3541666666666667 0.150390625 0.3541666666666667 0.150390625 0.3784722222222222
0 0.259765625 0.4409722222222222 0.287109375 0.4375 0.287109375 0.4201388888888889 0.2734375 0.40625 0.26171875 0.40625 0.25 0.4236111111111111 0.25 0.4618055555555556 0.259765625 0.4409722222222222
0 0.3046875 0.7013888888888888 0.3125 0.6875 0.3125 0.6180555555555556 0.29296875 0.6180555555555556 0.29296875 0.6805555555555556 0.3046875 0.7013888888888888
0 0.126953125 0.4097222222222222 0.13671875 0.3993055555555556 0.130859375 0.375 0.11328125 0.3715277777777778 0.11328125 0.40625 0.126953125 0.4097222222222222
0 0.32421875 0.3993055555555556 0.322265625 0.3680555555555556 0.29296875 0.375 0.29296875 0.4097222222222222 0.32421875 0.3993055555555556
0 0.650390625 0.4166666666666667 0.66015625 0.4340277777777778 0.677734375 0.4340277777777778 0.681640625 0.4236111111111111 0.693359375 0.4305555555555556 0.705078125 0.3993055555555556 0.6796875 0.4097222222222222 0.673828125 0.3784722222222222 0.650390625 0.40625 0.650390625 0.4166666666666667
0 0.09375 0.3715277777777778 0.091796875 0.3368055555555556 0.07421875 0.3368055555555556 0.068359375 0.375 0.09375 0.3715277777777778
0 0.1796875 0.4652777777777778 0.1875 0.4652777777777778 0.19140625 0.4513888888888889 0.216796875 0.4479166666666667 0.216796875 0.4097222222222222 0.193359375 0.40625 0.185546875 0.4201388888888889 0.17578125 0.4409722222222222 0.1796875 0.4652777777777778
0 0.142578125 0.65625 0.15234375 0.6736111111111112 0.16796875 0.6111111111111112 0.162109375 0.5868055555555556 0.1484375 0.5763888888888888 0.142578125 0.5798611111111112 0.142578125 0.65625
0 0.62890625 0.375 0.6139705882352942 0.3831699346405229 0.625 0.4027777777777778 0.630859375 0.3923611111111111 0.62890625 0.375
0 0.611328125 0.4027777777777778 0.6131228885135135 0.3836336336336336 0.603515625 0.3888888888888889 0.599609375 0.3819444444444444 0.591796875 0.3888888888888889 0.59765625 0.4201388888888889 0.611328125 0.4027777777777778
0 0.01171875 0.5138888888888888 0.0234375 0.4965277777777778 0.048828125 0.5 0.056640625 0.4895833333333333 0.0546875 0.4513888888888889 0.04296875 0.4548611111111111 0.029296875 0.4826388888888889 0.0234375 0.46875 0.00390625 0.4652777777777778 0 0.5138888888888888 0.01171875 0.5138888888888888
0 0.0625 0.9930555555555556 0.0625 0.9513888888888888 0.056640625 0.9375 0.037109375 0.9375 0.029296875 0.9513888888888888 0.01953125 0.9513888888888888 0.0234375 0.9965277777777778 0.0625 0.9930555555555556
0 0.8671875 0.40625 0.8984375 0.4097222222222222 0.900390625 0.3923611111111111 0.888671875 0.3680555555555556 0.880859375 0.3576388888888889 0.86328125 0.3611111111111111 0.861328125 0.3888888888888889 0.8671875 0.40625
0 0.5859375 0.7430555555555556 0.623046875 0.7013888888888888 0.609375 0.6805555555555556 0.623046875 0.6701388888888888 0.619140625 0.6597222222222222 0.591796875 0.6736111111111112 0.57421875 0.6701388888888888 0.568359375 0.7152777777777778 0.5859375 0.7430555555555556
0 0.091796875 0.7361111111111112 0.09375 0.7604166666666666 0.099609375 0.7604166666666666 0.109375 0.71875 0.10546875 0.65625 0.08203125 0.6597222222222222 0.08203125 0.71875 0.091796875 0.7361111111111112
0 0.330078125 0.7777777777777778 0.337890625 0.7916666666666666 0.330078125 0.8055555555555556 0.34375 0.8298611111111112 0.34765625 0.8715277777777778 0.353515625 0.8715277777777778 0.375 0.8263888888888888 0.3671875 0.7673611111111112 0.35546875 0.7673611111111112 0.341796875 0.7881944444444444 0.330078125 0.7777777777777778
0 0.4609375 0.6354166666666666 0.466796875 0.6111111111111112 0.458984375 0.5902777777777778 0.447265625 0.5868055555555556 0.443359375 0.6111111111111112 0.4609375 0.6354166666666666
0 0.01953125 0.3125 0.037109375 0.3055555555555556 0.03515625 0.28125 0.017578125 0.28125 0.013671875 0.2951388888888889 0.01953125 0.3125
0 0.51171875 0.7361111111111112 0.51953125 0.7673611111111112 0.53515625 0.7638888888888888 0.544921875 0.7916666666666666 0.552734375 0.7951388888888888 0.5546875 0.7361111111111112 0.560546875 0.7222222222222222 0.548828125 0.7048611111111112 0.548828125 0.6875 0.53125 0.6875 0.53125 0.71875 0.51171875 0.7361111111111112
0 0.650390625 0.40625 0.66796875 0.3888888888888889 0.673828125 0.3576388888888889 0.66796875 0.3472222222222222 0.64453125 0.375 0.642578125 0.40625 0.650390625 0.40625
0 0.1875 0.9965277777777778 0.177734375 0.9479166666666666 0.16796875 0.9618055555555556 0.142578125 0.9618055555555556 0.13671875 0.9965277777777778 0.1875 0.9965277777777778
0 0.69921875 0.4479166666666667 0.7421875 0.4479166666666667 0.73046875 0.4097222222222222 0.70703125 0.4027777777777778 0.693359375 0.4305555555555556 0.69921875 0.4479166666666667