0 0.50390625 0.4340277777777778 0.505859375 0.4166666666666667 0.4921875 0.3888888888888889 0.474609375 0.3923611111111111 0.4765625 0.4375 0.50390625 0.4340277777777778
0 0.04296875 0.3541666666666667 0.041015625 0.3263888888888889 0.01953125 0.3229166666666667 0.013671875 0.3333333333333333 0.013671875 0.3611111111111111 0.04296875 0.3541666666666667
0 0 0.3784722222222222 0.005859375 0.375 0.005859375 0.34375 0 0.34375 0 0.3784722222222222
0 0.0625 0.4826388888888889 0.099609375 0.46875 0.109375 0.4513888888888889 0.10546875 0.4375 0.08203125 0.4409722222222222 0.068359375 0.4236111111111111 0.064453125 0.4479166666666667 0.0546875 0.4513888888888889 0.05078125 0.4722222222222222 0.0625 0.4826388888888889
0 0.44921875 0.5 0.45703125 0.4791666666666667 0.45703125 0.4513888888888889 0.44140625 0.4375 0.431640625 0.4791666666666667 0.431640625 0.5104166666666666 0.44921875 0.5
0 0.82421875 0.9930555555555556 0.873046875 0.9930555555555556 0.85546875 0.9201388888888888 0.83203125 0.9236111111111112 0.82421875 0.9375 0.82421875 0.9930555555555556
0 0.76953125 0.8784722222222222 0.76953125 0.9305555555555556 0.787109375 0.9791666666666666 0.806640625 0.9930555555555556 0.810546875 0.9513888888888888 0.798828125 0.9027777777777778 0.8046875 0.84375 0.7890625 0.8229166666666666 0.76953125 0.8263888888888888 0.76171875 0.8402777777777778 0.76953125 0.8784722222222222
0 0.53125 0.4340277777777778 0.56640625 0.4201388888888889 0.5625 0.3923611111111111 0.537109375 0.3923611111111111 0.529296875 0.40625 0.53125 0.4340277777777778
0 0.34765625 0.3541666666666667 0.33203125 0.3888888888888889 0.353515625 0.375 0.361328125 0.3854166666666667 0.359375 0.3541666666666667 0.3515625 0.3576388888888889 0.341796875 0.34375 0.33203125 0.3541666666666667 0.330078125 0.3611111111111111 0.34765625 0.3541666666666667
0 0.060546875 0.34375 0.060546875 0.3055555555555556 0.048828125 0.3090277777777778 0.046875 0.34375 0.060546875 0.34375
0 0.244140625 0.4375 0.279296875 0.4097222222222222 0.25390625 0.3715277777777778 0.2421875 0.375 0.23828125 0.4201388888888889 0.244140625 0.4375
0 0.5234375 0.7013888888888888 0.5234375 0.7291666666666666 0.53515625 0.7291666666666666 0.537109375 0.7430555555555556 0.548828125 0.7534722222222222 0.5546875 0.7326388888888888 0.5546875 0.65625 0.544921875 0.6354166666666666 0.525390625 0.6493055555555556 0.529296875 0.6944444444444444 0.5234375 0.7013888888888888
0 0 0.53125 0.060546875 0.5277777777777778 0.07421875 0.4965277777777778 0.068359375 0.4826388888888889 0.0546875 0.4826388888888889 0.03515625 0.4409722222222222 0.03125 0.4722222222222222 0.005859375 0.4826388888888889 0 0.4930555555555556 0 0.53125
0 0.3125 0.5416666666666666 0.318359375 0.5486111111111112 0.35546875 0.5173611111111112 0.35546875 0.4652777777777778 0.349609375 0.4618055555555556 0.345703125 0.4375 0.337890625 0.4375 0.3359375 0.4548611111111111 0.34765625 0.46875 0.341796875 0.4826388888888889 0.3359375 0.4722222222222222 0.318359375 0.4826388888888889 0.3125 0.5138888888888888 0.3125 0.5416666666666666
0 0.7109375 0.9791666666666666 0.7265625 0.9791666666666666 0.736328125 0.9930555555555556 0.76171875 0.9861111111111112 0.755859375 0.9027777777777778 0.744140625 0.8784722222222222 0.712890625 0.8993055555555556 0.693359375 0.8715277777777778 0.681640625 0.8993055555555556 0.6796875 0.9201388888888888 0.7109375 0.9791666666666666
0 0.73046875 0.84375 0.734375 0.8263888888888888 0.724609375 0.8263888888888888 0.73046875 0.84375
0 0.677734375 0.7881944444444444 0.662109375 0.7951388888888888 0.662109375 0.8263888888888888 0.685546875 0.875 0.6796875 0.9201388888888888 0.7109375 0.9791666666666666 0.724609375 0.9722222222222222 0.75 0.9930555555555556 0.759765625 0.96875 0.755859375 0.90625 0.751953125 0.8888888888888888 0.732421875 0.8819444444444444 0.73828125 0.8611111111111112 0.724609375 0.8125 0.73046875 0.8055555555555556 0.73046875 0.7847222222222222 0.705078125 0.7951388888888888 0.712890625 0.8125 0.701171875 0.8229166666666666 0.681640625 0.7951388888888888 0.666015625 0.7534722222222222 0.662109375 0.7638888888888888 0.677734375 0.7881944444444444
0 0.60546875 0.71875 0.611328125 0.7291666666666666 0.60546875 0.7847222222222222 0.63671875 0.8159722222222222 0.642578125 0.8090277777777778 0.642578125 0.7673611111111112 0.63671875 0.7604166666666666 0.630859375 0.7013888888888888 0.625 0.7013888888888888 0.615234375 0.71875 0.60546875 0.71875
0 0.580078125 0.75 0.591796875 0.7673611111111112 0.599609375 0.7604166666666666 0.595703125 0.6979166666666666 0.580078125 0.6979166666666666 0.580078125 0.75
0 0.375 0.4791666666666667 0.380859375 0.4930555555555556 0.3984375 0.4930555555555556 0.404296875 0.4826388888888889 0.3984375 0.4513888888888889 0.37890625 0.4409722222222222 0.373046875 0.4513888888888889 0.375 0.4791666666666667
0 0.662109375 0.8263888888888888 0.673828125 0.8611111111111112 0.6875 0.875 0.69921875 0.8263888888888888 0.70703125 0.8125 0.73046875 0.8055555555555556 0.73046875 0.7847222222222222 0.689453125 0.7986111111111112 0.66796875 0.75 0.662109375 0.7534722222222222 0.662109375 0.8263888888888888
0 0.32421875 0.4375 0.326171875 0.4097222222222222 0.3125 0.40625 0.310546875 0.4375 0.32421875 0.4375
0 0.2734375 0.46875 0.306640625 0.4548611111111111 0.296875 0.40625 0.275390625 0.4201388888888889 0.26953125 0.4409722222222222 0.267578125 0.4618055555555556 0.2734375 0.46875
0 0.13671875 0.625 0.142578125 0.625 0.1484375 0.6041666666666666 0.185546875 0.5798611111111112 0.185546875 0.5451388888888888 0.1796875 0.53125 0.162109375 0.5659722222222222 0.1484375 0.5416666666666666 0.130859375 0.5625 0.12890625 0.6076388888888888 0.13671875 0.625