0 0.86328125 0.2465277777777778 0.861379298828125 0.2803402465277778 0.89453125 0.2777777777777778 0.88671875 0.25 0.86328125 0.2465277777777778
0 0.849609375 0.28125 0.86072406640625 0.28039089236111114 0.8515625 0.2673611111111111 0.849609375 0.28125
0 0.87890625 0.375 0.921875 0.3680555555555556 0.91796875 0.34375 0.91015625 0.3368055555555556 0.904296875 0.3611111111111111 0.89453125 0.3368055555555556 0.880859375 0.3472222222222222 0.875 0.3576388888888889 0.87890625 0.375
0 0.037109375 0.4201388888888889 0.052734375 0.4340277777777778 0.0546875 0.3784722222222222 0.04296875 0.3715277777777778 0.037109375 0.3784722222222222 0.037109375 0.4201388888888889
0 0.236328125 0.4548611111111111 0.244140625 0.4236111111111111 0.263671875 0.4513888888888889 0.2734375 0.4375 0.26953125 0.40625 0.25 0.4236111111111111 0.236328125 0.40625 0.224609375 0.4513888888888889 0.236328125 0.4548611111111111
0 0.32421875 0.4652777777777778 0.330078125 0.4479166666666667 0.32421875 0.4201388888888889 0.29296875 0.4201388888888889 0.29296875 0.4513888888888889 0.32421875 0.4652777777777778
0 0.40625 0.4340277777777778 0.4296875 0.3888888888888889 0.4296875 0.3784722222222222 0.416015625 0.3784722222222222 0.400390625 0.40625 0.40625 0.4340277777777778
0 0.25 0.5347222222222222 0.255859375 0.5555555555555556 0.26171875 0.5555555555555556 0.267578125 0.5347222222222222 0.3046875 0.5277777777777778 0.3046875 0.5 0.29296875 0.4826388888888889 0.29296875 0.4513888888888889 0.287109375 0.4479166666666667 0.26171875 0.4826388888888889 0.259765625 0.5104166666666666 0.25 0.5347222222222222
0 0.361328125 0.5104166666666666 0.37890625 0.4965277777777778 0.3984375 0.4965277777777778 0.40625 0.4722222222222222 0.40625 0.4513888888888889 0.39453125 0.4513888888888889 0.390625 0.46875 0.37890625 0.4513888888888889 0.3671875 0.4618055555555556 0.359375 0.4895833333333333 0.361328125 0.5104166666666666
0 0.568359375 0.4409722222222222 0.580078125 0.4236111111111111 0.580078125 0.375 0.55078125 0.3993055555555556 0.548828125 0.4409722222222222 0.568359375 0.4409722222222222
0 0.20703125 0.5277777777777778 0.208984375 0.5520833333333334 0.185546875 0.5659722222222222 0.1796875 0.5763888888888888 0.181640625 0.5972222222222222 0.2109375 0.59375 0.236328125 0.5729166666666666 0.234375 0.53125 0.224609375 0.53125 0.220703125 0.5555555555555556 0.212890625 0.5590277777777778 0.205078125 0.5034722222222222 0.193359375 0.5138888888888888 0.19140625 0.53125 0.20703125 0.5277777777777778
0 0.0859375 0.3402777777777778 0.09765625 0.3402777777777778 0.10546875 0.3263888888888889 0.103515625 0.3125 0.087890625 0.2951388888888889 0.08203125 0.3298611111111111 0.0859375 0.3402777777777778
0 0.12890625 0.40625 0.125 0.3680555555555556 0.111328125 0.3576388888888889 0.111328125 0.4027777777777778 0.12890625 0.40625
0 0.12890625 0.5104166666666666 0.138671875 0.4965277777777778 0.173828125 0.5 0.1796875 0.4826388888888889 0.173828125 0.4513888888888889 0.162109375 0.4513888888888889 0.146484375 0.4722222222222222 0.142578125 0.4409722222222222 0.13671875 0.4444444444444444 0.125 0.4826388888888889 0.12890625 0.5104166666666666
0 0.611328125 0.3888888888888889 0.611328125 0.3576388888888889 0.5859375 0.3576388888888889 0.58203125 0.375 0.611328125 0.3888888888888889
0 0.86328125 0.4340277777777778 0.892578125 0.4479166666666667 0.890625 0.4166666666666667 0.85546875 0.40625 0.853515625 0.4166666666666667 0.86328125 0.4340277777777778
0 0.142578125 0.4027777777777778 0.154296875 0.3993055555555556 0.15625 0.3611111111111111 0.1484375 0.3402777777777778 0.138671875 0.34375 0.13671875 0.3819444444444444 0.142578125 0.4027777777777778
0 0.01953125 0.5138888888888888 0.01171875 0.5416666666666666 0.07421875 0.5277777777777778 0.07421875 0.4791666666666667 0.029296875 0.4791666666666667 0.01953125 0.4930555555555556 0.029296875 0.5104166666666666 0.01953125 0.5138888888888888
0 0 0.6666666666666666 0.01171875 0.6701388888888888 0.01171875 0.65625 0.03125 0.6354166666666666 0.060546875 0.6354166666666666 0.06640625 0.625 0.06640625 0.5729166666666666 0.0546875 0.5729166666666666 0.037109375 0.6041666666666666 0.037109375 0.6215277777777778 0.0234375 0.6388888888888888 0.017578125 0.6284722222222222 0.017578125 0.5868055555555556 0.005859375 0.5798611111111112 0 0.6041666666666666 0 0.6666666666666666
0 0.943359375 0.3055555555555556 0.962890625 0.3055555555555556 0.974609375 0.2638888888888889 0.962890625 0.25 0.939453125 0.28125 0.935546875 0.2951388888888889 0.943359375 0.3055555555555556
0 0.42578125 0.4513888888888889 0.44140625 0.4340277777777778 0.44921875 0.40625 0.423828125 0.40625 0.412109375 0.4236111111111111 0.412109375 0.4479166666666667 0.42578125 0.4513888888888889
0 0.61328125 0.4826388888888889 0.6171875 0.46875 0.615234375 0.4375 0.599609375 0.4479166666666667 0.578125 0.4340277777777778 0.568359375 0.4548611111111111 0.568359375 0.4861111111111111 0.61328125 0.4826388888888889
0 0.6484375 0.4027777777777778 0.65234375 0.3923611111111111 0.666015625 0.3923611111111111 0.6796875 0.3680555555555556 0.66796875 0.34375 0.640625 0.375 0.638671875 0.3993055555555556 0.6484375 0.4027777777777778
0 0.5625 0.3263888888888889 0.572265625 0.3263888888888889 0.572265625 0.2847222222222222 0.556640625 0.2951388888888889 0.5546875 0.3125 0.5625 0.3263888888888889
0 0.08203125 0.6423611111111112 0.08203125 0.6597222222222222 0.099609375 0.65625 0.1171875 0.6284722222222222 0.134765625 0.6215277777777778 0.134765625 0.6111111111111112 0.1171875 0.6041666666666666 0.111328125 0.5763888888888888 0.103515625 0.5798611111111112 0.099609375 0.6215277777777778 0.08203125 0.6423611111111112
0 0.791015625 0.2638888888888889 0.822265625 0.2604166666666667 0.81640625 0.2361111111111111 0.787109375 0.2361111111111111 0.78515625 0.2569444444444444 0.791015625 0.2638888888888889
0 0.16796875 0.4027777777777778 0.193359375 0.40625 0.205078125 0.3923611111111111 0.18359375 0.3576388888888889 0.16796875 0.3680555555555556 0.162109375 0.3888888888888889 0.16796875 0.4027777777777778
0 0.998046875 0.3298611111111111 0.998046875 0.2951388888888889 0.986328125 0.2951388888888889 0.984375 0.3263888888888889 0.998046875 0.3298611111111111