0 0.05078125 0.3402777777777778 0.060546875 0.3229166666666667 0.0546875 0.3055555555555556 0.029296875 0.3125 0.029296875 0.34375 0.05078125 0.3402777777777778
0 0.318359375 0.4513888888888889 0.32421875 0.4097222222222222 0.318359375 0.40625 0.306640625 0.4236111111111111 0.30859375 0.4652777777777778 0.318359375 0.4513888888888889
0 0.017578125 0.4375 0.013671875 0.4027777777777778 0.00390625 0.3854166666666667 0 0.4340277777777778 0.017578125 0.4375
0 0.091796875 0.4479166666666667 0.1484375 0.4305555555555556 0.142578125 0.3888888888888889 0.130859375 0.3888888888888889 0.125 0.40625 0.099609375 0.40625 0.091796875 0.4201388888888889 0.0859375 0.4340277777777778 0.091796875 0.4479166666666667
0 0.638671875 0.78125 0.658203125 0.7951388888888888 0.662109375 0.8090277777777778 0.673828125 0.78125 0.673828125 0.7465277777777778 0.666015625 0.7013888888888888 0.650390625 0.7048611111111112 0.6484375 0.7465277777777778 0.638671875 0.78125
0 0.630859375 0.7638888888888888 0.63671875 0.71875 0.630859375 0.7118055555555556 0.630859375 0.6840277777777778 0.619140625 0.6805555555555556 0.6171875 0.7361111111111112 0.630859375 0.7638888888888888
0 0.923828125 0.4479166666666667 0.923828125 0.4201388888888889 0.916015625 0.4201388888888889 0.912109375 0.4409722222222222 0.923828125 0.4479166666666667
0 0.90625 0.4479166666666667 0.912109375 0.4097222222222222 0.88671875 0.40625 0.880859375 0.4375 0.90625 0.4479166666666667
0 0.5859375 0.6631944444444444 0.58203125 0.6840277777777778 0.5859375 0.6701388888888888 0.59375 0.6701388888888888 0.59375 0.7118055555555556 0.611328125 0.7222222222222222 0.619140625 0.6701388888888888 0.595703125 0.6597222222222222 0.6171875 0.6354166666666666 0.609375 0.625 0.59765625 0.6423611111111112 0.58203125 0.625 0.576171875 0.6493055555555556 0.5859375 0.6631944444444444
0 0.0234375 0.6388888888888888 0.029296875 0.6423611111111112 0.04296875 0.6388888888888888 0.056640625 0.6076388888888888 0.060546875 0.6215277777777778 0.076171875 0.6076388888888888 0.08203125 0.6180555555555556 0.080078125 0.6111111111111112 0.09375 0.6076388888888888 0.091796875 0.5486111111111112 0.07421875 0.5659722222222222 0.064453125 0.6076388888888888 0.0546875 0.6041666666666666 0.052734375 0.5590277777777778 0.0390625 0.5625 0.03125 0.5798611111111112 0.0234375 0.6111111111111112 0.0234375 0.6388888888888888
0 0.2109375 0.5555555555555556 0.19921875 0.5451388888888888 0.2109375 0.53125 0.20703125 0.5138888888888888 0.1875 0.5347222222222222 0.1796875 0.5138888888888888 0.16796875 0.5243055555555556 0.16796875 0.59375 0.2109375 0.5555555555555556
0 0.80078125 0.46875 0.8359375 0.3993055555555556 0.822265625 0.3923611111111111 0.8125 0.40625 0.79296875 0.40625 0.791015625 0.4618055555555556 0.80078125 0.46875
0 0.13671875 0.5243055555555556 0.138671875 0.5 0.125 0.4895833333333333 0.123046875 0.46875 0.103515625 0.4618055555555556 0.087890625 0.4861111111111111 0.080078125 0.5416666666666666 0.13671875 0.5243055555555556
0 0.025390625 0.4548611111111111 0.03515625 0.4548611111111111 0.04296875 0.4409722222222222 0.048828125 0.4479166666666667 0.060546875 0.4201388888888889 0.068359375 0.4513888888888889 0.080078125 0.4375 0.07421875 0.4097222222222222 0.05078125 0.4201388888888889 0.03515625 0.4097222222222222 0.01953125 0.4375 0.025390625 0.4548611111111111
0 0.580078125 0.625 0.587890625 0.5902777777777778 0.5859375 0.5625 0.576171875 0.5590277777777778 0.56640625 0.5972222222222222 0.560546875 0.5590277777777778 0.55078125 0.5590277777777778 0.55078125 0.625 0.580078125 0.625
0 0.3984375 0.46875 0.40625 0.4236111111111111 0.388671875 0.4305555555555556 0.380859375 0.4201388888888889 0.375 0.4722222222222222 0.3984375 0.46875
0 0.310546875 0.53125 0.349609375 0.5 0.337890625 0.4930555555555556 0.349609375 0.48032291666666665 0.349609375 0.46064930555555555 0.34375 0.4600694444444444 0.34765625 0.4375 0.333984375 0.5 0.326171875 0.4965277777777778 0.32421875 0.46875 0.3125 0.46875 0.306640625 0.5138888888888888 0.310546875 0.53125
0 0.650390625 0.46875 0.673828125 0.4791666666666667 0.685546875 0.4722222222222222 0.685546875 0.4340277777777778 0.6484375 0.4340277777777778 0.64453125 0.4548611111111111 0.650390625 0.46875
0 0.25 0.4722222222222222 0.25 0.5 0.259765625 0.5 0.2734375 0.4652777777777778 0.287109375 0.4930555555555556 0.298828125 0.4861111111111111 0.298828125 0.4513888888888889 0.2734375 0.4618055555555556 0.26171875 0.4479166666666667 0.26171875 0.4618055555555556 0.25 0.4722222222222222