0 0.630859375 0.3715277777777778 0.63671875 0.3888888888888889 0.66015625 0.3611111111111111 0.654296875 0.3298611111111111 0.64453125 0.3298611111111111 0.64453125 0.34375 0.630859375 0.3715277777777778
0 0.537109375 0.4375 0.568359375 0.4340277777777778 0.560546875 0.4201388888888889 0.568359375 0.40625 0.556640625 0.4201388888888889 0.5546875 0.3888888888888889 0.548828125 0.3888888888888889 0.537109375 0.4097222222222222 0.537109375 0.4375
0 0.767578125 0.2638888888888889 0.767578125 0.2361111111111111 0.759765625 0.2326388888888889 0.755859375 0.2638888888888889 0.767578125 0.2638888888888889
0 0.263671875 0.2638888888888889 0.267578125 0.2361111111111111 0.259765625 0.2361111111111111 0.255859375 0.25 0.263671875 0.2638888888888889
0 0.451171875 0.375 0.451171875 0.3854166666666667 0.4609375 0.3993055555555556 0.4921875 0.3993055555555556 0.4921875 0.3611111111111111 0.486328125 0.3576388888888889 0.484375 0.3715277777777778 0.474609375 0.375 0.46875 0.3576388888888889 0.46484375 0.3715277777777778 0.451171875 0.375
0 0.841796875 0.3472222222222222 0.849609375 0.3541666666666667 0.853515625 0.3402777777777778 0.861328125 0.3541666666666667 0.86328125 0.3368055555555556 0.826171875 0.3368055555555556 0.818359375 0.3472222222222222 0.8125 0.3715277777777778 0.841796875 0.3472222222222222
0 0.05078125 0.375 0.07421875 0.375 0.06640625 0.3472222222222222 0.060546875 0.3541666666666667 0.046875 0.34375 0.04296875 0.3576388888888889 0.05078125 0.375
0 0.28125 0.2743055555555556 0.28515625 0.25 0.279296875 0.24305555555555555 0.275390625 0.2673611111111111 0.28125 0.2743055555555556
0 0.2734375 0.5243055555555556 0.32421875 0.5104166666666666 0.32421875 0.4878472222222222 0.318359375 0.4791666666666667 0.32421875 0.4652777777777778 0.30859375 0.4861111111111111 0.275390625 0.4861111111111111 0.267578125 0.5 0.2734375 0.5243055555555556
0 0.388671875 0.40625 0.3984375 0.4027777777777778 0.400390625 0.3784722222222222 0.41015625 0.3854166666666667 0.41015625 0.4027777777777778 0.423828125 0.3993055555555556 0.421875 0.3715277777777778 0.40234375 0.3784722222222222 0.39453125 0.3576388888888889 0.384765625 0.3888888888888889 0.388671875 0.40625
0 0.384765625 0.2951388888888889 0.37890625 0.28125 0.38671875 0.2638888888888889 0.37890625 0.2638888888888889 0.375 0.2777777777777778 0.384765625 0.2951388888888889
0 0.8671875 0.2638888888888889 0.865234375 0.2465277777777778 0.849609375 0.2465277777777778 0.84765625 0.2673611111111111 0.8671875 0.2638888888888889
0 0.142578125 0.2743055555555556 0.1484375 0.25 0.12890625 0.2361111111111111 0.125 0.2638888888888889 0.142578125 0.2743055555555556
0 0 0.5347222222222222 0.041015625 0.53125 0.04296875 0.4826388888888889 0.03515625 0.4826388888888889 0.021484375 0.5 0 0.5 0 0.5347222222222222
0 0.32421875 0.3368055555555556 0.330078125 0.3368055555555556 0.33203125 0.2951388888888889 0.32421875 0.2847222222222222 0.318359375 0.3159722222222222 0.32421875 0.3368055555555556
0 0.03125 0.3229166666666667 0.0234375 0.2951388888888889 0.009765625 0.2916666666666667 0.005859375 0.3263888888888889 0.03125 0.3229166666666667
0 0.96875 0.4513888888888889 0.994140625 0.4618055555555556 0.998046875 0.4236111111111111 0.98046875 0.4236111111111111 0.96875 0.4375 0.96875 0.4513888888888889
0 0.416015625 0.6076388888888888 0.431640625 0.5729166666666666 0.439453125 0.59375 0.44921875 0.59375 0.4609375 0.5763888888888888 0.462890625 0.5451388888888888 0.45703125 0.53125 0.4296875 0.5694444444444444 0.4296875 0.5416666666666666 0.421875 0.53125 0.408203125 0.5694444444444444 0.41015625 0.6076388888888888 0.416015625 0.6076388888888888
0 0.466796875 0.5416666666666666 0.49609375 0.5347222222222222 0.50390625 0.5173611111111112 0.5 0.4826388888888889 0.494140625 0.4826388888888889 0.486328125 0.5069444444444444 0.4765625 0.4826388888888889 0.46875 0.4826388888888889 0.4609375 0.5034722222222222 0.45703125 0.5277777777777778 0.466796875 0.5416666666666666
0 0.291015625 0.34375 0.298828125 0.34375 0.296875 0.3090277777777778 0.287109375 0.3090277777777778 0.291015625 0.34375
0 0.349609375 0.4375 0.361328125 0.4201388888888889 0.361328125 0.3993055555555556 0.353515625 0.3888888888888889 0.34375 0.4027777777777778 0.341796875 0.4305555555555556 0.349609375 0.4375
0 0.380859375 0.4791666666666667 0.375 0.4375 0.35546875 0.4305555555555556 0.34375 0.4513888888888889 0.34375 0.4861111111111111 0.380859375 0.4791666666666667
0 0.98046875 0.2673611111111111 0.994140625 0.2743055555555556 0.998046875 0.2361111111111111 0.98828125 0.24305555555555555 0.98046875 0.25 0.98046875 0.2673611111111111
0 0.373046875 0.3298611111111111 0.375 0.2986111111111111 0.36328125 0.2951388888888889 0.36328125 0.3298611111111111 0.373046875 0.3298611111111111
0 0.65625 0.3923611111111111 0.69140625 0.3715277777777778 0.69140625 0.3576388888888889 0.66796875 0.3472222222222222 0.654296875 0.3784722222222222 0.65625 0.3923611111111111
0 0.3984375 0.2847222222222222 0.404296875 0.2638888888888889 0.396484375 0.2604166666666667 0.392578125 0.2777777777777778 0.3984375 0.2847222222222222
0 0.35546875 0.3368055555555556 0.361328125 0.2951388888888889 0.359375 0.2847222222222222 0.34765625 0.28125 0.34375 0.3263888888888889 0.35546875 0.3368055555555556
0 0.224609375 0.3541666666666667 0.244140625 0.3576388888888889 0.2421875 0.3263888888888889 0.224609375 0.3263888888888889 0.224609375 0.3541666666666667
0 0.140625 0.46875 0.140625 0.4513888888888889 0.15234375 0.46875 0.16796875 0.4618055555555556 0.1640625 0.4340277777777778 0.13671875 0.4444444444444444 0.13671875 0.4340277777777778 0.12890625 0.4305555555555556 0.111328125 0.4548611111111111 0.11328125 0.4826388888888889 0.140625 0.46875
0 0 0.8576388888888888 0.06640625 0.8402777777777778 0.080078125 0.8229166666666666 0.080078125 0.7847222222222222 0.0859375 0.7777777777777778 0.076171875 0.7638888888888888 0.080078125 0.7465277777777778 0.05859375 0.7534722222222222 0.046875 0.7291666666666666 0.009765625 0.7361111111111112 0 0.7430555555555556 0 0.8576388888888888
0 0.54296875 0.4027777777777778 0.54296875 0.375 0.52734375 0.3854166666666667 0.517578125 0.375 0.509765625 0.3854166666666667 0.509765625 0.4166666666666667 0.54296875 0.4027777777777778
0 0.654296875 0.4826388888888889 0.65625 0.4722222222222222 0.646484375 0.4548611111111111 0.65625 0.4479166666666667 0.634765625 0.4548611111111111 0.634765625 0.4409722222222222 0.625 0.4375 0.6171875 0.4513888888888889 0.611328125 0.4965277777777778 0.654296875 0.4826388888888889
0 0.435546875 0.4409722222222222 0.443359375 0.4097222222222222 0.455078125 0.4375 0.4609375 0.4305555555555556 0.458984375 0.4027777777777778 0.4375 0.40625 0.435546875 0.3854166666666667 0.423828125 0.3923611111111111 0.41796875 0.4375 0.435546875 0.4409722222222222
0 0.37890625 0.5347222222222222 0.40625 0.5277777777777778 0.423828125 0.5104166666666666 0.419921875 0.4791666666666667 0.40234375 0.4826388888888889 0.392578125 0.46875 0.380859375 0.4791666666666667 0.375 0.5 0.37890625 0.5347222222222222
0 0.55078125 0.5590277777777778 0.56640625 0.5416666666666666 0.5859375 0.5416666666666666 0.591796875 0.5277777777777778 0.591796875 0.5 0.57421875 0.5138888888888888 0.5625 0.4965277777777778 0.5546875 0.5138888888888888 0.548828125 0.53125 0.55078125 0.5590277777777778
0 0.412109375 0.3298611111111111 0.421875 0.3263888888888889 0.41796875 0.2986111111111111 0.41015625 0.2986111111111111 0.412109375 0.3298611111111111
0 0.484375 0.3229166666666667 0.484375 0.2916666666666667 0.478515625 0.2847222222222222 0.474609375 0.3263888888888889 0.484375 0.3229166666666667
0 0.130859375 0.5659722222222222 0.162109375 0.5486111111111112 0.185546875 0.5486111111111112 0.1875 0.5 0.1796875 0.5 0.154296875 0.5347222222222222 0.14453125 0.4965277777777778 0.12890625 0.53125 0.125 0.5625 0.130859375 0.5659722222222222
0 0.599609375 0.4201388888888889 0.607421875 0.40625 0.625 0.4166666666666667 0.62890625 0.40625 0.625 0.3784722222222222 0.615234375 0.3923611111111111 0.60546875 0.375 0.59765625 0.3784722222222222 0.587890625 0.4166666666666667 0.599609375 0.4201388888888889
0 0.892578125 0.28125 0.890625 0.25 0.875 0.2534722222222222 0.873046875 0.28125 0.892578125 0.28125
0 0.287109375 0.3993055555555556 0.296875 0.4201388888888889 0.298828125 0.4027777777777778 0.3125 0.4201388888888889 0.3125 0.3784722222222222 0.3046875 0.3784722222222222 0.29296875 0.40625 0.28125 0.3888888888888889 0.271484375 0.3958333333333333 0.26953125 0.4166666666666667 0.287109375 0.3993055555555556
0 0.3896484375 0.19618055555555555 0.005859375 0.017361111111111112
0 0.193359375 0.65625 0.193359375 0.6805555555555556 0.19921875 0.6875 0.208984375 0.6875 0.228515625 0.6388888888888888 0.236328125 0.6597222222222222 0.26171875 0.65625 0.267578125 0.6423611111111112 0.267578125 0.59375 0.255859375 0.5972222222222222 0.244140625 0.6354166666666666 0.224609375 0.6284722222222222 0.23046875 0.6076388888888888 0.224609375 0.5972222222222222 0.216796875 0.59375 0.2109375 0.6041666666666666 0.2109375 0.625 0.193359375 0.65625