0 0.8046875 0.4305555555555556 0.8359375 0.40625 0.849609375 0.40625 0.845703125 0.3854166666666667 0.837890625 0.3888888888888889 0.837890625 0.4027777777777778 0.826171875 0.40625 0.8203125 0.375 0.8046875 0.3958333333333333 0.798828125 0.40625 0.8046875 0.4305555555555556
0 0.109375 0.4340277777777778 0.09765625 0.3888888888888889 0.076171875 0.3993055555555556 0.080078125 0.4375 0.109375 0.4340277777777778
0 0 0.4618055555555556 0.01171875 0.4618055555555556 0.017578125 0.4479166666666667 0.009765625 0.3888888888888889 0 0.3888888888888889 0 0.4618055555555556
0 0.03125 0.3229166666666667 0.037109375 0.2916666666666667 0.03515625 0.28125 0.025390625 0.28125 0.017578125 0.3090277777777778 0.03125 0.3229166666666667
0 0.998046875 0.4409722222222222 0.998046875 0.3993055555555556 0.9921875 0.3993055555555556 0.98828125 0.4305555555555556 0.998046875 0.4409722222222222
0 0.8984375 0.4027777777777778 0.9296875 0.3854166666666667 0.931640625 0.3576388888888889 0.912109375 0.3576388888888889 0.89453125 0.3888888888888889 0.8984375 0.4027777777777778
0 0.03515625 0.40625 0.03515625 0.4340277777777778 0.04296875 0.4513888888888889 0.068359375 0.4479166666666667 0.06640625 0.40625 0.0546875 0.3923611111111111 0.048828125 0.40625 0.03515625 0.40625
0 0.01171875 0.4270833333333333 0.025390625 0.4375 0.03125 0.4305555555555556 0.029296875 0.3888888888888889 0.017578125 0.3854166666666667 0.01171875 0.3888888888888889 0.01171875 0.4270833333333333
0 0.154296875 0.4340277777777778 0.166015625 0.4340277777777778 0.166015625 0.375 0.154296875 0.3784722222222222 0.150390625 0.4201388888888889 0.154296875 0.4340277777777778
0 0.3671875 0.4930555555555556 0.392578125 0.4722222222222222 0.38671875 0.4409722222222222 0.373046875 0.4513888888888889 0.36328125 0.4375 0.36328125 0.4513888888888889 0.35546875 0.4513888888888889 0.349609375 0.4930555555555556 0.3671875 0.4930555555555556
0 0.0859375 0.5625 0.09765625 0.5625 0.1015625 0.5486111111111112 0.1171875 0.5555555555555556 0.125 0.5451388888888888 0.1484375 0.5451388888888888 0.1484375 0.5243055555555556 0.138671875 0.5034722222222222 0.134765625 0.5243055555555556 0.12109375 0.5416666666666666 0.10546875 0.5173611111111112 0.103515625 0.4930555555555556 0.0859375 0.5173611111111112 0.080078125 0.5416666666666666 0.0859375 0.5625