0 0.912109375 0.2951388888888889 0.923828125 0.2743055555555556 0.9296875 0.2986111111111111 0.943359375 0.2916666666666667 0.94140625 0.2638888888888889 0.912109375 0.2638888888888889 0.90625 0.2743055555555556 0.912109375 0.2951388888888889
0 0.34765625 0.5763888888888888 0.359375 0.5625 0.392578125 0.5625 0.390625 0.5 0.36328125 0.5 0.349609375 0.53125 0.34375 0.5486111111111112 0.34765625 0.5763888888888888
0 0.068359375 0.4375 0.0625 0.3888888888888889 0.037109375 0.3923611111111111 0.037109375 0.4340277777777778 0.068359375 0.4375
0 0.5546875 0.3854166666666667 0.564453125 0.375 0.580078125 0.375 0.5859375 0.3854166666666667 0.59375 0.3680555555555556 0.59375 0.34375 0.58203125 0.3402777777777778 0.572265625 0.3576388888888889 0.5625 0.3472222222222222 0.55078125 0.3715277777777778 0.5546875 0.3854166666666667
0 0.85546875 0.2951388888888889 0.853515625 0.2638888888888889 0.83203125 0.2638888888888889 0.830078125 0.2916666666666667 0.85546875 0.2951388888888889
0 0 0.4166666666666667 0.005859375 0.4513888888888889 0.01953125 0.4618055555555556 0.03515625 0.4479166666666667 0.01953125 0.3888888888888889 0.01171875 0.3854166666666667 0 0.3888888888888889 0 0.4166666666666667
0 0.61328125 0.375 0.654296875 0.3680555555555556 0.64453125 0.3368055555555556 0.625 0.3368055555555556 0.61328125 0.3576388888888889 0.61328125 0.375
0 0.13671875 0.40625 0.146484375 0.40625 0.1484375 0.3576388888888889 0.126953125 0.3645833333333333 0.125 0.3888888888888889 0.13671875 0.40625
0 0.966796875 0.4513888888888889 0.998046875 0.4479166666666667 0.998046875 0.4201388888888889 0.98046875 0.4201388888888889 0.96875 0.4340277777777778 0.962890625 0.4479166666666667 0.966796875 0.4513888888888889
0 0.0625 0.5416666666666666 0.078125 0.5486111111111112 0.099609375 0.53125 0.09375 0.4930555555555556 0.07421875 0.5 0.0625 0.5347222222222222 0.048828125 0.5 0.03125 0.5138888888888888 0.03515625 0.5555555555555556 0.0625 0.5416666666666666
0 0.599609375 0.3090277777777778 0.59765625 0.28125 0.58203125 0.2638888888888889 0.58203125 0.3090277777777778 0.599609375 0.3090277777777778
0 0.384765625 0.3923611111111111 0.392578125 0.3576388888888889 0.37890625 0.34375 0.373046875 0.3576388888888889 0.361328125 0.3611111111111111 0.35546875 0.40625 0.384765625 0.3923611111111111
0 0.068359375 0.4305555555555556 0.09375 0.4375 0.09375 0.3923611111111111 0.0859375 0.375 0.072265625 0.375 0.0625 0.3784722222222222 0.068359375 0.4305555555555556
0 0.166015625 0.5451388888888888 0.19140625 0.5277777777777778 0.220703125 0.53125 0.22265625 0.4826388888888889 0.216796875 0.46875 0.20703125 0.4861111111111111 0.205078125 0.46875 0.19140625 0.4826388888888889 0.173828125 0.4826388888888889 0.171875 0.5 0.16015625 0.5138888888888888 0.15625 0.53125 0.166015625 0.5451388888888888
0 0.01953125 0.4618055555555556 0.03515625 0.4479166666666667 0.021484375 0.4027777777777778 0.005859375 0.40625 0.005859375 0.4513888888888889 0.01953125 0.4618055555555556
0 0.76953125 0.375 0.7890625 0.375 0.796875 0.3611111111111111 0.798828125 0.375 0.8046875 0.3715277777777778 0.810546875 0.3472222222222222 0.8046875 0.3298611111111111 0.787109375 0.3263888888888889 0.76953125 0.3576388888888889 0.76953125 0.375
0 0.10546875 0.4305555555555556 0.125 0.4305555555555556 0.125 0.3888888888888889 0.1171875 0.375 0.10546875 0.3784722222222222 0.099609375 0.3854166666666667 0.10546875 0.4305555555555556
0 0.97265625 0.2916666666666667 0.974609375 0.3055555555555556 0.9875 0.2826388888888889 0.98046875 0.28125 0.97265625 0.2916666666666667
0 0.9921875 0.3055555555555556 0.998046875 0.3090277777777778 0.998046875 0.2847222222222222 0.9885373984375 0.28284380555555555 0.9921875 0.3055555555555556
0 0.09375 0.4965277777777778 0.091796875 0.46875 0.07421875 0.46875 0.06640625 0.4965277777777778 0.09375 0.4965277777777778
0 0.025390625 0.5138888888888888 0.029296875 0.53125 0.041015625 0.5243055555555556 0.05078125 0.4930555555555556 0.0625 0.4826388888888889 0.060546875 0.46875 0.04296875 0.46875 0.025390625 0.5138888888888888
0 0.6796875 0.3993055555555556 0.716796875 0.4027777777777778 0.716796875 0.375 0.701171875 0.375 0.693359375 0.3611111111111111 0.6796875 0.375 0.6796875 0.3993055555555556
0 0.453125 0.5 0.46875 0.4722222222222222 0.474609375 0.4965277777777778 0.48046875 0.4618055555555556 0.455078125 0.4513888888888889 0.443359375 0.4791666666666667 0.443359375 0.5034722222222222 0.453125 0.5
0 0.724609375 0.3923611111111111 0.76171875 0.3888888888888889 0.76171875 0.3611111111111111 0.73046875 0.3576388888888889 0.72265625 0.375 0.724609375 0.3923611111111111
0 0.80078125 0.2743055555555556 0.810546875 0.2638888888888889 0.810546875 0.25 0.79296875 0.25 0.79296875 0.2673611111111111 0.80078125 0.2743055555555556
0 0.6875 0.375 0.69140625 0.3472222222222222 0.673828125 0.3472222222222222 0.671875 0.3784722222222222 0.6875 0.375
0 0.130859375 0.7013888888888888 0.16015625 0.6701388888888888 0.1875 0.6666666666666666 0.19921875 0.6527777777777778 0.197265625 0.6041666666666666 0.17578125 0.6076388888888888 0.169921875 0.6354166666666666 0.150390625 0.6493055555555556 0.1484375 0.6284722222222222 0.154296875 0.6180555555555556 0.142578125 0.6041666666666666 0.125 0.65625 0.123046875 0.6770833333333334 0.130859375 0.7013888888888888