0 0.369140625 0.5729166666666666 0.37890625 0.5729166666666666 0.39453125 0.5416666666666666 0.416015625 0.53125 0.412109375 0.5 0.39453125 0.5243055555555556 0.37890625 0.5 0.369140625 0.5138888888888888 0.36328125 0.5555555555555556 0.369140625 0.5729166666666666
0 0.603515625 0.3159722222222222 0.60546875 0.2916666666666667 0.591796875 0.28125 0.587890625 0.3055555555555556 0.603515625 0.3159722222222222
0 0.38671875 0.6284722222222222 0.40625 0.6076388888888888 0.42578125 0.6111111111111112 0.435546875 0.5625 0.423828125 0.5451388888888888 0.392578125 0.5451388888888888 0.380859375 0.5729166666666666 0.37890625 0.6215277777777778 0.38671875 0.6284722222222222
0 0.6171875 0.3854166666666667 0.65625 0.3784722222222222 0.65625 0.34375 0.62890625 0.34375 0.619140625 0.3576388888888889 0.611328125 0.3715277777777778 0.6171875 0.3854166666666667
0 0.240234375 0.4340277777777778 0.2421875 0.4236111111111111 0.25 0.4305555555555556 0.255859375 0.4131944444444444 0.259765625 0.4236111111111111 0.267578125 0.4201388888888889 0.267578125 0.4097222222222222 0.255859375 0.4097222222222222 0.251953125 0.4201388888888889 0.23046875 0.4097222222222222 0.22265625 0.4375 0.240234375 0.4340277777777778
0 0.03515625 0.4375 0.046875 0.4340277777777778 0.048828125 0.4027777777777778 0.04296875 0.3888888888888889 0.0234375 0.3888888888888889 0.021484375 0.4166666666666667 0.03515625 0.4375
0 0.71484375 0.4513888888888889 0.72265625 0.4375 0.724609375 0.4097222222222222 0.705078125 0.4201388888888889 0.69921875 0.3993055555555556 0.693359375 0.3993055555555556 0.69140625 0.4166666666666667 0.6796875 0.4236111111111111 0.6796875 0.4513888888888889 0.71484375 0.4513888888888889
0 0.0625 0.5243055555555556 0.068359375 0.5138888888888888 0.068359375 0.4722222222222222 0.0546875 0.4722222222222222 0.048828125 0.4965277777777778 0.0625 0.5243055555555556
0 0.17578125 0.4027777777777778 0.19921875 0.3993055555555556 0.201171875 0.375 0.1875 0.3472222222222222 0.166015625 0.3472222222222222 0.162109375 0.3923611111111111 0.17578125 0.4027777777777778
0 0.44140625 0.6388888888888888 0.46875 0.6180555555555556 0.46875 0.6041666666666666 0.48046875 0.5902777777777778 0.48046875 0.5763888888888888 0.4609375 0.5902777777777778 0.4609375 0.5659722222222222 0.455078125 0.5590277777777778 0.443359375 0.5763888888888888 0.4375 0.6041666666666666 0.44140625 0.6388888888888888
0 0.048828125 0.7326388888888888 0.0625 0.7326388888888888 0.07421875 0.7118055555555556 0.08203125 0.71875 0.087890625 0.7118055555555556 0.087890625 0.6909722222222222 0.095703125 0.6979166666666666 0.10546875 0.6840277777777778 0.10546875 0.6493055555555556 0.125 0.65625 0.125 0.6284722222222222 0.11328125 0.6284722222222222 0.0859375 0.6805555555555556 0.078125 0.6770833333333334 0.076171875 0.6458333333333334 0.0625 0.6388888888888888 0.0625 0.65625 0.048828125 0.6875 0.04296875 0.7118055555555556 0.048828125 0.7326388888888888
0 0.1171875 0.3125 0.1328125 0.3159722222222222 0.134765625 0.2847222222222222 0.125 0.2777777777777778 0.1171875 0.2847222222222222 0.1171875 0.3125
0 0.23046875 0.5763888888888888 0.236328125 0.5868055555555556 0.25 0.5625 0.2734375 0.5625 0.28515625 0.5451388888888888 0.28125 0.5138888888888888 0.244140625 0.5138888888888888 0.23046875 0.5416666666666666 0.23046875 0.5763888888888888
0 0.142578125 0.4791666666666667 0.1484375 0.46875 0.142578125 0.4375 0.126953125 0.4444444444444444 0.125 0.46875 0.142578125 0.4791666666666667
0 0.099609375 0.4930555555555556 0.119140625 0.46875 0.111328125 0.4583333333333333 0.109375 0.4375 0.099609375 0.4479166666666667 0.09375 0.46875 0.099609375 0.4930555555555556
0 0.998046875 0.96875 0.998046875 0.8715277777777778 0.98828125 0.875 0.986328125 0.9479166666666666 0.998046875 0.96875
0 0.447265625 0.5625 0.462890625 0.5277777777777778 0.47265625 0.5277777777777778 0.4609375 0.4965277777777778 0.451171875 0.4965277777777778 0.443359375 0.5138888888888888 0.44140625 0.5625 0.447265625 0.5625
0 0.53515625 0.5138888888888888 0.556640625 0.4930555555555556 0.568359375 0.5 0.580078125 0.46875 0.57421875 0.4513888888888889 0.5625 0.4548611111111111 0.55859375 0.4722222222222222 0.548828125 0.4652777777777778 0.546875 0.4479166666666667 0.5390625 0.4583333333333333 0.53125 0.4826388888888889 0.53515625 0.5138888888888888
0 0.306640625 0.4305555555555556 0.31640625 0.40625 0.32421875 0.4305555555555556 0.33203125 0.4201388888888889 0.330078125 0.3888888888888889 0.318359375 0.4027777777777778 0.29296875 0.40625 0.29296875 0.4305555555555556 0.306640625 0.4305555555555556
0 0.623046875 0.4930555555555556 0.6484375 0.46875 0.650390625 0.4201388888888889 0.619140625 0.4201388888888889 0.609375 0.4340277777777778 0.60546875 0.46875 0.623046875 0.4930555555555556
0 0.0546875 0.8159722222222222 0.05859375 0.84375 0.080078125 0.8402777777777778 0.10546875 0.7986111111111112 0.10546875 0.7604166666666666 0.09375 0.75 0.09375 0.7326388888888888 0.0859375 0.7291666666666666 0.07421875 0.7430555555555556 0.07421875 0.7777777777777778 0.0546875 0.8159722222222222
0 0.1484375 0.7916666666666666 0.16015625 0.7465277777777778 0.154296875 0.7152777777777778 0.138671875 0.71875 0.125 0.7326388888888888 0.123046875 0.7465277777777778 0.11328125 0.7465277777777778 0.125 0.7951388888888888 0.1484375 0.7916666666666666