0 0.9375 0.5 0.935546875 0.46875 0.919921875 0.4756944444444444 0.927734375 0.5138888888888888 0.9375 0.5
0 0.60546875 0.4826388888888889 0.60546875 0.4722222222222222 0.59375 0.4652777777777778 0.5859375 0.4826388888888889 0.60546875 0.4826388888888889
0 0.4765625 0.5659722222222222 0.48046875 0.5173611111111112 0.46875 0.5138888888888888 0.462890625 0.53125 0.462890625 0.5625 0.4765625 0.5659722222222222
0 0.474609375 0.8888888888888888 0.49609375 0.8715277777777778 0.51171875 0.84375 0.501953125 0.8159722222222222 0.51171875 0.8125 0.517578125 0.7916666666666666 0.509765625 0.7743055555555556 0.49609375 0.8125 0.46875 0.7986111111111112 0.462890625 0.8402777777777778 0.474609375 0.8888888888888888
0 0.916015625 0.3576388888888889 0.91796875 0.3472222222222222 0.90625 0.3298611111111111 0.896484375 0.3368055555555556 0.900390625 0.3576388888888889 0.916015625 0.3576388888888889
0 0.79296875 0.9479166666666666 0.8125 0.9166666666666666 0.8125 0.875 0.787109375 0.8611111111111112 0.78515625 0.8680555555555556 0.78125 0.9236111111111112 0.79296875 0.9479166666666666
0 0.9921875 0.5798611111111112 0.98828125 0.5694444444444444 0.998046875 0.5451388888888888 0.974609375 0.5347222222222222 0.97265625 0.5729166666666666 0.9921875 0.5798611111111112
0 0.6484375 0.9965277777777778 0.6328125 0.96875 0.6015625 0.96875 0.599609375 0.9965277777777778 0.6484375 0.9965277777777778
0 0.654296875 0.9340277777777778 0.650390625 0.9201388888888888 0.6484375 0.9548611111111112 0.654296875 0.9340277777777778
0 0.6875 0.9409722222222222 0.705078125 0.9027777777777778 0.705078125 0.8715277777777778 0.6796875 0.8611111111111112 0.67578125 0.8854166666666666 0.67578125 0.9305555555555556 0.6875 0.9409722222222222
0 0.4921875 0.3888888888888889 0.4921875 0.3680555555555556 0.484375 0.3611111111111111 0.48046875 0.3993055555555556 0.4921875 0.3888888888888889
0 0.6875 0.4201388888888889 0.6875 0.40625 0.673828125 0.3993055555555556 0.677734375 0.4340277777777778 0.6875 0.4201388888888889
0 0.990513392578125 0.4508928576388889 0.998046875 0.4375 0.9921875 0.4375 0.990513392578125 0.4508928576388889
0 0.998046875 0.46875 0.990404212890625 0.4517663055555556 0.98828125 0.46875 0.998046875 0.46875
0 0.89453125 0.53125 0.8984375 0.4965277777777778 0.884765625 0.4965277777777778 0.880859375 0.5173611111111112 0.89453125 0.53125
0 0.859375 0.5868055555555556 0.869140625 0.5694444444444444 0.86328125 0.5451388888888888 0.85546875 0.5451388888888888 0.859375 0.5868055555555556
0 0.861328125 0.8263888888888888 0.873046875 0.8263888888888888 0.880859375 0.8159722222222222 0.880859375 0.75 0.873046875 0.7361111111111112 0.861328125 0.7430555555555556 0.849609375 0.7847222222222222 0.84765625 0.8090277777777778 0.861328125 0.8263888888888888
0 0.8046875 0.375 0.798828125 0.3472222222222222 0.787109375 0.3576388888888889 0.78515625 0.3784722222222222 0.8046875 0.375
0 0.337890625 0.5 0.34765625 0.4826388888888889 0.34765625 0.4513888888888889 0.32421875 0.4513888888888889 0.318359375 0.4930555555555556 0.337890625 0.5
0 0.013671875 0.4652777777777778 0.025390625 0.4791666666666667 0.048828125 0.4722222222222222 0.048828125 0.4340277777777778 0.03125 0.4305555555555556 0.013671875 0.4513888888888889 0.013671875 0.4652777777777778
0 0.89453125 0.6076388888888888 0.904296875 0.5902777777777778 0.904296875 0.5729166666666666 0.896484375 0.5625 0.888671875 0.5729166666666666 0.88671875 0.6076388888888888 0.89453125 0.6076388888888888
0 0.591796875 0.6284722222222222 0.59375 0.5868055555555556 0.580078125 0.5868055555555556 0.576171875 0.6215277777777778 0.591796875 0.6284722222222222
0 0.5 0.9930555555555556 0.4921875 0.96875 0.46875 0.9375 0.4609375 0.9479166666666666 0.45703125 0.9965277777777778 0.5 0.9930555555555556
0 0.51171875 0.9201388888888888 0.52734375 0.9201388888888888 0.525390625 0.9375 0.51171875 0.9548611111111112 0.51171875 0.9965277777777778 0.53125 0.9965277777777778 0.53515625 0.9861111111111112 0.53515625 0.9421284722222223 0.52734375 0.9340277777777778 0.53515625 0.9201388888888888 0.529296875 0.90625 0.509765625 0.90625 0.51171875 0.9201388888888888