0 0.330078125 0.5 0.3359375 0.4826388888888889 0.33203125 0.4548611111111111 0.318359375 0.4513888888888889 0.318359375 0.4930555555555556 0.330078125 0.5
0 0.56640625 0.4548611111111111 0.568359375 0.40625 0.55859375 0.40625 0.5546875 0.4305555555555556 0.56640625 0.4548611111111111
0 0.13671875 0.40625 0.138671875 0.3541666666666667 0.12890625 0.3472222222222222 0.125 0.3923611111111111 0.13671875 0.40625
0 0.46875 0.5034722222222222 0.48046875 0.5416666666666666 0.486328125 0.4826388888888889 0.484375 0.46875 0.474609375 0.46875 0.46875 0.4791666666666667 0.46875 0.5034722222222222
0 0.060546875 0.7465277777777778 0.06640625 0.7465277777777778 0.080078125 0.6875 0.080078125 0.65625 0.072265625 0.6388888888888888 0.05078125 0.6388888888888888 0.048828125 0.7083333333333334 0.060546875 0.7465277777777778
0 0.357421875 0.4201388888888889 0.361328125 0.375 0.349609375 0.375 0.34765625 0.3993055555555556 0.357421875 0.4201388888888889
0 0.404296875 0.7152777777777778 0.40625 0.7430555555555556 0.421875 0.75 0.435546875 0.7777777777777778 0.443359375 0.7534722222222222 0.443359375 0.7222222222222222 0.431640625 0.6736111111111112 0.416015625 0.6840277777777778 0.416015625 0.71875 0.3984375 0.7013888888888888 0.39453125 0.7222222222222222 0.404296875 0.7152777777777778
0 0.423828125 0.625 0.435546875 0.6527777777777778 0.435546875 0.6875 0.44140625 0.6875 0.451171875 0.7152777777777778 0.455078125 0.625 0.443359375 0.6076388888888888 0.4375 0.625 0.423828125 0.625
0 0.642578125 0.9027777777777778 0.66796875 0.9375 0.685546875 0.9340277777777778 0.701171875 0.9513888888888888 0.716796875 0.9097222222222222 0.7109375 0.8576388888888888 0.693359375 0.8576388888888888 0.6796875 0.8888888888888888 0.666015625 0.8715277777777778 0.662109375 0.8159722222222222 0.640625 0.8333333333333334 0.63671875 0.875 0.642578125 0.9027777777777778
0 0.4921875 0.5590277777777778 0.498046875 0.5868055555555556 0.5078125 0.5902777777777778 0.513671875 0.5104166666666666 0.51171875 0.5 0.494140625 0.5034722222222222 0.48828125 0.5243055555555556 0.4921875 0.5590277777777778
0 0.388671875 0.2847222222222222 0.39453125 0.2743055555555556 0.392578125 0.2604166666666667 0.38671875 0.2604166666666667 0.388671875 0.2847222222222222
0 0.56640625 0.6111111111111112 0.55078125 0.6024305555555556 0.5546875 0.6354166666666666 0.548828125 0.6527777777777778 0.556640625 0.6666666666666666 0.568359375 0.6180555555555556 0.57421875 0.6111111111111112 0.5859375 0.6284722222222222 0.587890625 0.6076388888888888 0.58203125 0.5798611111111112 0.572265625 0.5902777777777778 0.55859375 0.5763888888888888 0.55078125 0.5798611111111112 0.568359375 0.59375 0.56640625 0.6111111111111112
0 0.32421875 0.3888888888888889 0.326171875 0.3541666666666667 0.31640625 0.3472222222222222 0.3125 0.375 0.32421875 0.3888888888888889
0 0.080078125 0.3229166666666667 0.07421875 0.2951388888888889 0.052734375 0.3020833333333333 0.05078125 0.3263888888888889 0.080078125 0.3229166666666667
0 0.349609375 0.8263888888888888 0.361328125 0.84375 0.369140625 0.8263888888888888 0.3671875 0.75 0.361328125 0.7291666666666666 0.34375 0.7326388888888888 0.341796875 0.7916666666666666 0.349609375 0.8263888888888888
0 0.69921875 0.5763888888888888 0.6875 0.5243055555555556 0.681640625 0.5173611111111112 0.669921875 0.5381944444444444 0.66796875 0.5659722222222222 0.69921875 0.5763888888888888
0 0.44921875 0.84375 0.470703125 0.8298611111111112 0.498046875 0.8298611111111112 0.486328125 0.78125 0.46875 0.7951388888888888 0.455078125 0.7777777777777778 0.44921875 0.7534722222222222 0.44140625 0.7569444444444444 0.4375 0.8125 0.44921875 0.84375
0 0.50390625 0.7847222222222222 0.5078125 0.8090277777777778 0.517578125 0.8125 0.53125 0.7673611111111112 0.53125 0.7361111111111112 0.51171875 0.7013888888888888 0.494140625 0.7118055555555556 0.494140625 0.7743055555555556 0.50390625 0.7847222222222222
0 0.48046875 0.7326388888888888 0.484375 0.7222222222222222 0.474609375 0.7013888888888888 0.48046875 0.7326388888888888
0 0.087890625 0.875 0.09765625 0.8784722222222222 0.109375 0.8402777777777778 0.10546875 0.78125 0.111328125 0.7638888888888888 0.080078125 0.7638888888888888 0.080078125 0.8541666666666666 0.087890625 0.875
0 0.1142578125 0.7482638888888888 0.005859375 0.003472222222222222
0 0.369140625 0.3368055555555556 0.375 0.3055555555555556 0.3671875 0.2986111111111111 0.36328125 0.3263888888888889 0.369140625 0.3368055555555556
0 0.3046875 0.2847222222222222 0.298828125 0.28125 0.302734375 0.3159722222222222 0.3046875 0.2847222222222222
0 0.298828125 0.40625 0.3046875 0.40625 0.306640625 0.3611111111111111 0.30078125 0.3472222222222222 0.29296875 0.375 0.298828125 0.40625
0 0.2734375 0.7638888888888888 0.27734375 0.7777777777777778 0.2890625 0.78125 0.296875 0.7013888888888888 0.291015625 0.6805555555555556 0.279296875 0.6805555555555556 0.2734375 0.6840277777777778 0.2734375 0.7638888888888888
0 0.59375 0.6493055555555556 0.6171875 0.65625 0.625 0.625 0.623046875 0.59375 0.599609375 0.5972222222222222 0.59375 0.6111111111111112 0.59375 0.6493055555555556
0 0.44921875 0.3298611111111111 0.44921875 0.2951388888888889 0.443359375 0.2951388888888889 0.443359375 0.3263888888888889 0.44921875 0.3298611111111111
0 0.318359375 0.5798611111111112 0.32421875 0.5243055555555556 0.3046875 0.5138888888888888 0.3046875 0.5659722222222222 0.318359375 0.5798611111111112
0 0.75 0.9375 0.755859375 0.9652777777777778 0.763671875 0.9791666666666666 0.77734375 0.9791666666666666 0.78515625 0.9965277777777778 0.8046875 0.9965277777777778 0.79296875 0.9479166666666666 0.79296875 0.875 0.7734375 0.875 0.767578125 0.8854166666666666 0.759765625 0.9236111111111112 0.75 0.9375
0 0.359375 0.7118055555555556 0.361328125 0.7430555555555556 0.369140625 0.75 0.369140625 0.7256944444444444 0.361328125 0.71875 0.369140625 0.7013888888888888 0.3671875 0.6840277777777778 0.353515625 0.6805555555555556 0.349609375 0.6909722222222222 0.359375 0.7118055555555556
0 0.525390625 0.71875 0.53125 0.7118055555555556 0.529296875 0.6701388888888888 0.5234375 0.65625 0.51171875 0.65625 0.505859375 0.6701388888888888 0.525390625 0.71875
0 0.5390625 0.6701388888888888 0.546875 0.65625 0.54296875 0.5868055555555556 0.525390625 0.59375 0.5234375 0.6493055555555556 0.5390625 0.6701388888888888
0 0.34375 0.3402777777777778 0.349609375 0.3090277777777778 0.341796875 0.2986111111111111 0.337890625 0.3159722222222222 0.34375 0.3402777777777778
0 0.873046875 0.40625 0.86328125 0.40625 0.86328125 0.4201388888888889 0.892578125 0.4409722222222222 0.904296875 0.4305555555555556 0.90625 0.4027777777777778 0.900390625 0.3993055555555556 0.87890625 0.4270833333333333 0.873046875 0.40625
0 0.59375 0.8055555555555556 0.599609375 0.8263888888888888 0.615234375 0.84375 0.6171875 0.8263888888888888 0.6015625 0.78125 0.59375 0.78125 0.59375 0.8055555555555556
0 0.5546875 0.7725694444444444 0.5625 0.7847222222222222 0.5546875 0.7916666666666666 0.5625 0.8159722222222222 0.568359375 0.8020833333333334 0.560546875 0.7534722222222222 0.5546875 0.7534722222222222 0.5546875 0.7725694444444444
0 0.384765625 0.375 0.392578125 0.34375 0.3828125 0.3263888888888889 0.37109375 0.3402777777777778 0.375 0.375 0.384765625 0.375
0 0.560546875 0.6805555555555556 0.560546875 0.6979166666666666 0.568359375 0.7118055555555556 0.568359375 0.7291666666666666 0.5859375 0.7291666666666666 0.6015625 0.75 0.603515625 0.6909722222222222 0.59765625 0.6701388888888888 0.576171875 0.6736111111111112 0.560546875 0.6805555555555556
0 0.439453125 0.4826388888888889 0.443359375 0.4340277777777778 0.431640625 0.4305555555555556 0.4296875 0.46875 0.439453125 0.4826388888888889
0 0.2734375 0.3055555555555556 0.28125 0.2986111111111111 0.279296875 0.2673611111111111 0.2734375 0.2638888888888889 0.2734375 0.3055555555555556
0 0.462890625 0.6354166666666666 0.4765625 0.6388888888888888 0.48046875 0.65625 0.486328125 0.6388888888888888 0.484375 0.5798611111111112 0.478515625 0.5659722222222222 0.462890625 0.5798611111111112 0.45703125 0.65625 0.462890625 0.6354166666666666
0 0.591796875 0.90625 0.6083984375 0.9357638888888888 0.6171875 0.9305555555555556 0.6171875 0.9513888888888888 0.623046875 0.9513888888888888 0.611328125 0.8541666666666666 0.59765625 0.8472222222222222 0.5859375 0.8576388888888888 0.591796875 0.90625
0 0.57421875 0.8888888888888888 0.56640625 0.8298611111111112 0.548828125 0.8159722222222222 0.548828125 0.8541666666666666 0.57421875 0.8888888888888888
0 0.4375 0.3576388888888889 0.443359375 0.34375 0.44140625 0.3159722222222222 0.42578125 0.3159722222222222 0.423828125 0.3368055555555556 0.4375 0.3576388888888889
0 0.21875 0.8402777777777778 0.23046875 0.84375 0.23828125 0.8055555555555556 0.234375 0.7361111111111112 0.2109375 0.7361111111111112 0.20703125 0.7986111111111112 0.21875 0.8402777777777778
0 0.634765625 0.5763888888888888 0.642578125 0.5763888888888888 0.6484375 0.5347222222222222 0.65625 0.5277777777777778 0.65625 0.5 0.6484375 0.4861111111111111 0.638671875 0.4861111111111111 0.630859375 0.5104166666666666 0.62890625 0.5555555555555556 0.634765625 0.5763888888888888
0 0.32421875 0.9479166666666666 0.318359375 0.96875 0.32421875 0.9930555555555556 0.38671875 0.9930555555555556 0.388671875 0.9583333333333334 0.380859375 0.9305555555555556 0.388671875 0.9201388888888888 0.37890625 0.9305555555555556 0.36328125 0.9201388888888888 0.337890625 0.9618055555555556 0.33203125 0.9409722222222222 0.3359375 0.9305555555555556 0.318359375 0.90625 0.31640625 0.9375 0.32421875 0.9479166666666666
0 0.634765625 0.8541666666666666 0.650390625 0.8229166666666666 0.66015625 0.8229166666666666 0.66015625 0.7534722222222222 0.6484375 0.7534722222222222 0.634765625 0.7743055555555556 0.61328125 0.7673611111111112 0.611328125 0.8055555555555556 0.634765625 0.8541666666666666