0 0.86328125 0.28125 0.869140625 0.2916666666666667 0.888671875 0.2916666666666667 0.892578125 0.2673611111111111 0.875 0.2604166666666667 0.86328125 0.2673611111111111 0.86328125 0.28125
0 0.6796875 0.40625 0.685546875 0.3680555555555556 0.6796875 0.3576388888888889 0.669921875 0.375 0.66015625 0.3680555555555556 0.65625 0.4027777777777778 0.6796875 0.40625
0 0.7421875 0.4965277777777778 0.7421875 0.4375 0.734375 0.4097222222222222 0.70703125 0.4201388888888889 0.69921875 0.4513888888888889 0.7421875 0.4965277777777778
0 0.248046875 0.4513888888888889 0.248046875 0.4652777777777778 0.279296875 0.4826388888888889 0.28125 0.4548611111111111 0.26953125 0.4375 0.265625 0.4479166666666667 0.248046875 0.4513888888888889
0 0.08203125 0.5138888888888888 0.091796875 0.5138888888888888 0.103515625 0.4826388888888889 0.10546875 0.4513888888888889 0.09375 0.4513888888888889 0.080078125 0.4861111111111111 0.08203125 0.5138888888888888
0 0.29296875 0.5277777777777778 0.3125 0.5034722222222222 0.32421875 0.5138888888888888 0.3359375 0.4618055555555556 0.328125 0.4513888888888889 0.30078125 0.4479166666666667 0.287109375 0.46875 0.28125 0.5138888888888888 0.29296875 0.5277777777777778
0 0 0.6527777777777778 0.01953125 0.6423611111111112 0.029296875 0.65625 0.046875 0.6354166666666666 0.04296875 0.5902777777777778 0.03515625 0.5659722222222222 0.025390625 0.5590277777777778 0.01953125 0.59375 0.0234375 0.6076388888888888 0 0.6354166666666666 0 0.6527777777777778
0 0.041015625 0.2916666666666667 0.03125 0.2673611111111111 0.01953125 0.2743055555555556 0.021484375 0.2986111111111111 0.041015625 0.2916666666666667
0 0.63671875 0.4826388888888889 0.65625 0.4409722222222222 0.640625 0.4479166666666667 0.62890625 0.4375 0.6171875 0.4548611111111111 0.6171875 0.4826388888888889 0.63671875 0.4826388888888889
0 0.13671875 0.40625 0.150390625 0.4166666666666667 0.15625 0.40625 0.154296875 0.3715277777777778 0.142578125 0.3576388888888889 0.13671875 0.3611111111111111 0.13671875 0.40625
0 0.09765625 0.5277777777777778 0.111328125 0.5243055555555556 0.115234375 0.4965277777777778 0.125 0.5 0.126953125 0.5173611111111112 0.15625 0.5 0.15625 0.4826388888888889 0.1484375 0.46875 0.130859375 0.4826388888888889 0.109375 0.46875 0.099609375 0.4861111111111111 0.09375 0.5104166666666666 0.09765625 0.5277777777777778
0 0.044921875 0.5277777777777778 0.029296875 0.53125 0.029296875 0.5416666666666666 0.0419921875 0.5451388888888888 0.04296875 0.53125 0.0546875 0.5486111111111112 0.068359375 0.5451388888888888 0.072265625 0.5138888888888888 0.048828125 0.4861111111111111 0.048828125 0.5173611111111112 0.044921875 0.5277777777777778
0 0 0.84375 0.03515625 0.8263888888888888 0.037109375 0.8159722222222222 0.03515625 0.7743055555555556 0.02734375 0.7604166666666666 0.01171875 0.7638888888888888 0 0.7743055555555556 0 0.84375
0 0.80078125 0.4513888888888889 0.83203125 0.4097222222222222 0.84765625 0.4027777777777778 0.84375 0.3923611111111111 0.830078125 0.3923611111111111 0.8046875 0.4201388888888889 0.796875 0.4375 0.80078125 0.4513888888888889
0 0.53125 0.4965277777777778 0.53125 0.4826388888888889 0.509765625 0.4513888888888889 0.48828125 0.46875 0.48828125 0.5138888888888888 0.53125 0.4965277777777778
0 0.84765625 0.2743055555555556 0.841796875 0.25 0.826171875 0.2569444444444444 0.826171875 0.28125 0.84765625 0.2743055555555556
0 0.912109375 0.2951388888888889 0.923828125 0.28125 0.923828125 0.2673611111111111 0.90234375 0.2604166666666667 0.8984375 0.2916666666666667 0.912109375 0.2951388888888889
0 0.15625 0.4513888888888889 0.162109375 0.4791666666666667 0.185546875 0.4652777777777778 0.1796875 0.4236111111111111 0.16796875 0.4201388888888889 0.16796875 0.4375 0.15625 0.4513888888888889
0 0.212890625 0.6111111111111112 0.236328125 0.6076388888888888 0.23774245703125 0.5950670486111111 0.220703125 0.5868055555555556 0.2109375 0.5590277777777778 0.19921875 0.5590277777777778 0.19921875 0.5729166666666666 0.189453125 0.5833333333333334 0.181640625 0.6076388888888888 0.1875 0.6354166666666666 0.197265625 0.6354166666666666 0.212890625 0.6111111111111112
0 0.177734375 0.5590277777777778 0.1875 0.5416666666666666 0.203125 0.5451388888888888 0.20703125 0.5347222222222222 0.205078125 0.5138888888888888 0.173828125 0.5416666666666666 0.1640625 0.5138888888888888 0.14453125 0.53125 0.146484375 0.5763888888888888 0.177734375 0.5590277777777778