0 0.1484375 0.5798611111111112 0.171875 0.5868055555555556 0.171875 0.5347222222222222 0.142578125 0.53125 0.13671875 0.5590277777777778 0.1484375 0.5798611111111112
0 0.58984375 0.40625 0.59765625 0.3472222222222222 0.58203125 0.3472222222222222 0.58203125 0.3854166666666667 0.58984375 0.40625
0 0.0546875 0.4652777777777778 0.0703125 0.5 0.07421875 0.4965277777777778 0.064453125 0.4826388888888889 0.076171875 0.4618055555555556 0.076171875 0.4375 0.0625 0.4340277777777778 0.0546875 0.4375 0.0546875 0.4652777777777778
0 0.44921875 0.3888888888888889 0.4609375 0.3576388888888889 0.455078125 0.34375 0.4453125 0.3472222222222222 0.443359375 0.375 0.44921875 0.3888888888888889
0 0.82421875 0.9930555555555556 0.859375 0.9930555555555556 0.84765625 0.9652777777777778 0.849609375 0.9305555555555556 0.8359375 0.9166666666666666 0.826171875 0.8888888888888888 0.81640625 0.8923611111111112 0.8125 0.9201388888888888 0.8046875 0.9305555555555556 0.798828125 0.9791666666666666 0.82421875 0.9930555555555556
0 0.73046875 0.8888888888888888 0.73828125 0.9305555555555556 0.75 0.9513888888888888 0.78515625 0.96875 0.78515625 0.9201388888888888 0.767578125 0.8854166666666666 0.767578125 0.8611111111111112 0.75 0.8472222222222222 0.73828125 0.8541666666666666 0.736328125 0.8819444444444444 0.73046875 0.8888888888888888
0 0.51171875 0.40625 0.51953125 0.4201388888888889 0.5234375 0.375 0.51171875 0.375 0.51171875 0.40625
0 0.234375 0.53125 0.244140625 0.53125 0.255859375 0.5486111111111112 0.259765625 0.53125 0.25390625 0.4826388888888889 0.23046875 0.4826388888888889 0.228515625 0.5138888888888888 0.234375 0.53125
0 0.0625 0.625 0.0625 0.6666666666666666 0.08984375 0.6979166666666666 0.09375 0.71875 0.099609375 0.7152777777777778 0.09375 0.7048611111111112 0.099609375 0.6970486111111112 0.099609375 0.6423611111111112 0.09375 0.6284722222222222 0.103515625 0.6111111111111112 0.099609375 0.6076388888888888 0.09375 0.625 0.0625 0.625
0 0.2734375 0.6354166666666666 0.291015625 0.6354166666666666 0.302734375 0.65625 0.306640625 0.6388888888888888 0.298828125 0.5763888888888888 0.26953125 0.5763888888888888 0.267578125 0.6076388888888888 0.2734375 0.6354166666666666
0 0.47265625 0.4201388888888889 0.48046875 0.4201388888888889 0.484375 0.3888888888888889 0.48046875 0.375 0.46875 0.375 0.466796875 0.3993055555555556 0.47265625 0.4201388888888889
0 0.39453125 0.3923611111111111 0.3984375 0.4027777777777778 0.404296875 0.375 0.3984375 0.3541666666666667 0.388671875 0.3576388888888889 0.38671875 0.3958333333333333 0.39453125 0.3923611111111111
0 0.080078125 0.4513888888888889 0.091796875 0.4618055555555556 0.103515625 0.4479166666666667 0.095703125 0.40625 0.076171875 0.40625 0.07421875 0.4375 0.080078125 0.4513888888888889
0 0.0234375 0.3993055555555556 0.03515625 0.4097222222222222 0.04296875 0.3993055555555556 0.04296875 0.375 0.037109375 0.3576388888888889 0.029296875 0.3576388888888889 0.0234375 0.3680555555555556 0.0234375 0.3993055555555556
0 0.1875 0.6875 0.21875 0.75 0.224609375 0.7361111111111112 0.22265625 0.7048611111111112 0.2109375 0.65625 0.19921875 0.6527777777777778 0.1875 0.6597222222222222 0.1875 0.6875
0 0.189453125 0.6006944444444444 0.201171875 0.6354166666666666 0.2109375 0.6388888888888888 0.2109375 0.59375 0.205078125 0.5729166666666666 0.19140625 0.5729166666666666 0.1875 0.5972222222222222 0.17578125 0.5763888888888888 0.173828125 0.59375 0.189453125 0.6006944444444444
0 0.54296875 0.5243055555555556 0.564453125 0.5347222222222222 0.56640625 0.5034722222222222 0.552734375 0.4861111111111111 0.5625 0.46875 0.541015625 0.4826388888888889 0.537109375 0.5034722222222222 0.54296875 0.5243055555555556
0 0 0.7673611111111112 0.01953125 0.7951388888888888 0.029296875 0.7951388888888888 0.037109375 0.7777777777777778 0.03125 0.7465277777777778 0.037109375 0.7361111111111112 0.03515625 0.7013888888888888 0.029296875 0.6875 0.01171875 0.6840277777777778 0 0.6909722222222222 0 0.7673611111111112
0 0.283203125 0.4201388888888889 0.29296875 0.3784722222222222 0.287109375 0.3611111111111111 0.27734375 0.3715277777777778 0.275390625 0.3993055555555556 0.283203125 0.4201388888888889
0 0.341796875 0.4201388888888889 0.341796875 0.3611111111111111 0.33203125 0.3576388888888889 0.326171875 0.375 0.326171875 0.4201388888888889 0.341796875 0.4201388888888889
0 0.14453125 0.75 0.1484375 0.7638888888888888 0.171875 0.7916666666666666 0.185546875 0.7951388888888888 0.193359375 0.8125 0.212890625 0.8125 0.19921875 0.7222222222222222 0.173828125 0.7222222222222222 0.171875 0.75 0.1484375 0.7152777777777778 0.16015625 0.7361111111111112 0.14453125 0.75
0 0.125 0.4652777777777778 0.130859375 0.4826388888888889 0.14453125 0.4861111111111111 0.1484375 0.4409722222222222 0.13671875 0.4236111111111111 0.125 0.4340277777777778 0.125 0.4652777777777778
0 0.6015625 0.4930555555555556 0.60546875 0.5138888888888888 0.611328125 0.5 0.611328125 0.4479166666666667 0.591796875 0.4513888888888889 0.591796875 0.5 0.6015625 0.4930555555555556
0 0.09375 0.5034722222222222 0.11328125 0.5416666666666666 0.1171875 0.46875 0.091796875 0.46875 0.09375 0.5034722222222222
0 0 0.9479166666666666 0.03125 0.9305555555555556 0.048828125 0.9027777777777778 0.03125 0.8263888888888888 0.025390625 0.8159722222222222 0.005859375 0.8263888888888888 0 0.8368055555555556 0 0.8611111111111112 0.013671875 0.9027777777777778 0 0.90625 0 0.9479166666666666
0 0.546875 0.4444444444444444 0.5625 0.4305555555555556 0.5625 0.3888888888888889 0.5546875 0.3854166666666667 0.54296875 0.40625 0.54296875 0.4618055555555556 0.546875 0.4444444444444444
0 0.505859375 0.46875 0.51171875 0.4166666666666667 0.49609375 0.4201388888888889 0.4921875 0.4375 0.505859375 0.46875
0 0.376953125 0.40625 0.37890625 0.3576388888888889 0.369140625 0.3576388888888889 0.3671875 0.4027777777777778 0.376953125 0.40625
0 0.384765625 0.4861111111111111 0.392578125 0.5034722222222222 0.38671875 0.4861111111111111 0.39453125 0.4756944444444444 0.392578125 0.4340277777777778 0.376953125 0.4409722222222222 0.37890625 0.5 0.384765625 0.4861111111111111
0 0.36328125 0.6701388888888888 0.384765625 0.6736111111111112 0.392578125 0.7013888888888888 0.400390625 0.7013888888888888 0.404296875 0.6388888888888888 0.3984375 0.5868055555555556 0.380859375 0.59375 0.376953125 0.6076388888888888 0.361328125 0.6076388888888888 0.35546875 0.625 0.35546875 0.65625 0.36328125 0.6701388888888888
0 0.59375 0.90625 0.59375 0.9340277777777778 0.5859375 0.9444444444444444 0.607421875 0.9548611111111112 0.625 0.9930555555555556 0.630859375 0.9930555555555556 0.63671875 0.9791666666666666 0.63671875 0.9479166666666666 0.62890625 0.9305555555555556 0.630859375 0.8923611111111112 0.611328125 0.8541666666666666 0.59765625 0.8576388888888888 0.599609375 0.8993055555555556 0.59375 0.90625
0 0.548828125 0.9097222222222222 0.560546875 0.9305555555555556 0.57421875 0.9340277777777778 0.568359375 0.8368055555555556 0.55078125 0.8229166666666666 0.54296875 0.8576388888888888 0.541015625 0.8888888888888888 0.548828125 0.9097222222222222
0 0.4296875 0.3888888888888889 0.4296875 0.34375 0.421875 0.3472222222222222 0.41796875 0.375 0.4296875 0.3888888888888889
0 0.388671875 0.8645833333333334 0.392578125 0.8819444444444444 0.384765625 0.8888888888888888 0.396484375 0.8854166666666666 0.40625 0.90625 0.427734375 0.90625 0.443359375 0.9513888888888888 0.455078125 0.9513888888888888 0.4609375 0.9201388888888888 0.443359375 0.8784722222222222 0.44140625 0.8125 0.431640625 0.8263888888888888 0.4296875 0.8125 0.423828125 0.8229166666666666 0.412109375 0.8159722222222222 0.416015625 0.8576388888888888 0.400390625 0.8680555555555556 0.392578125 0.8576388888888888 0.380859375 0.7951388888888888 0.380859375 0.8055555555555556 0.375 0.8055555555555556 0.373046875 0.8680555555555556 0.388671875 0.8645833333333334
0 0.1875 0.4791666666666667 0.197265625 0.4965277777777778 0.216796875 0.4930555555555556 0.208984375 0.4375 0.1875 0.4375 0.1875 0.4791666666666667
0 0.13671875 0.8715277777777778 0.12890625 0.8680555555555556 0.130859375 0.9305555555555556 0.15625 0.9652777777777778 0.181640625 0.9791666666666666 0.185546875 0.9930555555555556 0.2109375 0.9965277777777778 0.212890625 0.9548611111111112 0.205078125 0.9375 0.205078125 0.8888888888888888 0.193359375 0.875 0.193359375 0.8576388888888888 0.17578125 0.8611111111111112 0.166015625 0.9027777777777778 0.171875 0.9201388888888888 0.162109375 0.9236111111111112 0.142578125 0.8923611111111112 0.138671875 0.84375 0.130859375 0.84375 0.13671875 0.8576388888888888 0.13671875 0.8715277777777778
0 0.63671875 0.4340277777777778 0.64453125 0.4479166666666667 0.6484375 0.3854166666666667 0.63671875 0.3854166666666667 0.63671875 0.4340277777777778