0 0.921875 0.2916666666666667 0.921875 0.2638888888888889 0.900390625 0.2638888888888889 0.892578125 0.2916666666666667 0.921875 0.2916666666666667
0 0.28125 0.4479166666666667 0.28515625 0.4097222222222222 0.2734375 0.3993055555555556 0.26171875 0.40625 0.255859375 0.4479166666666667 0.28125 0.4479166666666667
0 0 0.3472222222222222 0.01171875 0.3472222222222222 0.01171875 0.3229166666666667 0.00390625 0.3125 0 0.3090277777777778 0 0.3472222222222222
0 0.224609375 0.4027777777777778 0.248046875 0.40625 0.248046875 0.3576388888888889 0.23046875 0.3541666666666667 0.224609375 0.3680555555555556 0.224609375 0.4027777777777778
0 0.443359375 0.3993055555555556 0.44921875 0.40625 0.443359375 0.4166666666666667 0.44921875 0.4375 0.47265625 0.4375 0.4921875 0.4097222222222222 0.486328125 0.3888888888888889 0.47265625 0.3888888888888889 0.45703125 0.40625 0.443359375 0.3993055555555556
0 0.048828125 0.3541666666666667 0.048828125 0.34375 0.0625 0.3298611111111111 0.060546875 0.3090277777777778 0.041015625 0.3159722222222222 0.037109375 0.3576388888888889 0.048828125 0.3541666666666667
0 0.0498046875 0.296875 0.001953125 0.003472222222222222
0 0.009765625 0.5555555555555556 0.033203125 0.5277777777777778 0.0625 0.5277777777777778 0.06640625 0.5138888888888888 0.0625 0.4826388888888889 0.05078125 0.4722222222222222 0.033203125 0.5034722222222222 0.0234375 0.4930555555555556 0.01953125 0.4722222222222222 0.005859375 0.4861111111111111 0 0.5555555555555556 0.009765625 0.5555555555555556
0 0.013671875 0.6423611111111112 0.0546875 0.6215277777777778 0.072265625 0.5868055555555556 0.068359375 0.5590277777777778 0.05078125 0.5659722222222222 0.056640625 0.5729166666666666 0.046875 0.5868055555555556 0.033203125 0.5625 0.013671875 0.5694444444444444 0.005859375 0.59375 0.013671875 0.6423611111111112
0 0.32421875 0.4618055555555556 0.32421875 0.4236111111111111 0.31640625 0.4097222222222222 0.296875 0.40625 0.28515625 0.4201388888888889 0.28125 0.4791666666666667 0.32421875 0.4618055555555556
0 0.236328125 0.46875 0.236328125 0.4375 0.2109375 0.4479166666666667 0.2109375 0.4166666666666667 0.1875 0.40625 0.1875 0.4791666666666667 0.236328125 0.46875
0 0.142578125 0.4201388888888889 0.1484375 0.3784722222222222 0.142578125 0.3576388888888889 0.130859375 0.3576388888888889 0.130859375 0.4166666666666667 0.142578125 0.4201388888888889
0 0.052734375 0.4513888888888889 0.060546875 0.4791666666666667 0.09375 0.46875 0.11328125 0.4965277777777778 0.10546875 0.4652777777777778 0.10546875 0.4201388888888889 0.0703125 0.4375 0.05078125 0.4166666666666667 0.04296875 0.4340277777777778 0.037109375 0.4513888888888889 0.052734375 0.4513888888888889
0 0.51171875 0.4513888888888889 0.517578125 0.4236111111111111 0.53125 0.40625 0.517578125 0.40625 0.505859375 0.3923611111111111 0.494140625 0.4097222222222222 0.4921875 0.4479166666666667 0.51171875 0.4513888888888889
0 0.611328125 0.7013888888888888 0.625 0.6701388888888888 0.625 0.6527777777777778 0.623046875 0.6388888888888888 0.603515625 0.6458333333333334 0.599609375 0.7013888888888888 0.611328125 0.7013888888888888
0 0.31640625 0.5381944444444444 0.3359375 0.5555555555555556 0.349609375 0.5 0.349609375 0.4583333333333333 0.35546875 0.4513888888888889 0.34765625 0.4409722222222222 0.33203125 0.4513888888888889 0.3359375 0.4930555555555556 0.31640625 0.5381944444444444
0 0.421875 0.5486111111111112 0.4453125 0.5486111111111112 0.455078125 0.5138888888888888 0.44921875 0.46875 0.443359375 0.46875 0.4453125 0.4826388888888889 0.4375 0.4791666666666667 0.421875 0.5 0.40625 0.5 0.40625 0.53125 0.421875 0.5486111111111112
0 0.017578125 0.3090277777777778 0.037109375 0.3055555555555556 0.041015625 0.2916666666666667 0.0234375 0.2638888888888889 0.017578125 0.2673611111111111 0.017578125 0.3090277777777778
0 0.51171875 0.8125 0.525390625 0.8159722222222222 0.541015625 0.8472222222222222 0.541015625 0.7291666666666666 0.529296875 0.7222222222222222 0.51171875 0.7465277777777778 0.517578125 0.7534722222222222 0.51171875 0.8125
0 0.16796875 0.4027777777777778 0.205078125 0.4027777777777778 0.20703125 0.3854166666666667 0.19921875 0.3680555555555556 0.17578125 0.3576388888888889 0.16796875 0.3680555555555556 0.162109375 0.3888888888888889 0.16796875 0.4027777777777778