0 0.888671875 0.28125 0.900390625 0.28125 0.91015625 0.2638888888888889 0.904296875 0.25 0.89453125 0.25 0.88671875 0.2638888888888889 0.888671875 0.28125
0 0.86328125 0.4340277777777778 0.87890625 0.4236111111111111 0.880859375 0.4444444444444444 0.892578125 0.4479166666666667 0.892578125 0.4097222222222222 0.875 0.4201388888888889 0.875 0.4097222222222222 0.859375 0.40625 0.85546875 0.4201388888888889 0.86328125 0.4340277777777778
0 0.83203125 0.2986111111111111 0.849609375 0.3055555555555556 0.85546875 0.2951388888888889 0.85546875 0.2777777777777778 0.8359375 0.2743055555555556 0.830078125 0.2777777777777778 0.83203125 0.2986111111111111
0 0.0234375 0.4201388888888889 0.0234375 0.375 0.01171875 0.375 0.009765625 0.4131944444444444 0.0234375 0.4201388888888889
0 0.2802734375 0.4375 0.283203125 0.4201388888888889 0.296875 0.4409722222222222 0.298828125 0.40625 0.279296875 0.4201388888888889 0.26953125 0.4027777777777778 0.255859375 0.4236111111111111 0.255859375 0.4513888888888889 0.2802734375 0.4375
0 0.359375 0.4513888888888889 0.35546875 0.4201388888888889 0.34375 0.4305555555555556 0.32421875 0.4201388888888889 0.3125 0.4652777777777778 0.359375 0.4513888888888889
0 0.861328125 0.3993055555555556 0.86328125 0.375 0.849609375 0.3541666666666667 0.830078125 0.3611111111111111 0.818359375 0.3993055555555556 0.861328125 0.3993055555555556
0 0.01171875 0.4513888888888889 0.00390625 0.3888888888888889 0 0.4618055555555556 0.01171875 0.4513888888888889
0 0.05078125 0.3229166666666667 0.0859375 0.3229166666666667 0.083984375 0.2916666666666667 0.060546875 0.2916666666666667 0.05078125 0.2951388888888889 0.05078125 0.3229166666666667
0 0.162109375 0.5173611111111112 0.17578125 0.5 0.208984375 0.5034722222222222 0.212890625 0.4930555555555556 0.2109375 0.4618055555555556 0.1953125 0.4722222222222222 0.16796875 0.4618055555555556 0.15625 0.4965277777777778 0.162109375 0.5173611111111112
0 0.03125 0.4409722222222222 0.044921875 0.4375 0.046875 0.4201388888888889 0.0390625 0.3923611111111111 0.029296875 0.3888888888888889 0.025390625 0.4305555555555556 0.03125 0.4409722222222222
0 0.142578125 0.4166666666666667 0.14453125 0.4027777777777778 0.134765625 0.3680555555555556 0.12890625 0.3611111111111111 0.1171875 0.375 0.11328125 0.40625 0.142578125 0.4166666666666667
0 0.16796875 0.3993055555555556 0.19921875 0.4027777777777778 0.205078125 0.3923611111111111 0.193359375 0.3611111111111111 0.166015625 0.3645833333333333 0.162109375 0.3888888888888889 0.16796875 0.3993055555555556
0 0.80078125 0.3611111111111111 0.818359375 0.3715277777777778 0.82421875 0.3576388888888889 0.82421875 0.3368055555555556 0.8046875 0.3298611111111111 0.787109375 0.3402777777777778 0.787109375 0.3715277777777778 0.80078125 0.3611111111111111
0 0.59375 0.3854166666666667 0.599609375 0.375 0.625 0.375 0.625 0.3541666666666667 0.619140625 0.3472222222222222 0.59765625 0.34375 0.587890625 0.3680555555555556 0.59375 0.3854166666666667
0 0.0625 0.4305555555555556 0.076171875 0.4305555555555556 0.08203125 0.3993055555555556 0.07421875 0.3680555555555556 0.05859375 0.3715277777777778 0.0546875 0.4097222222222222 0.0625 0.4305555555555556
0 0.44140625 0.46875 0.470703125 0.4652777777777778 0.478515625 0.40625 0.45703125 0.40625 0.455078125 0.4166666666666667 0.443359375 0.4097222222222222 0.427734375 0.4548611111111111 0.4296875 0.4826388888888889 0.44140625 0.46875
0 0.091796875 0.4305555555555556 0.10546875 0.4236111111111111 0.099609375 0.375 0.0859375 0.375 0.091796875 0.4305555555555556
0 0.103515625 0.625 0.10546875 0.6493055555555556 0.1171875 0.6493055555555556 0.134765625 0.625 0.16796875 0.6215277777777778 0.17578125 0.6041666666666666 0.17578125 0.5763888888888888 0.16796875 0.5625 0.162109375 0.5625 0.14453125 0.6041666666666666 0.13671875 0.5625 0.125 0.5659722222222222 0.11328125 0.5868055555555556 0.11328125 0.6041666666666666 0.103515625 0.625