0 0.05078125 0.3368055555555556 0.048828125 0.3125 0.029296875 0.3090277777777778 0.025390625 0.34375 0.05078125 0.3368055555555556
0 0.130859375 0.7604166666666666 0.13671875 0.7604166666666666 0.14453125 0.7256944444444444 0.142578125 0.6701388888888888 0.13671875 0.65625 0.119140625 0.6666666666666666 0.119140625 0.71875 0.130859375 0.7604166666666666
0 0.353515625 0.6423611111111112 0.361328125 0.6111111111111112 0.361328125 0.5625 0.34375 0.5590277777777778 0.341796875 0.5902777777777778 0.353515625 0.6423611111111112
0 0.1796875 0.3402777777777778 0.19140625 0.3298611111111111 0.18359375 0.2916666666666667 0.17578125 0.2916666666666667 0.1796875 0.3402777777777778
0 0.099609375 0.3125 0.103515625 0.2777777777777778 0.08203125 0.2777777777777778 0.080078125 0.3125 0.099609375 0.3125
0 0.34375 0.8888888888888888 0.38671875 0.9513888888888888 0.392578125 0.9722222222222222 0.40625 0.9791666666666666 0.41796875 0.9375 0.41796875 0.8784722222222222 0.400390625 0.8402777777777778 0.3671875 0.8611111111111112 0.361328125 0.8541666666666666 0.361328125 0.8298611111111112 0.35546875 0.8263888888888888 0.34375 0.84375 0.34375 0.8888888888888888
0 0.3984375 0.7638888888888888 0.404296875 0.78125 0.3984375 0.7847222222222222 0.400390625 0.8090277777777778 0.423828125 0.8576388888888888 0.435546875 0.8576388888888888 0.435546875 0.75 0.42578125 0.7361111111111112 0.412109375 0.7361111111111112 0.40625 0.7465277777777778 0.40625 0.7604166666666666 0.3984375 0.7638888888888888
0 0.21875 0.8784722222222222 0.228515625 0.8784722222222222 0.224609375 0.7534722222222222 0.20703125 0.75 0.19921875 0.7673611111111112 0.19921875 0.8402777777777778 0.21875 0.8784722222222222
0 0.318359375 0.5451388888888888 0.32421875 0.5555555555555556 0.3359375 0.5416666666666666 0.337890625 0.5243055555555556 0.3359375 0.5034722222222222 0.330078125 0.5 0.318359375 0.5 0.318359375 0.5451388888888888
0 0.111328125 0.3263888888888889 0.130859375 0.3229166666666667 0.12890625 0.2951388888888889 0.111328125 0.2951388888888889 0.10546875 0.3125 0.111328125 0.3263888888888889
0 0.138671875 0.4409722222222222 0.181640625 0.4340277777777778 0.17578125 0.40625 0.15625 0.4097222222222222 0.154296875 0.3888888888888889 0.142578125 0.3888888888888889 0.13671875 0.4097222222222222 0.138671875 0.4409722222222222
0 0.712890625 0.9965277777777778 0.755859375 0.9965277777777778 0.75390625 0.9861111111111112 0.73046875 0.9722222222222222 0.70703125 0.9722222222222222 0.70703125 0.9930555555555556 0.712890625 0.9965277777777778
0 0.142578125 0.3368055555555556 0.162109375 0.34375 0.162109375 0.3159722222222222 0.150390625 0.3055555555555556 0.142578125 0.3090277777777778 0.142578125 0.3368055555555556
0 0.201171875 0.9930555555555556 0.197265625 0.9236111111111112 0.173828125 0.9375 0.166015625 0.9548611111111112 0.166015625 0.9965277777777778 0.201171875 0.9930555555555556
0 0.423828125 0.4409722222222222 0.443359375 0.4375 0.44140625 0.40625 0.41796875 0.40625 0.412109375 0.4166666666666667 0.412109375 0.4548611111111111 0.423828125 0.4409722222222222
0 0.32421875 0.6701388888888888 0.32421875 0.6979166666666666 0.337890625 0.71875 0.34375 0.6354166666666666 0.330078125 0.6284722222222222 0.322265625 0.6388888888888888 0.318359375 0.6597222222222222 0.32421875 0.6701388888888888
0 0.23046875 0.34375 0.255859375 0.3472222222222222 0.255859375 0.3125 0.244140625 0.3055555555555556 0.23046875 0.3125 0.23046875 0.34375