0 0.943359375 0.3090277777777778 0.94140625 0.2847222222222222 0.919921875 0.2847222222222222 0.921875 0.3055555555555556 0.943359375 0.3090277777777778
0 0.3671875 0.4652777777777778 0.388671875 0.46875 0.38671875 0.4375 0.35546875 0.4375 0.349609375 0.4479166666666667 0.34375 0.4826388888888889 0.3671875 0.4652777777777778
0 0.69921875 0.25 0.71875 0.25 0.716796875 0.2222222222222222 0.705078125 0.2222222222222222 0.69921875 0.22916666666666666 0.69921875 0.25
0 0.96875 0.4513888888888889 0.986328125 0.4479166666666667 0.986328125 0.4166666666666667 0.978515625 0.4201388888888889 0.966796875 0.4409722222222222 0.96875 0.4513888888888889
0 0.935546875 0.4479166666666667 0.923828125 0.4027777777777778 0.912109375 0.40625 0.91015625 0.4340277777777778 0.935546875 0.4479166666666667
0 0.591796875 0.3263888888888889 0.59375 0.2951388888888889 0.580078125 0.2847222222222222 0.576171875 0.3090277777777778 0.591796875 0.3263888888888889
0 0.03125 0.4340277777777778 0.0546875 0.4305555555555556 0.056640625 0.40625 0.048828125 0.3611111111111111 0.041015625 0.3611111111111111 0.025390625 0.3854166666666667 0.025390625 0.4201388888888889 0.03125 0.4340277777777778
0 0.1796875 0.46875 0.1796875 0.4236111111111111 0.16796875 0.4375 0.15625 0.4618055555555556 0.1796875 0.46875
0 0.134765625 0.4722222222222222 0.1484375 0.4479166666666667 0.1484375 0.4201388888888889 0.130859375 0.4513888888888889 0.12890625 0.46875 0.134765625 0.4722222222222222
0 0.443359375 0.4479166666666667 0.451171875 0.4305555555555556 0.44140625 0.40625 0.4296875 0.4236111111111111 0.421875 0.4097222222222222 0.41015625 0.4236111111111111 0.40625 0.4548611111111111 0.443359375 0.4479166666666667
0 0 0.8125 0.021484375 0.7916666666666666 0.029296875 0.8055555555555556 0.0546875 0.7951388888888888 0.060546875 0.7673611111111112 0.05078125 0.75 0.05078125 0.7222222222222222 0.037109375 0.7222222222222222 0.029296875 0.7326388888888888 0.029296875 0.75 0 0.75 0 0.8125
0 0.85546875 0.3541666666666667 0.873046875 0.3576388888888889 0.875 0.3263888888888889 0.86328125 0.3263888888888889 0.85546875 0.3368055555555556 0.85546875 0.3541666666666667
0 0.443359375 0.6076388888888888 0.484375 0.5868055555555556 0.486328125 0.53125 0.478515625 0.53125 0.47265625 0.5486111111111112 0.443359375 0.5486111111111112 0.4375 0.5868055555555556 0.443359375 0.6076388888888888
0 0.291015625 0.4513888888888889 0.298828125 0.4618055555555556 0.306640625 0.4479166666666667 0.333984375 0.4513888888888889 0.34375 0.4236111111111111 0.330078125 0.4027777777777778 0.30078125 0.4097222222222222 0.291015625 0.4340277777777778 0.291015625 0.4513888888888889
0 0.255859375 0.5138888888888888 0.255859375 0.46875 0.2421875 0.4722222222222222 0.23828125 0.4930555555555556 0.255859375 0.5138888888888888
0 0.23046875 0.4826388888888889 0.21875 0.46875 0.21875 0.4826388888888889 0.23046875 0.4826388888888889
0 0.130859375 0.40625 0.130859375 0.3611111111111111 0.11328125 0.3576388888888889 0.111328125 0.4027777777777778 0.130859375 0.40625
0 0.826171875 0.3472222222222222 0.818359375 0.3263888888888889 0.802734375 0.3368055555555556 0.798828125 0.3472222222222222 0.826171875 0.3472222222222222
0 0.0625 0.3993055555555556 0.068359375 0.4166666666666667 0.091796875 0.4201388888888889 0.091796875 0.3715277777777778 0.0859375 0.3576388888888889 0.072265625 0.3576388888888889 0.060546875 0.3784722222222222 0.0625 0.3993055555555556
0 0.474609375 0.3229166666666667 0.46875 0.2916666666666667 0.455078125 0.2951388888888889 0.455078125 0.3194444444444444 0.474609375 0.3229166666666667
0 0.10546875 0.5416666666666666 0.111328125 0.5451388888888888 0.123046875 0.5416666666666666 0.15625 0.5 0.173828125 0.4930555555555556 0.173828125 0.46875 0.16015625 0.46875 0.150390625 0.5034722222222222 0.130859375 0.4791666666666667 0.119140625 0.4826388888888889 0.10546875 0.5173611111111112 0.10546875 0.5416666666666666
0 0.5625 0.375 0.580078125 0.375 0.57421875 0.34375 0.5546875 0.3472222222222222 0.55078125 0.3576388888888889 0.5625 0.375
0 0.16796875 0.3715277777777778 0.162109375 0.3888888888888889 0.171875 0.4027777777777778 0.193359375 0.40625 0.205078125 0.3923611111111111 0.19921875 0.375 0.177734375 0.3576388888888889 0.162109375 0.3576388888888889 0.16796875 0.3715277777777778
0 0.1484375 0.4027777777777778 0.15625 0.3923611111111111 0.15625 0.3576388888888889 0.14453125 0.3472222222222222 0.138671875 0.3888888888888889 0.1484375 0.4027777777777778
0 0 0.53125 0.013671875 0.53125 0.025390625 0.5104166666666666 0.03125 0.5104166666666666 0.03125 0.5277777777777778 0.04296875 0.5173611111111112 0.060546875 0.5243055555555556 0.068359375 0.5104166666666666 0.068359375 0.4861111111111111 0.056640625 0.4722222222222222 0.033203125 0.5069444444444444 0.0234375 0.5069444444444444 0.0234375 0.46875 0.017578125 0.46875 0.01171875 0.4930555555555556 0 0.5 0 0.53125
0 0 0.9930555555555556 0.013671875 0.9930555555555556 0.009765625 0.9791666666666666 0 0.9826388888888888 0 0.9930555555555556
0 0.03515625 0.9722222222222222 0.072265625 0.9652777777777778 0.08203125 0.9340277777777778 0.08203125 0.9027777777777778 0.072265625 0.8611111111111112 0.048828125 0.8854166666666666 0.025390625 0.9409722222222222 0.0234375 0.9652777777777778 0.03515625 0.9722222222222222
0 0.87890625 0.2951388888888889 0.88671875 0.2673611111111111 0.8984375 0.2916666666666667 0.89453125 0.2673611111111111 0.875 0.2638888888888889 0.875 0.2916666666666667 0.87890625 0.2951388888888889
0 0.537109375 0.4305555555555556 0.548828125 0.4236111111111111 0.548828125 0.3993055555555556 0.529296875 0.3784722222222222 0.51953125 0.3888888888888889 0.509765625 0.4097222222222222 0.537109375 0.4305555555555556
0 0.95703125 0.3055555555555556 0.98828125 0.2986111111111111 0.98828125 0.2777777777777778 0.951171875 0.2777777777777778 0.94921875 0.2986111111111111 0.95703125 0.3055555555555556
0 0.56640625 0.4375 0.5859375 0.4375 0.59375 0.4236111111111111 0.591796875 0.40625 0.57421875 0.4201388888888889 0.56640625 0.4027777777777778 0.5546875 0.40625 0.5546875 0.4513888888888889 0.56640625 0.4375
0 0.587890625 0.5 0.59375 0.4826388888888889 0.609375 0.4930555555555556 0.6171875 0.4513888888888889 0.61328125 0.4409722222222222 0.5859375 0.4409722222222222 0.58203125 0.4548611111111111 0.580078125 0.5 0.587890625 0.5
0 0.26171875 0.71875 0.26953125 0.7326388888888888 0.279296875 0.7291666666666666 0.294921875 0.7013888888888888 0.3125 0.6979166666666666 0.298828125 0.6805555555555556 0.2890625 0.6354166666666666 0.26953125 0.6597222222222222 0.26171875 0.7013888888888888 0.26171875 0.71875
0 0.33203125 0.6909722222222222 0.337890625 0.6701388888888888 0.33203125 0.625 0.32421875 0.6423611111111112 0.318359375 0.6979166666666666 0.33203125 0.6909722222222222
0 0.451171875 0.4166666666666667 0.48828125 0.40625 0.486328125 0.375 0.462890625 0.375 0.45703125 0.3854166666666667 0.44921875 0.4027777777777778 0.451171875 0.4166666666666667
0 0.72265625 0.3993055555555556 0.724609375 0.3611111111111111 0.69921875 0.3576388888888889 0.693359375 0.3680555555555556 0.6875 0.4027777777777778 0.72265625 0.3993055555555556