0 0.3671875 0.7465277777777778 0.390625 0.78125 0.40234375 0.7847222222222222 0.404296875 0.7152777777777778 0.3984375 0.6875 0.375 0.6875 0.36328125 0.6736111111111112 0.361328125 0.71875 0.3671875 0.7465277777777778
0 0.48046875 0.5868055555555556 0.486328125 0.5590277777777778 0.484375 0.5173611111111112 0.474609375 0.5138888888888888 0.46875 0.5243055555555556 0.462890625 0.5451388888888888 0.48046875 0.5868055555555556
0 0.431640625 0.3784722222222222 0.4375 0.3888888888888889 0.443359375 0.34375 0.431640625 0.34375 0.431640625 0.3784722222222222
0 0.984375 0.2951388888888889 0.98046875 0.2638888888888889 0.9609375 0.2638888888888889 0.94921875 0.2916666666666667 0.984375 0.2951388888888889
0 0.1484375 0.2951388888888889 0.162109375 0.2951388888888889 0.154296875 0.2534722222222222 0.1484375 0.2638888888888889 0.1484375 0.2951388888888889
0 0.5546875 0.8298611111111112 0.560546875 0.8263888888888888 0.5625 0.7534722222222222 0.55078125 0.7222222222222222 0.537109375 0.7326388888888888 0.529296875 0.7638888888888888 0.513671875 0.7361111111111112 0.51171875 0.7638888888888888 0.5546875 0.8298611111111112
0 0.412109375 0.5625 0.41796875 0.5729166666666666 0.435546875 0.5451388888888888 0.435546875 0.53125 0.41796875 0.5277777777777778 0.412109375 0.53125 0.412109375 0.5625
0 0.45703125 0.7638888888888888 0.44921875 0.7760416666666666 0.451171875 0.8090277777777778 0.45703125 0.8263888888888888 0.466796875 0.8229166666666666 0.474609375 0.8298611111111112 0.47265625 0.8402777777777778 0.48046875 0.8402777777777778 0.47265625 0.8159722222222222 0.4921875 0.8159722222222222 0.4921875 0.8020833333333334 0.50390625 0.7951388888888888 0.498046875 0.7673611111111112 0.486328125 0.7534722222222222 0.47265625 0.7777777777777778 0.4609375 0.7777777777777778 0.455078125 0.75 0.44921875 0.75 0.45703125 0.7638888888888888
0 0.341796875 0.5173611111111112 0.341796875 0.4791666666666667 0.333984375 0.4618055555555556 0.32421875 0.46875 0.32421875 0.5243055555555556 0.341796875 0.5173611111111112
0 0.333984375 0.9427083333333334 0.00390625 0.010416666666666666
0 0.3359375 0.8680555555555556 0.32421875 0.8888888888888888 0.318359375 0.8576388888888888 0.30078125 0.8368055555555556 0.30078125 0.8784722222222222 0.314453125 0.8923611111111112 0.32421875 0.9305555555555556 0.345703125 0.9375 0.3671875 0.9791666666666666 0.375 0.96875 0.3671875 0.875 0.359375 0.8402777777777778 0.34375 0.8298611111111112 0.3359375 0.84375 0.3359375 0.8680555555555556
0 0.548828125 0.4097222222222222 0.537109375 0.4201388888888889 0.548828125 0.4305555555555556 0.5546875 0.3923611111111111 0.54296875 0.3784722222222222 0.537109375 0.3888888888888889 0.548828125 0.4097222222222222
0 0.3046875 0.5902777777777778 0.3046875 0.5659722222222222 0.3125 0.5486111111111112 0.310546875 0.5243055555555556 0.29296875 0.5243055555555556 0.291015625 0.5451388888888888 0.3046875 0.5902777777777778
0 0.13671875 0.53125 0.15625 0.53125 0.154296875 0.4791666666666667 0.1484375 0.46875 0.134765625 0.4791666666666667 0.130859375 0.4722222222222222 0.130859375 0.5138888888888888 0.13671875 0.53125
0 0.173828125 0.3125 0.17578125 0.3229166666666667 0.1875 0.3229166666666667 0.185546875 0.2777777777777778 0.1796875 0.2777777777777778 0.173828125 0.28125 0.173828125 0.3125
0 0.349609375 0.6180555555555556 0.35546875 0.6527777777777778 0.36328125 0.65625 0.37890625 0.6111111111111112 0.37109375 0.5902777777777778 0.359375 0.5868055555555556 0.349609375 0.5972222222222222 0.349609375 0.6180555555555556
0 0.1796875 0.5625 0.193359375 0.6041666666666666 0.19921875 0.6041666666666666 0.19921875 0.5451388888888888 0.19140625 0.53125 0.1796875 0.53125 0.1796875 0.5625
0 0.78125 0.96875 0.79296875 0.96875 0.806640625 0.9965277777777778 0.853515625 0.9930555555555556 0.841796875 0.8923611111111112 0.818359375 0.8993055555555556 0.818359375 0.9166666666666666 0.796875 0.9548611111111112 0.787109375 0.9097222222222222 0.79296875 0.8888888888888888 0.779296875 0.8819444444444444 0.78125 0.8576388888888888 0.767578125 0.8541666666666666 0.7734375 0.8680555555555556 0.76171875 0.8854166666666666 0.767578125 0.9479166666666666 0.78125 0.96875
0 0.490234375 0.5138888888888888 0.498046875 0.46875 0.4921875 0.4513888888888889 0.484375 0.4513888888888889 0.474609375 0.46875 0.490234375 0.5138888888888888
0 0.142578125 0.2951388888888889 0.13671875 0.2638888888888889 0.126953125 0.2708333333333333 0.125 0.2916666666666667 0.142578125 0.2951388888888889
0 0 0.78125 0.01171875 0.8159722222222222 0.017578125 0.7986111111111112 0.01953125 0.7222222222222222 0.029296875 0.6909722222222222 0.0234375 0.6875 0.015625 0.7013888888888888 0 0.7013888888888888 0 0.78125
0 0.375 0.5555555555555556 0.375 0.5173611111111112 0.361328125 0.5138888888888888 0.35546875 0.5416666666666666 0.375 0.5555555555555556
0 0.048828125 0.3090277777777778 0.044921875 0.2777777777777778 0.03125 0.28125 0.03125 0.3090277777777778 0.048828125 0.3090277777777778
0 0.30078125 0.8125 0.318359375 0.78125 0.322265625 0.75 0.31640625 0.7326388888888888 0.30859375 0.7152777777777778 0.298828125 0.7152777777777778 0.283203125 0.7395833333333334 0.2734375 0.7048611111111112 0.26953125 0.7222222222222222 0.26953125 0.7638888888888888 0.30078125 0.8125
0 0.787109375 0.2604166666666667 0.791015625 0.2465277777777778 0.787109375 0.2361111111111111 0.76953125 0.24305555555555555 0.767578125 0.2604166666666667 0.787109375 0.2604166666666667
0 0.412109375 0.6979166666666666 0.423828125 0.71875 0.451171875 0.7291666666666666 0.455078125 0.7013888888888888 0.44921875 0.6875 0.447265625 0.6388888888888888 0.4296875 0.6493055555555556 0.427734375 0.6736111111111112 0.419921875 0.6666666666666666 0.41796875 0.6388888888888888 0.41015625 0.6388888888888888 0.40625 0.6666666666666666 0.412109375 0.6979166666666666
0 0.298828125 0.6493055555555556 0.3046875 0.6354166666666666 0.3046875 0.59375 0.296875 0.5729166666666666 0.28125 0.5763888888888888 0.279296875 0.625 0.298828125 0.6493055555555556
0 0.123046875 0.8769841284722222 0.123046875 0.8854166666666666 0.1328125 0.8923611111111112 0.13671875 0.9201388888888888 0.150390625 0.9097222222222222 0.162109375 0.9513888888888888 0.1796875 0.9513888888888888 0.16796875 0.8819444444444444 0.16796875 0.8298611111111112 0.158203125 0.8125 0.13671875 0.8263888888888888 0.138671875 0.8541666666666666 0.130859375 0.8611111111111112 0.130859375 0.875 0.123046875 0.8769841284722222
0 0.318359375 0.4513888888888889 0.32421875 0.40625 0.318359375 0.3923611111111111 0.310546875 0.3958333333333333 0.306640625 0.4305555555555556 0.318359375 0.4513888888888889
0 0.287109375 0.4618055555555556 0.29296875 0.4548611111111111 0.29296875 0.40625 0.28125 0.40625 0.2734375 0.4375 0.287109375 0.4618055555555556
0 0.4296875 0.4409722222222222 0.4296875 0.4097222222222222 0.41796875 0.4097222222222222 0.41796875 0.4305555555555556 0.4296875 0.4409722222222222
0 0.140625 0.75 0.14453125 0.7604166666666666 0.150390625 0.75 0.1484375 0.7118055555555556 0.154296875 0.6840277777777778 0.150390625 0.6805555555555556 0.1484375 0.7048611111111112 0.126953125 0.7048611111111112 0.125 0.75 0.140625 0.75
0 0.19140625 0.4791666666666667 0.197265625 0.4652777777777778 0.19140625 0.4375 0.173828125 0.4409722222222222 0.173828125 0.4861111111111111 0.19140625 0.4791666666666667
0 0.630859375 0.9930555555555556 0.625 0.9861111111111112 0.619140625 0.9930555555555556 0.630859375 0.9930555555555556
0 0.64453125 0.9791666666666666 0.6484375 0.9652777777777778 0.642578125 0.9548611111111112 0.638671875 0.9722222222222222 0.64453125 0.9791666666666666
0 0.66015625 0.9548611111111112 0.6796875 0.96875 0.6875 0.9930555555555556 0.7109375 0.9965277777777778 0.7109375 0.96875 0.697265625 0.9479166666666666 0.693359375 0.9201388888888888 0.671875 0.9201388888888888 0.673828125 0.9375 0.66015625 0.9548611111111112
0 0.392578125 0.4513888888888889 0.404296875 0.4618055555555556 0.40625 0.4236111111111111 0.3984375 0.4166666666666667 0.392578125 0.4201388888888889 0.392578125 0.4513888888888889
0 0.537109375 0.6215277777777778 0.55078125 0.6284722222222222 0.556640625 0.65625 0.5625 0.6493055555555556 0.5546875 0.6388888888888888 0.5625 0.6319444444444444 0.56640625 0.59375 0.560546875 0.5625 0.548828125 0.5659722222222222 0.53125 0.6041666666666666 0.537109375 0.6215277777777778
0 0.15625 0.4652777777777778 0.15625 0.40625 0.142578125 0.40625 0.138671875 0.4340277777777778 0.15625 0.4652777777777778
0 0.25 0.5659722222222222 0.26171875 0.59375 0.267578125 0.5798611111111112 0.267578125 0.5173611111111112 0.25 0.5243055555555556 0.25 0.5659722222222222
0 0.693359375 0.8576388888888888 0.701171875 0.8819444444444444 0.701171875 0.9097222222222222 0.71875 0.9305555555555556 0.724609375 0.9236111111111112 0.71875 0.8263888888888888 0.705078125 0.7847222222222222 0.693359375 0.7951388888888888 0.6875 0.8576388888888888 0.693359375 0.8576388888888888
0 0.3046875 0.6527777777777778 0.306640625 0.6840277777777778 0.31640625 0.7048611111111112 0.3125 0.71875 0.32421875 0.7534722222222222 0.3359375 0.7361111111111112 0.330078125 0.65625 0.31640625 0.6666666666666666 0.3046875 0.6527777777777778
0 0.359375 0.3993055555555556 0.349609375 0.3923611111111111 0.34765625 0.3993055555555556 0.357421875 0.3993055555555556 0.35880055078125 0.4115604583333333 0.359375 0.3993055555555556
0 0.357421875 0.4409722222222222 0.358513328125 0.4176879097222222 0.34765625 0.4305555555555556 0.357421875 0.4409722222222222
0 0.01953125 0.5625 0.029296875 0.5763888888888888 0.041015625 0.5763888888888888 0.04296875 0.5173611111111112 0.029296875 0.5138888888888888 0.01953125 0.53125 0.01953125 0.5625
0 0.810546875 0.4201388888888889 0.8046875 0.375 0.791015625 0.375 0.78515625 0.4166666666666667 0.810546875 0.4201388888888889
0 0.66796875 0.8263888888888888 0.66796875 0.8125 0.65234375 0.7916666666666666 0.6484375 0.8263888888888888 0.66796875 0.8263888888888888
0 0.6953125 0.875 0.69921875 0.90625 0.71875 0.9305555555555556 0.724609375 0.9236111111111112 0.71875 0.8263888888888888 0.705078125 0.7847222222222222 0.693359375 0.7916666666666666 0.6875 0.875 0.6953125 0.875
0 0.181640625 0.4027777777777778 0.205078125 0.3923611111111111 0.1953125 0.3680555555555556 0.16796875 0.3611111111111111 0.162109375 0.3923611111111111 0.181640625 0.4027777777777778
0 0.375 0.4861111111111111 0.380859375 0.4340277777777778 0.375 0.4236111111111111 0.3671875 0.4305555555555556 0.36328125 0.4618055555555556 0.375 0.4861111111111111
0 0.099609375 0.3090277777777778 0.10546875 0.2986111111111111 0.099609375 0.28125 0.0859375 0.2777777777777778 0.0859375 0.3090277777777778 0.099609375 0.3090277777777778
0 0.498046875 0.6388888888888888 0.51171875 0.6701388888888888 0.517578125 0.65625 0.517578125 0.5972222222222222 0.51171875 0.5798611111111112 0.5 0.5798611111111112 0.49609375 0.5972222222222222 0.486328125 0.5902777777777778 0.48828125 0.6354166666666666 0.498046875 0.6388888888888888
0 0.5 0.9375 0.51171875 0.9791666666666666 0.541015625 0.9930555555555556 0.54296875 0.9479166666666666 0.53125 0.9201388888888888 0.529296875 0.8784722222222222 0.51171875 0.8784722222222222 0.51171875 0.8888888888888888 0.49609375 0.90625 0.47890625 0.85625 0.47265625 0.8645833333333334 0.474609375 0.9201388888888888 0.484375 0.9375 0.5 0.9375
0 0.583984375 0.7013888888888888 0.580078125 0.6840277777777778 0.568359375 0.6840277777777778 0.568359375 0.7013888888888888 0.576171875 0.7222222222222222 0.59765625 0.7326388888888888 0.599609375 0.75 0.611328125 0.7604166666666666 0.6171875 0.7291666666666666 0.609375 0.6701388888888888 0.603515625 0.65625 0.59375 0.6597222222222222 0.59375 0.6805555555555556 0.583984375 0.7013888888888888
0 0.185546875 0.6979166666666666 0.1875 0.6076388888888888 0.173828125 0.5972222222222222 0.16796875 0.6111111111111112 0.16796875 0.6805555555555556 0.185546875 0.6979166666666666
0 0.56640625 0.5069444444444444 0.580078125 0.5138888888888888 0.580078125 0.4513888888888889 0.568359375 0.4513888888888889 0.5625 0.4826388888888889 0.56640625 0.5069444444444444
0 0.2734375 0.3958333333333333 0.2734375 0.3784722222222222 0.263671875 0.375 0.2734375 0.3958333333333333
0 0.26171875 0.40625 0.2734375 0.4201388888888889 0.2734375 0.3958333333333333 0.26171875 0.40625