0 0.109375 0.9791666666666666 0.10546875 0.9861111111111112 0.1171875 0.9965277777777778 0.13671875 0.9930555555555556 0.134765625 0.9375 0.1171875 0.9097222222222222 0.09765625 0.9236111111111112 0.091796875 0.9444444444444444 0.109375 0.9791666666666666
0 0.337890625 0.6840277777777778 0.34765625 0.6666666666666666 0.3671875 0.6701388888888888 0.361328125 0.6354166666666666 0.3359375 0.6354166666666666 0.337890625 0.6840277777777778
0 0.16796875 0.6018506944444444 0.154296875 0.6076388888888888 0.16796875 0.6388888888888888 0.173828125 0.5729166666666666 0.15625 0.5729166666666666 0.16796875 0.5833333333333334 0.16796875 0.6018506944444444
0 0.130859375 0.8263888888888888 0.13671875 0.8263888888888888 0.12890625 0.8125 0.13671875 0.8055555555555556 0.125 0.7430555555555556 0.12890625 0.7222222222222222 0.1171875 0.7222222222222222 0.099609375 0.7604166666666666 0.130859375 0.8263888888888888
0 0.259765625 0.8715277777777778 0.275390625 0.9340277777777778 0.2890625 0.9409722222222222 0.29296875 0.90625 0.28125 0.8611111111111112 0.28125 0.8125 0.26171875 0.8159722222222222 0.255859375 0.8263888888888888 0.259765625 0.8715277777777778
0 0.125 0.4166666666666667 0.125 0.375 0.119140625 0.3611111111111111 0.109375 0.3611111111111111 0.10546875 0.4201388888888889 0.125 0.4166666666666667
0 0.921875 0.2916666666666667 0.9296875 0.28125 0.9296875 0.2638888888888889 0.91796875 0.2534722222222222 0.904296875 0.2638888888888889 0.904296875 0.2847222222222222 0.921875 0.2916666666666667
0 0.79296875 0.4236111111111111 0.796875 0.4409722222222222 0.810546875 0.4375 0.830078125 0.4097222222222222 0.826171875 0.3888888888888889 0.8046875 0.3888888888888889 0.8046875 0.4027777777777778 0.79296875 0.4236111111111111
0 0.244140625 0.65625 0.25390625 0.65625 0.26171875 0.6388888888888888 0.267578125 0.6076388888888888 0.255859375 0.6041666666666666 0.2421875 0.6076388888888888 0.244140625 0.65625
0 0.0234375 0.6076388888888888 0.03125 0.625 0.04296875 0.625 0.03515625 0.5763888888888888 0.01171875 0.5763888888888888 0.01171875 0.625 0.0234375 0.6076388888888888
0 0.19921875 0.5729166666666666 0.220703125 0.5763888888888888 0.22265625 0.5104166666666666 0.216796875 0.4930555555555556 0.205078125 0.4930555555555556 0.19921875 0.4965277777777778 0.19921875 0.5729166666666666
0 0.005859375 0.7222222222222222 0.017578125 0.75 0.03515625 0.7638888888888888 0.03125 0.6840277777777778 0.01171875 0.6840277777777778 0.005859375 0.6875 0.005859375 0.7222222222222222
0 0.32421875 0.5451388888888888 0.32421875 0.4722222222222222 0.3125 0.4722222222222222 0.3125 0.53125 0.32421875 0.5451388888888888
0 0.4609375 0.5451388888888888 0.466796875 0.5243055555555556 0.466796875 0.4791666666666667 0.443359375 0.4791666666666667 0.4375 0.5104166666666666 0.4609375 0.5451388888888888
0 0.318359375 0.2534722222222222 0.32421875 0.2534722222222222 0.32421875 0.22916666666666666 0.318359375 0.22916666666666666 0.318359375 0.2534722222222222
0 0.2734375 0.5416666666666666 0.28125 0.5173611111111112 0.279296875 0.4826388888888889 0.267578125 0.4722222222222222 0.26171875 0.5 0.2734375 0.5416666666666666
0 0.16796875 0.3715277777777778 0.166015625 0.3298611111111111 0.14453125 0.3229166666666667 0.14453125 0.3680555555555556 0.16796875 0.3715277777777778
0 0.068359375 0.3125 0.06640625 0.28125 0.0546875 0.2743055555555556 0.0546875 0.3125 0.068359375 0.3125
0 0.87890625 0.7222222222222222 0.90234375 0.7291666666666666 0.904296875 0.7430555555555556 0.923828125 0.75 0.9296875 0.7326388888888888 0.94921875 0.71875 0.94140625 0.6736111111111112 0.92578125 0.6597222222222222 0.912109375 0.6666666666666666 0.916015625 0.7118055555555556 0.896484375 0.7222222222222222 0.88671875 0.6840277777777778 0.88671875 0.6527777777777778 0.875 0.6423611111111112 0.869140625 0.6493055555555556 0.8671875 0.7013888888888888 0.87890625 0.7222222222222222
0 0.193359375 0.8576388888888888 0.193359375 0.875 0.228515625 0.9305555555555556 0.236328125 0.9201388888888888 0.236328125 0.8541666666666666 0.23046875 0.84375 0.21484375 0.84375 0.205078125 0.8576388888888888 0.193359375 0.8576388888888888
0 0.349609375 0.7951388888888888 0.36328125 0.7951388888888888 0.3671875 0.6701388888888888 0.34375 0.6666666666666666 0.34375 0.7777777777777778 0.349609375 0.7951388888888888
0 0.79296875 0.59375 0.798828125 0.625 0.818359375 0.6423611111111112 0.826171875 0.6666666666666666 0.8359375 0.6666666666666666 0.837890625 0.5763888888888888 0.82421875 0.5729166666666666 0.8125 0.5902777777777778 0.8046875 0.5625 0.796875 0.5694444444444444 0.8046875 0.5868055555555556 0.79296875 0.59375
0 0 0.9652777777777778 0.01171875 0.9791666666666666 0.01171875 0.9930555555555556 0.0234375 0.9930555555555556 0.03515625 0.9826388888888888 0.0546875 0.9375 0.0546875 0.9027777777777778 0.048828125 0.8888888888888888 0.048828125 0.84375 0.03515625 0.8402777777777778 0.03515625 0.8125 0.025390625 0.8020833333333334 0.029296875 0.7916666666666666 0.01171875 0.7916666666666666 0.021484375 0.7986111111111112 0.0234375 0.8298611111111112 0.037109375 0.8506944444444444 0.02734375 0.8680555555555556 0 0.8715277777777778 0 0.9652777777777778
0 0.23046875 0.46875 0.2421875 0.4826388888888889 0.2421875 0.4097222222222222 0.236328125 0.40625 0.23046875 0.4097222222222222 0.23046875 0.46875
0 0.10546875 0.3090277777777778 0.12109375 0.3125 0.123046875 0.2743055555555556 0.111328125 0.2638888888888889 0.10546875 0.2777777777777778 0.10546875 0.3090277777777778
0 0.1875 0.6805555555555556 0.1875 0.6631944444444444 0.19921875 0.6493055555555556 0.205078125 0.625 0.193359375 0.6111111111111112 0.17578125 0.625 0.173828125 0.6597222222222222 0.1875 0.6805555555555556
0 0.728515625 0.9861111111111112 0.735677734375 0.9965277777777778 0.740234375 0.9826388888888888 0.746744140625 0.9965277777777778 0.751953125 0.9791666666666666 0.7578125 0.9965277777777778 0.7578125 0.9722222222222222 0.767578125 0.9513888888888888 0.755859375 0.9722222222222222 0.724609375 0.9861111111111112 0.724609375 0.9965277777777778 0.728515625 0.9861111111111112
0 0.6796875 0.9965277777777778 0.701171875 0.9930555555555556 0.701171875 0.9409722222222222 0.69140625 0.9409722222222222 0.67578125 0.96875 0.6796875 0.9965277777777778
0 0.6484375 0.5763888888888888 0.6484375 0.5625 0.63671875 0.5590277777777778 0.630859375 0.5659722222222222 0.64453125 0.5798611111111112 0.6431640625 0.5920138888888888 0.6484375 0.5763888888888888
0 0.63671875 0.6111111111111112 0.64140625 0.5972222222222222 0.630859375 0.5972222222222222 0.63671875 0.6111111111111112
0 0.111328125 0.5520833333333334 0.111328125 0.5763888888888888 0.126953125 0.5763888888888888 0.130859375 0.59375 0.13671875 0.59375 0.12890625 0.5798611111111112 0.138671875 0.5625 0.13671875 0.5486111111111112 0.109375 0.5416666666666666 0.10546875 0.5451388888888888 0.111328125 0.5520833333333334
0 0.5859375 0.5625 0.5859375 0.5868055555555556 0.607421875 0.6215277777777778 0.6171875 0.5798611111111112 0.607421875 0.5520833333333334 0.599609375 0.5486111111111112 0.595703125 0.5625 0.5859375 0.5625
0 0.16796875 0.4027777777777778 0.19921875 0.4027777777777778 0.201171875 0.375 0.16796875 0.3576388888888889 0.162109375 0.3784722222222222 0.16796875 0.4027777777777778
0 0 0.9201388888888888 0.009765625 0.9201388888888888 0.01171875 0.9340277777777778 0.005859375 0.9375 0.00390625 0.9618055555555556 0.01171875 0.9930555555555556 0.0234375 0.9930555555555556 0.03515625 0.9826388888888888 0.0546875 0.9375 0.0546875 0.90625 0.048828125 0.8888888888888888 0.017578125 0.8888888888888888 0.005859375 0.8784722222222222 0 0.8784722222222222 0 0.9201388888888888
0 0.41796875 0.5034722222222222 0.435546875 0.5104166666666666 0.435546875 0.4791666666666667 0.41796875 0.4826388888888889 0.41796875 0.5034722222222222
0 0.1484375 0.75 0.162109375 0.75 0.173828125 0.7048611111111112 0.171875 0.6840277777777778 0.166015625 0.6666666666666666 0.15625 0.6666666666666666 0.1484375 0.6805555555555556 0.14453125 0.7361111111111112 0.1484375 0.75
0 0.2919921875 0.8732638888888888 0.001953125 0.003472222222222222
0 0.26953125 0.7916666666666666 0.28125 0.8125 0.28515625 0.8541666666666666 0.29296875 0.8576388888888888 0.298828125 0.8125 0.29296875 0.7326388888888888 0.287109375 0.7222222222222222 0.28515625 0.7326388888888888 0.2734375 0.7361111111111112 0.267578125 0.7465277777777778 0.26953125 0.7916666666666666
0 0.04296875 0.3368055555555556 0.046875 0.3159722222222222 0.041015625 0.2986111111111111 0.025390625 0.2986111111111111 0.0234375 0.3125 0.04296875 0.3368055555555556
0 0.3671875 0.875 0.3671875 0.90625 0.373046875 0.9201388888888888 0.369140625 0.9340277777777778 0.392578125 0.9930555555555556 0.421875 0.9930555555555556 0.42578125 0.9513888888888888 0.41796875 0.8993055555555556 0.423828125 0.8854166666666666 0.41796875 0.875 0.388671875 0.8993055555555556 0.3671875 0.875
0 0.1015625 0.8645833333333334 0.1171875 0.8888888888888888 0.130859375 0.8888888888888888 0.134765625 0.8576388888888888 0.123046875 0.8263888888888888 0.10546875 0.8263888888888888 0.099609375 0.8368055555555556 0.1015625 0.8645833333333334
0 0.4921875 0.5138888888888888 0.484375 0.5277777777777778 0.50390625 0.5 0.50390625 0.4652777777777778 0.5 0.4861111111111111 0.486328125 0.4722222222222222 0.48046875 0.5 0.4921875 0.5138888888888888
0 0.1484375 0.9930555555555556 0.154296875 0.9965277777777778 0.169921875 0.9861111111111112 0.174609375 0.9965277777777778 0.181640625 0.9861111111111112 0.184765625 0.9965277777777778 0.205078125 0.9965277777777778 0.216796875 0.9861111111111112 0.20703125 0.9479166666666666 0.208984375 0.9201388888888888 0.17578125 0.9479166666666666 0.177734375 0.96875 0.166015625 0.9722222222222222 0.162109375 0.9513888888888888 0.154296875 0.9513888888888888 0.1484375 0.9618055555555556 0.1484375 0.9930555555555556