0 0.13671875 0.40625 0.150390625 0.4166666666666667 0.15625 0.3854166666666667 0.14453125 0.3680555555555556 0.13671875 0.375 0.13671875 0.40625
0 0.5859375 0.2951388888888889 0.599609375 0.2951388888888889 0.59765625 0.2743055555555556 0.587890625 0.2673611111111111 0.58203125 0.2743055555555556 0.5859375 0.2951388888888889
0 0 0.4409722222222222 0.01171875 0.4479166666666667 0.0234375 0.4340277777777778 0.0234375 0.4027777777777778 0.005859375 0.375 0 0.375 0 0.4409722222222222
0 0.69140625 0.4548611111111111 0.69921875 0.4444444444444444 0.703125 0.4548611111111111 0.71484375 0.4548611111111111 0.71875 0.4479166666666667 0.7109375 0.4236111111111111 0.72265625 0.4166666666666667 0.712890625 0.4166666666666667 0.69921875 0.4409722222222222 0.693359375 0.4097222222222222 0.685546875 0.4201388888888889 0.6796875 0.4479166666666667 0.69140625 0.4548611111111111
0 0.2109375 0.4791666666666667 0.234375 0.4826388888888889 0.251953125 0.4722222222222222 0.263671875 0.4305555555555556 0.25 0.4201388888888889 0.236328125 0.4444444444444444 0.21875 0.4201388888888889 0.20703125 0.4548611111111111 0.205078125 0.46875 0.2109375 0.4791666666666667
0 0.052734375 0.4340277777777778 0.0546875 0.3888888888888889 0.03515625 0.3888888888888889 0.03515625 0.4305555555555556 0.052734375 0.4340277777777778
0 0.166015625 0.3680555555555556 0.16796875 0.3229166666666667 0.15625 0.3229166666666667 0.15625 0.3576388888888889 0.166015625 0.3680555555555556
0 0.28125 0.4826388888888889 0.283203125 0.4618055555555556 0.29296875 0.4513888888888889 0.298828125 0.4791666666666667 0.3046875 0.46875 0.30078125 0.4409722222222222 0.279296875 0.4513888888888889 0.26953125 0.4409722222222222 0.26171875 0.4548611111111111 0.26171875 0.4930555555555556 0.28125 0.4826388888888889
0 0.16796875 0.4027777777777778 0.1953125 0.4027777777777778 0.205078125 0.3923611111111111 0.197265625 0.3680555555555556 0.1796875 0.3576388888888889 0.166015625 0.3680555555555556 0.162109375 0.3923611111111111 0.16796875 0.4027777777777778
0 0.9296875 0.4305555555555556 0.923828125 0.4027777777777778 0.9140625 0.4131944444444444 0.916015625 0.4375 0.9296875 0.4305555555555556
0 0.109375 0.4201388888888889 0.12890625 0.4166666666666667 0.123046875 0.3784722222222222 0.111328125 0.375 0.10546875 0.3784722222222222 0.109375 0.4201388888888889
0 0.017578125 0.9375 0.06640625 0.8993055555555556 0.080078125 0.8784722222222222 0.09375 0.875 0.09375 0.8159722222222222 0.099609375 0.7951388888888888 0.07421875 0.7951388888888888 0.068359375 0.8229166666666666 0.048828125 0.84375 0.048828125 0.8715277777777778 0.0546875 0.8784722222222222 0.041015625 0.8923611111111112 0.0234375 0.8368055555555556 0.03515625 0.8125 0.017578125 0.8159722222222222 0.001953125 0.8333333333333334 0 0.9375 0.017578125 0.9375
0 0.859375 0.28125 0.880859375 0.28125 0.876953125 0.25 0.861328125 0.25 0.85546875 0.2673611111111111 0.859375 0.28125
0 0.4765625 0.3263888888888889 0.478515625 0.2951388888888889 0.462890625 0.2986111111111111 0.462890625 0.3229166666666667 0.4765625 0.3263888888888889
0 0.67578125 0.4930555555555556 0.6796875 0.4513888888888889 0.671875 0.4479166666666667 0.66796875 0.4305555555555556 0.6484375 0.4375 0.642578125 0.4513888888888889 0.638671875 0.5 0.67578125 0.4930555555555556
0 0.255859375 0.5625 0.259765625 0.59375 0.26953125 0.59375 0.279296875 0.5763888888888888 0.30859375 0.5763888888888888 0.31640625 0.5625 0.3125 0.5277777777777778 0.294921875 0.5486111111111112 0.283203125 0.5486111111111112 0.279296875 0.5243055555555556 0.26953125 0.5243055555555556 0.267578125 0.5451388888888888 0.255859375 0.5625
0 0.5205078125 0.3854166666666667 0.517578125 0.375 0.51953125 0.3611111111111111 0.529296875 0.3576388888888889 0.50390625 0.3576388888888889 0.4921875 0.3784722222222222 0.494140625 0.3993055555555556 0.509765625 0.3819444444444444 0.5205078125 0.3854166666666667
0 0.556640625 0.4861111111111111 0.57421875 0.4930555555555556 0.580078125 0.4826388888888889 0.58203125 0.4375 0.56640625 0.4548611111111111 0.5546875 0.4340277777777778 0.548828125 0.4375 0.54296875 0.5 0.556640625 0.4861111111111111
0 0.6484375 0.4340277777777778 0.646484375 0.3993055555555556 0.6171875 0.40625 0.611328125 0.4513888888888889 0.6484375 0.4340277777777778
0 0.580078125 0.3298611111111111 0.58203125 0.3576388888888889 0.599609375 0.3541666666666667 0.603515625 0.34375 0.603515625 0.3055555555555556 0.591796875 0.2951388888888889 0.591796875 0.3159722222222222 0.580078125 0.3298611111111111
0 0.146484375 0.5972222222222222 0.162109375 0.5798611111111112 0.1845703125 0.5763888888888888 0.181640625 0.5659722222222222 0.1875 0.5625 0.197265625 0.5763888888888888 0.201171875 0.5451388888888888 0.19921875 0.53125 0.193359375 0.53125 0.19140625 0.5555555555555556 0.1796875 0.5625 0.1796875 0.5416666666666666 0.16015625 0.5243055555555556 0.162109375 0.5486111111111112 0.1484375 0.5416666666666666 0.142578125 0.5520833333333334 0.13671875 0.5902777777777778 0.146484375 0.5972222222222222
0 0.802734375 0.4201388888888889 0.810546875 0.4305555555555556 0.81640625 0.4201388888888889 0.81640625 0.3888888888888889 0.79296875 0.375 0.78515625 0.375 0.76953125 0.3993055555555556 0.76953125 0.4236111111111111 0.802734375 0.4201388888888889