0 0.955078125 0.3090277777777778 0.955078125 0.2638888888888889 0.927734375 0.2708333333333333 0.92578125 0.3055555555555556 0.955078125 0.3090277777777778
0 0.849609375 0.2916666666666667 0.861328125 0.2951388888888889 0.8671875 0.2638888888888889 0.85546875 0.2604166666666667 0.849609375 0.2638888888888889 0.849609375 0.2916666666666667
0 0.44921875 0.8472222222222222 0.443359375 0.8854166666666666 0.447265625 0.9166666666666666 0.466796875 0.8888888888888888 0.48046875 0.8993055555555556 0.48046875 0.8854166666666666 0.47265625 0.8888888888888888 0.46875 0.8159722222222222 0.455078125 0.8090277777777778 0.443359375 0.8263888888888888 0.44921875 0.8472222222222222
0 0.40625 0.8680555555555556 0.431640625 0.8888888888888888 0.435546875 0.8541666666666666 0.41796875 0.8055555555555556 0.412109375 0.8090277777777778 0.412109375 0.8506944444444444 0.40625 0.8680555555555556
0 0.998046875 0.2986111111111111 0.998046875 0.2604166666666667 0.9765625 0.2743055555555556 0.974609375 0.3055555555555556 0.998046875 0.2986111111111111
0 0.7734375 0.9965277777777778 0.79296875 0.9965277777777778 0.796875 0.9826388888888888 0.763671875 0.9826388888888888 0.7734375 0.9965277777777778
0 0.69921875 0.9930555555555556 0.736328125 0.9965277777777778 0.73046875 0.9513888888888888 0.705078125 0.9409722222222222 0.70703125 0.9722222222222222 0.69921875 0.9930555555555556
0 0.048828125 0.4930555555555556 0.056640625 0.4826388888888889 0.0859375 0.4826388888888889 0.091796875 0.4722222222222222 0.0859375 0.4409722222222222 0.0546875 0.4340277777777778 0.046875 0.4444444444444444 0.04296875 0.4791666666666667 0.048828125 0.4930555555555556
0 0.38671875 0.6875 0.392578125 0.71875 0.41796875 0.7291666666666666 0.4296875 0.6875 0.4296875 0.65625 0.41796875 0.6284722222222222 0.40625 0.65625 0.396484375 0.6597222222222222 0.392578125 0.6388888888888888 0.388671875 0.6423611111111112 0.39453125 0.6631944444444444 0.38671875 0.6875
0 0.09375 0.5034722222222222 0.125 0.4861111111111111 0.134765625 0.4965277777777778 0.140625 0.4895833333333333 0.142578125 0.4513888888888889 0.10546875 0.4513888888888889 0.091796875 0.4826388888888889 0.09375 0.5034722222222222
0 0 0.5069444444444444 0.009765625 0.5138888888888888 0 0.53125 0.013671875 0.5173611111111112 0.017578125 0.5347222222222222 0.046875 0.5277777777777778 0.046875 0.4965277777777778 0.037109375 0.4791666666666667 0.021484375 0.5 0 0.4826388888888889 0 0.5069444444444444
0 0.142578125 0.4479166666666667 0.1484375 0.4652777777777778 0.15625 0.4652777777777778 0.16796875 0.4409722222222222 0.19140625 0.4201388888888889 0.19140625 0.4097222222222222 0.1796875 0.40625 0.1796875 0.3888888888888889 0.166015625 0.3854166666666667 0.15625 0.3993055555555556 0.15625 0.4166666666666667 0.142578125 0.4479166666666667
0 0.068359375 0.3229166666666667 0.072265625 0.2951388888888889 0.0625 0.28125 0.05078125 0.2916666666666667 0.048828125 0.3229166666666667 0.068359375 0.3229166666666667
0 0.96875 0.4409722222222222 0.974609375 0.4548611111111111 0.994140625 0.4618055555555556 0.998046875 0.40625 0.98828125 0.40625 0.98046875 0.4305555555555556 0.96875 0.4409722222222222
0 0.337890625 0.7638888888888888 0.34765625 0.7673611111111112 0.34375 0.7743055555555556 0.365234375 0.8263888888888888 0.359375 0.8090277777777778 0.373046875 0.7951388888888888 0.3671875 0.71875 0.34375 0.71875 0.34375 0.75 0.337890625 0.7638888888888888
0 0.548828125 0.8715277777777778 0.55078125 0.8993055555555556 0.57421875 0.9166666666666666 0.580078125 0.8611111111111112 0.568359375 0.8125 0.529296875 0.8229166666666666 0.529296875 0.8506944444444444 0.548828125 0.8715277777777778
0 0.267578125 0.8402777777777778 0.298828125 0.875 0.3046875 0.8611111111111112 0.3046875 0.7604166666666666 0.298828125 0.7361111111111112 0.287109375 0.7326388888888888 0.265625 0.7673611111111112 0.26171875 0.8125 0.267578125 0.8402777777777778
0 0.59375 0.5763888888888888 0.58203125 0.5486111111111112 0.560546875 0.5659722222222222 0.560546875 0.59375 0.59375 0.5763888888888888
0 0.537109375 0.65625 0.546875 0.625 0.546875 0.5729166666666666 0.53515625 0.5590277777777778 0.51953125 0.5625 0.51953125 0.6423611111111112 0.537109375 0.65625
0 0.642578125 0.9375 0.642578125 0.9583333333333334 0.66796875 0.9861111111111112 0.6796875 0.9826388888888888 0.685546875 0.9722222222222222 0.685546875 0.9375 0.673828125 0.90625 0.673828125 0.8576388888888888 0.662109375 0.8472222222222222 0.654296875 0.8715277777777778 0.630859375 0.8854166666666666 0.62890625 0.8993055555555556 0.642578125 0.9375
0 0.4921875 0.7986111111111112 0.486328125 0.8229166666666666 0.505859375 0.8680555555555556 0.521484375 0.875 0.529296875 0.8541666666666666 0.529296875 0.8263888888888888 0.5234375 0.8194444444444444 0.5234375 0.7361111111111112 0.509765625 0.7326388888888888 0.5 0.7638888888888888 0.50390625 0.7777777777777778 0.498046875 0.7847222222222222 0.490234375 0.78125 0.48046875 0.75 0.478515625 0.7743055555555556 0.4921875 0.7986111111111112
0 0.484375 0.5138888888888888 0.517578125 0.5138888888888888 0.53125 0.5034722222222222 0.529296875 0.4479166666666667 0.517578125 0.4409722222222222 0.505859375 0.4722222222222222 0.498046875 0.4618055555555556 0.486328125 0.46875 0.48046875 0.4965277777777778 0.484375 0.5138888888888888
0 0.0234375 0.3125 0.017578125 0.28125 0.009765625 0.28125 0.005859375 0.3159722222222222 0.0234375 0.3125
0 0.57421875 0.4861111111111111 0.5859375 0.4652777777777778 0.5859375 0.4409722222222222 0.57421875 0.4201388888888889 0.5625 0.4340277777777778 0.5625 0.4791666666666667 0.57421875 0.4861111111111111
0 0.583984375 0.9756944444444444 0.568359375 0.96875 0.568359375 0.9930555555555556 0.5859375 0.9826388888888888 0.591796875 0.9930555555555556 0.63671875 0.9826388888888888 0.63671875 0.9375 0.625 0.8993055555555556 0.611328125 0.8888888888888888 0.603515625 0.9652777777777778 0.583984375 0.9756944444444444
0 0.537109375 0.4930555555555556 0.556640625 0.4791666666666667 0.5546875 0.4375 0.54296875 0.4340277777777778 0.53125 0.4409722222222222 0.537109375 0.4930555555555556
0 0.25 0.96875 0.25 0.9826388888888888 0.255859375 0.9965277777777778 0.3125 0.9930555555555556 0.3046875 0.9652777777777778 0.310546875 0.9375 0.3046875 0.9513888888888888 0.30078125 0.9375 0.29296875 0.9409722222222222 0.271484375 0.96875 0.25 0.96875