0 0.54296875 0.7673611111111112 0.560546875 0.7013888888888888 0.548828125 0.6909722222222222 0.541015625 0.7013888888888888 0.51953125 0.7013888888888888 0.525390625 0.7430555555555556 0.54296875 0.7673611111111112
0 0.1875 0.6493055555555556 0.193359375 0.6701388888888888 0.2109375 0.6909722222222222 0.216796875 0.6701388888888888 0.2109375 0.6111111111111112 0.197265625 0.5972222222222222 0.1875 0.6076388888888888 0.1875 0.6493055555555556
0 0.07421875 0.4375 0.080078125 0.4375 0.0859375 0.4236111111111111 0.0859375 0.3888888888888889 0.080078125 0.3715277777777778 0.068359375 0.375 0.068359375 0.4166666666666667 0.07421875 0.4375
0 0.474609375 0.3888888888888889 0.484375 0.4097222222222222 0.48828125 0.3715277777777778 0.486328125 0.3541666666666667 0.48046875 0.3541666666666667 0.474609375 0.3576388888888889 0.474609375 0.3888888888888889
0 0.568359375 0.6527777777777778 0.57421875 0.6388888888888888 0.572265625 0.59375 0.5625 0.5763888888888888 0.55078125 0.5868055555555556 0.5546875 0.6423611111111112 0.568359375 0.6527777777777778
0 0.50390625 0.65625 0.50390625 0.5763888888888888 0.498046875 0.5625 0.486328125 0.5694444444444444 0.484375 0.6111111111111112 0.50390625 0.65625
0 0.86328125 0.9305555555555556 0.88671875 0.96875 0.89453125 0.96875 0.904296875 0.9409722222222222 0.923828125 0.9618055555555556 0.9296875 0.9513888888888888 0.90625 0.9097222222222222 0.90625 0.8715277777777778 0.87890625 0.8576388888888888 0.859375 0.90625 0.86328125 0.9305555555555556
0 0.65625 0.5902777777777778 0.681640625 0.5763888888888888 0.681640625 0.5451388888888888 0.654296875 0.5451388888888888 0.65625 0.5902777777777778
0 0.326171875 0.6701388888888888 0.330078125 0.59375 0.3125 0.59375 0.3125 0.6597222222222222 0.326171875 0.6701388888888888
0 0.16015625 0.5763888888888888 0.16796875 0.5555555555555556 0.16796875 0.5173611111111112 0.150390625 0.5138888888888888 0.14453125 0.5451388888888888 0.16015625 0.5763888888888888
0 0.779296875 0.875 0.798828125 0.9027777777777778 0.8046875 0.8888888888888888 0.80078125 0.8263888888888888 0.78125 0.8263888888888888 0.787109375 0.8611111111111112 0.779296875 0.875
0 0.7421875 0.8541666666666666 0.7578125 0.8576388888888888 0.755859375 0.8125 0.736328125 0.7986111111111112 0.73046875 0.8263888888888888 0.7421875 0.8541666666666666
0 0.8359375 0.28125 0.8359375 0.25 0.814453125 0.2569444444444444 0.8125 0.2743055555555556 0.8359375 0.28125
0 0.63671875 0.6527777777777778 0.63671875 0.6701388888888888 0.654296875 0.7048611111111112 0.673828125 0.6979166666666666 0.673828125 0.65625 0.66015625 0.6388888888888888 0.64453125 0.6597222222222222 0.63671875 0.6527777777777778
0 0.087890625 0.71875 0.095703125 0.71875 0.103515625 0.6875 0.103515625 0.6284722222222222 0.08203125 0.6284722222222222 0.08203125 0.6979166666666666 0.087890625 0.71875
0 0.228515625 0.5243055555555556 0.23828125 0.4861111111111111 0.236328125 0.46875 0.22265625 0.46875 0.21875 0.5034722222222222 0.228515625 0.5243055555555556
0 0.41796875 0.5590277777777778 0.421875 0.5138888888888888 0.41796875 0.5 0.404296875 0.5 0.400390625 0.5104166666666666 0.40625 0.5729166666666666 0.41796875 0.5590277777777778
0 0.06640625 0.3854166666666667 0.07421875 0.3541666666666667 0.05859375 0.3402777777777778 0.0546875 0.375 0.06640625 0.3854166666666667
0 0.28125 0.8611111111111112 0.287109375 0.8576388888888888 0.287109375 0.84375 0.279296875 0.84375 0.28125 0.8611111111111112
0 0.29296875 0.8645833333333334 0.275390625 0.875 0.28125 0.90625 0.31640625 0.9548611111111112 0.322265625 0.9409722222222222 0.322265625 0.84375 0.3125 0.8125 0.30078125 0.8125 0.298828125 0.8263888888888888 0.287109375 0.8229166666666666 0.296875 0.8298611111111112 0.29296875 0.8645833333333334
0 0.318359375 0.8090277777777778 0.32421875 0.7951388888888888 0.318359375 0.7951388888888888 0.318359375 0.8090277777777778
0 0.849609375 0.8263888888888888 0.873046875 0.8541666666666666 0.888671875 0.8298611111111112 0.89453125 0.8506944444444444 0.890625 0.8541666666666666 0.8984375 0.8576388888888888 0.888671875 0.8159722222222222 0.892578125 0.7986111111111112 0.876953125 0.7743055555555556 0.875 0.7534722222222222 0.85546875 0.7465277777777778 0.849609375 0.7604166666666666 0.84375 0.78125 0.849609375 0.8263888888888888
0 0.4921875 0.7673611111111112 0.5 0.75 0.494140625 0.7048611111111112 0.498046875 0.6875 0.490234375 0.6666666666666666 0.47265625 0.6701388888888888 0.46875 0.7013888888888888 0.4921875 0.7673611111111112
0 0.837890625 0.84375 0.837890625 0.875 0.84375 0.8888888888888888 0.859375 0.8888888888888888 0.859375 0.8576388888888888 0.8359375 0.78125 0.830078125 0.7673611111111112 0.818359375 0.7777777777777778 0.818359375 0.8125 0.837890625 0.84375
0 0.392578125 0.5034722222222222 0.404296875 0.4409722222222222 0.388671875 0.4375 0.380859375 0.4479166666666667 0.380859375 0.5 0.392578125 0.5034722222222222
0 0.353515625 0.6875 0.35546875 0.7013888888888888 0.37890625 0.7291666666666666 0.384765625 0.7013888888888888 0.375 0.6388888888888888 0.36328125 0.6354166666666666 0.359375 0.6458333333333334 0.361328125 0.6805555555555556 0.353515625 0.6875
0 0.263671875 0.6493055555555556 0.275390625 0.6805555555555556 0.28125 0.6805555555555556 0.287109375 0.65625 0.287109375 0.59375 0.263671875 0.59375 0.263671875 0.6493055555555556
0 0.7421875 0.9930555555555556 0.75390625 0.9930555555555556 0.748046875 0.9826388888888888 0.7421875 0.9826388888888888 0.7421875 0.9930555555555556
0 0.728515625 0.9930555555555556 0.728515625 0.9548611111111112 0.7109375 0.9375 0.70703125 0.9548611111111112 0.728515625 0.9930555555555556
0 0.7734375 0.9930555555555556 0.80078125 0.9965277777777778 0.787109375 0.9236111111111112 0.771484375 0.9270833333333334 0.767578125 0.96875 0.7734375 0.9930555555555556
0 0.455078125 0.5451388888888888 0.46875 0.5451388888888888 0.466796875 0.5 0.455078125 0.5 0.44921875 0.5104166666666666 0.455078125 0.5451388888888888
0 0.73046875 0.7465277777777778 0.78515625 0.75 0.791015625 0.7361111111111112 0.78125 0.71875 0.77734375 0.6805555555555556 0.76171875 0.6736111111111112 0.75390625 0.7222222222222222 0.744140625 0.71875 0.734375 0.6736111111111112 0.724609375 0.6701388888888888 0.71875 0.71875 0.73046875 0.7465277777777778
0 0.125 0.4201388888888889 0.138671875 0.4305555555555556 0.142578125 0.3923611111111111 0.130859375 0.3854166666666667 0.125 0.3888888888888889 0.125 0.4201388888888889
0 0.23828125 0.5763888888888888 0.244140625 0.6041666666666666 0.25 0.6041666666666666 0.259765625 0.5798611111111112 0.255859375 0.5277777777777778 0.2421875 0.5277777777777778 0.236328125 0.53125 0.23828125 0.5763888888888888
0 0.37890625 0.9270833333333334 0.392578125 0.9097222222222222 0.39453125 0.9513888888888888 0.40625 0.9548611111111112 0.423828125 0.9826388888888888 0.4296875 0.9722222222222222 0.4296875 0.9340277777777778 0.423828125 0.9166666666666666 0.421875 0.84375 0.392578125 0.84375 0.392578125 0.8611111111111112 0.384765625 0.875 0.36328125 0.8472222222222222 0.361328125 0.9027777777777778 0.37890625 0.9270833333333334
0 0.837890625 0.9930555555555556 0.84375 0.9965277777777778 0.84765625 0.9826388888888888 0.853515625 0.9965277777777778 0.873046875 0.9965277777777778 0.875 0.9826388888888888 0.861328125 0.9236111111111112 0.84375 0.9375 0.84765625 0.9652777777777778 0.837890625 0.9930555555555556
0 0.791015625 0.9201388888888888 0.798828125 0.9652777777777778 0.822265625 0.9930555555555556 0.818359375 0.96875 0.798828125 0.9270833333333334 0.798828125 0.9097222222222222 0.7890625 0.8993055555555556 0.78125 0.90625 0.791015625 0.9201388888888888
0 0.16796875 0.4027777777777778 0.201171875 0.3993055555555556 0.19921875 0.3715277777777778 0.1796875 0.3576388888888889 0.16796875 0.3611111111111111 0.162109375 0.3854166666666667 0.16796875 0.4027777777777778
0 0.2109375 0.59375 0.2109375 0.6215277777777778 0.21875 0.625 0.224609375 0.6180555555555556 0.22265625 0.5625 0.20703125 0.5590277777777778 0.19921875 0.5659722222222222 0.2109375 0.59375
0 0.10546875 0.46875 0.111328125 0.4583333333333333 0.111328125 0.4340277777777778 0.09375 0.4097222222222222 0.09375 0.4652777777777778 0.10546875 0.46875
0 0.19921875 0.9652777777777778 0.2109375 0.9826388888888888 0.205078125 0.9409722222222222 0.197265625 0.9340277777777778 0.193359375 0.9375 0.19921875 0.9652777777777778
0 0.21875 0.9930555555555556 0.255859375 0.9965277777777778 0.255859375 0.9375 0.25 0.9305555555555556 0.255859375 0.9097222222222222 0.236328125 0.90625 0.22265625 0.9201388888888888 0.224609375 0.96875 0.21875 0.9930555555555556
0 0.2578125 0.8819444444444444 0.00390625 0.006944444444444444
0 0.88671875 0.2777777777777778 0.880859375 0.25 0.86328125 0.25 0.861328125 0.28125 0.88671875 0.2777777777777778
0 0.779296875 0.65625 0.78515625 0.7152777777777778 0.798828125 0.7222222222222222 0.798828125 0.7048611111111112 0.810546875 0.7013888888888888 0.818359375 0.7465277777777778 0.830078125 0.7534722222222222 0.82421875 0.6701388888888888 0.8046875 0.65625 0.794921875 0.6701388888888888 0.779296875 0.6493055555555556 0.76953125 0.6527777777777778 0.779296875 0.65625
0 0.576171875 0.7013888888888888 0.59375 0.7326388888888888 0.60546875 0.7326388888888888 0.60546875 0.7430555555555556 0.6171875 0.71875 0.611328125 0.6493055555555556 0.576171875 0.6493055555555556 0.568359375 0.6736111111111112 0.576171875 0.7013888888888888
0 0.921875 0.9965277777777778 0.923828125 0.9618055555555556 0.908203125 0.9479166666666666 0.8984375 0.9513888888888888 0.89453125 0.9965277777777778 0.921875 0.9965277777777778
0 0.60546875 0.78125 0.619140625 0.7951388888888888 0.615234375 0.8020833333333334 0.62890625 0.8298611111111112 0.625 0.8472222222222222 0.63671875 0.875 0.673828125 0.9166666666666666 0.693359375 0.9201388888888888 0.693359375 0.8819444444444444 0.701171875 0.8506944444444444 0.716796875 0.8263888888888888 0.716796875 0.8125 0.685546875 0.78125 0.6640625 0.78125 0.662109375 0.7465277777777778 0.646484375 0.75 0.642578125 0.7743055555555556 0.630859375 0.78125 0.6171875 0.7361111111111112 0.611328125 0.7361111111111112 0.6171875 0.7777777777777778 0.60546875 0.78125
0 0.431640625 0.5729166666666666 0.447265625 0.5902777777777778 0.455078125 0.5416666666666666 0.4375 0.53125 0.431640625 0.5416666666666666 0.431640625 0.5729166666666666
0 0.224609375 0.3368055555555556 0.23046875 0.34375 0.23828125 0.34375 0.236328125 0.3125 0.224609375 0.3125 0.224609375 0.3368055555555556
0 0.423828125 0.8125 0.439453125 0.8263888888888888 0.44921875 0.8576388888888888 0.45703125 0.8576388888888888 0.45703125 0.7465277777777778 0.435546875 0.75 0.4375 0.7777777777777778 0.423828125 0.8125
0 0.130859375 0.2951388888888889 0.123046875 0.2638888888888889 0.11328125 0.2708333333333333 0.11328125 0.2986111111111111 0.130859375 0.2951388888888889
0 0.541015625 0.8402777777777778 0.541015625 0.8541666666666666 0.53125 0.8541666666666666 0.55078125 0.9166666666666666 0.560546875 0.9097222222222222 0.576171875 0.9340277777777778 0.5859375 0.9340277777777778 0.595703125 0.9756944444444444 0.611328125 0.9826388888888888 0.6171875 0.9722222222222222 0.6171875 0.9375 0.599609375 0.90625 0.609375 0.8888888888888888 0.60546875 0.84375 0.5859375 0.84375 0.576171875 0.8576388888888888 0.578125 0.8819444444444444 0.560546875 0.8923611111111112 0.544921875 0.8611111111111112 0.54296875 0.8125 0.537109375 0.8055555555555556 0.53125 0.8263888888888888 0.541015625 0.8402777777777778
0 0.50390625 0.5555555555555556 0.505859375 0.5 0.48828125 0.5 0.4921875 0.5416666666666666 0.50390625 0.5555555555555556
0 0.67578125 0.7465277777777778 0.6796875 0.7777777777777778 0.71875 0.8125 0.705078125 0.7118055555555556 0.69921875 0.7118055555555556 0.69140625 0.7326388888888888 0.67578125 0.7465277777777778
0 0.505859375 0.5243055555555556 0.513671875 0.5451388888888888 0.5234375 0.53125 0.525390625 0.5034722222222222 0.525390625 0.4861111111111111 0.517578125 0.4722222222222222 0.505859375 0.4826388888888889 0.505859375 0.5243055555555556
0 0.173828125 0.8159722222222222 0.181640625 0.7951388888888888 0.193359375 0.8263888888888888 0.205078125 0.8263888888888888 0.2109375 0.8125 0.205078125 0.7326388888888888 0.197265625 0.7152777777777778 0.181640625 0.71875 0.17578125 0.7326388888888888 0.1796875 0.78125 0.173828125 0.8159722222222222
0 0.6171875 0.6423611111111112 0.62890625 0.6423611111111112 0.63671875 0.6076388888888888 0.63671875 0.5625 0.62890625 0.5486111111111112 0.61328125 0.5659722222222222 0.611328125 0.6284722222222222 0.6171875 0.6423611111111112
0 0.484375 0.90625 0.494140625 0.9097222222222222 0.505859375 0.9409722222222222 0.521484375 0.9409722222222222 0.5234375 0.9965277777777778 0.5546875 0.9965277777777778 0.556640625 0.9652777777777778 0.548828125 0.9375 0.548828125 0.90625 0.50390625 0.9236111111111112 0.4921875 0.90625 0.4921875 0.8854166666666666 0.486328125 0.8784722222222222 0.48046875 0.8854166666666666 0.484375 0.90625
0 0.28515625 0.5451388888888888 0.28515625 0.4965277777777778 0.26953125 0.4965277777777778 0.26953125 0.5416666666666666 0.28515625 0.5451388888888888