0 0.111328125 0.9930555555555556 0.1484375 0.9930555555555556 0.142578125 0.8993055555555556 0.130859375 0.8923611111111112 0.111328125 0.90625 0.10546875 0.9166666666666666 0.111328125 0.9930555555555556
0 0.13671875 0.53125 0.1484375 0.5138888888888888 0.1484375 0.5 0.14453125 0.4826388888888889 0.130859375 0.4861111111111111 0.125 0.5277777777777778 0.13671875 0.53125
0 0.70703125 0.4305555555555556 0.7109375 0.3923611111111111 0.69921875 0.3888888888888889 0.693359375 0.4201388888888889 0.70703125 0.4305555555555556
0 0.05078125 0.3541666666666667 0.07421875 0.34375 0.068359375 0.3125 0.048828125 0.3125 0.05078125 0.3541666666666667
0 0.29296875 0.40625 0.298828125 0.3576388888888889 0.287109375 0.3611111111111111 0.28515625 0.40625 0.29296875 0.40625
0 0.8359375 0.2743055555555556 0.833984375 0.24305555555555555 0.8203125 0.25 0.818359375 0.2743055555555556 0.8359375 0.2743055555555556
0 0.25 0.5729166666666666 0.255859375 0.5555555555555556 0.255859375 0.5034722222222222 0.236328125 0.5069444444444444 0.236328125 0.5555555555555556 0.25 0.5729166666666666
0 0.21875 0.9965277777777778 0.21875 0.9513888888888888 0.181640625 0.9618055555555556 0.181640625 0.9965277777777778 0.21875 0.9965277777777778
0 0.017578125 0.5833333333333334 0.0234375 0.6076388888888888 0.037109375 0.6076388888888888 0.037109375 0.625 0.04296875 0.5868055555555556 0.037109375 0.5486111111111112 0.03125 0.5451388888888888 0.017578125 0.5486111111111112 0.017578125 0.5833333333333334
0 0.173828125 0.4826388888888889 0.1796875 0.4826388888888889 0.1875 0.4548611111111111 0.171875 0.4513888888888889 0.1875 0.4236111111111111 0.171875 0.4201388888888889 0.16796875 0.4479166666666667 0.173828125 0.4826388888888889
0 0.154296875 0.2986111111111111 0.15625 0.28125 0.14453125 0.2638888888888889 0.142578125 0.2986111111111111 0.154296875 0.2986111111111111
0 0.3515625 0.5034722222222222 0.361328125 0.4861111111111111 0.361328125 0.4409722222222222 0.34765625 0.4513888888888889 0.34375 0.5 0.3515625 0.5034722222222222
0 0.09765625 0.3368055555555556 0.115234375 0.3472222222222222 0.1171875 0.3159722222222222 0.109375 0.3229166666666667 0.099609375 0.3090277777777778 0.107421875 0.3229166666666667 0.09765625 0.3368055555555556
0 0.255859375 0.5034722222222222 0.267578125 0.53125 0.275390625 0.5 0.2734375 0.46875 0.26171875 0.4652777777777778 0.255859375 0.46875 0.255859375 0.5034722222222222
0 0.859375 0.8090277777777778 0.86328125 0.8368055555555556 0.8828125 0.7951388888888888 0.89453125 0.7986111111111112 0.900390625 0.8159722222222222 0.91796875 0.8090277777777778 0.916015625 0.7673611111111112 0.8984375 0.7291666666666666 0.87890625 0.7326388888888888 0.869140625 0.7465277777777778 0.873046875 0.7673611111111112 0.859375 0.8090277777777778
0 0.85546875 0.7638888888888888 0.861328125 0.7326388888888888 0.853515625 0.7222222222222222 0.849609375 0.7604166666666666 0.85546875 0.7638888888888888
0 0.3125 0.5798611111111112 0.3359375 0.5763888888888888 0.330078125 0.5138888888888888 0.32421875 0.5034722222222222 0.310546875 0.5138888888888888 0.306640625 0.5625 0.3125 0.5798611111111112
0 0.197265625 0.65625 0.205078125 0.65625 0.216796875 0.625 0.20703125 0.5763888888888888 0.1875 0.5763888888888888 0.197265625 0.65625
0 0.466796875 0.875 0.4609375 0.8923611111111112 0.45703125 0.8888888888888888 0.46875 0.9513888888888888 0.48828125 0.9930555555555556 0.51171875 0.9930555555555556 0.509765625 0.90625 0.50390625 0.8784722222222222 0.46875 0.8854166666666666 0.462890625 0.8368055555555556 0.45703125 0.84375 0.455078125 0.8576388888888888 0.466796875 0.875
0 0.05078125 0.8993055555555556 0.07421875 0.9375 0.076171875 0.90625 0.0859375 0.8888888888888888 0.0859375 0.8229166666666666 0.080078125 0.7986111111111112 0.064453125 0.8125 0.046875 0.8125 0.04296875 0.8576388888888888 0.05078125 0.8993055555555556
0 0.205078125 0.4201388888888889 0.2109375 0.4479166666666667 0.21875 0.4513888888888889 0.228515625 0.4201388888888889 0.224609375 0.3923611111111111 0.2109375 0.3923611111111111 0.205078125 0.3993055555555556 0.205078125 0.4201388888888889
0 0.138671875 0.7291666666666666 0.15234375 0.7326388888888888 0.15625 0.75 0.17578125 0.7673611111111112 0.166015625 0.7048611111111112 0.14453125 0.6979166666666666 0.13671875 0.7048611111111112 0.138671875 0.7291666666666666
0 0.32421875 0.4513888888888889 0.330078125 0.4375 0.330078125 0.3993055555555556 0.31640625 0.4027777777777778 0.3125 0.4236111111111111 0.32421875 0.4513888888888889
0 0.125 0.4166666666666667 0.142578125 0.4166666666666667 0.140625 0.375 0.125 0.375 0.125 0.4166666666666667
0 0.822265625 0.65625 0.82421875 0.59375 0.810546875 0.5972222222222222 0.80859375 0.6076388888888888 0.791015625 0.6076388888888888 0.787109375 0.625 0.78515625 0.65625 0.822265625 0.65625
0 0.099609375 0.6076388888888888 0.109375 0.6180555555555556 0.119140625 0.59375 0.119140625 0.5451388888888888 0.11328125 0.5347222222222222 0.09765625 0.5347222222222222 0.09375 0.5763888888888888 0.099609375 0.6076388888888888
0 0.099609375 0.40625 0.111328125 0.3923611111111111 0.111328125 0.3680555555555556 0.09375 0.3472222222222222 0.09375 0.40625 0.099609375 0.40625
0 0.150390625 0.375 0.166015625 0.3715277777777778 0.16796875 0.3368055555555556 0.162109375 0.3263888888888889 0.150390625 0.3263888888888889 0.150390625 0.375
0 0.224609375 0.6666666666666666 0.236328125 0.6736111111111112 0.236328125 0.6875 0.2421875 0.6875 0.25 0.6597222222222222 0.244140625 0.6527777777777778 0.248046875 0.625 0.22265625 0.6111111111111112 0.21875 0.6493055555555556 0.224609375 0.6666666666666666
0 0.0625 0.7291666666666666 0.07421875 0.7013888888888888 0.07421875 0.6388888888888888 0.068359375 0.6284722222222222 0.05078125 0.6354166666666666 0.05078125 0.7118055555555556 0.0625 0.7291666666666666
0 0.03125 0.3263888888888889 0.037109375 0.2916666666666667 0.03515625 0.28125 0.025390625 0.28125 0.0234375 0.3125 0.03125 0.3263888888888889
0 0 0.9930555555555556 0.037109375 0.9965277777777778 0.03515625 0.9409722222222222 0.01953125 0.9513888888888888 0.01171875 0.9409722222222222 0 0.9479166666666666 0 0.9930555555555556
0 0.3828125 0.5625 0.392578125 0.5451388888888888 0.392578125 0.5034722222222222 0.38671875 0.4826388888888889 0.375 0.4861111111111111 0.373046875 0.5208333333333334 0.3828125 0.5625
0 0.33984375 0.5451388888888888 0.34375 0.4826388888888889 0.33984375 0.46875 0.33203125 0.4722222222222222 0.326171875 0.5 0.33984375 0.5451388888888888
0 0.5546875 0.9027777777777778 0.5625 0.90625 0.568359375 0.9340277777777778 0.5546875 0.9409722222222222 0.57421875 0.9652777777777778 0.580078125 0.9930555555555556 0.599609375 0.9930555555555556 0.59765625 0.9236111111111112 0.5859375 0.8958333333333334 0.5859375 0.875 0.568359375 0.8715277777777778 0.560546875 0.8854166666666666 0.560546875 0.9027777777777778 0.5546875 0.9027777777777778
0 0.5390625 0.9375 0.55078125 0.9097222222222222 0.54296875 0.9027777777777778 0.537109375 0.84375 0.525390625 0.8402777777777778 0.5234375 0.9201388888888888 0.5390625 0.9375
0 0.298828125 0.4722222222222222 0.306640625 0.4479166666666667 0.3046875 0.4375 0.29296875 0.4375 0.291015625 0.4652777777777778 0.298828125 0.4722222222222222
0 0.19921875 0.7291666666666666 0.212890625 0.7777777777777778 0.22265625 0.7847222222222222 0.23046875 0.7465277777777778 0.228515625 0.6701388888888888 0.205078125 0.6909722222222222 0.19921875 0.7013888888888888 0.19921875 0.7291666666666666
0 0.275390625 0.5763888888888888 0.279296875 0.6076388888888888 0.29296875 0.6284722222222222 0.28515625 0.6354166666666666 0.29296875 0.6423611111111112 0.298828125 0.5555555555555556 0.28515625 0.5590277777777778 0.275390625 0.5625 0.275390625 0.5763888888888888
0 0.66796875 0.8263888888888888 0.685546875 0.7986111111111112 0.673828125 0.7430555555555556 0.666015625 0.7291666666666666 0.65625 0.7291666666666666 0.65625 0.8125 0.66796875 0.8263888888888888
0 0.09375 0.7951388888888888 0.099609375 0.7951388888888888 0.111328125 0.75 0.11328125 0.6875 0.10546875 0.6597222222222222 0.087890625 0.6597222222222222 0.08203125 0.6805555555555556 0.080078125 0.7465277777777778 0.09375 0.7951388888888888
0 0.259765625 0.3576388888888889 0.26171875 0.3229166666666667 0.25 0.3263888888888889 0.25 0.3576388888888889 0.259765625 0.3576388888888889
0 0.154296875 0.8888888888888888 0.171875 0.9166666666666666 0.181640625 0.8576388888888888 0.173828125 0.8333333333333334 0.17578125 0.8125 0.162109375 0.7986111111111112 0.14453125 0.7986111111111112 0.138671875 0.8402777777777778 0.154296875 0.8888888888888888
0 0.90625 0.7048611111111112 0.912109375 0.75 0.951171875 0.7638888888888888 0.955078125 0.7118055555555556 0.93359375 0.7013888888888888 0.9296875 0.6701388888888888 0.91796875 0.6736111111111112 0.91796875 0.6875 0.90625 0.7048611111111112