0 0.716796875 0.2465277777777778 0.71484375 0.22916666666666666 0.701171875 0.2326388888888889 0.69921875 0.2465277777777778 0.716796875 0.2465277777777778
0 0.869140625 0.2743055555555556 0.87890625 0.2743055555555556 0.873046875 0.25 0.865234375 0.2638888888888889 0.859375 0.25 0.85546875 0.2534722222222222 0.869140625 0.2743055555555556
0 0.4375 0.34375 0.443359375 0.3541666666666667 0.44921875 0.3368055555555556 0.447265625 0.3125 0.4375 0.3125 0.4375 0.34375
0 0.0546875 0.4618055555555556 0.060546875 0.4201388888888889 0.0546875 0.4027777777777778 0.04296875 0.4027777777777778 0.04296875 0.4479166666666667 0.0546875 0.4618055555555556
0 0.304547990234375 0.35714285763888887 0.306640625 0.3472222222222222 0.298828125 0.3368055555555556 0.304547990234375 0.35714285763888887
0 0.30078125 0.375 0.30438701953125 0.35790598263888884 0.296875 0.3645833333333333 0.30078125 0.375
0 0.39453125 0.3784722222222222 0.3984375 0.34375 0.390625 0.3402777777777778 0.38671875 0.3680555555555556 0.39453125 0.3784722222222222
0 0.8046875 0.4236111111111111 0.861328125 0.40625 0.86328125 0.375 0.84765625 0.3854166666666667 0.8359375 0.375 0.830078125 0.3888888888888889 0.82421875 0.3680555555555556 0.8125 0.3680555555555556 0.80078125 0.40625 0.8046875 0.4236111111111111
0 0.494140625 0.3541666666666667 0.5078125 0.3576388888888889 0.51171875 0.3263888888888889 0.5 0.3159722222222222 0.494140625 0.3263888888888889 0.494140625 0.3541666666666667
0 0 0.4965277777777778 0.005859375 0.5138888888888888 0.017578125 0.5034722222222222 0.017578125 0.4618055555555556 0.01171875 0.4513888888888889 0 0.4513888888888889 0 0.4965277777777778
0 0.861328125 0.4097222222222222 0.86328125 0.375 0.837890625 0.375 0.837890625 0.4027777777777778 0.861328125 0.4097222222222222
0 0.525390625 0.4097222222222222 0.53125 0.3715277777777778 0.529296875 0.3611111111111111 0.517578125 0.3680555555555556 0.51171875 0.4097222222222222 0.525390625 0.4097222222222222
0 0.0390625 0.5416666666666666 0.05078125 0.5486111111111112 0.0546875 0.5277777777777778 0.048828125 0.4930555555555556 0.037109375 0.4861111111111111 0.03125 0.5138888888888888 0.0390625 0.5416666666666666
0 0.32421875 0.3576388888888889 0.322265625 0.3263888888888889 0.3125 0.3263888888888889 0.3125 0.3576388888888889 0.32421875 0.3576388888888889
0 0.138671875 0.4965277777777778 0.14453125 0.5173611111111112 0.158203125 0.53125 0.16015625 0.4722222222222222 0.142578125 0.4722222222222222 0.13671875 0.4826388888888889 0.138671875 0.4965277777777778
0 0.14453125 0.3923611111111111 0.15625 0.375 0.150390625 0.3576388888888889 0.138671875 0.3576388888888889 0.14453125 0.3923611111111111
0 0.1796875 0.4826388888888889 0.1796875 0.4340277777777778 0.16796875 0.4340277777777778 0.16796875 0.4826388888888889 0.1796875 0.4826388888888889
0 0.1328125 0.4236111111111111 0.13671875 0.3888888888888889 0.134765625 0.3784722222222222 0.126953125 0.3819444444444444 0.125 0.4097222222222222 0.1328125 0.4236111111111111
0 0.484375 0.34375 0.4921875 0.34375 0.494140625 0.3159722222222222 0.484375 0.3125 0.48046875 0.3298611111111111 0.484375 0.34375
0 0.353515625 0.3576388888888889 0.359375 0.3298611111111111 0.34765625 0.3125 0.34375 0.3541666666666667 0.353515625 0.3576388888888889
0 0.087890625 0.4965277777777778 0.091796875 0.4409722222222222 0.078125 0.4340277777777778 0.07421875 0.4791666666666667 0.087890625 0.4965277777777778
0 0.123046875 0.4826388888888889 0.12890625 0.4375 0.123046875 0.4201388888888889 0.11328125 0.4201388888888889 0.111328125 0.4513888888888889 0.123046875 0.4826388888888889
0 0.4375 0.4097222222222222 0.4375 0.3611111111111111 0.4296875 0.3611111111111111 0.42578125 0.3923611111111111 0.4375 0.4097222222222222
0 0.0390625 0.7222222222222222 0.041015625 0.625 0.01953125 0.625 0.01953125 0.6840277777777778 0.0390625 0.7222222222222222
0 0.798828125 0.4027777777777778 0.810546875 0.3854166666666667 0.8125 0.3611111111111111 0.787109375 0.3541666666666667 0.77734375 0.3680555555555556 0.7734375 0.3923611111111111 0.798828125 0.4027777777777778