0 0.26171875 0.9861111111111112 0.2685546875 0.9965277777777778 0.287109375 0.9861111111111112 0.263671875 0.9791666666666666 0.255859375 0.9965277777777778 0.26171875 0.9861111111111112
0 0.23046875 0.9791666666666666 0.234375 0.9965277777777778 0.2421875 0.9930555555555556 0.234375 0.9826388888888888 0.23046875 0.9513888888888888 0.22265625 0.9513888888888888 0.22265625 0.9965277777777778 0.23046875 0.9791666666666666
0 0.28515625 0.9618055555555556 0.291015625 0.9513888888888888 0.287109375 0.9479166666666666 0.28125 0.9548611111111112 0.28515625 0.9618055555555556
0 0.66796875 0.5277777777777778 0.681640625 0.5555555555555556 0.701171875 0.5555555555555556 0.69921875 0.4930555555555556 0.66796875 0.5 0.66796875 0.5277777777777778
0 0.4140625 0.84375 0.4169921875 0.8576388888888888 0.4296875 0.8611111111111112 0.431640625 0.8680555555555556 0.423828125 0.8715277777777778 0.435546875 0.8854166666666666 0.443359375 0.9305555555555556 0.462890625 0.9513888888888888 0.474609375 0.9479166666666666 0.478515625 0.9236111111111112 0.46875 0.8993055555555556 0.46875 0.8541666666666666 0.453125 0.8055555555555556 0.427734375 0.8506944444444444 0.40625 0.8368055555555556 0.40625 0.8576388888888888 0.4140625 0.84375
0 0.5 0.5347222222222222 0.5 0.4930555555555556 0.48828125 0.4930555555555556 0.486328125 0.5173611111111112 0.5 0.5347222222222222
0 0.384765625 0.4375 0.392578125 0.4375 0.3984375 0.4027777777777778 0.39453125 0.3888888888888889 0.384765625 0.3888888888888889 0.380859375 0.4236111111111111 0.384765625 0.4375
0 0.11328125 0.3229166666666667 0.130859375 0.3229166666666667 0.134765625 0.3055555555555556 0.12890625 0.2847222222222222 0.1171875 0.2847222222222222 0.111328125 0.2916666666666667 0.11328125 0.3229166666666667
0 0.716796875 0.8402777777777778 0.73046875 0.8715277777777778 0.7421875 0.875 0.75 0.8472222222222222 0.763671875 0.8368055555555556 0.7734375 0.7986111111111112 0.755859375 0.7638888888888888 0.7421875 0.7638888888888888 0.73046875 0.7847222222222222 0.71875 0.7673611111111112 0.7109375 0.7326388888888888 0.701171875 0.7430555555555556 0.701171875 0.8263888888888888 0.716796875 0.8402777777777778
0 0.904296875 0.9965277777777778 0.88671875 0.9548611111111112 0.89453125 0.9097222222222222 0.86328125 0.9201388888888888 0.8671875 0.9340277777777778 0.849609375 0.9722222222222222 0.849609375 0.9965277777777778 0.904296875 0.9965277777777778
0 0.806640625 0.9305555555555556 0.8125 0.9513888888888888 0.822265625 0.9548611111111112 0.81640625 0.9652777777777778 0.818359375 0.9826388888888888 0.837890625 0.9826388888888888 0.84765625 0.9305555555555556 0.83203125 0.90625 0.826171875 0.8784722222222222 0.830078125 0.8680555555555556 0.818359375 0.8611111111111112 0.8125 0.875 0.8125 0.9166666666666666 0.806640625 0.9305555555555556
0 0.673828125 0.5798611111111112 0.66796875 0.59375 0.67578125 0.6354166666666666 0.693359375 0.6493055555555556 0.69921875 0.6423611111111112 0.701171875 0.5590277777777778 0.681640625 0.5590277777777778 0.673828125 0.5451388888888888 0.66796875 0.5729166666666666 0.673828125 0.5798611111111112
0 0.2421875 0.4965277777777778 0.25 0.5173611111111112 0.255859375 0.5 0.255859375 0.4618055555555556 0.248046875 0.4548611111111111 0.2421875 0.4618055555555556 0.2421875 0.4965277777777778
0 0.45703125 0.9965277777777778 0.455078125 0.9479166666666666 0.423828125 0.9722222222222222 0.423828125 0.9965277777777778 0.45703125 0.9965277777777778
0 0.4140625 0.9965277777777778 0.3984375 0.9548611111111112 0.3984375 0.9340277777777778 0.38671875 0.9236111111111112 0.380859375 0.9965277777777778 0.4140625 0.9965277777777778
0 0.6484375 0.59375 0.662109375 0.5902777777777778 0.673828125 0.5451388888888888 0.66796875 0.5034722222222222 0.662109375 0.5 0.6484375 0.5243055555555556 0.642578125 0.5833333333333334 0.6484375 0.59375
0 0.1484375 0.5798611111111112 0.15625 0.5625 0.154296875 0.53125 0.1484375 0.5138888888888888 0.13671875 0.5173611111111112 0.13671875 0.5625 0.1484375 0.5798611111111112
0 0.3359375 0.6597222222222222 0.33203125 0.6666666666666666 0.341796875 0.6701388888888888 0.3515625 0.6909722222222222 0.353515625 0.5972222222222222 0.341796875 0.59375 0.326171875 0.6076388888888888 0.32421875 0.6423611111111112 0.3359375 0.6597222222222222
0 0.099609375 0.40625 0.099609375 0.3715277777777778 0.09375 0.3611111111111111 0.076171875 0.375 0.076171875 0.4097222222222222 0.099609375 0.40625
0 0.392578125 0.6354166666666666 0.38671875 0.6388888888888888 0.38671875 0.6701388888888888 0.392578125 0.6770833333333334 0.388671875 0.7013888888888888 0.404296875 0.6909722222222222 0.412109375 0.7152777777777778 0.41796875 0.6423611111111112 0.412109375 0.6111111111111112 0.40625 0.6111111111111112 0.38671875 0.625 0.392578125 0.6354166666666666
0 0.099609375 0.3229166666666667 0.109375 0.3229166666666667 0.10546875 0.3125 0.099609375 0.3229166666666667
0 0.1125 0.33125000000000004 0.11328125 0.3368055555555556 0.099609375 0.3541666666666667 0.11328125 0.3576388888888889 0.1171875 0.34375 0.1125 0.33125000000000004
0 0.08203125 0.5868055555555556 0.087890625 0.5625 0.0859375 0.5138888888888888 0.072265625 0.5173611111111112 0.068359375 0.5625 0.08203125 0.5868055555555556
0 0.32421875 0.5 0.3359375 0.53125 0.34375 0.5173611111111112 0.34765625 0.4652777777777778 0.33203125 0.4618055555555556 0.32421875 0.46875 0.32421875 0.5
0 0.0234375 0.3680555555555556 0.03515625 0.3576388888888889 0.033203125 0.3125 0.01953125 0.3125 0.0234375 0.3680555555555556
0 0.3125 0.7743055555555556 0.326171875 0.7777777777777778 0.330078125 0.7951388888888888 0.3359375 0.7951388888888888 0.341796875 0.78125 0.3359375 0.6909722222222222 0.298828125 0.6875 0.298828125 0.7430555555555556 0.3125 0.7743055555555556
0 0.4609375 0.78125 0.455078125 0.8020833333333334 0.45703125 0.8263888888888888 0.474609375 0.8680555555555556 0.490234375 0.875 0.494140625 0.8368055555555556 0.486328125 0.8125 0.48046875 0.7326388888888888 0.474609375 0.71875 0.462890625 0.7222222222222222 0.455078125 0.7604166666666666 0.4609375 0.78125
0 0.76171875 0.7743055555555556 0.7734375 0.7951388888888888 0.7734375 0.8125 0.78515625 0.8298611111111112 0.81640625 0.84375 0.822265625 0.8576388888888888 0.830078125 0.8541666666666666 0.84375 0.8298611111111112 0.8359375 0.8125 0.837890625 0.7916666666666666 0.830078125 0.7534722222222222 0.8125 0.75 0.796875 0.7777777777777778 0.787109375 0.7638888888888888 0.787109375 0.7326388888888888 0.767578125 0.7118055555555556 0.76171875 0.7222222222222222 0.76171875 0.7743055555555556
0 0.130859375 0.6840277777777778 0.138671875 0.6875 0.142578125 0.6805555555555556 0.130859375 0.6666666666666666 0.14453125 0.6527777777777778 0.142578125 0.5972222222222222 0.125 0.5972222222222222 0.125 0.65625 0.130859375 0.6840277777777778
0 0.228515625 0.5 0.236328125 0.4861111111111111 0.234375 0.4479166666666667 0.23046875 0.4375 0.21875 0.4375 0.21875 0.4930555555555556 0.228515625 0.5
0 0.3125 0.46875 0.318359375 0.4513888888888889 0.31640625 0.4097222222222222 0.3046875 0.40625 0.30078125 0.4166666666666667 0.30078125 0.4513888888888889 0.3125 0.46875
0 0.04296875 0.4305555555555556 0.048828125 0.4305555555555556 0.056640625 0.4201388888888889 0.060546875 0.3923611111111111 0.04296875 0.375 0.041015625 0.4131944444444444 0.04296875 0.4305555555555556
0 0.13671875 0.375 0.1484375 0.375 0.1484375 0.3263888888888889 0.142578125 0.3125 0.134765625 0.3229166666666667 0.130859375 0.3611111111111111 0.13671875 0.375
0 0.29296875 0.5659722222222222 0.306640625 0.6180555555555556 0.31640625 0.5486111111111112 0.310546875 0.53125 0.30078125 0.53125 0.29296875 0.5347222222222222 0.29296875 0.5659722222222222
0 0.255859375 0.5833333333333334 0.255859375 0.6388888888888888 0.267578125 0.6701388888888888 0.2734375 0.6701388888888888 0.279296875 0.59375 0.2734375 0.5763888888888888 0.25390625 0.5729166666666666 0.25 0.5763888888888888 0.255859375 0.5833333333333334
0 0.78125 0.9548611111111112 0.779296875 0.9930555555555556 0.81640625 0.9965277777777778 0.81640625 0.9826388888888888 0.8046875 0.96875 0.806640625 0.9375 0.787109375 0.9236111111111112 0.7734375 0.9340277777777778 0.78125 0.9548611111111112
0 0.712890625 0.9513888888888888 0.76171875 0.9930555555555556 0.76171875 0.9722222222222222 0.7421875 0.9340277777777778 0.744140625 0.8854166666666666 0.72265625 0.8923611111111112 0.724609375 0.9340277777777778 0.712890625 0.9513888888888888
0 0.72265625 0.6180555555555556 0.736328125 0.6805555555555556 0.75390625 0.7013888888888888 0.779296875 0.6875 0.7734375 0.625 0.76171875 0.6180555555555556 0.75 0.6284722222222222 0.734375 0.6076388888888888 0.72265625 0.6076388888888888 0.72265625 0.6180555555555556
0 0.673828125 0.7326388888888888 0.681640625 0.78125 0.697265625 0.7777777777777778 0.69921875 0.7465277777777778 0.69140625 0.7083333333333334 0.6953125 0.6736111111111112 0.6796875 0.6597222222222222 0.66796875 0.6840277777777778 0.66796875 0.7291666666666666 0.673828125 0.7326388888888888
0 0.150390625 0.4930555555555556 0.1484375 0.4236111111111111 0.138671875 0.4236111111111111 0.134765625 0.4618055555555556 0.150390625 0.4930555555555556
0 0.61328125 0.6875 0.625 0.65625 0.6171875 0.5972222222222222 0.603515625 0.59375 0.591796875 0.6076388888888888 0.580078125 0.5972222222222222 0.580078125 0.65625 0.61328125 0.6875
0 0.287109375 0.5 0.296875 0.46875 0.29296875 0.4548611111111111 0.28125 0.4513888888888889 0.279296875 0.4791666666666667 0.287109375 0.5
0 0.16796875 0.4027777777777778 0.197265625 0.4027777777777778 0.205078125 0.3923611111111111 0.201171875 0.375 0.1875 0.3611111111111111 0.16796875 0.3576388888888889 0.162109375 0.3888888888888889 0.16796875 0.4027777777777778
0 0.09765625 0.5 0.10546875 0.4826388888888889 0.10546875 0.4513888888888889 0.103515625 0.4409722222222222 0.087890625 0.4409722222222222 0.08203125 0.46875 0.09765625 0.5
0 0.05859375 0.8958333333333334 0.0078125 0.006944444444444444
0 0.07421875 0.9965277777777778 0.109375 0.9965277777777778 0.109375 0.8888888888888888 0.080078125 0.8888888888888888 0.07421875 0.8993055555555556 0.06640625 0.9375 0.07421875 0.9965277777777778
0 0.06640625 0.3229166666666667 0.064453125 0.28125 0.046875 0.2951388888888889 0.04296875 0.3263888888888889 0.06640625 0.3229166666666667
0 0.9375 0.9236111111111112 0.94921875 0.96875 0.97265625 0.9826388888888888 0.974609375 0.9965277777777778 0.998046875 0.9930555555555556 0.998046875 0.9513888888888888 0.986328125 0.9305555555555556 0.986328125 0.90625 0.951171875 0.8784722222222222 0.94921875 0.90625 0.9375 0.9236111111111112
0 0.53125 0.6388888888888888 0.537109375 0.6527777777777778 0.5546875 0.6527777777777778 0.5625 0.6180555555555556 0.5625 0.5868055555555556 0.5546875 0.5625 0.54296875 0.5590277777777778 0.5390625 0.5763888888888888 0.529296875 0.5763888888888888 0.525390625 0.59375 0.53125 0.6388888888888888
0 0.48046875 0.7152777777777778 0.51171875 0.7291666666666666 0.51171875 0.6493055555555556 0.484375 0.6597222222222222 0.478515625 0.6423611111111112 0.47265625 0.6458333333333334 0.46875 0.65625 0.48046875 0.7152777777777778
0 0.7734375 0.6354166666666666 0.8125 0.6388888888888888 0.81640625 0.59375 0.810546875 0.5763888888888888 0.8046875 0.5729166666666666 0.794921875 0.59375 0.78515625 0.59375 0.779296875 0.5729166666666666 0.76953125 0.5659722222222222 0.767578125 0.6041666666666666 0.7734375 0.6354166666666666
0 0.51171875 0.7951388888888888 0.556640625 0.8125 0.56640625 0.8368055555555556 0.580078125 0.8159722222222222 0.56640625 0.7222222222222222 0.55078125 0.71875 0.548828125 0.7430555555555556 0.5390625 0.7638888888888888 0.529296875 0.7465277777777778 0.525390625 0.71875 0.509765625 0.7326388888888888 0.505859375 0.78125 0.51171875 0.7951388888888888
0 0.62890625 0.9513888888888888 0.642578125 0.9201388888888888 0.6484375 0.9236111111111112 0.650390625 0.9479166666666666 0.642578125 0.9791666666666666 0.650390625 0.9930555555555556 0.701171875 0.9930555555555556 0.693359375 0.8923611111111112 0.673828125 0.8819444444444444 0.666015625 0.9513888888888888 0.642578125 0.8993055555555556 0.63671875 0.8611111111111112 0.625 0.8576388888888888 0.6171875 0.875 0.61328125 0.9236111111111112 0.62890625 0.9513888888888888
0 0.625 0.7534722222222222 0.625 0.8402777777777778 0.630859375 0.8472222222222222 0.6484375 0.8125 0.642578125 0.7638888888888888 0.630859375 0.7673611111111112 0.625 0.7534722222222222
0 0.662109375 0.8125 0.66796875 0.8576388888888888 0.69921875 0.9097222222222222 0.693359375 0.8923611111111112 0.69921875 0.8854166666666666 0.697265625 0.8680555555555556 0.6875 0.8506944444444444 0.693359375 0.8402777777777778 0.69140625 0.7847222222222222 0.673828125 0.7708333333333334 0.673828125 0.75 0.66796875 0.7638888888888888 0.673828125 0.7916666666666666 0.662109375 0.8125
0 0.630859375 0.7430555555555556 0.62890625 0.7222222222222222 0.625 0.7430555555555556 0.630859375 0.7430555555555556
0 0.375 0.6284722222222222 0.380859375 0.6076388888888888 0.380859375 0.5590277777777778 0.375 0.5486111111111112 0.36328125 0.5555555555555556 0.361328125 0.6215277777777778 0.375 0.6284722222222222
0 0.224609375 0.34375 0.234375 0.3402777777777778 0.23046875 0.3090277777777778 0.22265625 0.3090277777777778 0.224609375 0.34375
0 0.064453125 0.3576388888888889 0.068359375 0.3125 0.056640625 0.3125 0.0546875 0.3402777777777778 0.064453125 0.3576388888888889
0 0.53125 0.9201388888888888 0.53125 0.9375 0.5546875 0.9791666666666666 0.572265625 0.9791666666666666 0.57421875 0.9930555555555556 0.61328125 0.9930555555555556 0.6171875 0.9583333333333334 0.625 0.9513888888888888 0.61328125 0.9375 0.607421875 0.8993055555555556 0.591796875 0.9097222222222222 0.591796875 0.9305555555555556 0.580078125 0.9479166666666666 0.5625 0.8958333333333334 0.5625 0.875 0.548828125 0.8611111111111112 0.54296875 0.8715277777777778 0.546875 0.8993055555555556 0.53125 0.9201388888888888
0 0.279296875 0.5625 0.28125 0.5034722222222222 0.27734375 0.4930555555555556 0.265625 0.4965277777777778 0.263671875 0.5277777777777778 0.279296875 0.5625
0 0.22265625 0.8298611111111112 0.23046875 0.8854166666666666 0.25390625 0.8888888888888888 0.263671875 0.9305555555555556 0.26953125 0.9340277777777778 0.263671875 0.8402777777777778 0.267578125 0.8125 0.2421875 0.8159722222222222 0.228515625 0.8402777777777778 0.22265625 0.8298611111111112