0 0.84375 0.2673611111111111 0.84375 0.25 0.830078125 0.24305555555555555 0.82421875 0.2673611111111111 0.84375 0.2673611111111111
0 0.40625 0.3888888888888889 0.416015625 0.3715277777777778 0.41015625 0.3472222222222222 0.392578125 0.3472222222222222 0.38671875 0.3576388888888889 0.38671875 0.3888888888888889 0.40625 0.3888888888888889
0 0.099609375 0.4166666666666667 0.10546875 0.40625 0.103515625 0.3784722222222222 0.08984375 0.375 0.0859375 0.40625 0.099609375 0.4166666666666667
0 0 0.4965277777777778 0.021484375 0.5034722222222222 0.029296875 0.4722222222222222 0.0234375 0.4513888888888889 0.005859375 0.4513888888888889 0 0.4652777777777778 0 0.4965277777777778
0 0.673828125 0.5173611111111112 0.673828125 0.4861111111111111 0.65625 0.4826388888888889 0.654296875 0.5208333333333334 0.673828125 0.5173611111111112
0 0.15625 0.3888888888888889 0.162109375 0.3541666666666667 0.16015625 0.34375 0.1484375 0.34375 0.14453125 0.3680555555555556 0.15625 0.3888888888888889
0 0.123046875 0.3854166666666667 0.125 0.34375 0.11328125 0.3402777777777778 0.11328125 0.3854166666666667 0.123046875 0.3854166666666667
0 0.30078125 0.8263888888888888 0.298828125 0.7743055555555556 0.263671875 0.7847222222222222 0.26171875 0.8263888888888888 0.30078125 0.8263888888888888
0 0.875 0.4375 0.89453125 0.4479166666666667 0.921875 0.4479166666666667 0.9296875 0.4375 0.9296875 0.4201388888888889 0.904296875 0.375 0.88671875 0.375 0.875 0.3888888888888889 0.8671875 0.4166666666666667 0.875 0.4375
0 0.373046875 0.6666666666666666 0.375 0.6875 0.412109375 0.6909722222222222 0.41015625 0.6284722222222222 0.388671875 0.625 0.388671875 0.6527777777777778 0.373046875 0.6666666666666666
0 0.056640625 0.4965277777777778 0.060546875 0.5173611111111112 0.072265625 0.5173611111111112 0.087890625 0.5 0.1171875 0.4965277777777778 0.125 0.46875 0.13671875 0.46875 0.13671875 0.4375 0.103515625 0.4305555555555556 0.099609375 0.4201388888888889 0.09375 0.4479166666666667 0.08203125 0.4340277777777778 0.080078125 0.4166666666666667 0.068359375 0.4236111111111111 0.06640625 0.4652777777777778 0.056640625 0.4965277777777778
0 0.255859375 0.4027777777777778 0.283203125 0.4027777777777778 0.287109375 0.375 0.263671875 0.3611111111111111 0.255859375 0.375 0.255859375 0.4027777777777778
0 0.138671875 0.4201388888888889 0.14453125 0.40625 0.14453125 0.375 0.140625 0.3576388888888889 0.130859375 0.3576388888888889 0.130859375 0.4097222222222222 0.138671875 0.4201388888888889
0 0.166015625 0.4513888888888889 0.173828125 0.4409722222222222 0.19921875 0.4375 0.19921875 0.40625 0.1796875 0.40625 0.171875 0.3888888888888889 0.15625 0.3888888888888889 0.150390625 0.4236111111111111 0.150390625 0.4513888888888889 0.166015625 0.4513888888888889
0 0.078125 0.3368055555555556 0.076171875 0.3125 0.060546875 0.3125 0.0546875 0.34375 0.078125 0.3368055555555556
0 0.642578125 0.46875 0.65625 0.4652777777777778 0.673828125 0.4340277777777778 0.66796875 0.40625 0.64453125 0.40625 0.638671875 0.4166666666666667 0.63671875 0.4583333333333333 0.642578125 0.46875
0 0.30078125 0.8298611111111112 0.30078125 0.75 0.287109375 0.7152777777777778 0.28125 0.7152777777777778 0.263671875 0.7604166666666666 0.26171875 0.8263888888888888 0.30078125 0.8298611111111112