0 0.10546875 0.2777777777777778 0.103515625 0.2465277777777778 0.080078125 0.2534722222222222 0.076171875 0.2743055555555556 0.10546875 0.2777777777777778
0 0.359375 0.2534722222222222 0.349609375 0.2534722222222222 0.35213694921875 0.2669526145833333 0.361328125 0.2604166666666667 0.359375 0.2534722222222222
0 0.361328125 0.28125 0.352450283203125 0.2686237361111111 0.35546875 0.2847222222222222 0.361328125 0.28125
0 0 0.2951388888888889 0.017578125 0.3090277777777778 0.01953125 0.2847222222222222 0.01171875 0.2673611111111111 0 0.2673611111111111 0 0.2951388888888889
0 0.423828125 0.5347222222222222 0.4296875 0.5173611111111112 0.4296875 0.46875 0.41796875 0.46875 0.41796875 0.53125 0.423828125 0.5347222222222222
0 0.94921875 0.9513888888888888 0.955078125 0.9618055555555556 0.94921875 0.9930555555555556 0.990234375 0.9965277777777778 0.9921875 0.96875 0.98046875 0.9340277777777778 0.97265625 0.9201388888888888 0.955078125 0.9201388888888888 0.94921875 0.9236111111111112 0.94921875 0.9513888888888888
0 0.861328125 0.9930555555555556 0.921875 0.9930555555555556 0.904296875 0.90625 0.89453125 0.9027777777777778 0.87890625 0.875 0.876953125 0.8888888888888888 0.85546875 0.9097222222222222 0.849609375 0.9618055555555556 0.861328125 0.9930555555555556
0 0.78515625 0.3680555555555556 0.798828125 0.3576388888888889 0.791015625 0.3298611111111111 0.775390625 0.3368055555555556 0.7734375 0.3229166666666667 0.759765625 0.3263888888888889 0.755859375 0.3611111111111111 0.78515625 0.3680555555555556
0 0.35546875 0.3923611111111111 0.361328125 0.3541666666666667 0.349609375 0.3472222222222222 0.34765625 0.375 0.35546875 0.3923611111111111
0 0.255859375 0.375 0.26953125 0.3854166666666667 0.2734375 0.3576388888888889 0.263671875 0.3472222222222222 0.255859375 0.3541666666666667 0.255859375 0.375
0 0.37890625 0.5104166666666666 0.392578125 0.4826388888888889 0.392578125 0.46875 0.380859375 0.4548611111111111 0.375 0.4652777777777778 0.37890625 0.5104166666666666
0 0.51953125 0.4513888888888889 0.5234375 0.4201388888888889 0.517578125 0.40625 0.5 0.4201388888888889 0.494140625 0.4479166666666667 0.51953125 0.4513888888888889
0 0.185546875 0.4097222222222222 0.1875 0.3784722222222222 0.1796875 0.3576388888888889 0.166015625 0.3576388888888889 0.162109375 0.3923611111111111 0.185546875 0.4097222222222222
0 0.322265625 0.3229166666666667 0.330078125 0.3159722222222222 0.32421875 0.28125 0.318359375 0.28125 0.322265625 0.3229166666666667
0 0.63671875 0.8402777777777778 0.66015625 0.8680555555555556 0.68359375 0.875 0.689453125 0.9027777777777778 0.708984375 0.90625 0.7109375 0.8611111111111112 0.69921875 0.8402777777777778 0.693359375 0.7847222222222222 0.6796875 0.7916666666666666 0.6796875 0.8159722222222222 0.666015625 0.8263888888888888 0.650390625 0.7986111111111112 0.650390625 0.7604166666666666 0.66015625 0.7222222222222222 0.630859375 0.7326388888888888 0.62890625 0.8125 0.63671875 0.8402777777777778
0 0.3125 0.2951388888888889 0.3125 0.2743055555555556 0.306640625 0.2673611111111111 0.3046875 0.2951388888888889 0.3125 0.2951388888888889
0 0.95703125 0.8888888888888888 0.986328125 0.9409722222222222 0.9921875 0.9652777777777778 0.998046875 0.9548611111111112 0.998046875 0.8472222222222222 0.98046875 0.8298611111111112 0.96875 0.8368055555555556 0.97265625 0.8611111111111112 0.95703125 0.8888888888888888
0 0.3671875 0.5729166666666666 0.369140625 0.53125 0.35546875 0.53125 0.35546875 0.5625 0.3671875 0.5729166666666666
0 0.806640625 0.5763888888888888 0.80078125 0.5347222222222222 0.7890625 0.5451388888888888 0.787109375 0.5243055555555556 0.775390625 0.5486111111111112 0.775390625 0.5729166666666666 0.806640625 0.5763888888888888
0 0.498046875 0.8576388888888888 0.51171875 0.8854166666666666 0.517578125 0.875 0.517578125 0.7847222222222222 0.50390625 0.7534722222222222 0.486328125 0.7777777777777778 0.48828125 0.8541666666666666 0.498046875 0.8576388888888888
0 0.45703125 0.7951388888888888 0.46875 0.8263888888888888 0.474609375 0.8263888888888888 0.4609375 0.7986111111111112 0.474609375 0.7951388888888888 0.462890625 0.7673611111111112 0.466796875 0.7361111111111112 0.4609375 0.7465277777777778 0.462890625 0.7743055555555556 0.45703125 0.7951388888888888
0 0.5 0.6875 0.505859375 0.7430555555555556 0.5234375 0.7534722222222222 0.53125 0.7743055555555556 0.541015625 0.7743055555555556 0.54296875 0.7361111111111112 0.537109375 0.7222222222222222 0.54296875 0.7013888888888888 0.537109375 0.6701388888888888 0.51171875 0.6736111111111112 0.505859375 0.6527777777777778 0.494140625 0.65625 0.48828125 0.6736111111111112 0.5 0.6875
0 0.28515625 0.2916666666666667 0.28515625 0.2638888888888889 0.275390625 0.2638888888888889 0.2734375 0.2916666666666667 0.28515625 0.2916666666666667
0 0.244140625 0.3263888888888889 0.248046875 0.3159722222222222 0.240234375 0.2916666666666667 0.224609375 0.2951388888888889 0.224609375 0.3263888888888889 0.244140625 0.3263888888888889
0 0.298828125 0.4201388888888889 0.3046875 0.4340277777777778 0.31640625 0.4027777777777778 0.3125 0.3854166666666667 0.298828125 0.3854166666666667 0.298828125 0.4201388888888889
0 0.337890625 0.3368055555555556 0.34375 0.34375 0.349609375 0.3298611111111111 0.34765625 0.3090277777777778 0.3359375 0.3090277777777778 0.337890625 0.3368055555555556
0 0.830078125 0.4166666666666667 0.84375 0.3854166666666667 0.853515625 0.40625 0.859375 0.3923611111111111 0.8359375 0.3784722222222222 0.830078125 0.3888888888888889 0.830078125 0.4166666666666667
0 0.818359375 0.4201388888888889 0.818359375 0.3784722222222222 0.8046875 0.3923611111111111 0.798828125 0.4201388888888889 0.818359375 0.4201388888888889
0 0.14453125 0.3055555555555556 0.162109375 0.2986111111111111 0.162109375 0.28125 0.15625 0.2777777777777778 0.142578125 0.2777777777777778 0.14453125 0.3055555555555556
0 0.181640625 0.2465277777777778 0.1796875 0.2326388888888889 0.15625 0.22916666666666666 0.154296875 0.25 0.181640625 0.2465277777777778
0 0.33203125 0.2847222222222222 0.3359375 0.2638888888888889 0.330078125 0.2638888888888889 0.33203125 0.2847222222222222
0 0.396484375 0.6076388888888888 0.404296875 0.5451388888888888 0.400390625 0.53125 0.38671875 0.5347222222222222 0.38671875 0.59375 0.396484375 0.6076388888888888
0 0.142578125 0.2743055555555556 0.1484375 0.2534722222222222 0.12890625 0.2361111111111111 0.125 0.2638888888888889 0.142578125 0.2743055555555556
0 0.453125 0.5 0.455078125 0.4479166666666667 0.443359375 0.4479166666666667 0.443359375 0.4861111111111111 0.453125 0.5
0 0.890625 0.40625 0.8984375 0.375 0.88671875 0.3611111111111111 0.873046875 0.3784722222222222 0.8671875 0.40625 0.890625 0.40625
0 0.64453125 0.71875 0.66015625 0.71875 0.66015625 0.7083333333333334 0.677734375 0.7152777777777778 0.6796875 0.7430555555555556 0.69140625 0.7604166666666666 0.6796875 0.7847222222222222 0.69921875 0.8263888888888888 0.7109375 0.8263888888888888 0.716796875 0.8125 0.716796875 0.7847222222222222 0.7109375 0.7743055555555556 0.716796875 0.75 0.705078125 0.7291666666666666 0.705078125 0.6909722222222222 0.69140625 0.6701388888888888 0.666015625 0.6701388888888888 0.666015625 0.6979166666666666 0.64453125 0.71875
0 0.380859375 0.4236111111111111 0.37890625 0.4097222222222222 0.369140625 0.40625 0.36328125 0.4166666666666667 0.36328125 0.4340277777777778 0.37250433984375 0.44058642013888893 0.380859375 0.4236111111111111
0 0.3046875 0.21180555555555555 0.298828125 0.2013888888888889 0.30078125 0.2326388888888889 0.3046875 0.21180555555555555
0 0.41015625 0.65625 0.41796875 0.6701388888888888 0.412109375 0.6875 0.435546875 0.7326388888888888 0.443359375 0.7326388888888888 0.447265625 0.6284722222222222 0.4296875 0.625 0.421875 0.6701388888888888 0.41015625 0.65625
0 0.4296875 0.59375 0.44921875 0.6180555555555556 0.44921875 0.5590277777777778 0.435546875 0.5590277777777778 0.42578125 0.5625 0.4296875 0.59375
0 0.380859375 0.2951388888888889 0.380859375 0.2638888888888889 0.375 0.2638888888888889 0.373046875 0.2881944444444444 0.380859375 0.2951388888888889
0 0.5546875 0.5416666666666666 0.5625 0.5104166666666666 0.5625 0.4722222222222222 0.548828125 0.4722222222222222 0.54296875 0.5034722222222222 0.5546875 0.5416666666666666
0 0.2734375 0.3402777777777778 0.287109375 0.34375 0.291015625 0.3090277777777778 0.287109375 0.2951388888888889 0.275390625 0.2951388888888889 0.26953125 0.3055555555555556 0.2734375 0.3402777777777778
0 0.31640625 0.6041666666666666 0.32421875 0.5763888888888888 0.322265625 0.5451388888888888 0.318359375 0.53125 0.3046875 0.53125 0.30078125 0.5763888888888888 0.31640625 0.6041666666666666
0 0.341796875 0.2326388888888889 0.341796875 0.21180555555555555 0.3359375 0.2048611111111111 0.33203125 0.2361111111111111 0.341796875 0.2326388888888889