0 0.85546875 0.2777777777777778 0.875 0.28125 0.873046875 0.25 0.861328125 0.25 0.85546875 0.2534722222222222 0.85546875 0.2777777777777778
0 0.037109375 0.3263888888888889 0.05859375 0.3263888888888889 0.0625 0.2951388888888889 0.0546875 0.28125 0.046875 0.2847222222222222 0.037109375 0.2951388888888889 0.037109375 0.3263888888888889
0 0.767578125 0.6215277777777778 0.78515625 0.5659722222222222 0.80078125 0.5555555555555556 0.798828125 0.5277777777777778 0.78125 0.5347222222222222 0.76171875 0.5625 0.767578125 0.6215277777777778
0 0.23828125 0.4479166666666667 0.248046875 0.4479166666666667 0.248046875 0.3923611111111111 0.234375 0.3958333333333333 0.23046875 0.4201388888888889 0.23828125 0.4479166666666667
0 0.267578125 0.9479166666666666 0.27734375 0.9548611111111112 0.28125 0.8263888888888888 0.27734375 0.8125 0.255859375 0.8159722222222222 0.25390625 0.90625 0.267578125 0.9479166666666666
0 0 0.3854166666666667 0.005859375 0.375 0.00390625 0.3576388888888889 0 0.3541666666666667 0 0.3854166666666667
0 0.28515625 0.5625 0.291015625 0.5451388888888888 0.291015625 0.5 0.275390625 0.4965277777777778 0.2734375 0.5243055555555556 0.28515625 0.5625
0 0.037109375 0.4513888888888889 0.0625 0.4479166666666667 0.06640625 0.40625 0.060546875 0.3923611111111111 0.0546875 0.40625 0.03515625 0.40625 0.03125 0.4201388888888889 0.037109375 0.4513888888888889
0 0.47265625 0.625 0.46875 0.6076388888888888 0.478515625 0.5902777777777778 0.48046875 0.5416666666666666 0.47265625 0.53125 0.45703125 0.5451388888888888 0.45703125 0.5902777777777778 0.47265625 0.625
0 0.193359375 0.6909722222222222 0.205078125 0.6979166666666666 0.19921875 0.7222222222222222 0.216796875 0.6736111111111112 0.216796875 0.6388888888888888 0.2109375 0.625 0.19921875 0.625 0.1875 0.6388888888888888 0.193359375 0.6909722222222222
0 0.255859375 0.375 0.255859375 0.34375 0.2421875 0.3229166666666667 0.23828125 0.3576388888888889 0.255859375 0.375
0 0.3359375 0.3541666666666667 0.34375 0.3576388888888889 0.34765625 0.34375 0.34375 0.3159722222222222 0.337890625 0.3159722222222222 0.34375 0.3472222222222222 0.3359375 0.3541666666666667
0 0.130859375 0.3229166666666667 0.13671875 0.28125 0.11328125 0.28125 0.11328125 0.3159722222222222 0.130859375 0.3229166666666667
0 0.10546875 0.3090277777777778 0.099609375 0.28125 0.087890625 0.2847222222222222 0.087890625 0.3159722222222222 0.10546875 0.3090277777777778
0 0.205078125 0.5416666666666666 0.21875 0.5104166666666666 0.2109375 0.46875 0.201171875 0.4722222222222222 0.19921875 0.5104166666666666 0.205078125 0.5416666666666666
0 0.759765625 0.3472222222222222 0.767578125 0.3263888888888889 0.76171875 0.3125 0.736328125 0.3125 0.73046875 0.3229166666666667 0.73046875 0.3472222222222222 0.759765625 0.3472222222222222
0 0.134765625 0.3263888888888889 0.154296875 0.3263888888888889 0.154296875 0.2986111111111111 0.13671875 0.2951388888888889 0.130859375 0.2986111111111111 0.134765625 0.3263888888888889
0 0.0234375 0.3159722222222222 0.03515625 0.3159722222222222 0.037109375 0.28125 0.0234375 0.28125 0.0234375 0.3159722222222222
0 0.4375 0.5138888888888888 0.44140625 0.4618055555555556 0.423828125 0.4652777777777778 0.421875 0.4861111111111111 0.4375 0.5138888888888888
0 0.318359375 0.34375 0.310546875 0.3298611111111111 0.318359375 0.3125 0.3125 0.3090277777777778 0.306640625 0.3263888888888889 0.318359375 0.34375
0 0.275390625 0.7604166666666666 0.28515625 0.7777777777777778 0.29296875 0.7638888888888888 0.29296875 0.6736111111111112 0.28515625 0.6701388888888888 0.267578125 0.6840277777777778 0.275390625 0.7604166666666666
0 0.380859375 0.46875 0.392578125 0.4722222222222222 0.3984375 0.4652777777777778 0.3984375 0.4375 0.38671875 0.4236111111111111 0.37890625 0.4375 0.380859375 0.46875
0 0.599609375 0.2048611111111111 0.60546875 0.2013888888888889 0.60546875 0.1875 0.599609375 0.1875 0.599609375 0.2048611111111111
0 0.57421875 0.21180555555555555 0.580078125 0.1875 0.57421875 0.1875 0.57421875 0.21180555555555555
0 0.71875 0.25 0.72265625 0.2361111111111111 0.7109375 0.21875 0.705078125 0.25 0.71875 0.25
0 0.19921875 0.4027777777777778 0.205078125 0.3923611111111111 0.197265625 0.3715277777777778 0.16796875 0.3576388888888889 0.1640625 0.4027777777777778 0.19921875 0.4027777777777778