0 0.255859375 0.5138888888888888 0.275390625 0.4861111111111111 0.283203125 0.5 0.3046875 0.5 0.3046875 0.4548611111111111 0.287109375 0.46875 0.28515625 0.4826388888888889 0.275390625 0.4826388888888889 0.267578125 0.4513888888888889 0.25390625 0.46875 0.25 0.5 0.255859375 0.5138888888888888
0 0.38671875 0.3368055555555556 0.388671875 0.2986111111111111 0.3828125 0.2986111111111111 0.380859375 0.3368055555555556 0.38671875 0.3368055555555556
0 0.34375 0.3402777777777778 0.353515625 0.3368055555555556 0.34765625 0.3055555555555556 0.337890625 0.3090277777777778 0.3359375 0.3263888888888889 0.34375 0.3402777777777778
0 0.3125 0.3368055555555556 0.318359375 0.3298611111111111 0.318359375 0.2986111111111111 0.3046875 0.2951388888888889 0.30078125 0.3368055555555556 0.3125 0.3368055555555556
0 0.03125 0.3368055555555556 0.03125 0.3125 0.01171875 0.3090277777777778 0.009765625 0.34375 0.03125 0.3368055555555556
0 0.03125 0.3993055555555556 0.0546875 0.3888888888888889 0.060546875 0.3680555555555556 0.056640625 0.3576388888888889 0.03125 0.3611111111111111 0.025390625 0.375 0.03125 0.3993055555555556
0 0.794921875 0.40625 0.80859375 0.4340277777777778 0.81640625 0.3888888888888889 0.79296875 0.4027777777777778 0.796875 0.3888888888888889 0.78515625 0.3784722222222222 0.76953125 0.40625 0.76953125 0.4340277777777778 0.794921875 0.40625
0 0.41015625 0.3368055555555556 0.41015625 0.2986111111111111 0.400390625 0.3055555555555556 0.3984375 0.3368055555555556 0.41015625 0.3368055555555556
0 0 0.5868055555555556 0.013671875 0.5868055555555556 0.017578125 0.5555555555555556 0.005859375 0.5 0 0.5 0 0.5868055555555556
0 0.060546875 0.3263888888888889 0.056640625 0.2951388888888889 0.037109375 0.2986111111111111 0.037109375 0.3263888888888889 0.060546875 0.3263888888888889
0 0.150390625 0.4722222222222222 0.16015625 0.4861111111111111 0.1796875 0.4826388888888889 0.19140625 0.4652777777777778 0.19921875 0.4826388888888889 0.2109375 0.4722222222222222 0.205078125 0.4409722222222222 0.185546875 0.4618055555555556 0.169921875 0.4340277777777778 0.16015625 0.4409722222222222 0.150390625 0.4513888888888889 0.150390625 0.4722222222222222
0 0.505859375 0.4513888888888889 0.52734375 0.4409722222222222 0.548828125 0.4513888888888889 0.55078125 0.4097222222222222 0.545730064453125 0.4067289270833333 0.541015625 0.4201388888888889 0.53125 0.4236111111111111 0.529296875 0.3993055555555556 0.5234375 0.3993055555555556 0.525390625 0.4236111111111111 0.513671875 0.4166666666666667 0.52734375 0.4270833333333333 0.525390625 0.4409722222222222 0.50390625 0.4375 0.505859375 0.4513888888888889
0 0.84375 0.40625 0.8671875 0.4236111111111111 0.8671875 0.3923611111111111 0.849609375 0.3888888888888889 0.84375 0.3923611111111111 0.84375 0.40625
0 0.05078125 0.5069444444444444 0.05078125 0.53125 0.080078125 0.5243055555555556 0.0859375 0.5104166666666666 0.10546875 0.5243055555555556 0.1171875 0.5138888888888888 0.111328125 0.4722222222222222 0.103515625 0.4722222222222222 0.099609375 0.4965277777777778 0.08984375 0.5104166666666666 0.068359375 0.4826388888888889 0.0546875 0.4861111111111111 0.060546875 0.4965277777777778 0.05078125 0.5069444444444444
0 0.13671875 0.4201388888888889 0.154296875 0.4201388888888889 0.154296875 0.3784722222222222 0.142578125 0.3611111111111111 0.13671875 0.3715277777777778 0.13671875 0.4201388888888889
0 0.921875 0.3923611111111111 0.912109375 0.3854166666666667 0.916015625 0.4027777777777778 0.9375 0.375 0.935546875 0.3576388888888889 0.921875 0.3680555555555556 0.9296875 0.3819444444444444 0.921875 0.3923611111111111
0 0.125 0.4340277777777778 0.125 0.4027777777777778 0.111328125 0.3993055555555556 0.111328125 0.4305555555555556 0.125 0.4340277777777778
0 0.611328125 0.46875 0.63671875 0.46875 0.65625 0.4513888888888889 0.65625 0.4201388888888889 0.642578125 0.3993055555555556 0.625 0.4097222222222222 0.611328125 0.4409722222222222 0.611328125 0.46875
0 0.28125 0.2743055555555556 0.291015625 0.2604166666666667 0.287109375 0.2465277777777778 0.28125 0.2465277777777778 0.28125 0.2743055555555556
0 0.103515625 0.2777777777777778 0.103515625 0.2465277777777778 0.08203125 0.2465277777777778 0.080078125 0.2743055555555556 0.103515625 0.2777777777777778
0 0.443359375 0.3263888888888889 0.455078125 0.3229166666666667 0.453125 0.2916666666666667 0.443359375 0.2916666666666667 0.443359375 0.3263888888888889
0 0.677734375 0.4305555555555556 0.666015625 0.4236111111111111 0.66796875 0.4375 0.70703125 0.4340277777777778 0.7109375 0.4236111111111111 0.705078125 0.4097222222222222 0.7109375 0.3993055555555556 0.6953125 0.4201388888888889 0.6875 0.3888888888888889 0.6796875 0.3923611111111111 0.69140625 0.4131944444444444 0.677734375 0.4305555555555556
0 0.59765625 0.3159722222222222 0.599609375 0.2847222222222222 0.59375 0.28125 0.591796875 0.3159722222222222 0.59765625 0.3159722222222222
0 0.26171875 0.3125 0.2734375 0.2986111111111111 0.263671875 0.2986111111111111 0.26171875 0.3125
0 0.26171875 0.3125 0.255859375 0.3541666666666667 0.267578125 0.3576388888888889 0.2734375 0.3211805555555556 0.26171875 0.3125