0 0.455078125 0.4340277777777778 0.4609375 0.4027777777777778 0.431640625 0.3888888888888889 0.419921875 0.4131944444444444 0.421875 0.4375 0.455078125 0.4340277777777778
0 0.5859375 0.3125 0.599609375 0.3090277777777778 0.591796875 0.2638888888888889 0.576171875 0.2638888888888889 0.5859375 0.3125
0 0.005859375 0.4548611111111111 0.0234375 0.4618055555555556 0.03125 0.4513888888888889 0.029296875 0.4236111111111111 0.021484375 0.40625 0.01171875 0.40625 0.005859375 0.4166666666666667 0.005859375 0.4548611111111111
0 0.060546875 0.625 0.06640625 0.6076388888888888 0.0625 0.5763888888888888 0.04296875 0.5798611111111112 0.037109375 0.6215277777777778 0.060546875 0.625
0 0.017578125 0.625 0.0234375 0.6111111111111112 0.013671875 0.6041666666666666 0.00390625 0.5659722222222222 0 0.6284722222222222 0.017578125 0.625
0 0.1484375 0.40625 0.1484375 0.3680555555555556 0.142578125 0.3576388888888889 0.134765625 0.3645833333333333 0.134765625 0.4027777777777778 0.1484375 0.40625
0 0.9609375 0.3680555555555556 0.998046875 0.3611111111111111 0.998046875 0.3402777777777778 0.97265625 0.3298611111111111 0.9609375 0.3472222222222222 0.9609375 0.3680555555555556
0 0.169921875 0.7361111111111112 0.181640625 0.71875 0.234375 0.6979166666666666 0.23828125 0.625 0.193359375 0.6666666666666666 0.19140625 0.6875 0.171875 0.6805555555555556 0.162109375 0.7048611111111112 0.162109375 0.7326388888888888 0.169921875 0.7361111111111112
0 0.123046875 0.4340277777777778 0.125 0.3888888888888889 0.1171875 0.375 0.10546875 0.3854166666666667 0.10546875 0.4305555555555556 0.123046875 0.4340277777777778
0 0.1875 0.5729166666666666 0.220703125 0.5555555555555556 0.2421875 0.5625 0.25 0.5451388888888888 0.24609375 0.5138888888888888 0.228515625 0.5138888888888888 0.212890625 0.5347222222222222 0.203125 0.5 0.1875 0.53125 0.181640625 0.5451388888888888 0.1875 0.5729166666666666
0 0.29296875 0.4791666666666667 0.3125 0.4652777777777778 0.3125 0.4409722222222222 0.318359375 0.4375 0.328125 0.4652777777777778 0.3359375 0.4409722222222222 0.326171875 0.4236111111111111 0.3046875 0.4409722222222222 0.298828125 0.4236111111111111 0.287109375 0.4479166666666667 0.28515625 0.46875 0.29296875 0.4791666666666667
0 0.119140625 0.5416666666666666 0.125 0.5625 0.138671875 0.5451388888888888 0.1796875 0.5451388888888888 0.1875 0.53125 0.1875 0.4930555555555556 0.16015625 0.5173611111111112 0.150390625 0.5138888888888888 0.142578125 0.4861111111111111 0.130859375 0.5 0.130859375 0.5173611111111112 0.119140625 0.5416666666666666
0 0.5234375 0.4201388888888889 0.548828125 0.4166666666666667 0.5390625 0.3923611111111111 0.548828125 0.3888888888888889 0.544921875 0.375 0.515625 0.3923611111111111 0.513671875 0.40625 0.5234375 0.4201388888888889
0 0.205078125 0.3993055555555556 0.201171875 0.3784722222222222 0.1875 0.3611111111111111 0.173828125 0.3576388888888889 0.16796875 0.3680555555555556 0.16796875 0.4027777777777778 0.205078125 0.3993055555555556
0 0.07421875 0.4375 0.09375 0.4375 0.091796875 0.3923611111111111 0.07421875 0.3784722222222222 0.068359375 0.40625 0.07421875 0.4375
0 0.48828125 0.4965277777777778 0.5 0.4826388888888889 0.51953125 0.4826388888888889 0.529296875 0.4548611111111111 0.525390625 0.4375 0.5 0.4375 0.486328125 0.46875 0.48828125 0.4965277777777778
0 0.337890625 0.5243055555555556 0.34375 0.5 0.3525390625 0.5173611111111112 0.3671875 0.5243055555555556 0.380859375 0.5104166666666666 0.375 0.46875 0.3671875 0.46875 0.35546875 0.5 0.341796875 0.4965277777777778 0.34375 0.46875 0.3359375 0.46875 0.32421875 0.4965277777777778 0.32421875 0.53125 0.337890625 0.5243055555555556
0 0.080078125 0.8576388888888888 0.1015625 0.8298611111111112 0.154296875 0.8055555555555556 0.162109375 0.7951388888888888 0.162109375 0.7361111111111112 0.14453125 0.7326388888888888 0.115234375 0.7847222222222222 0.10546875 0.7777777777777778 0.103515625 0.75 0.091796875 0.7430555555555556 0.068359375 0.78125 0.068359375 0.8090277777777778 0.0625 0.8159722222222222 0.064453125 0.8541666666666666 0.080078125 0.8576388888888888
0 0.853515625 0.2951388888888889 0.853515625 0.2638888888888889 0.83203125 0.2743055555555556 0.830078125 0.2986111111111111 0.853515625 0.2951388888888889