0 0.423828125 0.5451388888888888 0.423828125 0.4965277777777778 0.408203125 0.4965277777777778 0.3984375 0.4826388888888889 0.38671875 0.5 0.380859375 0.5659722222222222 0.423828125 0.5451388888888888
0 0.826171875 0.2777777777777778 0.830078125 0.25 0.8125 0.2465277777777778 0.8125 0.2777777777777778 0.826171875 0.2777777777777778
0 0.738671875 0.30763888888888885 0.7421875 0.3263888888888889 0.755859375 0.3263888888888889 0.76171875 0.3159722222222222 0.75390625 0.2986111111111111 0.738671875 0.30763888888888885
0 0.736778845703125 0.3087606840277778 0.73046875 0.3125 0.728515625 0.3263888888888889 0.736778845703125 0.3087606840277778
0 0.1328125 0.3263888888888889 0.13671875 0.2951388888888889 0.1171875 0.2916666666666667 0.115234375 0.3229166666666667 0.1328125 0.3263888888888889
0 0 0.5902777777777778 0.017578125 0.5902777777777778 0.0234375 0.5763888888888888 0.0234375 0.5416666666666666 0.009765625 0.5347222222222222 0 0.5416666666666666 0 0.5902777777777778
0 0.228515625 0.5486111111111112 0.236328125 0.5347222222222222 0.26171875 0.5243055555555556 0.26171875 0.4861111111111111 0.25390625 0.4722222222222222 0.208984375 0.4722222222222222 0.205078125 0.53125 0.228515625 0.5486111111111112
0 0.4296875 0.4965277777777778 0.455078125 0.4826388888888889 0.466796875 0.4618055555555556 0.4609375 0.4375 0.4453125 0.4548611111111111 0.431640625 0.4375 0.42578125 0.4513888888888889 0.423828125 0.4791666666666667 0.4296875 0.4965277777777778
0 0.33203125 0.4027777777777778 0.337890625 0.375 0.330078125 0.3472222222222222 0.318359375 0.34375 0.310546875 0.3576388888888889 0.3046875 0.3888888888888889 0.33203125 0.4027777777777778
0 0.41015625 0.4027777777777778 0.412109375 0.4166666666666667 0.423828125 0.4201388888888889 0.423828125 0.375 0.4140625 0.375 0.41015625 0.3611111111111111 0.3984375 0.3715277777777778 0.39453125 0.3993055555555556 0.41015625 0.4027777777777778
0 0.85546875 0.2916666666666667 0.859375 0.2638888888888889 0.837890625 0.2534722222222222 0.830078125 0.28125 0.85546875 0.2916666666666667
0 0.3359375 0.53125 0.361328125 0.5034722222222222 0.361328125 0.4513888888888889 0.349609375 0.4513888888888889 0.33203125 0.4826388888888889 0.330078125 0.5277777777777778 0.3359375 0.53125
0 0.130859375 0.40625 0.142578125 0.40625 0.14453125 0.3888888888888889 0.142578125 0.3541666666666667 0.13671875 0.3472222222222222 0.125 0.3611111111111111 0.130859375 0.40625
0 0 0.5 0.025390625 0.5138888888888888 0.0546875 0.4930555555555556 0.0546875 0.4618055555555556 0.048828125 0.4513888888888889 0.021484375 0.4652777777777778 0.005859375 0.4409722222222222 0 0.4513888888888889 0 0.5
0 0.916015625 0.2916666666666667 0.9296875 0.2777777777777778 0.91796875 0.2534722222222222 0.904296875 0.2638888888888889 0.900390625 0.2777777777777778 0.916015625 0.2916666666666667
0 0.45703125 0.4305555555555556 0.466796875 0.4340277777777778 0.474609375 0.4201388888888889 0.4921875 0.4166666666666667 0.4921875 0.3854166666666667 0.486328125 0.375 0.4609375 0.375 0.451171875 0.3923611111111111 0.45703125 0.4305555555555556
0 0.95703125 0.2951388888888889 0.98046875 0.2951388888888889 0.984375 0.2847222222222222 0.98046875 0.2638888888888889 0.966796875 0.2604166666666667 0.953125 0.2743055555555556 0.94921875 0.28125 0.95703125 0.2951388888888889
0 0.515625 0.4895833333333333 0.525390625 0.5 0.537109375 0.4965277777777778 0.546875 0.4618055555555556 0.54296875 0.4479166666666667 0.529296875 0.4513888888888889 0.5234375 0.4340277777777778 0.51171875 0.4340277777777778 0.505859375 0.4513888888888889 0.505859375 0.5 0.515625 0.4895833333333333
0 0.34375 0.40625 0.349609375 0.4097222222222222 0.361328125 0.3888888888888889 0.373046875 0.3888888888888889 0.375 0.3993055555555556 0.38671875 0.3888888888888889 0.38671875 0.375 0.369140625 0.3541666666666667 0.349609375 0.3715277777777778 0.34375 0.3888888888888889 0.34375 0.40625
0 0.60546875 0.4305555555555556 0.603515625 0.4097222222222222 0.591796875 0.4236111111111111 0.587890625 0.4375 0.60546875 0.4305555555555556
0 0.5625 0.4652777777777778 0.568359375 0.4652777777777778 0.580078125 0.4479166666666667 0.580078125 0.40625 0.5625 0.4236111111111111 0.560546875 0.4513888888888889 0.5625 0.4652777777777778
0 0.0546875 0.5590277777777778 0.099609375 0.5277777777777778 0.125 0.5486111111111112 0.130859375 0.5138888888888888 0.125 0.4965277777777778 0.091796875 0.5138888888888888 0.078125 0.4930555555555556 0.068359375 0.4930555555555556 0.05078125 0.5277777777777778 0.048828125 0.5451388888888888 0.0546875 0.5590277777777778
0 0.611328125 0.4027777777777778 0.642578125 0.3888888888888889 0.638671875 0.3645833333333333 0.62890625 0.3541666666666667 0.609375 0.3645833333333333 0.60546875 0.3923611111111111 0.611328125 0.4027777777777778
0 0.787109375 0.2638888888888889 0.79296875 0.2534722222222222 0.78515625 0.2361111111111111 0.763671875 0.2326388888888889 0.763671875 0.2638888888888889 0.787109375 0.2638888888888889
0 0.8671875 0.28125 0.8984375 0.2777777777777778 0.892578125 0.2534722222222222 0.86328125 0.25 0.861328125 0.2743055555555556 0.8671875 0.28125
0 0.072265625 0.6215277777777778 0.119140625 0.5868055555555556 0.125 0.5798611111111112 0.125 0.5590277777777778 0.111328125 0.5451388888888888 0.080078125 0.5416666666666666 0.068359375 0.5729166666666666 0.0625 0.6076388888888888 0.072265625 0.6215277777777778