0 0.173828125 0.5868055555555556 0.181640625 0.6076388888888888 0.19140625 0.6076388888888888 0.19140625 0.53125 0.17578125 0.53125 0.16796875 0.5347222222222222 0.173828125 0.5868055555555556
0 0.474609375 0.5590277777777778 0.48828125 0.6076388888888888 0.494140625 0.5868055555555556 0.494140625 0.53125 0.48046875 0.5277777777777778 0.474609375 0.53125 0.474609375 0.5590277777777778
0 0.080078125 0.3888888888888889 0.07421875 0.3472222222222222 0.0625 0.34375 0.06640625 0.3888888888888889 0.080078125 0.3888888888888889
0 0.072265625 0.3229166666666667 0.072265625 0.2986111111111111 0.0546875 0.2916666666666667 0.05078125 0.3125 0.072265625 0.3229166666666667
0 0.98046875 0.2951388888888889 0.986328125 0.2847222222222222 0.974609375 0.2673611111111111 0.95703125 0.2673611111111111 0.94921875 0.2916666666666667 0.98046875 0.2951388888888889
0 0.13671875 0.3055555555555556 0.138671875 0.2638888888888889 0.12890625 0.2638888888888889 0.125 0.2986111111111111 0.13671875 0.3055555555555556
0 0.84765625 0.9930555555555556 0.90625 0.9930555555555556 0.908203125 0.9826388888888888 0.91796875 0.9965277777777778 0.9296875 0.96875 0.9375 0.9930555555555556 0.927734375 0.9340277777777778 0.91015625 0.9375 0.89453125 0.9618055555555556 0.890625 0.9513888888888888 0.869140625 0.9444444444444444 0.8671875 0.9236111111111112 0.853515625 0.9027777777777778 0.830078125 0.8923611111111112 0.826171875 0.9375 0.84765625 0.9930555555555556
0 0.1484375 0.3576388888888889 0.166015625 0.3576388888888889 0.166015625 0.3298611111111111 0.15625 0.3125 0.1484375 0.3125 0.1484375 0.3576388888888889
0 0.404296875 0.9583333333333334 0.408203125 0.9895833333333334 0.423828125 0.9930555555555556 0.421875 0.9652777777777778 0.412109375 0.9340277777777778 0.40625 0.9340277777777778 0.416015625 0.9513888888888888 0.404296875 0.9583333333333334
0 0.443359375 0.9236111111111112 0.451171875 0.9583333333333334 0.44921875 0.9930555555555556 0.490234375 0.9965277777777778 0.478515625 0.9236111111111112 0.462890625 0.9201388888888888 0.453125 0.9479166666666666 0.443359375 0.9236111111111112
0 0.0546875 0.4305555555555556 0.06640625 0.4305555555555556 0.06640625 0.3888888888888889 0.060546875 0.3715277777777778 0.05078125 0.375 0.05078125 0.4166666666666667 0.0546875 0.4305555555555556
0 0.10546875 0.4722222222222222 0.115234375 0.4965277777777778 0.123046875 0.4513888888888889 0.1171875 0.4305555555555556 0.111328125 0.4305555555555556 0.10546875 0.4340277777777778 0.10546875 0.4722222222222222
0 0.322265625 0.6388888888888888 0.310546875 0.6215277777777778 0.32421875 0.6041666666666666 0.31640625 0.5625 0.29296875 0.5798611111111112 0.294921875 0.6145833333333334 0.322265625 0.6388888888888888
0 0.236328125 0.5416666666666666 0.2421875 0.4826388888888889 0.23828125 0.4722222222222222 0.224609375 0.4791666666666667 0.224609375 0.5277777777777778 0.236328125 0.5416666666666666
0 0.857421875 0.8402777777777778 0.86328125 0.8020833333333334 0.853515625 0.78125 0.85546875 0.7673611111111112 0.837890625 0.7604166666666666 0.8359375 0.8333333333333334 0.857421875 0.8402777777777778
0 0.787109375 0.8298611111111112 0.80078125 0.84375 0.818359375 0.84375 0.818359375 0.8576388888888888 0.82421875 0.8611111111111112 0.818359375 0.8159722222222222 0.822265625 0.8055555555555556 0.806640625 0.7743055555555556 0.810546875 0.7326388888888888 0.798828125 0.7326388888888888 0.796875 0.7465277777777778 0.783203125 0.7569444444444444 0.775390625 0.7916666666666666 0.787109375 0.8298611111111112
0 0.28515625 0.53125 0.291015625 0.53125 0.28515625 0.5173611111111112 0.29296875 0.5046284722222222 0.29296875 0.4652777777777778 0.28125 0.4652777777777778 0.279296875 0.5104166666666666 0.28515625 0.53125
0 0.734375 0.9652777777777778 0.7578125 0.9826388888888888 0.759765625 0.9930555555555556 0.787109375 0.9930555555555556 0.787109375 0.9722222222222222 0.7734375 0.9444444444444444 0.7734375 0.90625 0.76171875 0.8888888888888888 0.76171875 0.8680555555555556 0.75390625 0.8611111111111112 0.7421875 0.875 0.748046875 0.9479166666666666 0.734375 0.9652777777777778
0 0.681640625 0.8611111111111112 0.685546875 0.9027777777777778 0.69921875 0.9340277777777778 0.724609375 0.9513888888888888 0.7109375 0.8993055555555556 0.7109375 0.84375 0.693359375 0.8298611111111112 0.693359375 0.84375 0.681640625 0.8611111111111112
0 0.37890625 0.5763888888888888 0.38671875 0.5868055555555556 0.3828125 0.5416666666666666 0.392578125 0.5138888888888888 0.38671875 0.5034722222222222 0.373046875 0.5138888888888888 0.369140625 0.53125 0.37890625 0.5763888888888888
0 0.03125 0.3368055555555556 0.041015625 0.3541666666666667 0.046875 0.3159722222222222 0.037109375 0.3090277777777778 0.03125 0.3125 0.03125 0.3368055555555556
0 0.919921875 0.9201388888888888 0.931640625 0.9409722222222222 0.931640625 0.9722222222222222 0.9375 0.9861111111111112 0.953125 0.9965277777777778 0.955078125 0.9548611111111112 0.9296875 0.9131944444444444 0.923828125 0.8715277777777778 0.91796875 0.8576388888888888 0.90625 0.8715277777777778 0.90625 0.9201388888888888 0.919921875 0.9201388888888888
0 0.849609375 0.8923611111111112 0.865234375 0.90625 0.869140625 0.8819444444444444 0.859375 0.84375 0.837890625 0.8402777777777778 0.8359375 0.8541666666666666 0.849609375 0.8923611111111112
0 0.287109375 0.6875 0.298828125 0.6979166666666666 0.298828125 0.7118055555555556 0.287109375 0.71875 0.33203125 0.7777777777777778 0.3359375 0.7465277777777778 0.330078125 0.6909722222222222 0.32421875 0.6701388888888888 0.3125 0.6701388888888888 0.3046875 0.6944444444444444 0.287109375 0.6875
0 0.79296875 0.2604166666666667 0.8046875 0.2673611111111111 0.806640625 0.25 0.79296875 0.25 0.79296875 0.2604166666666667
0 0.60546875 0.7916666666666666 0.623046875 0.8263888888888888 0.625 0.8680555555555556 0.63671875 0.875 0.638671875 0.8263888888888888 0.6484375 0.8125 0.6484375 0.7986111111111112 0.642578125 0.7986111111111112 0.625 0.7604166666666666 0.611328125 0.7534722222222222 0.603515625 0.7673611111111112 0.60546875 0.7916666666666666
0 0.57421875 0.78125 0.580078125 0.7465277777777778 0.572265625 0.7326388888888888 0.5625 0.7326388888888888 0.5625 0.7604166666666666 0.57421875 0.78125
0 0.306640625 0.4618055555555556 0.3125 0.4791666666666667 0.322265625 0.4548611111111111 0.3203125 0.4201388888888889 0.306640625 0.4201388888888889 0.306640625 0.4618055555555556
0 0.310546875 0.5451388888888888 0.32421875 0.6076388888888888 0.33203125 0.5972222222222222 0.32421875 0.5972222222222222 0.3203125 0.5798611111111112 0.33203125 0.5763888888888888 0.330078125 0.53125 0.322265625 0.5277777777777778 0.310546875 0.53125 0.310546875 0.5451388888888888
0 0.16796875 0.4027777777777778 0.201171875 0.3993055555555556 0.197265625 0.3715277777777778 0.16796875 0.3576388888888889 0.162109375 0.3854166666666667 0.16796875 0.4027777777777778
0 0.125 0.4027777777777778 0.130859375 0.3923611111111111 0.1171875 0.3784722222222222 0.130859375 0.3611111111111111 0.115234375 0.3541666666666667 0.11328125 0.375 0.125 0.4027777777777778
0 0.26171875 0.6041666666666666 0.26953125 0.5486111111111112 0.267578125 0.5347222222222222 0.25390625 0.5347222222222222 0.25 0.5729166666666666 0.26171875 0.6041666666666666
0 0.35546875 0.5243055555555556 0.35546875 0.4826388888888889 0.34375 0.4722222222222222 0.34375 0.5173611111111112 0.35546875 0.5243055555555556
0 0.330078125 0.9965277777777778 0.369140625 0.9965277777777778 0.36328125 0.9513888888888888 0.34375 0.9548611111111112 0.33203125 0.96875 0.3359375 0.9791666666666666 0.330078125 0.9965277777777778
0 0.3203125 0.9965277777777778 0.322265625 0.9861111111111112 0.310546875 0.9583333333333334 0.310546875 0.9305555555555556 0.3046875 0.9340277777777778 0.3046875 0.9965277777777778 0.3203125 0.9965277777777778
0 0.365234375 0.9270833333333334 0.00390625 0.006944444444444444
0 0.255859375 0.4791666666666667 0.267578125 0.5034722222222222 0.2734375 0.4965277777777778 0.26953125 0.4479166666666667 0.255859375 0.4479166666666667 0.255859375 0.4791666666666667
0 0.349609375 0.6527777777777778 0.359375 0.65625 0.361328125 0.5763888888888888 0.34375 0.5868055555555556 0.34375 0.6354166666666666 0.349609375 0.6527777777777778
0 0.080078125 0.5659722222222222 0.08203125 0.4930555555555556 0.068359375 0.4930555555555556 0.068359375 0.5555555555555556 0.080078125 0.5659722222222222
0 0.779296875 0.2638888888888889 0.77734375 0.25 0.763671875 0.2465277777777778 0.76171875 0.2638888888888889 0.779296875 0.2638888888888889
0 0.0234375 0.3263888888888889 0.03125 0.3125 0.03125 0.2951388888888889 0.0234375 0.28125 0.01171875 0.2951388888888889 0.013671875 0.3263888888888889 0.0234375 0.3263888888888889
0 0.900390625 0.2951388888888889 0.91796875 0.2951388888888889 0.921875 0.2847222222222222 0.91796875 0.2673611111111111 0.900390625 0.2673611111111111 0.892578125 0.2777777777777778 0.900390625 0.2951388888888889
0 0.986328125 0.9965277777777778 0.998046875 0.9965277777777778 0.998046875 0.8888888888888888 0.974609375 0.8888888888888888 0.974609375 0.9791666666666666 0.986328125 0.9965277777777778
0 0.51171875 0.7118055555555556 0.505859375 0.75 0.5234375 0.78125 0.53125 0.78125 0.537109375 0.7604166666666666 0.53125 0.6701388888888888 0.513671875 0.6701388888888888 0.50390625 0.6840277777777778 0.51171875 0.7118055555555556
0 0.505859375 0.6076388888888888 0.529296875 0.6597222222222222 0.53515625 0.6493055555555556 0.53515625 0.5972222222222222 0.5234375 0.5868055555555556 0.505859375 0.5902777777777778 0.505859375 0.6076388888888888
0 0.755859375 0.84375 0.76171875 0.8472222222222222 0.763671875 0.8888888888888888 0.7734375 0.9097222222222222 0.7734375 0.9444444444444444 0.78515625 0.9513888888888888 0.791015625 0.9375 0.787109375 0.8506944444444444 0.78125 0.8159722222222222 0.763671875 0.8090277777777778 0.755859375 0.8159722222222222 0.755859375 0.84375
0 0.41796875 0.5868055555555556 0.435546875 0.5729166666666666 0.4296875 0.53125 0.423828125 0.5277777777777778 0.412109375 0.53125 0.41796875 0.5868055555555556
0 0.66015625 0.8263888888888888 0.671875 0.8298611111111112 0.6796875 0.8541666666666666 0.685546875 0.8541666666666666 0.693359375 0.84375 0.693359375 0.78125 0.685546875 0.7534722222222222 0.67578125 0.75 0.662109375 0.7743055555555556 0.666015625 0.8055555555555556 0.66015625 0.8263888888888888
0 0.6484375 0.8125 0.654296875 0.7777777777777778 0.642578125 0.7326388888888888 0.634765625 0.7361111111111112 0.630859375 0.7534722222222222 0.6484375 0.8125
0 0.421875 0.71875 0.4375 0.7465277777777778 0.44140625 0.71875 0.435546875 0.6388888888888888 0.423828125 0.6354166666666666 0.408203125 0.6597222222222222 0.3984375 0.6597222222222222 0.3984375 0.7013888888888888 0.421875 0.71875
0 0.46875 0.7673611111111112 0.46875 0.7951388888888888 0.48046875 0.7951388888888888 0.50390625 0.8263888888888888 0.51171875 0.8229166666666666 0.505859375 0.71875 0.486328125 0.7222222222222222 0.484375 0.75 0.47265625 0.7534722222222222 0.4609375 0.7361111111111112 0.45703125 0.75 0.46875 0.7673611111111112
0 0.087890625 0.3229166666666667 0.10546875 0.3125 0.10546875 0.28125 0.091796875 0.28125 0.0859375 0.2916666666666667 0.087890625 0.3229166666666667
0 0.44921875 0.5868055555555556 0.451171875 0.65625 0.45703125 0.6527777777777778 0.466796875 0.6701388888888888 0.47265625 0.6701388888888888 0.48046875 0.6388888888888888 0.48046875 0.5972222222222222 0.47265625 0.5798611111111112 0.4609375 0.5972222222222222 0.44921875 0.5868055555555556
0 0.53125 0.4201388888888889 0.541015625 0.4027777777777778 0.541015625 0.3854166666666667 0.537109375 0.3715277777777778 0.525390625 0.3715277777777778 0.5234375 0.4097222222222222 0.53125 0.4201388888888889
0 0.599609375 0.8541666666666666 0.587890625 0.875 0.59375 0.90625 0.611328125 0.9097222222222222 0.6171875 0.9513888888888888 0.63671875 0.9513888888888888 0.63671875 0.8993055555555556 0.625 0.8680555555555556 0.623046875 0.8298611111111112 0.611328125 0.8125 0.59375 0.8263888888888888 0.599609375 0.8402777777777778 0.599609375 0.8541666666666666
0 0.568359375 0.875 0.5859375 0.875 0.57421875 0.7986111111111112 0.560546875 0.7951388888888888 0.556640625 0.84375 0.568359375 0.875
0 0.123046875 0.6215277777777778 0.130859375 0.6111111111111112 0.125 0.5590277777777778 0.10546875 0.5625 0.103515625 0.59375 0.123046875 0.6215277777777778
0 0.505859375 0.9479166666666666 0.521484375 0.9513888888888888 0.52734375 0.9340277777777778 0.53515625 0.9652777777777778 0.546875 0.96875 0.556640625 0.9930555555555556 0.578125 0.9930555555555556 0.580078125 0.9513888888888888 0.572265625 0.9305555555555556 0.572265625 0.90625 0.5546875 0.8576388888888888 0.537109375 0.875 0.541015625 0.9166666666666666 0.529296875 0.9201388888888888 0.517578125 0.8993055555555556 0.51171875 0.8541666666666666 0.48828125 0.8402777777777778 0.48828125 0.90625 0.505859375 0.9479166666666666
0 0.216796875 0.78125 0.240234375 0.78125 0.267578125 0.8090277777777778 0.275390625 0.8055555555555556 0.279296875 0.7673611111111112 0.2734375 0.7210659722222222 0.265625 0.7118055555555556 0.2734375 0.7025451388888889 0.267578125 0.7048611111111112 0.26171875 0.6875 0.271484375 0.6805555555555556 0.26171875 0.6736111111111112 0.236328125 0.6840277777777778 0.236328125 0.6701388888888888 0.228515625 0.6701388888888888 0.20703125 0.7013888888888888 0.205078125 0.7465277777777778 0.216796875 0.78125
0 0.8046875 0.4409722222222222 0.822265625 0.4166666666666667 0.826171875 0.3958333333333333 0.810546875 0.3888888888888889 0.798828125 0.4097222222222222 0.79296875 0.4375 0.8046875 0.4409722222222222