0 0.892578125 0.28125 0.890625 0.2534722222222222 0.875 0.25 0.8671875 0.2777777777777778 0.892578125 0.28125
0 0.38671875 0.5 0.392578125 0.4861111111111111 0.392578125 0.4479166666666667 0.380859375 0.4409722222222222 0.37890625 0.4826388888888889 0.38671875 0.5
0 0.1015625 0.3125 0.10546875 0.28125 0.087890625 0.28125 0.087890625 0.3125 0.1015625 0.3125
0 0.25 0.2638888888888889 0.25390625 0.25 0.24609375 0.2326388888888889 0.2421875 0.2638888888888889 0.25 0.2638888888888889
0 0.611328125 0.53125 0.609375 0.4965277777777778 0.58984375 0.4965277777777778 0.5859375 0.53125 0.611328125 0.53125
0 0.416015625 0.4201388888888889 0.41015625 0.40625 0.41796875 0.3958333333333333 0.41796875 0.375 0.41015625 0.375 0.40625 0.4027777777777778 0.416015625 0.4201388888888889
0 0.671875 0.9930555555555556 0.6875 0.9965277777777778 0.701171875 0.9722222222222222 0.705078125 0.9965277777777778 0.7421875 0.9965277777777778 0.73046875 0.9027777777777778 0.72265625 0.8888888888888888 0.701171875 0.8993055555555556 0.701171875 0.9305555555555556 0.693359375 0.9513888888888888 0.66796875 0.9027777777777778 0.66796875 0.8888888888888888 0.65625 0.8888888888888888 0.650390625 0.9479166666666666 0.671875 0.9930555555555556
0 0.35546875 0.3715277777777778 0.361328125 0.3784722222222222 0.36328125 0.3402777777777778 0.35546875 0.3402777777777778 0.35546875 0.3715277777777778
0 0.30859375 0.3159722222222222 0.31640625 0.3090277777777778 0.3125 0.28125 0.3046875 0.28125 0.30859375 0.3159722222222222
0 0.21875 0.2743055555555556 0.228515625 0.2638888888888889 0.224609375 0.2361111111111111 0.21875 0.2361111111111111 0.21875 0.2743055555555556
0 0.37890625 0.28125 0.380859375 0.2638888888888889 0.375 0.2534722222222222 0.369140625 0.2777777777777778 0.37890625 0.28125
0 0.123046875 0.2916666666666667 0.14453125 0.28125 0.13671875 0.2534722222222222 0.125 0.2534722222222222 0.1171875 0.2673611111111111 0.123046875 0.2916666666666667
0 0.0625 0.3472222222222222 0.056640625 0.3125 0.04296875 0.3159722222222222 0.037109375 0.3576388888888889 0.0625 0.3472222222222222
0 0.3125 0.5763888888888888 0.318359375 0.5763888888888888 0.326171875 0.5625 0.326171875 0.53125 0.32421875 0.5138888888888888 0.3125 0.5138888888888888 0.310546875 0.5625 0.3125 0.5763888888888888
0 0.4375 0.5034722222222222 0.443359375 0.4930555555555556 0.443359375 0.4513888888888889 0.427734375 0.4548611111111111 0.42578125 0.4722222222222222 0.4375 0.5034722222222222
0 0.197265625 0.4027777777777778 0.205078125 0.3923611111111111 0.19921875 0.3715277777777778 0.16796875 0.3576388888888889 0.162109375 0.3993055555555556 0.197265625 0.4027777777777778
0 0.3359375 0.21875 0.340073529296875 0.23100490277777774 0.341796875 0.21875 0.3359375 0.21875
0 0.337890625 0.2465277777777778 0.341796875 0.2361111111111111 0.340073529296875 0.23100490277777774 0.337890625 0.2465277777777778
0 0.1484375 0.3125 0.1484375 0.28125 0.13671875 0.28125 0.134765625 0.3090277777777778 0.1484375 0.3125
0 0.123046875 0.3263888888888889 0.1171875 0.2847222222222222 0.10546875 0.2916666666666667 0.103515625 0.3298611111111111 0.123046875 0.3263888888888889
0 0.841796875 0.2604166666666667 0.8359375 0.2361111111111111 0.826171875 0.2361111111111111 0.82421875 0.2673611111111111 0.841796875 0.2604166666666667
0 0.361328125 0.2465277777777778 0.359375 0.2222222222222222 0.35546875 0.2361111111111111 0.361328125 0.2465277777777778
0 0.384765625 0.375 0.392578125 0.375 0.392578125 0.3368055555555556 0.38671875 0.3298611111111111 0.380859375 0.3472222222222222 0.384765625 0.375
0 0.494140625 0.5416666666666666 0.498046875 0.5277777777777778 0.50390625 0.5416666666666666 0.517578125 0.5347222222222222 0.517578125 0.5138888888888888 0.5 0.5173611111111112 0.4921875 0.53125 0.494140625 0.5416666666666666
0 0.5546875 0.5555555555555556 0.560546875 0.4861111111111111 0.546875 0.4861111111111111 0.54296875 0.5277777777777778 0.5546875 0.5555555555555556
0 0.474609375 0.2534722222222222 0.478515625 0.2326388888888889 0.47265625 0.22916666666666666 0.46875 0.2465277777777778 0.474609375 0.2534722222222222
0 0.748046875 0.34375 0.751953125 0.3159722222222222 0.734375 0.3159722222222222 0.728515625 0.34375 0.748046875 0.34375
0 0.47265625 0.5972222222222222 0.478515625 0.5138888888888888 0.455078125 0.53125 0.455078125 0.5763888888888888 0.47265625 0.5972222222222222
0 0.34375 0.375 0.34375 0.3368055555555556 0.33203125 0.3402777777777778 0.330078125 0.3680555555555556 0.34375 0.375
0 0.32421875 0.6423611111111112 0.32421875 0.6805555555555556 0.33203125 0.71875 0.34375 0.71875 0.365234375 0.75 0.3671875 0.6701388888888888 0.35546875 0.6493055555555556 0.341796875 0.6979166666666666 0.32421875 0.6423611111111112