0 0.90625 0.2916666666666667 0.90625 0.2638888888888889 0.884765625 0.2604166666666667 0.884765625 0.2951388888888889 0.90625 0.2916666666666667
0 0.166015625 0.4027777777777778 0.193359375 0.375 0.16796875 0.3576388888888889 0.162109375 0.3854166666666667 0.166015625 0.4027777777777778
0 0.330078125 0.4861111111111111 0.330078125 0.4618055555555556 0.32421875 0.4548611111111111 0.314453125 0.4722222222222222 0.3046875 0.4652777777777778 0.3046875 0.4513888888888889 0.296875 0.4513888888888889 0.287109375 0.5138888888888888 0.330078125 0.4861111111111111
0 0 0.34375 0.017578125 0.3541666666666667 0.029296875 0.3263888888888889 0.01171875 0.3090277777777778 0 0.3125 0 0.34375
0 0.236328125 0.3611111111111111 0.236328125 0.3263888888888889 0.228515625 0.3159722222222222 0.224609375 0.3576388888888889 0.236328125 0.3611111111111111
0 0.025390625 0.4513888888888889 0.056640625 0.4513888888888889 0.0625 0.4409722222222222 0.0625 0.4236111111111111 0.05078125 0.4097222222222222 0.0234375 0.40625 0.01953125 0.4305555555555556 0.025390625 0.4513888888888889
0 0.78125 0.4826388888888889 0.791015625 0.4513888888888889 0.787109375 0.4201388888888889 0.76171875 0.4201388888888889 0.75 0.4375 0.75 0.4861111111111111 0.78125 0.4826388888888889
0 0.1484375 0.28125 0.154296875 0.2638888888888889 0.150390625 0.25 0.130859375 0.2465277777777778 0.130859375 0.28125 0.1484375 0.28125
0 0.005859375 0.5 0.015625 0.5 0.017578125 0.5138888888888888 0.037109375 0.5138888888888888 0.04296875 0.5034722222222222 0.04296875 0.4513888888888889 0.029296875 0.4513888888888889 0.02734375 0.4652777777777778 0.013671875 0.46875 0 0.5138888888888888 0.005859375 0.5
0 0.0546875 0.2847222222222222 0.048828125 0.2638888888888889 0.025390625 0.2673611111111111 0.025390625 0.2847222222222222 0.0546875 0.2847222222222222
0 0.19140625 0.5034722222222222 0.234375 0.4965277777777778 0.23828125 0.4513888888888889 0.212890625 0.4513888888888889 0.20703125 0.4409722222222222 0.1875 0.46875 0.185546875 0.4930555555555556 0.19140625 0.5034722222222222
0 0.3984375 0.4826388888888889 0.4375 0.46875 0.4375 0.4375 0.431640625 0.4305555555555556 0.419921875 0.4340277777777778 0.41015625 0.4236111111111111 0.400390625 0.4409722222222222 0.39453125 0.4652777777777778 0.3984375 0.4826388888888889
0 0.546875 0.5034722222222222 0.560546875 0.4791666666666667 0.5546875 0.4375 0.537109375 0.4375 0.5234375 0.4513888888888889 0.51953125 0.5138888888888888 0.546875 0.5034722222222222
0 0.322265625 0.3368055555555556 0.32421875 0.3090277777777778 0.318359375 0.2951388888888889 0.306640625 0.2951388888888889 0.3046875 0.3333333333333333 0.322265625 0.3368055555555556
0 0.11328125 0.4930555555555556 0.15625 0.4861111111111111 0.162109375 0.4722222222222222 0.15625 0.4409722222222222 0.12890625 0.4513888888888889 0.123046875 0.4375 0.11328125 0.4375 0.10546875 0.46875 0.11328125 0.4930555555555556
0 0.07421875 0.4722222222222222 0.08203125 0.4826388888888889 0.09765625 0.4652777777777778 0.109375 0.4652777777777778 0.11328125 0.4375 0.10546875 0.4236111111111111 0.0859375 0.4201388888888889 0.08203125 0.4305555555555556 0.07421875 0.4548611111111111 0.07421875 0.4722222222222222
0 0.1171875 0.3055555555555556 0.130859375 0.2951388888888889 0.12890625 0.2743055555555556 0.111328125 0.2743055555555556 0.10546875 0.2916666666666667 0.1171875 0.3055555555555556
0 0.099609375 0.3368055555555556 0.119140625 0.3263888888888889 0.11328125 0.2951388888888889 0.10546875 0.2951388888888889 0.09375 0.3125 0.099609375 0.3368055555555556
0 0.205078125 0.4340277777777778 0.216796875 0.4201388888888889 0.2109375 0.3888888888888889 0.1953125 0.3993055555555556 0.19140625 0.3854166666666667 0.171875 0.40625 0.171875 0.4409722222222222 0.205078125 0.4340277777777778
0 0 0.3923611111111111 0.009765625 0.3923611111111111 0.013671875 0.3784722222222222 0.005859375 0.3472222222222222 0 0.3472222222222222 0 0.3923611111111111
0 0.25390625 0.34375 0.25390625 0.3125 0.2421875 0.3055555555555556 0.2421875 0.34375 0.25390625 0.34375
0 0 0.7951388888888888 0.021484375 0.7951388888888888 0.03515625 0.7673611111111112 0.03125 0.7152777777777778 0.013671875 0.71875 0 0.7430555555555556 0 0.7951388888888888
0 0.5625 0.375 0.591796875 0.3715277777777778 0.576171875 0.3402777777777778 0.552734375 0.3472222222222222 0.55078125 0.3888888888888889 0.5625 0.375
0 0.4609375 0.46875 0.46875 0.4652777777777778 0.474609375 0.4409722222222222 0.498046875 0.4409722222222222 0.50390625 0.4236111111111111 0.501953125 0.40625 0.486328125 0.4201388888888889 0.482421875 0.3993055555555556 0.47265625 0.4027777777777778 0.4609375 0.4340277777777778 0.4609375 0.46875
0 0.86328125 0.2777777777777778 0.861328125 0.25 0.841796875 0.2569444444444444 0.837890625 0.2777777777777778 0.86328125 0.2777777777777778
0 0.505859375 0.4097222222222222 0.51171875 0.4201388888888889 0.51953125 0.40625 0.54296875 0.3993055555555556 0.54296875 0.3576388888888889 0.53125 0.375 0.513671875 0.3611111111111111 0.505859375 0.3715277777777778 0.505859375 0.4097222222222222