0 0.87890625 0.2604166666666667 0.888671875 0.25 0.88671875 0.2326388888888889 0.869140625 0.24305555555555555 0.8671875 0.25 0.87890625 0.2604166666666667
0 0.10546875 0.2777777777777778 0.103515625 0.25 0.08203125 0.25 0.080078125 0.2743055555555556 0.10546875 0.2777777777777778
0 0.875 0.3854166666666667 0.91796875 0.3854166666666667 0.923828125 0.375 0.923828125 0.3611111111111111 0.892578125 0.34375 0.875 0.3715277777777778 0.875 0.3854166666666667
0 0.142578125 0.24305555555555555 0.130859375 0.2361111111111111 0.128455529296875 0.2460826215277778 0.138671875 0.24305555555555555 0.142578125 0.2638888888888889 0.1484375 0.2604166666666667 0.142578125 0.24305555555555555
0 0.12890625 0.2638888888888889 0.127397017578125 0.2504734861111111 0.125 0.2604166666666667 0.12890625 0.2638888888888889
0 0.04296875 0.3055555555555556 0.06640625 0.3125 0.068359375 0.2916666666666667 0.048828125 0.28125 0.04296875 0.2847222222222222 0.04296875 0.3055555555555556
0 0.14453125 0.4166666666666667 0.171875 0.4166666666666667 0.197265625 0.4027777777777778 0.1875 0.3715277777777778 0.162109375 0.375 0.154296875 0.3576388888888889 0.142578125 0.3611111111111111 0.138671875 0.40625 0.14453125 0.4166666666666667
0 0.3046875 0.3541666666666667 0.3046875 0.3055555555555556 0.296875 0.2951388888888889 0.29296875 0.3125 0.3046875 0.3541666666666667
0 0.2421875 0.3576388888888889 0.25 0.3576388888888889 0.25 0.3125 0.23828125 0.3090277777777778 0.23828125 0.34375 0.2421875 0.3576388888888889
0 0.7421875 0.25 0.7421875 0.2326388888888889 0.728515625 0.2222222222222222 0.724609375 0.25 0.7421875 0.25
0 0.26171875 0.25 0.26171875 0.22916666666666666 0.255859375 0.22916666666666666 0.25390625 0.2465277777777778 0.26171875 0.25
0 0.0234375 0.3229166666666667 0.0234375 0.3541666666666667 0.046875 0.3472222222222222 0.048828125 0.3263888888888889 0.033203125 0.3263888888888889 0.029296875 0.3125 0.03125 0.3229166666666667 0.0234375 0.3229166666666667
0 0.3671875 0.3263888888888889 0.373046875 0.28125 0.361328125 0.28125 0.361328125 0.3263888888888889 0.3671875 0.3263888888888889
0 0.4296875 0.3263888888888889 0.431640625 0.2986111111111111 0.423828125 0.2916666666666667 0.423828125 0.3263888888888889 0.4296875 0.3263888888888889
0 0.998046875 0.2673611111111111 0.998046875 0.2361111111111111 0.982421875 0.2465277777777778 0.98046875 0.2673611111111111 0.998046875 0.2673611111111111
0 0.275390625 0.375 0.28515625 0.375 0.287109375 0.34375 0.28125 0.3263888888888889 0.2734375 0.3298611111111111 0.26953125 0.3611111111111111 0.275390625 0.375
0 0.072265625 0.4375 0.083984375 0.4166666666666667 0.091796875 0.4236111111111111 0.0859375 0.4375 0.1171875 0.4340277777777778 0.115234375 0.40625 0.10546875 0.40625 0.09765625 0.4236111111111111 0.076171875 0.3993055555555556 0.068359375 0.4027777777777778 0.072265625 0.4375