0 0.109375 0.3159722222222222 0.111328125 0.2916666666666667 0.09375 0.28125 0.091796875 0.3159722222222222 0.109375 0.3159722222222222
0 0.8359375 0.3854166666666667 0.8359375 0.3611111111111111 0.822265625 0.3611111111111111 0.8125 0.3923611111111111 0.8359375 0.3854166666666667
0 0.8046875 0.3993055555555556 0.8046875 0.3541666666666667 0.79296875 0.3576388888888889 0.787109375 0.3923611111111111 0.8046875 0.3993055555555556
0 0.65625 0.8888888888888888 0.662109375 0.8784722222222222 0.66796875 0.8854166666666666 0.671875 0.8993055555555556 0.6640625 0.90625 0.671875 0.9027777777777778 0.671875 0.9201388888888888 0.6875 0.9375 0.70703125 0.9930555555555556 0.712890625 0.9930555555555556 0.71875 0.96875 0.71875 0.8680555555555556 0.7109375 0.8541666666666666 0.7109375 0.8368055555555556 0.705078125 0.8263888888888888 0.693359375 0.8298611111111112 0.685546875 0.8715277777777778 0.671875 0.8784722222222222 0.66796875 0.8472222222222222 0.662109375 0.8715277777777778 0.654296875 0.8611111111111112 0.65625 0.8194444444444444 0.66015625 0.8090277777777778 0.666015625 0.8229166666666666 0.66796875 0.7951388888888888 0.650390625 0.7986111111111112 0.654296875 0.8090277777777778 0.64453125 0.8229166666666666 0.64453125 0.8680555555555556 0.65625 0.8888888888888888
0 0.26171875 0.5451388888888888 0.263671875 0.4791666666666667 0.25 0.4791666666666667 0.25 0.5416666666666666 0.26171875 0.5451388888888888
0 0.37890625 0.6284722222222222 0.384765625 0.5486111111111112 0.36328125 0.5486111111111112 0.36328125 0.6041666666666666 0.37890625 0.6284722222222222
0 0.3876953125 0.5434027777777778 0.001953125 0.003472222222222222
0 0.412109375 0.5486111111111112 0.3984375 0.5694444444444444 0.41015625 0.5902777777777778 0.416015625 0.5243055555555556 0.412109375 0.5138888888888888 0.3984375 0.5138888888888888 0.39453125 0.5347222222222222 0.412109375 0.5486111111111112
0 0.462890625 0.5555555555555556 0.462890625 0.5659722222222222 0.47265625 0.5694444444444444 0.478515625 0.5902777777777778 0.4921875 0.5902777777777778 0.498046875 0.5243055555555556 0.474609375 0.5347222222222222 0.47265625 0.5625 0.462890625 0.5555555555555556
0 0.30078125 0.3576388888888889 0.310546875 0.3541666666666667 0.310546875 0.3263888888888889 0.298828125 0.3263888888888889 0.30078125 0.3576388888888889
0 0.326171875 0.4427083333333333 0.337890625 0.4375 0.326171875 0.4652777777777778 0.3359375 0.4652777777777778 0.341796875 0.4201388888888889 0.326171875 0.4201388888888889 0.326171875 0.4427083333333333
0 0.130859375 0.2743055555555556 0.14453125 0.2708333333333333 0.1484375 0.25 0.142578125 0.24305555555555555 0.12890625 0.24305555555555555 0.130859375 0.2743055555555556
0 0.369140625 0.7534722222222222 0.373046875 0.78125 0.37890625 0.78125 0.388671875 0.6597222222222222 0.361328125 0.6805555555555556 0.361328125 0.7465277777777778 0.369140625 0.7534722222222222
0 0.478515625 0.71875 0.478515625 0.7430555555555556 0.48828125 0.7222222222222222 0.5 0.75 0.50390625 0.7465277777777778 0.498046875 0.7361111111111112 0.505859375 0.7256944444444444 0.50390625 0.6597222222222222 0.498046875 0.6493055555555556 0.486328125 0.65625 0.482421875 0.6840277777777778 0.46875 0.6666666666666666 0.466796875 0.6840277777777778 0.478515625 0.71875
0 0.443359375 0.78125 0.44140625 0.84375 0.4609375 0.8888888888888888 0.46875 0.7638888888888888 0.443359375 0.7638888888888888 0.4375 0.7743055555555556 0.443359375 0.78125
0 0.3125 0.7951388888888888 0.322265625 0.7847222222222222 0.326171875 0.75 0.326171875 0.6666666666666666 0.29296875 0.6701388888888888 0.3125 0.7951388888888888
0 0.984375 0.2743055555555556 0.998046875 0.2673611111111111 0.994140625 0.2361111111111111 0.98046875 0.25 0.984375 0.2743055555555556
0 0.31640625 0.5555555555555556 0.322265625 0.4965277777777778 0.318359375 0.4826388888888889 0.306640625 0.4861111111111111 0.3046875 0.53125 0.31640625 0.5555555555555556
0 0.2734375 0.3472222222222222 0.267578125 0.3125 0.255859375 0.3125 0.25390625 0.34375 0.2734375 0.3472222222222222
0 0.3359375 0.2361111111111111 0.341796875 0.22916666666666666 0.33984375 0.2152777777777778 0.33203125 0.2152777777777778 0.3359375 0.2361111111111111
0 0.224609375 0.3472222222222222 0.234375 0.3680555555555556 0.248046875 0.375 0.25 0.3576388888888889 0.240234375 0.3125 0.224609375 0.3125 0.224609375 0.3472222222222222
0 0.8671875 0.2777777777777778 0.861328125 0.25 0.84375 0.2569444444444444 0.84375 0.28125 0.8671875 0.2777777777777778
0 0.509765625 0.6111111111111112 0.505859375 0.6388888888888888 0.51953125 0.6875 0.529296875 0.6597222222222222 0.5234375 0.6354166666666666 0.525390625 0.59375 0.50390625 0.59375 0.509765625 0.6111111111111112
0 0.361328125 0.5173611111111112 0.3671875 0.5104166666666666 0.361328125 0.5 0.373046875 0.4826388888888889 0.373046875 0.4479166666666667 0.361328125 0.4409722222222222 0.35546875 0.4479166666666667 0.361328125 0.5173611111111112
0 0.546875 0.7604166666666666 0.548828125 0.7743055555555556 0.537109375 0.78125 0.548828125 0.8125 0.56640625 0.8298611111111112 0.568359375 0.8576388888888888 0.580078125 0.8576388888888888 0.580078125 0.7569444444444444 0.5859375 0.7326388888888888 0.578125 0.7465277777777778 0.556640625 0.75 0.5546875 0.7638888888888888 0.54296875 0.75 0.537109375 0.7604166666666666 0.546875 0.7604166666666666
0 0.45703125 0.4236111111111111 0.4609375 0.3888888888888889 0.44921875 0.375 0.44921875 0.4201388888888889 0.45703125 0.4236111111111111
0 0.310546875 0.7916666666666666 0.318359375 0.7951388888888888 0.326171875 0.71875 0.322265625 0.7013888888888888 0.306640625 0.7118055555555556 0.3046875 0.75 0.310546875 0.7916666666666666
0 0.79296875 0.2743055555555556 0.8046875 0.28125 0.810546875 0.2673611111111111 0.80859375 0.25 0.79296875 0.25 0.79296875 0.2743055555555556
0 0.78515625 0.375 0.787109375 0.3368055555555556 0.779296875 0.3125 0.76953125 0.3125 0.76171875 0.3298611111111111 0.75390625 0.3680555555555556 0.78515625 0.375
0 0.912109375 0.2916666666666667 0.91015625 0.2673611111111111 0.896484375 0.25 0.87890625 0.2673611111111111 0.87890625 0.2951388888888889 0.912109375 0.2916666666666667