0 0.298828125 0.7013888888888888 0.29296875 0.6875 0.3046875 0.6701388888888888 0.306640625 0.6354166666666666 0.3046875 0.6215277777777778 0.287109375 0.6180555555555556 0.28125 0.6701388888888888 0.298828125 0.7013888888888888
0 0.091796875 0.3368055555555556 0.09375 0.2986111111111111 0.072265625 0.2986111111111111 0.068359375 0.3368055555555556 0.091796875 0.3368055555555556
0 0.830078125 0.2743055555555556 0.828125 0.24305555555555555 0.8046875 0.24305555555555555 0.80078125 0.2604166666666667 0.830078125 0.2743055555555556
0 0.296875 0.9513888888888888 0.28515625 0.9375 0.29296875 0.9513888888888888 0.28515625 0.96875 0.287109375 0.9930555555555556 0.3359375 0.9930555555555556 0.3359375 0.9340277777777778 0.322265625 0.9201388888888888 0.30078125 0.9375 0.296875 0.9513888888888888
0 0.033203125 0.375 0.041015625 0.3576388888888889 0.037109375 0.3402777777777778 0.01953125 0.3298611111111111 0.005859375 0.3402777777777778 0.005859375 0.375 0.033203125 0.375
0 0.31640625 0.4201388888888889 0.318359375 0.375 0.306640625 0.375 0.3046875 0.4027777777777778 0.31640625 0.4201388888888889
0 0.146484375 0.3159722222222222 0.1484375 0.2916666666666667 0.14453125 0.28125 0.13671875 0.2847222222222222 0.134765625 0.3125 0.146484375 0.3159722222222222
0 0.4296875 0.4965277777777778 0.4453125 0.5 0.44921875 0.46875 0.435546875 0.4548611111111111 0.4296875 0.4652777777777778 0.4296875 0.4965277777777778
0 0.037109375 0.5659722222222222 0.046875 0.5659722222222222 0.060546875 0.5347222222222222 0.060546875 0.5138888888888888 0.052734375 0.4826388888888889 0.03515625 0.4861111111111111 0.03125 0.53125 0.037109375 0.5659722222222222
0 0.296875 0.5 0.306640625 0.4722222222222222 0.291015625 0.4618055555555556 0.287109375 0.46875 0.296875 0.5
0 0.3046875 0.5694444444444444 0.3125 0.6180555555555556 0.32421875 0.6180555555555556 0.330078125 0.6076388888888888 0.32421875 0.5416666666666666 0.31640625 0.5173611111111112 0.298828125 0.5173611111111112 0.29296875 0.5555555555555556 0.3046875 0.5694444444444444
0 0.263671875 0.5451388888888888 0.2734375 0.5798611111111112 0.291015625 0.5451388888888888 0.287109375 0.5104166666666666 0.279296875 0.5 0.263671875 0.5 0.263671875 0.5451388888888888
0 0.060546875 0.3263888888888889 0.068359375 0.3263888888888889 0.072265625 0.2951388888888889 0.06640625 0.2847222222222222 0.056640625 0.2986111111111111 0.060546875 0.3263888888888889
0 0.8671875 0.2951388888888889 0.875 0.28125 0.869140625 0.2534722222222222 0.85546875 0.25 0.849609375 0.2604166666666667 0.849609375 0.2916666666666667 0.8671875 0.2951388888888889
0 0.29296875 0.34375 0.3046875 0.3368055555555556 0.30078125 0.3090277777777778 0.29296875 0.3090277777777778 0.29296875 0.34375
0 0.91796875 0.2916666666666667 0.931640625 0.2916666666666667 0.9375 0.2638888888888889 0.91796875 0.2534722222222222 0.90625 0.2777777777777778 0.91796875 0.2916666666666667
0 0.494140625 0.6076388888888888 0.501953125 0.6076388888888888 0.51171875 0.5138888888888888 0.505859375 0.5 0.48828125 0.5034722222222222 0.486328125 0.5902777777777778 0.494140625 0.6076388888888888
0 0.35546875 0.46875 0.36328125 0.4340277777777778 0.353515625 0.4340277777777778 0.349609375 0.4618055555555556 0.35546875 0.46875
0 0.3125 0.6180555555555556 0.32421875 0.6180555555555556 0.330078125 0.6076388888888888 0.32421875 0.5625 0.310546875 0.5625 0.306640625 0.5902777777777778 0.3125 0.6180555555555556
0 0.5 0.6076388888888888 0.505859375 0.59375 0.505859375 0.53125 0.490234375 0.5347222222222222 0.48828125 0.5902777777777778 0.5 0.6076388888888888
0 0.125 0.84375 0.1484375 0.8368055555555556 0.154296875 0.8263888888888888 0.150390625 0.7673611111111112 0.142578125 0.7604166666666666 0.125 0.7743055555555556 0.119140625 0.7916666666666666 0.125 0.84375
0 0.673828125 0.3663194444444444 0.01171875 0.04513888888888889
0 0.28125 0.4375 0.287109375 0.4305555555555556 0.28515625 0.3784722222222222 0.275390625 0.3784722222222222 0.2734375 0.4201388888888889 0.28125 0.4375