0 0.330078125 0.46875 0.34375 0.4618055555555556 0.35546875 0.4340277777777778 0.3671875 0.4618055555555556 0.37890625 0.4513888888888889 0.375 0.4236111111111111 0.361328125 0.4340277777777778 0.34375 0.4236111111111111 0.330078125 0.4479166666666667 0.330078125 0.46875
0 0.068359375 0.4513888888888889 0.078125 0.4513888888888889 0.080078125 0.375 0.068359375 0.375 0.0625 0.4305555555555556 0.068359375 0.4513888888888889
0 0.2734375 0.5451388888888888 0.27734375 0.5659722222222222 0.33203125 0.5416666666666666 0.33203125 0.5208333333333334 0.318359375 0.5277777777777778 0.322265625 0.5034722222222222 0.33203125 0.5 0.32421875 0.5 0.318359375 0.4826388888888889 0.330078125 0.46875 0.32421875 0.4618055555555556 0.302734375 0.5 0.287109375 0.5034722222222222 0.287109375 0.5173611111111112 0.2734375 0.5451388888888888
0 0.517578125 0.40625 0.529296875 0.3923611111111111 0.546875 0.4027777777777778 0.5546875 0.3888888888888889 0.552734375 0.3715277777777778 0.53515625 0.3611111111111111 0.517578125 0.3784722222222222 0.517578125 0.40625
0 0.396484375 0.40625 0.40625 0.4027777777777778 0.412109375 0.3784722222222222 0.384765625 0.375 0.375 0.3888888888888889 0.375 0.40625 0.396484375 0.40625
0 0.166015625 0.4826388888888889 0.171875 0.4513888888888889 0.175130859375 0.46990624999999997 0.201171875 0.4375 0.208984375 0.4375 0.2109375 0.4513888888888889 0.22265625 0.4513888888888889 0.224609375 0.4409722222222222 0.21875 0.4097222222222222 0.201171875 0.4305555555555556 0.1953125 0.4201388888888889 0.197265625 0.40625 0.185546875 0.40625 0.173828125 0.4305555555555556 0.162109375 0.46875 0.166015625 0.4826388888888889
0 0.03125 0.4513888888888889 0.044921875 0.4513888888888889 0.048828125 0.4305555555555556 0.04296875 0.3888888888888889 0.03515625 0.3784722222222222 0.025390625 0.3854166666666667 0.0234375 0.4201388888888889 0.03125 0.4513888888888889
0 0.193359375 0.5 0.19921875 0.4791666666666667 0.208984375 0.4965277777777778 0.224609375 0.4930555555555556 0.224609375 0.4548611111111111 0.212890625 0.4513888888888889 0.201171875 0.46875 0.1875 0.4513888888888889 0.169921875 0.4791666666666667 0.171875 0.5034722222222222 0.193359375 0.5
0 0.4453125 0.4409722222222222 0.4609375 0.4513888888888889 0.4609375 0.4201388888888889 0.4296875 0.4201388888888889 0.4296875 0.4513888888888889 0.4453125 0.4409722222222222
0 0.275390625 0.46875 0.291015625 0.4513888888888889 0.28125 0.4201388888888889 0.26953125 0.4305555555555556 0.263671875 0.4652777777777778 0.275390625 0.46875
0 0.0859375 0.4375 0.10546875 0.4375 0.10546875 0.3923611111111111 0.091796875 0.3854166666666667 0.0859375 0.3888888888888889 0.0859375 0.4375
0 0.09765625 0.5486111111111112 0.111328125 0.5347222222222222 0.11328125 0.5138888888888888 0.126953125 0.5347222222222222 0.15625 0.5277777777777778 0.150390625 0.4861111111111111 0.12109375 0.5069444444444444 0.109375 0.4861111111111111 0.099609375 0.4930555555555556 0.091796875 0.5243055555555556 0.09765625 0.5486111111111112
0 0.41796875 0.4305555555555556 0.4375 0.3993055555555556 0.423828125 0.3854166666666667 0.41015625 0.4097222222222222 0.41796875 0.4305555555555556
0 0.4482421875 0.3802083333333333 0.001953125 0.010416666666666666
0 0.017578125 0.46875 0.029296875 0.4513888888888889 0.029296875 0.4375 0.015625 0.4027777777777778 0.0078125 0.4027777777777778 0.005859375 0.4652777777777778 0.017578125 0.46875
0 0 0.6423611111111112 0.048828125 0.6354166666666666 0.048828125 0.6111111111111112 0.03125 0.5868055555555556 0.01171875 0.6215277777777778 0 0.625 0 0.6423611111111112
0 0.384765625 0.4861111111111111 0.404296875 0.4722222222222222 0.423828125 0.4791666666666667 0.42578125 0.4479166666666667 0.412109375 0.4375 0.3984375 0.4513888888888889 0.392578125 0.4375 0.380859375 0.4618055555555556 0.37890625 0.4791666666666667 0.384765625 0.4861111111111111
0 0.04296875 0.59375 0.0625 0.5902777777777778 0.0703125 0.5694444444444444 0.080078125 0.5902777777777778 0.091796875 0.5868055555555556 0.09375 0.5486111111111112 0.0859375 0.5347222222222222 0.06640625 0.5555555555555556 0.0546875 0.53125 0.03125 0.5451388888888888 0.0234375 0.5729166666666666 0.04296875 0.59375
0 0.60546875 0.3125 0.60546875 0.2916666666666667 0.59375 0.2847222222222222 0.591796875 0.3125 0.60546875 0.3125
0 0.611328125 0.375 0.611328125 0.3402777777777778 0.591796875 0.3368055555555556 0.580078125 0.3472222222222222 0.580078125 0.375 0.611328125 0.375