0 0.5859375 0.3159722222222222 0.59765625 0.3125 0.595703125 0.2916666666666667 0.5859375 0.2916666666666667 0.5859375 0.3159722222222222
0 0.8671875 0.2743055555555556 0.861328125 0.2361111111111111 0.849609375 0.2361111111111111 0.837890625 0.2743055555555556 0.8671875 0.2743055555555556
0 0.056640625 0.4375 0.06640625 0.4409722222222222 0.068359375 0.3854166666666667 0.0546875 0.3888888888888889 0.05078125 0.4027777777777778 0.056640625 0.4375
0 0.2734375 0.4166666666666667 0.28515625 0.40625 0.28515625 0.375 0.26953125 0.375 0.2734375 0.4166666666666667
0 0.12890625 0.4201388888888889 0.125 0.3715277777777778 0.111328125 0.3715277777777778 0.111328125 0.4166666666666667 0.12890625 0.4201388888888889
0 0.529296875 0.3298611111111111 0.53515625 0.3229166666666667 0.53515625 0.2986111111111111 0.525390625 0.2986111111111111 0.5234375 0.3263888888888889 0.529296875 0.3298611111111111
0 0 0.4548611111111111 0.009765625 0.4548611111111111 0.01171875 0.4409722222222222 0.005859375 0.3854166666666667 0 0.3854166666666667 0.005859375 0.3993055555555556 0 0.4027777777777778 0 0.4548611111111111
0 0.48046875 0.3541666666666667 0.486328125 0.3125 0.474609375 0.3090277777777778 0.474609375 0.3472222222222222 0.48046875 0.3541666666666667
0 0.962890625 0.2951388888888889 0.978515625 0.2916666666666667 0.986328125 0.2777777777777778 0.986328125 0.2638888888888889 0.9765625 0.2604166666666667 0.953125 0.2708333333333333 0.951171875 0.2847222222222222 0.962890625 0.2951388888888889
0 0.09375 0.4166666666666667 0.087890625 0.375 0.07421875 0.3715277777777778 0.076171875 0.4131944444444444 0.09375 0.4166666666666667
0 0.767578125 0.375 0.798828125 0.3680555555555556 0.798828125 0.3368055555555556 0.791015625 0.3229166666666667 0.78515625 0.3333333333333333 0.755859375 0.3263888888888889 0.75 0.3611111111111111 0.767578125 0.375
0 0.138671875 0.40625 0.142578125 0.3611111111111111 0.12890625 0.3611111111111111 0.12890625 0.3993055555555556 0.138671875 0.40625
0 0.025390625 0.4375 0.03515625 0.4513888888888889 0.048828125 0.4513888888888889 0.048828125 0.40625 0.03125 0.3993055555555556 0.025390625 0.40625 0.025390625 0.4375
0 0.841796875 0.3715277777777778 0.837890625 0.34375 0.82421875 0.34375 0.818359375 0.3298611111111111 0.8046875 0.3472222222222222 0.80078125 0.375 0.841796875 0.3715277777777778
0 0.32421875 0.4166666666666667 0.337890625 0.4201388888888889 0.341796875 0.3993055555555556 0.3359375 0.3576388888888889 0.330078125 0.3576388888888889 0.32421875 0.3611111111111111 0.32421875 0.4166666666666667
0 0.802734375 0.28125 0.79296875 0.2673611111111111 0.8046875 0.25 0.791015625 0.24305555555555555 0.78515625 0.2604166666666667 0.802734375 0.28125
0 0.904296875 0.2951388888888889 0.91796875 0.2951388888888889 0.92578125 0.28125 0.91796875 0.2534722222222222 0.900390625 0.2638888888888889 0.8984375 0.2847222222222222 0.904296875 0.2951388888888889
0 0.06640625 0.7430555555555556 0.080078125 0.7430555555555556 0.087890625 0.71875 0.103515625 0.71875 0.11328125 0.7048611111111112 0.126953125 0.7013888888888888 0.134765625 0.7118055555555556 0.1484375 0.6875 0.1484375 0.6388888888888888 0.138671875 0.6388888888888888 0.115234375 0.6666666666666666 0.08203125 0.65625 0.080078125 0.6805555555555556 0.0625 0.7118055555555556 0.060546875 0.7291666666666666 0.06640625 0.7430555555555556