0 0.162109375 0.5763888888888888 0.162109375 0.5173611111111112 0.15625 0.5 0.142578125 0.5034722222222222 0.142578125 0.5486111111111112 0.162109375 0.5763888888888888
0 0.19140625 0.6527777777777778 0.1875 0.6840277777777778 0.173828125 0.6666666666666666 0.17578125 0.6805555555555556 0.19140625 0.6909722222222222 0.1796875 0.7152777777777778 0.19140625 0.7291666666666666 0.197265625 0.7013888888888888 0.193359375 0.6458333333333334 0.201171875 0.6354166666666666 0.181640625 0.625 0.173828125 0.6388888888888888 0.19140625 0.6527777777777778
0 0.173828125 0.6215277777777778 0.171875 0.6111111111111112 0.16796875 0.6180555555555556 0.173828125 0.6215277777777778
0 0.69921875 0.7013888888888888 0.705078125 0.7326388888888888 0.7421875 0.7638888888888888 0.755859375 0.7916666666666666 0.767578125 0.7916666666666666 0.76953125 0.7638888888888888 0.76171875 0.7465277777777778 0.759765625 0.6875 0.744140625 0.6840277777777778 0.7421875 0.7083333333333334 0.736328125 0.7118055555555556 0.724609375 0.6979166666666666 0.724609375 0.6805555555555556 0.712890625 0.65625 0.701171875 0.6527777777777778 0.705078125 0.6909722222222222 0.69921875 0.7013888888888888
0 0.423828125 0.6354166666666666 0.4296875 0.6875 0.4375 0.6979166666666666 0.455078125 0.6388888888888888 0.443359375 0.6215277777777778 0.44921875 0.6076388888888888 0.431640625 0.6354166666666666 0.423828125 0.6354166666666666
0 0.48828125 0.4791666666666667 0.494140625 0.4305555555555556 0.484375 0.4236111111111111 0.478515625 0.4513888888888889 0.48828125 0.4791666666666667
0 0.06640625 0.5625 0.076171875 0.5625 0.080078125 0.5104166666666666 0.072265625 0.4930555555555556 0.060546875 0.5 0.056640625 0.5277777777777778 0.06640625 0.5625
0 0.3984375 0.71875 0.41015625 0.7291666666666666 0.41015625 0.6423611111111112 0.388671875 0.6388888888888888 0.388671875 0.6805555555555556 0.3984375 0.71875
0 0.8671875 0.8611111111111112 0.869140625 0.8854166666666666 0.87890625 0.90625 0.91015625 0.8854166666666666 0.916015625 0.8680555555555556 0.90234375 0.8194444444444444 0.90625 0.8125 0.880859375 0.8159722222222222 0.87890625 0.8576388888888888 0.8671875 0.8611111111111112
0 0.8125 0.8229166666666666 0.818359375 0.8576388888888888 0.8359375 0.875 0.857421875 0.8784722222222222 0.86328125 0.8576388888888888 0.853515625 0.8402777777777778 0.853515625 0.8055555555555556 0.8359375 0.78125 0.822265625 0.78125 0.82421875 0.8055555555555556 0.8125 0.8229166666666666
0 0.53125 0.6875 0.5546875 0.65625 0.548828125 0.6076388888888888 0.513671875 0.625 0.51171875 0.6493055555555556 0.53125 0.6875
0 0.13671875 0.3229166666666667 0.142578125 0.2951388888888889 0.134765625 0.28125 0.126953125 0.2881944444444444 0.123046875 0.3194444444444444 0.13671875 0.3229166666666667
0 0.6484375 0.9097222222222222 0.6484375 0.9618055555555556 0.642578125 0.9756944444444444 0.6484375 0.9965277777777778 0.67919921875 0.9965277777777778 0.6796875 0.9826388888888888 0.689453125 0.9826388888888888 0.689453125 0.9965277777777778 0.73046875 0.9965277777777778 0.728515625 0.9756944444444444 0.736328125 0.96875 0.724609375 0.9618055555555556 0.71875 0.9305555555555556 0.701171875 0.9409722222222222 0.693359375 0.9791666666666666 0.673828125 0.9722222222222222 0.66796875 0.9548611111111112 0.66796875 0.8888888888888888 0.654296875 0.8888888888888888 0.6484375 0.8680555555555556 0.654296875 0.9027777777777778 0.6484375 0.9097222222222222
0 0.330078125 0.5590277777777778 0.318359375 0.5347222222222222 0.330078125 0.5277777777777778 0.32421875 0.5 0.3125 0.4861111111111111 0.318359375 0.5555555555555556 0.330078125 0.5590277777777778
0 0.01953125 0.3541666666666667 0.03125 0.3541666666666667 0.03125 0.3090277777777778 0.0234375 0.2951388888888889 0.013671875 0.2951388888888889 0.005859375 0.3090277777777778 0.00390625 0.3298611111111111 0.01953125 0.3541666666666667
0 0.4609375 0.7534722222222222 0.47265625 0.7777777777777778 0.46875 0.7847222222222222 0.474609375 0.7986111111111112 0.474609375 0.8298611111111112 0.48046875 0.8368055555555556 0.484375 0.7986111111111112 0.47265625 0.78125 0.48046875 0.7708333333333334 0.48046875 0.7291666666666666 0.478515625 0.71875 0.46875 0.71875 0.4609375 0.7222222222222222 0.4609375 0.7534722222222222
0 0.767578125 0.71875 0.76171875 0.7326388888888888 0.798828125 0.7534722222222222 0.806640625 0.7777777777777778 0.82421875 0.7777777777777778 0.826171875 0.7534722222222222 0.818359375 0.7291666666666666 0.822265625 0.71875 0.810546875 0.6805555555555556 0.8046875 0.6805555555555556 0.806640625 0.6736111111111112 0.796875 0.6875 0.775390625 0.6875 0.767578125 0.6597222222222222 0.759765625 0.65625 0.755859375 0.6701388888888888 0.767578125 0.71875
0 0.29296875 0.6666666666666666 0.29296875 0.5972222222222222 0.267578125 0.59375 0.265625 0.6319444444444444 0.29296875 0.6666666666666666
0 0.318359375 0.4791666666666667 0.322265625 0.4513888888888889 0.3046875 0.4479166666666667 0.3046875 0.4826388888888889 0.318359375 0.4791666666666667
0 0.369140625 0.4965277777777778 0.380859375 0.4965277777777778 0.380859375 0.4548611111111111 0.36328125 0.4479166666666667 0.36328125 0.4826388888888889 0.369140625 0.4965277777777778
0 0.3671875 0.6041666666666666 0.375 0.5625 0.365234375 0.53125 0.34765625 0.53125 0.34765625 0.5833333333333334 0.3671875 0.6041666666666666
0 0.099609375 0.3576388888888889 0.09765625 0.3159722222222222 0.0859375 0.3125 0.08203125 0.3576388888888889 0.099609375 0.3576388888888889
0 0.310546875 0.6076388888888888 0.31640625 0.5590277777777778 0.3125 0.53125 0.298828125 0.53125 0.298828125 0.59375 0.310546875 0.6076388888888888
0 0.16796875 0.4027777777777778 0.19921875 0.4027777777777778 0.205078125 0.3923611111111111 0.19921875 0.375 0.16796875 0.3576388888888889 0.162109375 0.3854166666666667 0.16796875 0.4027777777777778
0 0.642578125 0.9791666666666666 0.650390625 0.9965277777777778 0.669921875 0.9965277777777778 0.67578125 0.9826388888888888 0.6796875 0.9965277777777778 0.685546875 0.9826388888888888 0.6953125 0.9826388888888888 0.697265625 0.9965277777777778 0.73046875 0.9965277777777778 0.71484375 0.9340277777777778 0.705078125 0.9375 0.697265625 0.9722222222222222 0.673828125 0.9722222222222222 0.66796875 0.9618055555555556 0.666015625 0.8993055555555556 0.6484375 0.9201388888888888 0.6484375 0.9652777777777778 0.642578125 0.9791666666666666
0 0.6484375 0.75 0.662109375 0.7638888888888888 0.673828125 0.7534722222222222 0.69140625 0.7673611111111112 0.693359375 0.7951388888888888 0.69921875 0.7951388888888888 0.705078125 0.7638888888888888 0.6875 0.7638888888888888 0.701171875 0.7326388888888888 0.693359375 0.6909722222222222 0.67578125 0.6875 0.666015625 0.71875 0.65625 0.7048611111111112 0.654296875 0.6840277777777778 0.642578125 0.6909722222222222 0.638671875 0.71875 0.6484375 0.75
0 0.25 0.53125 0.259765625 0.5243055555555556 0.263671875 0.5034722222222222 0.26171875 0.4618055555555556 0.25390625 0.4548611111111111 0.244140625 0.4722222222222222 0.25 0.53125
0 0.236328125 0.625 0.2421875 0.625 0.25 0.5868055555555556 0.248046875 0.5486111111111112 0.23046875 0.5486111111111112 0.224609375 0.5763888888888888 0.236328125 0.625
0 0.287109375 0.5138888888888888 0.29296875 0.4930555555555556 0.29296875 0.4479166666666667 0.28125 0.4479166666666667 0.279296875 0.5034722222222222 0.287109375 0.5138888888888888
0 0.21875 0.5555555555555556 0.23046875 0.5 0.212890625 0.4930555555555556 0.2109375 0.5381944444444444 0.21875 0.5555555555555556
0 0.07421875 0.4375 0.080078125 0.4548611111111111 0.09375 0.4548611111111111 0.09765625 0.40625 0.080078125 0.4027777777777778 0.07421875 0.40625 0.07421875 0.4375
0 0.078125 0.7534722222222222 0.091796875 0.7326388888888888 0.09375 0.65625 0.072265625 0.6597222222222222 0.068359375 0.71875 0.078125 0.7534722222222222
0 0.0615234375 0.6440972222222222 0.001953125 0.010416666666666666
0 0.96875 0.9027777777777778 0.984375 0.9027777777777778 0.9921875 0.9305555555555556 0.998046875 0.9305555555555556 0.998046875 0.8263888888888888 0.9921875 0.8159722222222222 0.974609375 0.8263888888888888 0.962890625 0.8888888888888888 0.96875 0.9027777777777778
0 0.9296875 0.875 0.947265625 0.8784722222222222 0.955078125 0.8541666666666666 0.935546875 0.8090277777777778 0.92578125 0.8090277777777778 0.921875 0.7951388888888888 0.912109375 0.8090277777777778 0.91015625 0.84375 0.9296875 0.875
0 0.47265625 0.6666666666666666 0.486328125 0.7326388888888888 0.494140625 0.7361111111111112 0.498046875 0.6597222222222222 0.494140625 0.6354166666666666 0.48046875 0.6388888888888888 0.47265625 0.6493055555555556 0.47265625 0.6666666666666666
0 0.494140625 0.9930555555555556 0.4921875 0.9652777777777778 0.451171875 0.96875 0.4375 0.9513888888888888 0.4375 0.9965277777777778 0.494140625 0.9930555555555556
0 0.572265625 0.7222222222222222 0.57421875 0.7604166666666666 0.59765625 0.7777777777777778 0.60546875 0.7986111111111112 0.61328125 0.7951388888888888 0.60546875 0.6875 0.59375 0.6875 0.5859375 0.7013888888888888 0.5859375 0.71875 0.578125 0.7013888888888888 0.56640625 0.6979166666666666 0.5625 0.7013888888888888 0.572265625 0.7222222222222222
0 0.6953125 0.8472222222222222 0.69921875 0.8784722222222222 0.7109375 0.9027777777777778 0.716796875 0.8888888888888888 0.7109375 0.84375 0.69921875 0.8368055555555556 0.681640625 0.84375 0.6953125 0.8472222222222222
0 0.654296875 0.8888888888888888 0.666015625 0.8923611111111112 0.6796875 0.875 0.681640625 0.8576388888888888 0.673828125 0.8541666666666666 0.671875 0.8229166666666666 0.662109375 0.8055555555555556 0.650390625 0.8125 0.64453125 0.8680555555555556 0.654296875 0.8888888888888888
0 0.5234375 0.7465277777777778 0.537109375 0.8090277777777778 0.54296875 0.8263888888888888 0.552734375 0.8229166666666666 0.556640625 0.8402777777777778 0.57421875 0.8576388888888888 0.580078125 0.8263888888888888 0.568359375 0.7743055555555556 0.568359375 0.7361111111111112 0.537109375 0.75 0.53125 0.71875 0.5234375 0.71875 0.5234375 0.7465277777777778
0 0.380859375 0.8229166666666666 0.392578125 0.8541666666666666 0.3984375 0.8125 0.3984375 0.7465277777777778 0.392578125 0.7326388888888888 0.380859375 0.7326388888888888 0.380859375 0.8229166666666666
0 0.4453125 0.8333333333333334 0.4296875 0.84375 0.431640625 0.8680555555555556 0.44921875 0.8680555555555556 0.455078125 0.8784722222222222 0.46875 0.8680555555555556 0.478515625 0.8229166666666666 0.474609375 0.7951388888888888 0.455078125 0.78125 0.44140625 0.8055555555555556 0.447265625 0.8090277777777778 0.4453125 0.8333333333333334
0 0.080078125 0.3229166666666667 0.078125 0.2916666666666667 0.0546875 0.2986111111111111 0.05078125 0.3263888888888889 0.080078125 0.3229166666666667
0 0.505859375 0.8854166666666666 0.4921875 0.875 0.4921875 0.9027777777777778 0.517578125 0.9618055555555556 0.54296875 0.9652777777777778 0.55078125 0.9340277777777778 0.548828125 0.875 0.53125 0.8680555555555556 0.51171875 0.9027777777777778 0.505859375 0.8854166666666666
0 0.263671875 0.7951388888888888 0.2734375 0.7951388888888888 0.279296875 0.8125 0.2890625 0.8125 0.30078125 0.84375 0.310546875 0.8402777777777778 0.3125 0.8090277777777778 0.298828125 0.78125 0.298828125 0.7326388888888888 0.29296875 0.7222222222222222 0.279296875 0.7361111111111112 0.26171875 0.7326388888888888 0.25 0.7743055555555556 0.263671875 0.7951388888888888
0 0.685546875 0.4201388888888889 0.685546875 0.375 0.673828125 0.375 0.671875 0.4166666666666667 0.685546875 0.4201388888888889
0 0.75 0.5659722222222222 0.771484375 0.5972222222222222 0.78125 0.5659722222222222 0.78125 0.5277777777777778 0.76171875 0.5243055555555556 0.76171875 0.5520833333333334 0.75 0.5659722222222222
0 0.34375 0.8993055555555556 0.3515625 0.9305555555555556 0.361328125 0.9409722222222222 0.36328125 0.9618055555555556 0.373046875 0.96875 0.37890625 0.8576388888888888 0.373046875 0.8298611111111112 0.349609375 0.84375 0.34375 0.8576388888888888 0.34375 0.8993055555555556