0 0.70703125 0.53125 0.7109375 0.5 0.693359375 0.4965277777777778 0.69140625 0.5277777777777778 0.70703125 0.53125
0 0.71875 0.5 0.728515625 0.4826388888888889 0.73046875 0.4548611111111111 0.712890625 0.4513888888888889 0.7109375 0.4930555555555556 0.71875 0.5
0 0.86328125 0.8402777777777778 0.875 0.875 0.888671875 0.8541666666666666 0.884765625 0.8090277777777778 0.86328125 0.8090277777777778 0.86328125 0.8402777777777778
0 0.78515625 0.46875 0.79296875 0.4548611111111111 0.791015625 0.4375 0.78125 0.4375 0.78515625 0.46875
0 0.974609375 0.5763888888888888 0.986328125 0.5763888888888888 0.998046875 0.5451388888888888 0.984375 0.53125 0.974609375 0.5347222222222222 0.96875 0.5625 0.974609375 0.5763888888888888
0 0.91015625 0.5416666666666666 0.91796875 0.53125 0.91796875 0.5138888888888888 0.90625 0.5034722222222222 0.900390625 0.5347222222222222 0.91015625 0.5416666666666666
0 0.8359375 0.6527777777777778 0.841796875 0.6111111111111112 0.830078125 0.6076388888888888 0.826171875 0.6388888888888888 0.8359375 0.6527777777777778
0 0 0.5 0.01171875 0.5138888888888888 0.03515625 0.5104166666666666 0.037109375 0.4965277777777778 0.025390625 0.4513888888888889 0.013671875 0.4513888888888889 0.009765625 0.4409722222222222 0 0.4409722222222222 0 0.5
0 0.826171875 0.9965277777777778 0.84375 0.9826388888888888 0.84375 0.9513888888888888 0.837890625 0.9479166666666666 0.82421875 0.9722222222222222 0.826171875 0.9965277777777778
0 0.798828125 0.9375 0.796875 0.9236111111111112 0.791015625 0.9236111111111112 0.787109375 0.9375 0.798828125 0.9375
0 0.982421875 0.53125 0.982421875 0.5034722222222222 0.97265625 0.5 0.96875 0.53125 0.982421875 0.53125
0 0.88671875 0.71875 0.892578125 0.6805555555555556 0.875 0.6701388888888888 0.873046875 0.7152777777777778 0.88671875 0.71875
0 0.798828125 0.7430555555555556 0.8046875 0.7534722222222222 0.818359375 0.7326388888888888 0.814453125 0.6875 0.796875 0.6875 0.798828125 0.7430555555555556
0 0.873046875 0.5138888888888888 0.87890625 0.4861111111111111 0.86328125 0.4826388888888889 0.861328125 0.5138888888888888 0.873046875 0.5138888888888888