0 0.513671875 0.3263888888888889 0.51171875 0.2847222222222222 0.4921875 0.3055555555555556 0.48828125 0.2916666666666667 0.48828125 0.3263888888888889 0.513671875 0.3263888888888889
0 0.705078125 0.4548611111111111 0.712890625 0.4305555555555556 0.734375 0.4618055555555556 0.736328125 0.4097222222222222 0.697265625 0.4236111111111111 0.693359375 0.4618055555555556 0.705078125 0.4548611111111111
0 0.07421875 0.4375 0.083984375 0.4375 0.0859375 0.3680555555555556 0.07421875 0.3611111111111111 0.068359375 0.4201388888888889 0.07421875 0.4375
0 0.83984375 0.40625 0.884765625 0.40625 0.8984375 0.3888888888888889 0.8984375 0.3576388888888889 0.884765625 0.3680555555555556 0.849609375 0.3576388888888889 0.8359375 0.3888888888888889 0.83984375 0.40625
0 0.00390625 0.4652777777777778 0.01171875 0.4513888888888889 0.01171875 0.3888888888888889 0 0.3888888888888889 0.00390625 0.4652777777777778
0 0.6171875 0.4652777777777778 0.62890625 0.4513888888888889 0.65625 0.4548611111111111 0.662109375 0.3923611111111111 0.654296875 0.3888888888888889 0.654296875 0.40625 0.646484375 0.4201388888888889 0.634765625 0.4201388888888889 0.625 0.40625 0.6171875 0.4236111111111111 0.611328125 0.4375 0.6171875 0.4652777777777778
0 0.248046875 0.375 0.259765625 0.3576388888888889 0.255859375 0.3263888888888889 0.2421875 0.3263888888888889 0.23828125 0.34375 0.2421875 0.3715277777777778 0.248046875 0.375
0 0.09375 0.4340277777777778 0.115234375 0.4375 0.111328125 0.3888888888888889 0.099609375 0.3784722222222222 0.087890625 0.3888888888888889 0.09375 0.4340277777777778
0 0.134765625 0.2951388888888889 0.130859375 0.2638888888888889 0.119140625 0.2673611111111111 0.1171875 0.2951388888888889 0.134765625 0.2951388888888889
0 0.041015625 0.4618055555555556 0.048828125 0.4513888888888889 0.048828125 0.3993055555555556 0.04296875 0.3888888888888889 0.025390625 0.3993055555555556 0.0234375 0.4479166666666667 0.041015625 0.4618055555555556
0 0.884765625 0.2743055555555556 0.87890625 0.25 0.86328125 0.25 0.86328125 0.2777777777777778 0.884765625 0.2743055555555556
0 0 0.3055555555555556 0.01171875 0.2986111111111111 0.0078125 0.2777777777777778 0 0.2777777777777778 0 0.3055555555555556
0 0.44921875 0.3368055555555556 0.44921875 0.2986111111111111 0.439453125 0.3020833333333333 0.4375 0.3298611111111111 0.44921875 0.3368055555555556
0 0.150390625 0.2847222222222222 0.1484375 0.2534722222222222 0.142578125 0.2534722222222222 0.13671875 0.2847222222222222 0.150390625 0.2847222222222222
0 0.892578125 0.2951388888888889 0.923828125 0.28125 0.916015625 0.2673611111111111 0.89453125 0.2673611111111111 0.888671875 0.2777777777777778 0.892578125 0.2951388888888889
0 0.7734375 0.4097222222222222 0.78125 0.3993055555555556 0.779296875 0.375 0.7421875 0.375 0.7421875 0.4097222222222222 0.7734375 0.4097222222222222
0 0.142578125 0.6076388888888888 0.142578125 0.5868055555555556 0.150390625 0.5763888888888888 0.1484375 0.5486111111111112 0.142578125 0.5277777777777778 0.125 0.53125 0.125 0.5798611111111112 0.142578125 0.6076388888888888