0 0.859375 0.5763888888888888 0.8671875 0.5625 0.8671875 0.5416666666666666 0.849609375 0.5347222222222222 0.84765625 0.5694444444444444 0.859375 0.5763888888888888
0 0.91015625 0.53125 0.91015625 0.5034722222222222 0.892578125 0.4930555555555556 0.888671875 0.5277777777777778 0.91015625 0.53125
0 0 0.5034722222222222 0.01171875 0.5138888888888888 0.029296875 0.5104166666666666 0.03515625 0.5 0.03125 0.4861111111111111 0.005859375 0.4375 0 0.4375 0 0.5034722222222222
0 0.8359375 0.6701388888888888 0.84765625 0.6493055555555556 0.84765625 0.6215277777777778 0.830078125 0.6111111111111112 0.826171875 0.6423611111111112 0.8359375 0.6701388888888888
0 0.986328125 0.5763888888888888 0.998046875 0.5451388888888888 0.974609375 0.5347222222222222 0.97265625 0.5729166666666666 0.986328125 0.5763888888888888
0 0.5546875 0.5625 0.568359375 0.5625 0.572265625 0.53125 0.5546875 0.53125 0.5546875 0.5625
0 0.384765625 0.4791666666666667 0.404296875 0.4791666666666667 0.412109375 0.46875 0.40625 0.4375 0.37890625 0.4409722222222222 0.375 0.4652777777777778 0.384765625 0.4791666666666667
0 0.70703125 0.53125 0.716796875 0.5173611111111112 0.716796875 0.5 0.701171875 0.4965277777777778 0.69921875 0.53125 0.70703125 0.53125
0 0.830078125 0.4826388888888889 0.830078125 0.4618055555555556 0.818359375 0.4548611111111111 0.818359375 0.4861111111111111 0.830078125 0.4826388888888889
0 0.8671875 0.6076388888888888 0.875 0.6180555555555556 0.88671875 0.59375 0.88671875 0.5763888888888888 0.875 0.5729166666666666 0.8671875 0.5868055555555556 0.8671875 0.6076388888888888
0 0.6796875 0.5555555555555556 0.685546875 0.5451388888888888 0.685546875 0.5138888888888888 0.673828125 0.5138888888888888 0.671875 0.5381944444444444 0.6796875 0.5555555555555556
0 0.7421875 0.4166666666666667 0.75 0.4236111111111111 0.755859375 0.4166666666666667 0.755859375 0.3923611111111111 0.748046875 0.3888888888888889 0.7421875 0.3923611111111111 0.7421875 0.4166666666666667