0 0.3359375 0.34375 0.341796875 0.34375 0.345703125 0.3125 0.33203125 0.3125 0.3359375 0.34375
0 0.34375 0.25 0.34765625 0.2326388888888889 0.341796875 0.21875 0.337890625 0.24305555555555555 0.34375 0.25
0 0.318359375 0.3923611111111111 0.306640625 0.3993055555555556 0.3125 0.4201388888888889 0.318359375 0.4201388888888889 0.322265625 0.3715277777777778 0.3125 0.3611111111111111 0.306640625 0.3715277777777778 0.318359375 0.3923611111111111
0 0.2734375 0.4722222222222222 0.28125 0.4513888888888889 0.267578125 0.4340277777777778 0.28125 0.4201388888888889 0.267578125 0.4166666666666667 0.263671875 0.4305555555555556 0.2734375 0.4722222222222222
0 0.173828125 0.4027777777777778 0.197265625 0.4027777777777778 0.205078125 0.3923611111111111 0.197265625 0.3680555555555556 0.16796875 0.3611111111111111 0.166015625 0.3854166666666667 0.173828125 0.4027777777777778
0 0.068359375 0.4027777777777778 0.07421875 0.3923611111111111 0.07421875 0.3576388888888889 0.0625 0.3541666666666667 0.0625 0.3993055555555556 0.068359375 0.4027777777777778
0 0.2734375 0.2847222222222222 0.275390625 0.2534722222222222 0.263671875 0.2569444444444444 0.263671875 0.28125 0.2734375 0.2847222222222222
0 0.787109375 0.4305555555555556 0.8125 0.4375 0.83203125 0.4027777777777778 0.830078125 0.3888888888888889 0.81640625 0.375 0.8046875 0.3784722222222222 0.787109375 0.40625 0.787109375 0.4305555555555556
0 0.05859375 0.3784722222222222 0.060546875 0.3368055555555556 0.05078125 0.3263888888888889 0.048828125 0.3715277777777778 0.05859375 0.3784722222222222
0 0.861328125 0.4097222222222222 0.861328125 0.4201388888888889 0.873046875 0.4375 0.88671875 0.4409722222222222 0.89453125 0.4201388888888889 0.880859375 0.3923611111111111 0.876953125 0.40625 0.861328125 0.4097222222222222
0 0.34375 0.875 0.34765625 0.8576388888888888 0.341796875 0.8576388888888888 0.34375 0.875
0 0.34765625 0.9027777777777778 0.34765625 0.9201388888888888 0.3828125 0.9826388888888888 0.38671875 0.9201388888888888 0.39453125 0.90625 0.38671875 0.84375 0.359375 0.8506944444444444 0.359375 0.8854166666666666 0.34765625 0.9027777777777778
0 0.34375 0.8263888888888888 0.349609375 0.7847222222222222 0.341796875 0.7847222222222222 0.337890625 0.7951388888888888 0.34375 0.8263888888888888
0 0.14453125 0.6909722222222222 0.154296875 0.6701388888888888 0.15625 0.6111111111111112 0.1484375 0.5972222222222222 0.130859375 0.6041666666666666 0.130859375 0.6701388888888888 0.14453125 0.6909722222222222
0 0.318359375 0.34375 0.32421875 0.3402777777777778 0.31640625 0.3298611111111111 0.32421875 0.3125 0.3125 0.3125 0.318359375 0.34375
0 0.30078125 0.5104166666666666 0.3046875 0.5277777777777778 0.291015625 0.5451388888888888 0.30078125 0.5729166666666666 0.306640625 0.5451388888888888 0.3046875 0.5104166666666666 0.29296875 0.5034722222222222 0.291015625 0.5173611111111112 0.30078125 0.5104166666666666
0 0.23046875 0.4861111111111111 0.21875 0.4826388888888889 0.212890625 0.4930555555555556 0.212890625 0.5243055555555556 0.223992599609375 0.5462353784722223 0.234375 0.5277777777777778 0.23046875 0.4861111111111111
0 0.173828125 0.4791666666666667 0.17578125 0.4270833333333333 0.162109375 0.4270833333333333 0.162109375 0.46875 0.173828125 0.4791666666666667
0 0.12890625 0.5868055555555556 0.14453125 0.5625 0.14453125 0.5486111111111112 0.142578125 0.5243055555555556 0.125 0.5243055555555556 0.119140625 0.5659722222222222 0.12890625 0.5868055555555556
0 0.361328125 0.4548611111111111 0.37109375 0.5173611111111112 0.380859375 0.5138888888888888 0.380859375 0.4618055555555556 0.373046875 0.46875 0.361328125 0.4548611111111111
0 0.0234375 0.2951388888888889 0.04296875 0.2986111111111111 0.04296875 0.2777777777777778 0.037109375 0.2743055555555556 0.0234375 0.2743055555555556 0.0234375 0.2951388888888889
0 0.48046875 0.8402777777777778 0.48828125 0.8506944444444444 0.48046875 0.8576388888888888 0.5234375 0.9652777777777778 0.53125 0.9513888888888888 0.525390625 0.8923611111111112 0.53125 0.8784722222222222 0.525390625 0.8368055555555556 0.53125 0.8263888888888888 0.498046875 0.8263888888888888 0.49609375 0.84375 0.48046875 0.8402777777777778
0 0.37109375 0.2951388888888889 0.375 0.2743055555555556 0.3671875 0.2673611111111111 0.36328125 0.2916666666666667 0.37109375 0.2951388888888889
0 0.388671875 0.21875 0.384765625 0.2013888888888889 0.380859375 0.21180555555555555 0.388671875 0.21875
0 0.162109375 0.8125 0.173828125 0.8368055555555556 0.185546875 0.8125 0.1875 0.7361111111111112 0.181640625 0.71875 0.162109375 0.7222222222222222 0.15625 0.7777777777777778 0.162109375 0.8125
0 0.296875 0.3888888888888889 0.296875 0.3472222222222222 0.287109375 0.34375 0.287109375 0.3888888888888889 0.296875 0.3888888888888889
0 0.26171875 0.8298611111111112 0.26171875 0.9027777777777778 0.26953125 0.9166666666666666 0.2734375 0.9513888888888888 0.279296875 0.9513888888888888 0.287109375 0.8854166666666666 0.287109375 0.8125 0.267578125 0.8090277777777778 0.255859375 0.8159722222222222 0.26171875 0.8298611111111112