0 0.912109375 0.3055555555555556 0.90625 0.28125 0.888671875 0.28125 0.88671875 0.3055555555555556 0.912109375 0.3055555555555556
0 0.9765625 0.2916666666666667 0.998046875 0.2951388888888889 0.998046875 0.2673611111111111 0.990234375 0.25 0.98046875 0.2534722222222222 0.974609375 0.2638888888888889 0.9765625 0.2916666666666667
0 0.779296875 0.4305555555555556 0.798828125 0.4340277777777778 0.8046875 0.4201388888888889 0.8046875 0.3784722222222222 0.7734375 0.3784722222222222 0.76953125 0.40625 0.779296875 0.4305555555555556
0 0.4111328125 0.4375 0.4140625 0.4236111111111111 0.423828125 0.4409722222222222 0.435546875 0.4305555555555556 0.4296875 0.40625 0.41015625 0.4236111111111111 0.404296875 0.3923611111111111 0.388671875 0.4236111111111111 0.388671875 0.4479166666666667 0.4111328125 0.4375
0 0 0.4652777777777778 0.01171875 0.4618055555555556 0.005859375 0.40625 0 0.40625 0 0.4652777777777778
0 0.912109375 0.4513888888888889 0.931640625 0.4513888888888889 0.9375 0.4409722222222222 0.923828125 0.4097222222222222 0.91015625 0.4270833333333333 0.90625 0.4479166666666667 0.912109375 0.4513888888888889
0 0.3125 0.4375 0.32421875 0.4409722222222222 0.330078125 0.4201388888888889 0.341796875 0.4375 0.34765625 0.4305555555555556 0.34375 0.4097222222222222 0.322265625 0.4166666666666667 0.318359375 0.3923611111111111 0.3046875 0.40625 0.30078125 0.4513888888888889 0.3125 0.4375
0 0.537109375 0.3229166666666667 0.54296875 0.2951388888888889 0.53125 0.28125 0.529296875 0.3055555555555556 0.537109375 0.3229166666666667
0 0.94921875 0.3055555555555556 0.9609375 0.2847222222222222 0.9609375 0.2673611111111111 0.94140625 0.2673611111111111 0.9375 0.2951388888888889 0.94921875 0.3055555555555556
0 0.763671875 0.3680555555555556 0.765469990234375 0.3872354513888889 0.775390625 0.3819444444444444 0.779296875 0.3576388888888889 0.763671875 0.3680555555555556
0 0.642578125 0.3993055555555556 0.673828125 0.3993055555555556 0.66796875 0.3611111111111111 0.6484375 0.3541666666666667 0.638671875 0.3680555555555556 0.63671875 0.3854166666666667 0.642578125 0.3993055555555556
0 0.88671875 0.4479166666666667 0.8984375 0.4201388888888889 0.892578125 0.3993055555555556 0.87890625 0.4201388888888889 0.8671875 0.3923611111111111 0.861328125 0.3993055555555556 0.861328125 0.4270833333333333 0.88671875 0.4479166666666667
0 0.5546875 0.3888888888888889 0.56640625 0.375 0.5625 0.3576388888888889 0.5546875 0.3576388888888889 0.54296875 0.3854166666666667 0.5546875 0.3888888888888889
0 0.537109375 0.5 0.55859375 0.4722222222222222 0.5625 0.4930555555555556 0.580078125 0.4826388888888889 0.580078125 0.4513888888888889 0.568359375 0.4479166666666667 0.55859375 0.46875 0.548828125 0.46875 0.54296875 0.4409722222222222 0.53515625 0.4513888888888889 0.53125 0.4861111111111111 0.537109375 0.5
0 0.767578125 0.46875 0.775390625 0.4375 0.759765625 0.4409722222222222 0.75 0.4166666666666667 0.732421875 0.4444444444444444 0.73046875 0.46875 0.767578125 0.46875
0 0.849609375 0.2916666666666667 0.8671875 0.2951388888888889 0.869140625 0.2534722222222222 0.85546875 0.2534722222222222 0.849609375 0.2638888888888889 0.849609375 0.2916666666666667
0 0.673828125 0.3854166666666667 0.69921875 0.3888888888888889 0.705078125 0.375 0.703125 0.3576388888888889 0.66796875 0.3611111111111111 0.662109375 0.375 0.673828125 0.3854166666666667
0 0.810546875 0.375 0.810546875 0.3854166666666667 0.84765625 0.3854166666666667 0.85546875 0.375 0.85546875 0.3576388888888889 0.822265625 0.3472222222222222 0.826171875 0.3784722222222222 0.810546875 0.375