0 0.75390625 0.2534722222222222 0.75390625 0.2326388888888889 0.740234375 0.22916666666666666 0.736328125 0.25 0.75390625 0.2534722222222222
0 0.4375 0.3298611111111111 0.443359375 0.3263888888888889 0.443359375 0.3055555555555556 0.435546875 0.3055555555555556 0.4375 0.3298611111111111
0 0.375 0.2534722222222222 0.375 0.2326388888888889 0.369140625 0.22916666666666666 0.3671875 0.2465277777777778 0.375 0.2534722222222222
0 0.38671875 0.2326388888888889 0.3828125 0.2152777777777778 0.380859375 0.2361111111111111 0.38671875 0.2326388888888889
0 0.998046875 0.2638888888888889 0.998046875 0.24305555555555555 0.98828125 0.2361111111111111 0.962890625 0.2465277777777778 0.9609375 0.2638888888888889 0.998046875 0.2638888888888889
0 0.787109375 0.2638888888888889 0.787109375 0.2361111111111111 0.7734375 0.2361111111111111 0.76953125 0.2604166666666667 0.787109375 0.2638888888888889
0 0.28515625 0.34375 0.29296875 0.34375 0.2890625 0.3090277777777778 0.28125 0.3090277777777778 0.28515625 0.34375
0 0.2734375 0.2361111111111111 0.28125 0.2326388888888889 0.279296875 0.2152777777777778 0.2734375 0.2152777777777778 0.2734375 0.2361111111111111
0 0.037109375 0.3263888888888889 0.037109375 0.2951388888888889 0.01953125 0.2951388888888889 0.017578125 0.3263888888888889 0.037109375 0.3263888888888889
0 0.099609375 0.3541666666666667 0.1171875 0.3541666666666667 0.1171875 0.3263888888888889 0.103515625 0.3125 0.09375 0.3368055555555556 0.099609375 0.3541666666666667
0 0.119140625 0.3368055555555556 0.142578125 0.34375 0.142578125 0.3159722222222222 0.130859375 0.3090277777777778 0.119140625 0.3125 0.119140625 0.3368055555555556
0 0.861328125 0.3993055555555556 0.8828125 0.3923611111111111 0.880859375 0.375 0.896484375 0.3923611111111111 0.900390625 0.3854166666666667 0.89453125 0.3611111111111111 0.876953125 0.3715277777777778 0.875 0.3541666666666667 0.869140625 0.3576388888888889 0.85546875 0.3784722222222222 0.861328125 0.3993055555555556
0 0 0.7326388888888888 0.005859375 0.7291666666666666 0.00390625 0.6805555555555556 0 0.6736111111111112 0 0.7326388888888888
0 0.154296875 0.2916666666666667 0.150390625 0.2708333333333333 0.138671875 0.2708333333333333 0.13671875 0.2951388888888889 0.154296875 0.2916666666666667
0 0.486328125 0.4236111111111111 0.48828125 0.3888888888888889 0.46875 0.3888888888888889 0.4609375 0.375 0.44921875 0.3993055555555556 0.44921875 0.4201388888888889 0.486328125 0.4236111111111111
0 0.330078125 0.3298611111111111 0.330078125 0.3055555555555556 0.32421875 0.2986111111111111 0.318359375 0.3402777777777778 0.330078125 0.3298611111111111
0 0.216796875 0.4201388888888889 0.1962890625 0.4236111111111111 0.203125 0.4236111111111111 0.205078125 0.4479166666666667 0.220703125 0.4305555555555556 0.22265625 0.40625 0.216796875 0.4201388888888889
0 0.17578125 0.4513888888888889 0.1875 0.4513888888888889 0.19128715625 0.4244579930555556 0.17578125 0.4270833333333333 0.17578125 0.4513888888888889
0 0.0625 0.3229166666666667 0.056640625 0.2986111111111111 0.04296875 0.3055555555555556 0.037109375 0.3263888888888889 0.0625 0.3229166666666667
0 0.478515625 0.3263888888888889 0.48046875 0.2951388888888889 0.47265625 0.2916666666666667 0.46875 0.3263888888888889 0.478515625 0.3263888888888889
0 0.0625 0.3368055555555556 0.0859375 0.3263888888888889 0.080078125 0.2986111111111111 0.072265625 0.2986111111111111 0.0625 0.3125 0.0625 0.3368055555555556
0 0.87890625 0.2777777777777778 0.892578125 0.2777777777777778 0.892578125 0.25 0.880859375 0.25 0.875 0.2604166666666667 0.87890625 0.2777777777777778
0 0.361328125 0.25 0.359375 0.2222222222222222 0.35546875 0.25 0.361328125 0.25
0 0.791015625 0.4027777777777778 0.791015625 0.375 0.779296875 0.375 0.76171875 0.3958333333333333 0.76171875 0.3680555555555556 0.75390625 0.3784722222222222 0.748046875 0.40625 0.791015625 0.4027777777777778
0 0.509765625 0.4201388888888889 0.517578125 0.4305555555555556 0.5234375 0.3993055555555556 0.51953125 0.3888888888888889 0.4921875 0.3888888888888889 0.482421875 0.4131944444444444 0.48046875 0.4236111111111111 0.509765625 0.4201388888888889
0 0.13671875 0.3888888888888889 0.142578125 0.4027777777777778 0.162109375 0.40625 0.166015625 0.375 0.154296875 0.3576388888888889 0.13671875 0.3680555555555556 0.13671875 0.3888888888888889
0 0.3984375 0.3298611111111111 0.3984375 0.2986111111111111 0.38671875 0.2951388888888889 0.384765625 0.3298611111111111 0.3984375 0.3298611111111111
0 0.419921875 0.3298611111111111 0.41796875 0.2951388888888889 0.41015625 0.2951388888888889 0.40625 0.3263888888888889 0.419921875 0.3298611111111111
0 0.38671875 0.4479166666666667 0.41015625 0.4305555555555556 0.41796875 0.4409722222222222 0.4296875 0.4375 0.42578125 0.40625 0.3984375 0.4305555555555556 0.3984375 0.3993055555555556 0.388671875 0.4097222222222222 0.380859375 0.4340277777777778 0.38671875 0.4479166666666667
0 0.10546875 0.2916666666666667 0.111328125 0.28125 0.10546875 0.2638888888888889 0.078125 0.2673611111111111 0.08203125 0.2916666666666667 0.10546875 0.2916666666666667
0 0.23046875 0.3611111111111111 0.248046875 0.375 0.248046875 0.3472222222222222 0.236328125 0.3402777777777778 0.23046875 0.34375 0.23046875 0.3611111111111111
0 0.150390625 0.8298611111111112 0.162109375 0.8263888888888888 0.1796875 0.7916666666666666 0.193359375 0.7916666666666666 0.17578125 0.7743055555555556 0.185546875 0.7326388888888888 0.171875 0.71875 0.166015625 0.7465277777777778 0.142578125 0.7847222222222222 0.138671875 0.8125 0.150390625 0.8298611111111112
0 0.19921875 0.78125 0.22265625 0.7951388888888888 0.236328125 0.7743055555555556 0.23828125 0.7326388888888888 0.236328125 0.7118055555555556 0.21875 0.7222222222222222 0.19921875 0.7638888888888888 0.19921875 0.78125
0 0.998046875 0.2986111111111111 0.998046875 0.28125 0.990234375 0.2847222222222222 0.98828125 0.2916666666666667 0.998046875 0.2986111111111111