0 0.26171875 0.5590277777777778 0.2734375 0.5451388888888888 0.2734375 0.5104166666666666 0.267578125 0.5 0.25390625 0.5 0.25 0.53125 0.26171875 0.5590277777777778
0 0.091796875 0.34375 0.109375 0.34375 0.111328125 0.3125 0.091796875 0.2951388888888889 0.0859375 0.2986111111111111 0.091796875 0.34375
0 0.359375 0.3159722222222222 0.361328125 0.28125 0.35546875 0.28125 0.353515625 0.3020833333333333 0.359375 0.3159722222222222
0 0.70703125 0.3715277777777778 0.7109375 0.3611111111111111 0.697265625 0.34375 0.7109375 0.3298611111111111 0.69921875 0.3263888888888889 0.693359375 0.3576388888888889 0.70703125 0.3715277777777778
0 0.27734375 0.25 0.279296875 0.2326388888888889 0.267578125 0.2222222222222222 0.263671875 0.2361111111111111 0.27734375 0.25
0 0.287109375 0.2673611111111111 0.291015625 0.2534722222222222 0.28515625 0.24305555555555555 0.28125 0.2638888888888889 0.287109375 0.2673611111111111
0 0.248046875 0.6111111111111112 0.255859375 0.5868055555555556 0.23828125 0.5798611111111112 0.236328125 0.6111111111111112 0.248046875 0.6111111111111112
0 0.041015625 0.3680555555555556 0.04296875 0.3368055555555556 0.013671875 0.3298611111111111 0.01171875 0.3784722222222222 0.041015625 0.3680555555555556
0 0.267578125 0.3888888888888889 0.2734375 0.3576388888888889 0.26953125 0.3472222222222222 0.26171875 0.3541666666666667 0.26171875 0.3888888888888889 0.267578125 0.3888888888888889
0 0.197265625 0.5138888888888888 0.205078125 0.4618055555555556 0.1875 0.4513888888888889 0.1875 0.5034722222222222 0.197265625 0.5138888888888888
0 0.228515625 0.2638888888888889 0.228515625 0.2465277777777778 0.220703125 0.23958333333333334 0.21875 0.2743055555555556 0.228515625 0.2638888888888889
0 0.166015625 0.4027777777777778 0.197265625 0.4027777777777778 0.205078125 0.3923611111111111 0.1953125 0.3680555555555556 0.177734375 0.3576388888888889 0.16796875 0.3680555555555556 0.162109375 0.3854166666666667 0.166015625 0.4027777777777778
0 0.123046875 0.3090277777777778 0.130859375 0.28125 0.11328125 0.2777777777777778 0.111328125 0.3055555555555556 0.123046875 0.3090277777777778
0 0.2421875 0.2673611111111111 0.2421875 0.2465277777777778 0.234375 0.24305555555555555 0.23046875 0.2638888888888889 0.2421875 0.2673611111111111
0 0.947265625 0.7465277777777778 0.96875 0.78125 0.998046875 0.7986111111111112 0.998046875 0.7361111111111112 0.986328125 0.75 0.9765625 0.7465277777777778 0.978515625 0.7222222222222222 0.97265625 0.7326388888888888 0.955078125 0.6909722222222222 0.94921875 0.6909722222222222 0.943359375 0.7013888888888888 0.947265625 0.7465277777777778
0 0.25390625 0.4930555555555556 0.26171875 0.46875 0.259765625 0.4513888888888889 0.248046875 0.4479166666666667 0.244140625 0.4826388888888889 0.25390625 0.4930555555555556
0 0.080078125 0.9652777777777778 0.09375 0.90625 0.09375 0.8263888888888888 0.068359375 0.8298611111111112 0.0625 0.9027777777777778 0.080078125 0.9652777777777778
0 0.978515625 0.9930555555555556 0.9609375 0.9513888888888888 0.947265625 0.9652777777777778 0.943359375 0.9930555555555556 0.978515625 0.9930555555555556
0 0.90625 0.9930555555555556 0.880859375 0.9479166666666666 0.85546875 0.9548611111111112 0.85546875 0.9965277777777778 0.90625 0.9930555555555556
0 0.3125 0.3263888888888889 0.318359375 0.2951388888888889 0.306640625 0.2951388888888889 0.3046875 0.3125 0.3125 0.3263888888888889
0 0.798828125 0.4166666666666667 0.8046875 0.3854166666666667 0.787109375 0.3611111111111111 0.7734375 0.3715277777777778 0.76953125 0.40625 0.798828125 0.4166666666666667
0 0.3046875 0.2673611111111111 0.298828125 0.2638888888888889 0.30078125 0.2916666666666667 0.3046875 0.2673611111111111
0 0.673828125 0.3715277777777778 0.6875 0.3611111111111111 0.6875 0.3263888888888889 0.662109375 0.3263888888888889 0.654296875 0.34375 0.654296875 0.3680555555555556 0.673828125 0.3715277777777778
0 0.318359375 0.2638888888888889 0.318359375 0.25 0.306640625 0.24305555555555555 0.3046875 0.2638888888888889 0.318359375 0.2638888888888889
0 0.880859375 0.4375 0.912109375 0.4513888888888889 0.9296875 0.4479166666666667 0.921875 0.3888888888888889 0.904296875 0.3993055555555556 0.888671875 0.3923611111111111 0.880859375 0.40625 0.880859375 0.4375
0 0.8671875 0.7638888888888888 0.8828125 0.7604166666666666 0.927734375 0.78125 0.9375 0.8055555555555556 0.951171875 0.8090277777777778 0.95703125 0.7638888888888888 0.943359375 0.7430555555555556 0.939453125 0.6979166666666666 0.91796875 0.7048611111111112 0.91796875 0.7222222222222222 0.888671875 0.7118055555555556 0.87890625 0.6875 0.869140625 0.6875 0.861328125 0.7013888888888888 0.85546875 0.7222222222222222 0.8671875 0.7638888888888888
0 0.330078125 0.2916666666666667 0.341646634765625 0.2975427361111111 0.33203125 0.2847222222222222 0.330078125 0.2916666666666667
0 0.330078125 0.3194444444444444 0.34375 0.3263888888888889 0.34765625 0.3055555555555556 0.343142361328125 0.29953703819444444 0.330078125 0.3194444444444444
0 0.296875 0.5729166666666666 0.3046875 0.5104166666666666 0.30078125 0.5 0.2890625 0.5069444444444444 0.287109375 0.5486111111111112 0.296875 0.5729166666666666
0 0.041015625 0.2951388888888889 0.03125 0.2638888888888889 0.01953125 0.2673611111111111 0.01953125 0.2951388888888889 0.041015625 0.2951388888888889
0 0.359375 0.3576388888888889 0.35546875 0.3229166666666667 0.34375 0.3263888888888889 0.34375 0.3576388888888889 0.359375 0.3576388888888889
0 0.109375 0.78125 0.123046875 0.8263888888888888 0.13671875 0.7638888888888888 0.134765625 0.7048611111111112 0.111328125 0.7013888888888888 0.10546875 0.7152777777777778 0.109375 0.78125
0 0.755859375 0.3854166666666667 0.76171875 0.3784722222222222 0.755859375 0.3263888888888889 0.736328125 0.3298611111111111 0.73046875 0.375 0.755859375 0.3854166666666667
0 0.330078125 0.2638888888888889 0.3359375 0.2638888888888889 0.3359375 0.2361111111111111 0.330078125 0.2361111111111111 0.330078125 0.2638888888888889
0 0.205078125 0.5763888888888888 0.2109375 0.5972222222222222 0.224609375 0.5729166666666666 0.22265625 0.53125 0.205078125 0.53125 0.205078125 0.5763888888888888