0 0.466796875 0.6111111111111112 0.474609375 0.6076388888888888 0.484375 0.5625 0.48046875 0.53125 0.4609375 0.53125 0.466796875 0.6111111111111112
0 0.369140625 0.8854166666666666 0.34375 0.875 0.34375 0.8888888888888888 0.353515625 0.9270833333333334 0.361328125 0.9201388888888888 0.369140625 0.9305555555555556 0.361328125 0.9375 0.36328125 0.9513888888888888 0.375 0.9513888888888888 0.376953125 0.9756944444444444 0.3984375 0.9965277777777778 0.3984375 0.9340277777777778 0.404296875 0.90625 0.3984375 0.875 0.40625 0.8472222222222222 0.3984375 0.8576388888888888 0.375 0.8576388888888888 0.3671875 0.8645833333333334 0.369140625 0.8854166666666666
0 0.525390625 0.6041666666666666 0.53125 0.6041666666666666 0.53515625 0.5347222222222222 0.53125 0.5173611111111112 0.51953125 0.5173611111111112 0.513671875 0.5451388888888888 0.525390625 0.6041666666666666
0 0.125 0.3125 0.125 0.2847222222222222 0.10546875 0.2777777777777778 0.099609375 0.3090277777777778 0.125 0.3125
0 0.3671875 0.3159722222222222 0.3671875 0.2847222222222222 0.361328125 0.2847222222222222 0.359375 0.3055555555555556 0.3671875 0.3159722222222222
0 0.537109375 0.5625 0.548828125 0.59375 0.5546875 0.5729166666666666 0.55078125 0.5034722222222222 0.537109375 0.5034722222222222 0.537109375 0.5625
0 0.9609375 0.9965277777777778 0.97265625 0.9965277777777778 0.974609375 0.9791666666666666 0.984375 0.9965277777777778 0.998046875 0.9930555555555556 0.984375 0.9513888888888888 0.97265625 0.9513888888888888 0.97265625 0.9826388888888888 0.95703125 0.9826388888888888 0.955078125 0.9930555555555556 0.9609375 0.9965277777777778
0 0.8671875 0.9826388888888888 0.869140625 0.9930555555555556 0.9296875 0.9930555555555556 0.923828125 0.9722222222222222 0.923828125 0.9201388888888888 0.9296875 0.90625 0.91796875 0.90625 0.912109375 0.9201388888888888 0.875 0.9097222222222222 0.87890625 0.9652777777777778 0.8671875 0.9826388888888888
0 0.244140625 0.2673611111111111 0.25390625 0.2638888888888889 0.25 0.24305555555555555 0.2421875 0.2361111111111111 0.244140625 0.2673611111111111
0 0.025390625 0.34375 0.0390625 0.3472222222222222 0.04296875 0.3125 0.029296875 0.2951388888888889 0.0234375 0.3055555555555556 0.025390625 0.34375
0 0.259765625 0.2638888888888889 0.25390625 0.2534722222222222 0.26171875 0.24305555555555555 0.25390625 0.2326388888888889 0.25 0.25 0.259765625 0.2638888888888889
0 0.1875 0.40625 0.205078125 0.3923611111111111 0.19921875 0.375 0.16796875 0.3576388888888889 0.162109375 0.3993055555555556 0.1875 0.40625
0 0.82421875 0.9236111111111112 0.8203125 0.8993055555555556 0.818359375 0.9201388888888888 0.82421875 0.9236111111111112
0 0.79296875 0.9027777777777778 0.8125 0.8923611111111112 0.798828125 0.8854166666666666 0.79296875 0.8854166666666666 0.79296875 0.9027777777777778
0 0.7734375 0.8541666666666666 0.78125 0.8263888888888888 0.7734375 0.8125 0.763671875 0.8125 0.76171875 0.8368055555555556 0.7734375 0.8541666666666666
0 0.798828125 0.8402777777777778 0.796875 0.8611111111111112 0.810546875 0.8506944444444444 0.81640625 0.8715277777777778 0.806640625 0.8784722222222222 0.81640625 0.8854166666666666 0.818359375 0.875 0.80078125 0.8125 0.787109375 0.8159722222222222 0.78515625 0.8229166666666666 0.798828125 0.8402777777777778
0 0.73046875 0.8368055555555556 0.744140625 0.8229166666666666 0.748046875 0.7986111111111112 0.736328125 0.78125 0.728515625 0.78125 0.73046875 0.8368055555555556
0 0.623046875 0.7638888888888888 0.625 0.7534722222222222 0.642578125 0.7430555555555556 0.6484375 0.7118055555555556 0.6328125 0.7222222222222222 0.625 0.7152777777777778 0.625 0.6979166666666666 0.61328125 0.6909722222222222 0.611328125 0.75 0.623046875 0.7638888888888888
0 0.154296875 0.2951388888888889 0.15625 0.28125 0.1484375 0.2638888888888889 0.13671875 0.2673611111111111 0.13671875 0.2986111111111111 0.154296875 0.2951388888888889
0 0.2109375 0.8125 0.205078125 0.7326388888888888 0.1796875 0.7326388888888888 0.17578125 0.7534722222222222 0.17578125 0.8125 0.191200658203125 0.8467653506944445 0.193359375 0.8333333333333334 0.2109375 0.8125
0 0.7734375 0.9930555555555556 0.775390625 0.9513888888888888 0.765625 0.9305555555555556 0.76171875 0.9826388888888888 0.7734375 0.9930555555555556
0 0.7392578125 0.8697916666666666 0.73046875 0.8541666666666666 0.736328125 0.9027777777777778 0.73046875 0.9236111111111112 0.7421875 0.96875 0.748046875 0.96875 0.744140625 0.9409722222222222 0.75 0.8854166666666666 0.736328125 0.8854166666666666 0.7392578125 0.8697916666666666
0 0.7734375 0.8541666666666666 0.775390625 0.84375 0.767578125 0.8506944444444444 0.7734375 0.8541666666666666
0 0.79296875 0.8854166666666666 0.80078125 0.8888888888888888 0.787109375 0.9097222222222222 0.79296875 0.9409722222222222 0.787109375 0.9930555555555556 0.82421875 0.9930555555555556 0.82421875 0.90625 0.818359375 0.8784722222222222 0.810546875 0.8784722222222222 0.8125 0.8576388888888888 0.796875 0.8298611111111112 0.8046875 0.8263888888888888 0.798828125 0.8125 0.79296875 0.8263888888888888 0.798828125 0.8541666666666666 0.79296875 0.8854166666666666
0 0.73046875 0.8368055555555556 0.748046875 0.8159722222222222 0.73828125 0.7847222222222222 0.73046875 0.7847222222222222 0.73046875 0.8368055555555556
0 0.05078125 0.3090277777777778 0.048828125 0.2743055555555556 0.04296875 0.2673611111111111 0.03515625 0.2777777777777778 0.03125 0.2951388888888889 0.05078125 0.3090277777777778
0 0.931640625 0.8472222222222222 0.943359375 0.8680555555555556 0.958984375 0.875 0.96875 0.9027777777777778 0.998046875 0.9166666666666666 0.998046875 0.8576388888888888 0.9921875 0.8368055555555556 0.9765625 0.8541666666666666 0.9609375 0.8263888888888888 0.9375 0.8090277777777778 0.923828125 0.8090277777777778 0.931640625 0.8472222222222222
0 0.30078125 0.75 0.306640625 0.7638888888888888 0.306640625 0.7743055555555556 0.30078125 0.7743055555555556 0.310546875 0.7951388888888888 0.3125 0.8263888888888888 0.3203125 0.8263888888888888 0.33203125 0.8541666666666666 0.341796875 0.8055555555555556 0.341796875 0.7604166666666666 0.337890625 0.7361111111111112 0.326171875 0.7326388888888888 0.3125 0.7743055555555556 0.30078125 0.75
0 0.494140625 0.7048611111111112 0.5 0.7118055555555556 0.5234375 0.7013888888888888 0.51953125 0.6388888888888888 0.48828125 0.6388888888888888 0.486328125 0.6875 0.494140625 0.7048611111111112
0 0.884765625 0.8576388888888888 0.884765625 0.8854166666666666 0.90625 0.9201388888888888 0.927734375 0.9027777777777778 0.931640625 0.8715277777777778 0.91796875 0.84375 0.91796875 0.7951388888888888 0.88671875 0.8229166666666666 0.892578125 0.8541666666666666 0.884765625 0.8576388888888888
0 0.83203125 0.8680555555555556 0.8671875 0.8888888888888888 0.861328125 0.875 0.869140625 0.84375 0.875 0.84375 0.8671875 0.8402777777777778 0.849609375 0.78125 0.830078125 0.7743055555555556 0.82421875 0.8194444444444444 0.83203125 0.8680555555555556
0 0.30078125 0.7048611111111112 0.31640625 0.6388888888888888 0.310546875 0.6076388888888888 0.296875 0.6076388888888888 0.29296875 0.6701388888888888 0.30078125 0.7048611111111112
0 0.6868643671875 0.8855193958333333 0.681640625 0.8506944444444444 0.685546875 0.7986111111111112 0.6796875 0.78125 0.64453125 0.78125 0.63671875 0.7708333333333334 0.63671875 0.7534722222222222 0.62890625 0.7534722222222222 0.623046875 0.7638888888888888 0.626953125 0.7916666666666666 0.6767578125 0.8871527777777778 0.6868643671875 0.8855193958333333
0 0.310546875 0.2951388888888889 0.31640625 0.28125 0.3125 0.2638888888888889 0.3046875 0.2638888888888889 0.310546875 0.2951388888888889
0 0.38671875 0.2743055555555556 0.38671875 0.25 0.380859375 0.25 0.380859375 0.28125 0.38671875 0.2743055555555556
0 0.349609375 0.4166666666666667 0.34375 0.4305555555555556 0.349609375 0.4340277777777778 0.35546875 0.3854166666666667 0.34375 0.3680555555555556 0.337890625 0.3888888888888889 0.349609375 0.4166666666666667
0 0.76171875 0.9305555555555556 0.76171875 0.9618055555555556 0.775390625 0.9513888888888888 0.7734375 0.9375 0.76171875 0.9305555555555556
0 0.76171875 0.9618055555555556 0.76171875 0.9826388888888888 0.7734375 0.9930555555555556 0.775390625 0.9826388888888888 0.76171875 0.9618055555555556
0 0.79296875 0.9548611111111112 0.787109375 0.9930555555555556 0.82421875 0.9930555555555556 0.82421875 0.9201388888888888 0.81640625 0.8993055555555556 0.791015625 0.90625 0.787109375 0.9305555555555556 0.79296875 0.9548611111111112
0 0.73046875 0.9236111111111112 0.73828125 0.9652777777777778 0.748046875 0.9722222222222222 0.744140625 0.9375 0.75 0.9201388888888888 0.734375 0.9027777777777778 0.73828125 0.8854166666666666 0.75 0.8888888888888888 0.73828125 0.8784722222222222 0.732421875 0.8576388888888888 0.736328125 0.875 0.73046875 0.9236111111111112
0 0.693359375 0.6805555555555556 0.693359375 0.6944444444444444 0.681640625 0.7152777777777778 0.697265625 0.71875 0.69921875 0.6597222222222222 0.71875 0.65625 0.71875 0.6423611111111112 0.70703125 0.6527777777777778 0.705078125 0.6388888888888888 0.697265625 0.6527777777777778 0.6796875 0.6354166666666666 0.6796875 0.6875 0.693359375 0.6805555555555556
0 0.2734375 0.5 0.28125 0.4826388888888889 0.28125 0.4513888888888889 0.267578125 0.4479166666666667 0.263671875 0.4826388888888889 0.2734375 0.5
0 0.22265625 0.5763888888888888 0.23046875 0.6597222222222222 0.2421875 0.6388888888888888 0.2421875 0.5798611111111112 0.248046875 0.5625 0.2421875 0.5763888888888888 0.22265625 0.5763888888888888
0 0.2177734375 0.5642361111111112 0.001953125 0.003472222222222222
0 0.318359375 0.3055555555555556 0.32421875 0.3125 0.32421875 0.2847222222222222 0.318359375 0.2847222222222222 0.318359375 0.3055555555555556
0 0.587890625 0.6736111111111112 0.5859375 0.6979166666666666 0.59375 0.7048611111111112 0.599609375 0.6076388888888888 0.591796875 0.5972222222222222 0.57421875 0.6076388888888888 0.57421875 0.6388888888888888 0.587890625 0.6736111111111112
0 0.88671875 0.40625 0.91015625 0.40625 0.912109375 0.3993055555555556 0.896484375 0.375 0.912109375 0.3680555555555556 0.91015625 0.3611111111111111 0.89453125 0.375 0.88671875 0.3888888888888889 0.88671875 0.40625
0 0.548828125 0.6875 0.548828125 0.7013888888888888 0.587890625 0.7430555555555556 0.587890625 0.6805555555555556 0.57421875 0.6701388888888888 0.55859375 0.6979166666666666 0.548828125 0.6875
0 0.287109375 0.5451388888888888 0.29296875 0.5625 0.3046875 0.5347222222222222 0.302734375 0.5 0.287109375 0.5 0.287109375 0.5451388888888888
0 0.25 0.8854166666666666 0.26171875 0.8993055555555556 0.267578125 0.9236111111111112 0.2734375 0.9236111111111112 0.2734375 0.8923611111111112 0.28125 0.875 0.275390625 0.8055555555555556 0.25 0.8125 0.2421875 0.8541666666666666 0.25 0.8854166666666666