0 0.6796875 0.46875 0.6796875 0.4513888888888889 0.671875 0.4479166666666667 0.66796875 0.4826388888888889 0.6796875 0.46875
0 0.73046875 0.4791666666666667 0.7421875 0.4826388888888889 0.7421875 0.4513888888888889 0.73046875 0.4513888888888889 0.73046875 0.4791666666666667
0 0.572265625 0.8541666666666666 0.580078125 0.8541666666666666 0.59765625 0.8263888888888888 0.59375 0.7847222222222222 0.57421875 0.78125 0.568359375 0.7916666666666666 0.56640625 0.8368055555555556 0.572265625 0.8541666666666666
0 0.54296875 0.6388888888888888 0.5546875 0.6076388888888888 0.546875 0.5902777777777778 0.53515625 0.59375 0.53125 0.6354166666666666 0.54296875 0.6388888888888888
0 0.837890625 0.7048611111111112 0.84765625 0.7013888888888888 0.85546875 0.6597222222222222 0.841796875 0.6527777777777778 0.8359375 0.65625 0.837890625 0.7048611111111112
0 0.85546875 0.4027777777777778 0.85546875 0.3715277777777778 0.84765625 0.3680555555555556 0.84375 0.4027777777777778 0.85546875 0.4027777777777778
0 0.70703125 0.7743055555555556 0.71875 0.7604166666666666 0.71875 0.7152777777777778 0.705078125 0.7013888888888888 0.701171875 0.7534722222222222 0.70703125 0.7743055555555556
0 0.904296875 0.6041666666666666 0.90625 0.5729166666666666 0.888671875 0.5798611111111112 0.888671875 0.6076388888888888 0.904296875 0.6041666666666666
0 0.498497595703125 0.7542735034722222 0.49609375 0.7638888888888888 0.462890625 0.7638888888888888 0.4609375 0.8125 0.474609375 0.8263888888888888 0.50390625 0.7916666666666666 0.509765625 0.7743055555555556 0.498497595703125 0.7542735034722222
0 0.5546875 0.7465277777777778 0.56640625 0.71875 0.56640625 0.7013888888888888 0.560546875 0.6736111111111112 0.548828125 0.6736111111111112 0.54296875 0.71875 0.5546875 0.7465277777777778
0 0.806640625 0.8611111111111112 0.82421875 0.8368055555555556 0.82421875 0.8125 0.818359375 0.7951388888888888 0.80078125 0.7951388888888888 0.798828125 0.8333333333333334 0.806640625 0.8611111111111112
0 0.6484375 0.5138888888888888 0.66015625 0.5104166666666666 0.662109375 0.4826388888888889 0.6484375 0.4826388888888889 0.6484375 0.5138888888888888
0 0.85546875 0.6041666666666666 0.861328125 0.5625 0.84765625 0.5694444444444444 0.84375 0.5972222222222222 0.85546875 0.6041666666666666
0 0.810546875 0.6423611111111112 0.82421875 0.625 0.82421875 0.6076388888888888 0.8125 0.5972222222222222 0.806640625 0.6215277777777778 0.810546875 0.6423611111111112
0 0.880859375 0.8576388888888888 0.890625 0.8576388888888888 0.89453125 0.7986111111111112 0.875 0.7847222222222222 0.875 0.8402777777777778 0.880859375 0.8576388888888888
0 0.98828125 0.5416666666666666 0.98828125 0.5625 0.97265625 0.5729166666666666 0.986328125 0.5763888888888888 0.998046875 0.5451388888888888 0.974609375 0.5347222222222222 0.97265625 0.5416666666666666 0.98828125 0.5416666666666666
0 0.75 0.7951388888888888 0.76171875 0.7777777777777778 0.763671875 0.7430555555555556 0.76171875 0.7326388888888888 0.744140625 0.7361111111111112 0.7421875 0.7638888888888888 0.75 0.7951388888888888
0 0.666015625 0.5555555555555556 0.673828125 0.5486111111111112 0.67578125 0.5243055555555556 0.662109375 0.5243055555555556 0.666015625 0.5555555555555556
0 0.79296875 0.7430555555555556 0.798828125 0.7326388888888888 0.80078125 0.6909722222222222 0.791015625 0.6875 0.787109375 0.7361111111111112 0.79296875 0.7430555555555556
0 0.873046875 0.5243055555555556 0.88671875 0.5138888888888888 0.876953125 0.5069444444444444 0.873046875 0.5243055555555556
0 0.873046875 0.5243055555555556 0.869140625 0.5416666666666666 0.8828125 0.5451388888888888 0.88671875 0.5416666666666666 0.873046875 0.5243055555555556
0 0.8046875 0.5625 0.81640625 0.5451388888888888 0.81640625 0.53125 0.80078125 0.5277777777777778 0.798828125 0.5590277777777778 0.8046875 0.5625