0 0.3984375 0.5138888888888888 0.40625 0.5138888888888888 0.412109375 0.4930555555555556 0.41015625 0.46875 0.40625 0.4513888888888889 0.39453125 0.4548611111111111 0.39453125 0.5 0.3984375 0.5138888888888888
0 0.26953125 0.6111111111111112 0.279296875 0.59375 0.28125 0.5486111111111112 0.267578125 0.5451388888888888 0.26171875 0.5763888888888888 0.26953125 0.6111111111111112
0 0.8125 0.2638888888888889 0.810546875 0.24305555555555555 0.794921875 0.2465277777777778 0.79296875 0.2638888888888889 0.8125 0.2638888888888889
0 0.35546875 0.8298611111111112 0.361328125 0.8298611111111112 0.3671875 0.8229166666666666 0.35546875 0.8090277777777778 0.3671875 0.8003472222222222 0.3671875 0.7152777777777778 0.34375 0.71875 0.341796875 0.78125 0.35546875 0.8298611111111112
0 0.3740234375 0.6996527777777778 0.001953125 0.003472222222222222
0 0.412109375 0.3125 0.421875 0.3159722222222222 0.423828125 0.2847222222222222 0.41796875 0.2847222222222222 0.412109375 0.2916666666666667 0.412109375 0.3125
0 0.609375 0.34375 0.6171875 0.3472222222222222 0.623046875 0.3263888888888889 0.611328125 0.3090277777777778 0.619140625 0.3229166666666667 0.609375 0.34375
0 0.2421875 0.2604166666666667 0.2421875 0.2326388888888889 0.236328125 0.2326388888888889 0.234375 0.2604166666666667 0.2421875 0.2604166666666667
0 0.546875 0.3576388888888889 0.5546875 0.3472222222222222 0.5546875 0.3159722222222222 0.548828125 0.3159722222222222 0.54296875 0.3229166666666667 0.546875 0.3576388888888889
0 0.775390625 0.9965277777777778 0.767578125 0.9513888888888888 0.75390625 0.9375 0.7421875 0.9513888888888888 0.73828125 0.9965277777777778 0.775390625 0.9965277777777778
0 0.9140625 0.2951388888888889 0.923828125 0.3055555555555556 0.94140625 0.2951388888888889 0.94140625 0.2777777777777778 0.921875 0.2638888888888889 0.912109375 0.28125 0.9140625 0.2951388888888889
0 0.060546875 0.3576388888888889 0.068359375 0.3576388888888889 0.068359375 0.3159722222222222 0.056640625 0.3159722222222222 0.0546875 0.3402777777777778 0.060546875 0.3576388888888889
0 0.25 0.4340277777777778 0.248046875 0.40625 0.232421875 0.4097222222222222 0.23046875 0.4375 0.25 0.4340277777777778
0 0.38671875 0.4305555555555556 0.392578125 0.3923611111111111 0.388671875 0.375 0.380859375 0.375 0.37890625 0.4236111111111111 0.38671875 0.4305555555555556
0 0.388671875 0.2847222222222222 0.392578125 0.2638888888888889 0.384765625 0.2604166666666667 0.380859375 0.2743055555555556 0.388671875 0.2847222222222222
0 0.306640625 0.3229166666666667 0.3125 0.3090277777777778 0.310546875 0.28125 0.3046875 0.28125 0.306640625 0.3229166666666667
0 0.07421875 0.3298611111111111 0.09375 0.3263888888888889 0.09375 0.2986111111111111 0.080078125 0.2916666666666667 0.072265625 0.3020833333333333 0.068359375 0.3159722222222222 0.07421875 0.3298611111111111
0 0.4375 0.71875 0.458984375 0.71875 0.4609375 0.6840277777777778 0.455078125 0.65625 0.443359375 0.65625 0.4375 0.6597222222222222 0.4375 0.71875
0 0.484375 0.9375 0.494140625 0.9826388888888888 0.50390625 0.96875 0.498046875 0.8333333333333334 0.50390625 0.8125 0.47265625 0.8576388888888888 0.46875 0.9201388888888888 0.484375 0.9375
0 0.548828125 0.7465277777777778 0.560546875 0.75 0.548828125 0.7673611111111112 0.55078125 0.7777777777777778 0.568359375 0.8055555555555556 0.58203125 0.8125 0.580078125 0.7986111111111112 0.595703125 0.7881944444444444 0.6171875 0.7951388888888888 0.6171875 0.7743055555555556 0.599609375 0.7222222222222222 0.58203125 0.7361111111111112 0.564453125 0.7326388888888888 0.5625 0.71875 0.5546875 0.71875 0.55078125 0.7326388888888888 0.5546875 0.7395833333333334 0.548828125 0.7465277777777778
0 0.287109375 0.3368055555555556 0.291015625 0.3090277777777778 0.28125 0.2986111111111111 0.279296875 0.3229166666666667 0.287109375 0.3368055555555556
0 0.373046875 0.3263888888888889 0.36328125 0.3055555555555556 0.373046875 0.2951388888888889 0.36328125 0.2951388888888889 0.361328125 0.3263888888888889 0.373046875 0.3263888888888889
0 0.26171875 0.28125 0.26171875 0.2638888888888889 0.25 0.2534722222222222 0.25 0.28125 0.26171875 0.28125
0 0.326171875 0.4027777777777778 0.326171875 0.4236111111111111 0.3125 0.4305555555555556 0.32421875 0.4479166666666667 0.330078125 0.4097222222222222 0.32421875 0.3923611111111111 0.31640625 0.3923611111111111 0.3125 0.3993055555555556 0.326171875 0.4027777777777778
0 0.970703125 0.3020833333333333 0.99609375 0.3090277777777778 0.998046875 0.2777777777777778 0.978515625 0.2743055555555556 0.96875 0.2847222222222222 0.970703125 0.3020833333333333
0 0.439453125 0.2361111111111111 0.44140625 0.21875 0.435546875 0.2152777777777778 0.431640625 0.2326388888888889 0.439453125 0.2361111111111111
0 0.28515625 0.5 0.287109375 0.4513888888888889 0.28125 0.4409722222222222 0.26953125 0.4513888888888889 0.267578125 0.4791666666666667 0.28515625 0.5
0 0.591796875 0.21875 0.591796875 0.1909722222222222 0.58203125 0.1909722222222222 0.58203125 0.21180555555555555 0.591796875 0.21875
0 0.359375 0.2951388888888889 0.36328125 0.2673611111111111 0.353515625 0.2604166666666667 0.349609375 0.28125 0.359375 0.2951388888888889
0 0.341796875 0.6597222222222222 0.349609375 0.6388888888888888 0.349609375 0.5972222222222222 0.330078125 0.59375 0.326171875 0.6493055555555556 0.341796875 0.6597222222222222
0 0.16796875 0.40625 0.205078125 0.3993055555555556 0.197265625 0.3680555555555556 0.16796875 0.3576388888888889 0.162109375 0.3854166666666667 0.16796875 0.40625
0 0.20703125 0.8784722222222222 0.2109375 0.875 0.205078125 0.8645833333333334 0.21875 0.8298611111111112 0.21875 0.7673611111111112 0.208984375 0.75 0.193359375 0.7604166666666666 0.193359375 0.84375 0.20703125 0.8784722222222222
0 0.861328125 0.2743055555555556 0.85546875 0.25 0.849609375 0.25 0.861328125 0.2743055555555556
0 0.841796875 0.25 0.837890625 0.2743055555555556 0.841796875 0.2777777777777778 0.849609375 0.25 0.841796875 0.25
0 0.88671875 0.2847222222222222 0.88671875 0.25 0.8671875 0.2569444444444444 0.86328125 0.28125 0.88671875 0.2847222222222222
0 0.81640625 0.4340277777777778 0.818359375 0.3854166666666667 0.8046875 0.3854166666666667 0.79296875 0.4027777777777778 0.79296875 0.4305555555555556 0.81640625 0.4340277777777778
0 0.572265625 0.9166666666666666 0.5859375 0.9513888888888888 0.60546875 0.9513888888888888 0.626953125 0.9791666666666666 0.62890625 0.9930555555555556 0.66796875 0.9930555555555556 0.66796875 0.9791666666666666 0.6484375 0.9479166666666666 0.6484375 0.9201388888888888 0.63671875 0.875 0.623046875 0.8888888888888888 0.623046875 0.9201388888888888 0.6171875 0.9305555555555556 0.603515625 0.9236111111111112 0.5859375 0.8784722222222222 0.580078125 0.8784722222222222 0.580078125 0.8993055555555556 0.572265625 0.9166666666666666
0 0.3125 0.2743055555555556 0.3125 0.2465277777777778 0.306640625 0.25 0.3125 0.2743055555555556
0 0.0546875 0.2986111111111111 0.048828125 0.2743055555555556 0.037109375 0.28125 0.037109375 0.3055555555555556 0.0546875 0.2986111111111111
0 0.537109375 0.2986111111111111 0.537109375 0.2777777777777778 0.53125 0.2743055555555556 0.53125 0.3125 0.537109375 0.2986111111111111
0 0.76171875 0.3472222222222222 0.76171875 0.3125 0.734375 0.3159722222222222 0.73046875 0.3472222222222222 0.76171875 0.3472222222222222
0 0.72265625 0.25 0.724609375 0.2326388888888889 0.712890625 0.2222222222222222 0.70703125 0.25 0.72265625 0.25