0 0.142578125 0.2777777777777778 0.140625 0.2569444444444444 0.12890625 0.2465277777777778 0.107421875 0.2604166666666667 0.11328125 0.2777777777777778 0.142578125 0.2777777777777778
0 0.23828125 0.4027777777777778 0.25390625 0.3888888888888889 0.25 0.3576388888888889 0.236328125 0.3611111111111111 0.23828125 0.4027777777777778
0 0.048828125 0.3263888888888889 0.04296875 0.2986111111111111 0.025390625 0.2951388888888889 0.0234375 0.3298611111111111 0.048828125 0.3263888888888889
0 0.28125 0.4513888888888889 0.275390625 0.4236111111111111 0.26171875 0.4340277777777778 0.26171875 0.4618055555555556 0.28125 0.4513888888888889
0 0.763671875 0.4409722222222222 0.767578125 0.4618055555555556 0.78125 0.4652777777777778 0.787109375 0.4548611111111111 0.79296875 0.46875 0.8046875 0.46875 0.8046875 0.4444444444444444 0.818359375 0.4131944444444444 0.818359375 0.3680555555555556 0.8125 0.3611111111111111 0.80078125 0.375 0.78515625 0.4201388888888889 0.763671875 0.4409722222222222
0 0.21875 0.5902777777777778 0.216796875 0.5763888888888888 0.224609375 0.5798611111111112 0.224609375 0.5486111111111112 0.203125 0.53125 0.19921875 0.5451388888888888 0.21875 0.5902777777777778
0 0.32421875 0.4513888888888889 0.326171875 0.4340277777777778 0.3125 0.4166666666666667 0.314453125 0.40625 0.326171875 0.4027777777777778 0.318359375 0.3923611111111111 0.3125 0.40625 0.306640625 0.4479166666666667 0.32421875 0.4513888888888889
0 0.28125 0.2673611111111111 0.275390625 0.24305555555555555 0.2734375 0.2638888888888889 0.28125 0.2673611111111111
0 0.201171875 0.3993055555555556 0.197265625 0.3680555555555556 0.16796875 0.3576388888888889 0.1640625 0.4027777777777778 0.201171875 0.3993055555555556
0 0.208984375 0.4722222222222222 0.220703125 0.4618055555555556 0.224609375 0.4340277777777778 0.220703125 0.4166666666666667 0.203125 0.4201388888888889 0.19921875 0.4652777777777778 0.208984375 0.4722222222222222
0 0.1171875 0.3125 0.111328125 0.28125 0.099609375 0.2847222222222222 0.099609375 0.3125 0.1171875 0.3125
0 0.34765625 0.4027777777777778 0.35546875 0.3611111111111111 0.341796875 0.3576388888888889 0.337890625 0.3854166666666667 0.34765625 0.4027777777777778
0 0.31640625 0.3263888888888889 0.322265625 0.3229166666666667 0.322265625 0.2951388888888889 0.3125 0.2951388888888889 0.31640625 0.3263888888888889
0 0.32421875 0.4513888888888889 0.32421875 0.4201388888888889 0.31640625 0.4097222222222222 0.310546875 0.4166666666666667 0.306640625 0.4513888888888889 0.32421875 0.4513888888888889
0 0.29296875 0.4513888888888889 0.29296875 0.4305555555555556 0.283203125 0.4340277777777778 0.28125 0.4513888888888889 0.29296875 0.4513888888888889
0 0.33203125 0.2361111111111111 0.35546875 0.24305555555555555 0.35546875 0.2152777777777778 0.33203125 0.21875 0.33203125 0.2361111111111111
0 0.224609375 0.3055555555555556 0.248046875 0.3159722222222222 0.25 0.2986111111111111 0.2421875 0.28125 0.234375 0.28125 0.224609375 0.2847222222222222 0.224609375 0.3055555555555556
0 0.193359375 0.65625 0.2109375 0.6701388888888888 0.2109375 0.6111111111111112 0.193359375 0.6076388888888888 0.1875 0.6388888888888888 0.193359375 0.65625