0 0.298828125 0.59375 0.3046875 0.6041666666666666 0.3359375 0.5763888888888888 0.353515625 0.5763888888888888 0.35546875 0.53125 0.349609375 0.5243055555555556 0.333984375 0.5590277777777778 0.322265625 0.53125 0.3125 0.53125 0.30078125 0.5590277777777778 0.3046875 0.5659722222222222 0.298828125 0.59375
0 0.111328125 0.3159722222222222 0.109375 0.28125 0.09765625 0.28125 0.09375 0.3159722222222222 0.111328125 0.3159722222222222
0 0.408203125 0.3298611111111111 0.40625 0.2951388888888889 0.39453125 0.2951388888888889 0.392578125 0.3229166666666667 0.408203125 0.3298611111111111
0 0.322265625 0.3402777777777778 0.33203125 0.3229166666666667 0.32421875 0.2916666666666667 0.318359375 0.2951388888888889 0.322265625 0.3402777777777778
0 0.412109375 0.3159722222222222 0.421875 0.3263888888888889 0.4140625 0.3125 0.423828125 0.3055555555555556 0.416015625 0.3090277777777778 0.4140625 0.2951388888888889 0.423828125 0.28125 0.41796875 0.2777777777777778 0.412109375 0.2847222222222222 0.412109375 0.3159722222222222
0 0.29296875 0.34375 0.3046875 0.34375 0.3046875 0.3090277777777778 0.298828125 0.3055555555555556 0.29296875 0.3090277777777778 0.29296875 0.34375
0 0.275390625 0.2465277777777778 0.279296875 0.22916666666666666 0.26953125 0.21875 0.267578125 0.24305555555555555 0.275390625 0.2465277777777778
0 0.701171875 0.3854166666666667 0.72265625 0.3680555555555556 0.73046875 0.3854166666666667 0.7421875 0.375 0.736328125 0.34375 0.724609375 0.3611111111111111 0.716796875 0.34375 0.708984375 0.3472222222222222 0.69921875 0.3715277777777778 0.701171875 0.3854166666666667
0 0.103515625 0.4409722222222222 0.099609375 0.3888888888888889 0.0859375 0.4027777777777778 0.0859375 0.4409722222222222 0.103515625 0.4409722222222222
0 0.3359375 0.3125 0.34375 0.3125 0.34375 0.28125 0.33203125 0.28125 0.3359375 0.3125
0 0.15234375 0.4340277777777778 0.154296875 0.3784722222222222 0.138671875 0.375 0.138671875 0.4236111111111111 0.15234375 0.4340277777777778
0 0.1796875 0.40625 0.177734375 0.3611111111111111 0.1640625 0.3645833333333333 0.162109375 0.4027777777777778 0.1796875 0.40625
0 0.35546875 0.3298611111111111 0.36328125 0.3263888888888889 0.361328125 0.28125 0.353515625 0.28125 0.35546875 0.3298611111111111
0 0.998046875 0.2951388888888889 0.998046875 0.2638888888888889 0.984375 0.2673611111111111 0.98046875 0.2951388888888889 0.998046875 0.2951388888888889
0 0.560546875 0.4201388888888889 0.57421875 0.40625 0.58203125 0.4201388888888889 0.591796875 0.4201388888888889 0.591796875 0.3784722222222222 0.576171875 0.4027777777777778 0.56640625 0.3958333333333333 0.568359375 0.375 0.5625 0.375 0.548828125 0.4166666666666667 0.560546875 0.4201388888888889
0 0.392578125 0.3368055555555556 0.392578125 0.3055555555555556 0.380859375 0.2951388888888889 0.37890625 0.3298611111111111 0.392578125 0.3368055555555556
0 0.2421875 0.2638888888888889 0.2421875 0.2326388888888889 0.234375 0.2326388888888889 0.23046875 0.25 0.2421875 0.2638888888888889
0 0.275390625 0.34375 0.28515625 0.3402777777777778 0.28125 0.2951388888888889 0.2734375 0.2951388888888889 0.275390625 0.34375
0 0.111328125 0.53125 0.1171875 0.5347222222222222 0.126953125 0.53125 0.134765625 0.5104166666666666 0.142578125 0.5243055555555556 0.1484375 0.5069444444444444 0.16015625 0.5277777777777778 0.171875 0.5138888888888888 0.171875 0.4965277777777778 0.162109375 0.4826388888888889 0.166015625 0.46875 0.142578125 0.5138888888888888 0.130859375 0.4965277777777778 0.130859375 0.46875 0.12890625 0.4861111111111111 0.1171875 0.4861111111111111 0.111328125 0.5069444444444444 0.111328125 0.53125
0 0.26171875 0.3541666666666667 0.26953125 0.3541666666666667 0.2734375 0.3263888888888889 0.26171875 0.3159722222222222 0.255859375 0.3263888888888889 0.26171875 0.3541666666666667