0 0.90625 0.2777777777777778 0.904296875 0.2534722222222222 0.88671875 0.2604166666666667 0.88671875 0.28125 0.90625 0.2777777777777778
0 0.080078125 0.2743055555555556 0.10546875 0.2777777777777778 0.10546875 0.25 0.091796875 0.2361111111111111 0.080078125 0.2465277777777778 0.080078125 0.2743055555555556
0 0.36328125 0.3090277777777778 0.3671875 0.2777777777777778 0.361328125 0.2777777777777778 0.36328125 0.3090277777777778
0 0.85546875 0.2534722222222222 0.85546875 0.22916666666666666 0.837890625 0.23958333333333334 0.8359375 0.25 0.85546875 0.2534722222222222
0 0.884765625 0.4479166666666667 0.9296875 0.4479166666666667 0.92578125 0.4236111111111111 0.91015625 0.4027777777777778 0.892578125 0.4027777777777778 0.880859375 0.4201388888888889 0.884765625 0.4479166666666667
0 0.884765625 0.3923611111111111 0.8984375 0.3923611111111111 0.912109375 0.3576388888888889 0.9296875 0.3541666666666667 0.9296875 0.3263888888888889 0.892578125 0.3472222222222222 0.880859375 0.375 0.884765625 0.3923611111111111
0 0.060546875 0.3402777777777778 0.0859375 0.3368055555555556 0.083984375 0.3090277777777778 0.060546875 0.3090277777777778 0.060546875 0.3402777777777778
0 0.69921875 0.3541666666666667 0.73046875 0.3541666666666667 0.734375 0.3263888888888889 0.712890625 0.3125 0.69921875 0.3368055555555556 0.69921875 0.3541666666666667
0 0.375 0.21875 0.375 0.2013888888888889 0.369140625 0.2013888888888889 0.375 0.21875
0 0.88671875 0.2534722222222222 0.88671875 0.2361111111111111 0.873046875 0.2361111111111111 0.869140625 0.2534722222222222 0.88671875 0.2534722222222222
0 0.775390625 0.3888888888888889 0.787109375 0.3888888888888889 0.796875 0.3715277777777778 0.78125 0.3472222222222222 0.7734375 0.3680555555555556 0.775390625 0.3888888888888889
0 0.142578125 0.2743055555555556 0.1484375 0.25 0.130859375 0.2361111111111111 0.130859375 0.2743055555555556 0.142578125 0.2743055555555556
0 0.884765625 0.3923611111111111 0.90625 0.3854166666666667 0.91015625 0.3576388888888889 0.90234375 0.34375 0.892578125 0.3472222222222222 0.880859375 0.375 0.884765625 0.3923611111111111
0 0.32421875 0.2916666666666667 0.330078125 0.2916666666666667 0.330078125 0.25 0.32421875 0.25 0.32421875 0.2916666666666667
0 0.3359375 0.4270833333333333 0.34375 0.4340277777777778 0.3359375 0.4479166666666667 0.341796875 0.4479166666666667 0.349609375 0.40625 0.3359375 0.40625 0.3359375 0.4270833333333333
0 0.35546875 0.4791666666666667 0.35546875 0.5034722222222222 0.34375 0.5138888888888888 0.3515625 0.5347222222222222 0.359375 0.4826388888888889 0.35546875 0.4722222222222222 0.345703125 0.4756944444444444 0.34375 0.4826388888888889 0.35546875 0.4791666666666667
0 0.310546875 0.2951388888888889 0.31640625 0.3055555555555556 0.31640625 0.2673611111111111 0.310546875 0.2673611111111111 0.310546875 0.2951388888888889
0 0.26953125 0.5972222222222222 0.28125 0.625 0.291015625 0.5590277777777778 0.287109375 0.5486111111111112 0.275390625 0.5486111111111112 0.26953125 0.5625 0.26953125 0.5972222222222222
0 0.3125 0.4375 0.322265625 0.4305555555555556 0.322265625 0.3888888888888889 0.310546875 0.3888888888888889 0.3125 0.4375
0 0.298828125 0.5451388888888888 0.3046875 0.5451388888888888 0.3125 0.4826388888888889 0.29296875 0.4826388888888889 0.298828125 0.5451388888888888
0 0.810546875 0.4027777777777778 0.810546875 0.3611111111111111 0.80078125 0.3576388888888889 0.79296875 0.3680555555555556 0.787109375 0.4027777777777778 0.810546875 0.4027777777777778
0 0.873046875 0.375 0.87890625 0.3472222222222222 0.853515625 0.3368055555555556 0.849609375 0.3680555555555556 0.873046875 0.375
0 0.3671875 0.24305555555555555 0.365234375 0.21875 0.361328125 0.24305555555555555 0.3671875 0.24305555555555555
0 0.9609375 0.2916666666666667 0.9765625 0.2638888888888889 0.9921875 0.2708333333333333 0.978515625 0.2916666666666667 0.986328125 0.2951388888888889 0.998046875 0.2638888888888889 0.98046875 0.25 0.98046875 0.2604166666666667 0.966796875 0.2604166666666667 0.95703125 0.2743055555555556 0.955078125 0.2847222222222222 0.9609375 0.2916666666666667
0 0.837890625 0.4097222222222222 0.85546875 0.4097222222222222 0.853515625 0.3784722222222222 0.84765625 0.3715277777777778 0.83203125 0.375 0.8125 0.3993055555555556 0.8125 0.4375 0.837890625 0.4097222222222222
0 0.3984375 0.78125 0.404296875 0.78125 0.412109375 0.6805555555555556 0.388671875 0.6805555555555556 0.38671875 0.7430555555555556 0.3984375 0.78125
0 0.41796875 0.6666666666666666 0.416015625 0.65625 0.412109375 0.6701388888888888 0.41796875 0.6666666666666666
0 0.41796875 0.5486111111111112 0.4296875 0.5798611111111112 0.4375 0.5659722222222222 0.4375 0.5173611111111112 0.423828125 0.5138888888888888 0.41796875 0.5138888888888888 0.41796875 0.5486111111111112
0 0.5234375 0.78125 0.529296875 0.7673611111111112 0.53125 0.6840277777777778 0.5234375 0.6701388888888888 0.513671875 0.6701388888888888 0.501953125 0.7048611111111112 0.494140625 0.6736111111111112 0.48828125 0.7048611111111112 0.5234375 0.78125
0 0.5341796875 0.6579861111111112 0.005859375 0.003472222222222222
0 0.76953125 0.3715277777777778 0.78125 0.3159722222222222 0.76953125 0.3125 0.755859375 0.34375 0.755859375 0.3611111111111111 0.76953125 0.3715277777777778
0 0.310546875 0.9236111111111112 0.3125 0.9513888888888888 0.322265625 0.9618055555555556 0.3359375 0.8125 0.310546875 0.8159722222222222 0.298828125 0.8298611111111112 0.30078125 0.9027777777777778 0.310546875 0.9236111111111112