0 0.162109375 0.3854166666666667 0.171875 0.3472222222222222 0.15625 0.3402777777777778 0.154296875 0.3645833333333333 0.162109375 0.3854166666666667
0 0.041015625 0.3541666666666667 0.04296875 0.3125 0.03125 0.3055555555555556 0.01953125 0.3159722222222222 0.017578125 0.3541666666666667 0.041015625 0.3541666666666667
0 0.412109375 0.6180555555555556 0.421875 0.6354166666666666 0.435546875 0.59375 0.421875 0.5763888888888888 0.435546875 0.5625 0.42578125 0.5625 0.412109375 0.5763888888888888 0.412109375 0.6180555555555556
0 0.662109375 0.9722222222222222 0.6875 0.9722222222222222 0.693359375 0.9826388888888888 0.708984375 0.9826388888888888 0.7109375 0.9930555555555556 0.73046875 0.9930555555555556 0.71875 0.8923611111111112 0.69921875 0.9097222222222222 0.6875 0.9375 0.671875 0.8819444444444444 0.6796875 0.8402777777777778 0.671875 0.8576388888888888 0.65625 0.84375 0.6484375 0.9201388888888888 0.662109375 0.9722222222222222
0 0.849609375 0.9930555555555556 0.84375 0.96875 0.82421875 0.96875 0.81640625 0.9965277777777778 0.849609375 0.9930555555555556
0 0.755859375 0.9826388888888888 0.763671875 0.9930555555555556 0.79296875 0.9930555555555556 0.78515625 0.9375 0.771484375 0.9201388888888888 0.75390625 0.9201388888888888 0.75 0.9340277777777778 0.755859375 0.9826388888888888
0 0.447265625 0.9722222222222222 0.435546875 0.9861111111111112 0.4375 0.9965277777777778 0.4453125 0.9826388888888888 0.447265625 0.9965277777777778 0.48046875 0.9930555555555556 0.47265625 0.9722222222222222 0.4609375 0.9652777777777778 0.4609375 0.9513888888888888 0.44921875 0.9479166666666666 0.4453125 0.96875 0.435546875 0.9479166666666666 0.435546875 0.9618055555555556 0.447265625 0.9722222222222222
0 0.388671875 0.9930555555555556 0.412109375 0.9965277777777778 0.404296875 0.9201388888888888 0.38671875 0.9201388888888888 0.380859375 0.9722222222222222 0.388671875 0.9930555555555556
0 0.125 0.4652777777777778 0.125 0.4375 0.10546875 0.4375 0.10546875 0.4652777777777778 0.125 0.4652777777777778
0 0.10546875 0.3090277777777778 0.1171875 0.3125 0.119140625 0.2916666666666667 0.111328125 0.2777777777777778 0.10546875 0.2777777777777778 0.10546875 0.3090277777777778
0 0.365234375 0.7847222222222222 0.37890625 0.8125 0.390625 0.8159722222222222 0.392578125 0.7604166666666666 0.380859375 0.71875 0.3671875 0.7152777777777778 0.35546875 0.7361111111111112 0.35546875 0.78125 0.365234375 0.7847222222222222
0 0.380859375 0.7013888888888888 0.388671875 0.7152777777777778 0.3984375 0.7777777777777778 0.416015625 0.75 0.408203125 0.6493055555555556 0.37890625 0.6493055555555556 0.380859375 0.7013888888888888
0 0.861328125 0.9930555555555556 0.84375 0.96875 0.82421875 0.96875 0.81640625 0.9965277777777778 0.861328125 0.9930555555555556
0 0.75 0.90625 0.748046875 0.96875 0.75390625 0.9930555555555556 0.79296875 0.9930555555555556 0.783203125 0.9340277777777778 0.79296875 0.8958333333333334 0.8125 0.8715277777777778 0.798828125 0.8576388888888888 0.794921875 0.8715277777777778 0.775390625 0.875 0.748046875 0.8263888888888888 0.7421875 0.8402777777777778 0.73828125 0.8888888888888888 0.75 0.90625
0 0.4296875 0.7013888888888888 0.44140625 0.7048611111111112 0.455078125 0.6666666666666666 0.46875 0.6666666666666666 0.466796875 0.6388888888888888 0.45703125 0.6076388888888888 0.4453125 0.625 0.4296875 0.625 0.42578125 0.6875 0.4296875 0.7013888888888888
0 0.04296875 0.3263888888888889 0.07421875 0.3368055555555556 0.080078125 0.3159722222222222 0.0625 0.2847222222222222 0.04296875 0.2986111111111111 0.04296875 0.3263888888888889
0 0 0.5277777777777778 0.01171875 0.5173611111111112 0.01171875 0.4861111111111111 0.017578125 0.4722222222222222 0.005859375 0.4409722222222222 0 0.4479166666666667 0 0.5277777777777778
0 0.1484375 0.3541666666666667 0.15625 0.3368055555555556 0.154296875 0.3125 0.138671875 0.3125 0.138671875 0.3368055555555556 0.1484375 0.3541666666666667
0 0.955078125 0.78125 0.962890625 0.7847222222222222 0.9609375 0.8055555555555556 0.986328125 0.7951388888888888 0.986328125 0.7604166666666666 0.97265625 0.7118055555555556 0.94921875 0.7118055555555556 0.943359375 0.75 0.955078125 0.78125
0 0.474609375 0.9548611111111112 0.482421875 0.9548611111111112 0.486328125 0.90625 0.48046875 0.8923611111111112 0.486328125 0.8611111111111112 0.474609375 0.8263888888888888 0.451171875 0.8263888888888888 0.451171875 0.9201388888888888 0.474609375 0.9548611111111112
0 0.529296875 0.78125 0.513671875 0.7951388888888888 0.51953125 0.8263888888888888 0.53125 0.8541666666666666 0.5625 0.8680555555555556 0.568359375 0.84375 0.564453125 0.8159722222222222 0.556640625 0.8055555555555556 0.568359375 0.78125 0.5546875 0.7777777777777778 0.537109375 0.7986111111111112 0.525390625 0.7673611111111112 0.525390625 0.7465277777777778 0.517578125 0.7430555555555556 0.517578125 0.7673611111111112 0.529296875 0.78125
0 0.060546875 0.46875 0.0625 0.4409722222222222 0.046875 0.4340277777777778 0.04296875 0.4722222222222222 0.060546875 0.46875
0 0.037109375 0.4479166666666667 0.04296875 0.3993055555555556 0.03125 0.3993055555555556 0.03125 0.4479166666666667 0.037109375 0.4479166666666667
0 0.29296875 0.6527777777777778 0.3046875 0.6701388888888888 0.3046875 0.5798611111111112 0.291015625 0.5868055555555556 0.287109375 0.6076388888888888 0.29296875 0.6527777777777778
0 0.1171875 0.3784722222222222 0.1328125 0.375 0.12890625 0.3298611111111111 0.111328125 0.3159722222222222 0.10546875 0.3368055555555556 0.1171875 0.3784722222222222
0 0.1875 0.5138888888888888 0.20703125 0.5416666666666666 0.212890625 0.5243055555555556 0.212890625 0.4861111111111111 0.19140625 0.4826388888888889 0.185546875 0.4930555555555556 0.1875 0.5138888888888888
0 0.3046875 0.5729166666666666 0.30078125 0.5104166666666666 0.28515625 0.5173611111111112 0.28125 0.5451388888888888 0.3046875 0.5729166666666666
0 0.25390625 0.6041666666666666 0.255859375 0.53125 0.23828125 0.53125 0.2421875 0.59375 0.25390625 0.6041666666666666
0 0.32421875 0.8541666666666666 0.34375 0.8611111111111112 0.341796875 0.9131944444444444 0.359375 0.9340277777777778 0.369140625 0.9618055555555556 0.373046875 0.9548611111111112 0.361328125 0.9375 0.373046875 0.9322916666666666 0.373046875 0.8576388888888888 0.36328125 0.8229166666666666 0.34375 0.8263888888888888 0.337890625 0.84375 0.32421875 0.8315972222222222 0.32421875 0.8541666666666666
0 0.91015625 0.7743055555555556 0.955078125 0.8402777777777778 0.96875 0.8472222222222222 0.95703125 0.8229166666666666 0.96875 0.7951388888888888 0.966796875 0.78125 0.947265625 0.75 0.9375 0.75 0.935546875 0.7604166666666666 0.91015625 0.7743055555555556
0 0.087890625 0.4201388888888889 0.09765625 0.4375 0.10546875 0.4201388888888889 0.10546875 0.3993055555555556 0.099609375 0.3923611111111111 0.087890625 0.4027777777777778 0.087890625 0.4201388888888889
0 0.4765625 0.7951388888888888 0.48046875 0.8402777777777778 0.486328125 0.8298611111111112 0.48046875 0.8229166666666666 0.486328125 0.8125 0.478515625 0.8055555555555556 0.484375 0.7951388888888888 0.474609375 0.7430555555555556 0.48046875 0.7291666666666666 0.474609375 0.7395833333333334 0.46484375 0.7326388888888888 0.4609375 0.7743055555555556 0.4765625 0.7951388888888888
0 0.34375 0.5972222222222222 0.3671875 0.6180555555555556 0.375 0.6041666666666666 0.375 0.5625 0.373046875 0.5451388888888888 0.361328125 0.5451388888888888 0.361328125 0.5590277777777778 0.34375 0.5972222222222222
0 0.134765625 0.3055555555555556 0.1484375 0.2951388888888889 0.1484375 0.2673611111111111 0.13671875 0.2638888888888889 0.130859375 0.2777777777777778 0.134765625 0.3055555555555556
0 0.603515625 0.9930555555555556 0.650390625 0.9930555555555556 0.654296875 0.9722222222222222 0.63671875 0.9201388888888888 0.6171875 0.8993055555555556 0.599609375 0.9097222222222222 0.59375 0.9375 0.603515625 0.9930555555555556
0 0.638671875 0.6701388888888888 0.638671875 0.6875 0.677734375 0.75 0.666015625 0.7291666666666666 0.681640625 0.7118055555555556 0.6796875 0.65625 0.671875 0.625 0.654296875 0.6388888888888888 0.6484375 0.6701388888888888 0.638671875 0.6701388888888888
0 0.19921875 0.4027777777777778 0.205078125 0.3923611111111111 0.19921875 0.3715277777777778 0.16796875 0.3576388888888889 0.162109375 0.3993055555555556 0.19921875 0.4027777777777778
0 0.298828125 0.8263888888888888 0.3125 0.8263888888888888 0.31640625 0.7638888888888888 0.30078125 0.7222222222222222 0.283203125 0.7291666666666666 0.287109375 0.8125 0.298828125 0.8263888888888888