0 0.26171875 0.3541666666666667 0.259765625 0.3298611111111111 0.25 0.3298611111111111 0.2421875 0.34375 0.2421875 0.3680555555555556 0.26171875 0.3541666666666667
0 0.375 0.5 0.37890625 0.4479166666666667 0.36328125 0.4479166666666667 0.36328125 0.4930555555555556 0.375 0.5
0 0.1171875 0.4479166666666667 0.130859375 0.4340277777777778 0.130859375 0.40625 0.12109375 0.3993055555555556 0.11328125 0.3993055555555556 0.1171875 0.4479166666666667
0 0.142578125 0.2951388888888889 0.142578125 0.2638888888888889 0.125 0.2743055555555556 0.125 0.2986111111111111 0.142578125 0.2951388888888889
0 0.97265625 0.9965277777777778 0.998046875 0.9965277777777778 0.998046875 0.90625 0.986328125 0.9201388888888888 0.984375 0.9652777777777778 0.97265625 0.9965277777777778
0 0.44140625 0.7430555555555556 0.44921875 0.7465277777777778 0.44921875 0.6909722222222222 0.435546875 0.6909722222222222 0.423828125 0.7013888888888888 0.44140625 0.7430555555555556
0 0.19921875 0.5034722222222222 0.2109375 0.4548611111111111 0.20703125 0.4409722222222222 0.193359375 0.4409722222222222 0.1875 0.4791666666666667 0.19921875 0.5034722222222222
0 0.2734375 0.3506944444444444 0.287109375 0.3576388888888889 0.287109375 0.3298611111111111 0.279296875 0.3263888888888889 0.2734375 0.3298611111111111 0.2734375 0.3506944444444444
0 0.3046875 0.375 0.3125 0.375 0.3125 0.3402777777777778 0.3046875 0.3402777777777778 0.30078125 0.3611111111111111 0.3046875 0.375
0 0.166015625 0.4027777777777778 0.19921875 0.3993055555555556 0.205078125 0.3888888888888889 0.19921875 0.3680555555555556 0.16796875 0.3576388888888889 0.162109375 0.3854166666666667 0.166015625 0.4027777777777778
0 0.5234375 0.8888888888888888 0.525390625 0.9548611111111112 0.541015625 0.9791666666666666 0.54296875 0.9965277777777778 0.560546875 0.9965277777777778 0.556640625 0.9444444444444444 0.5625 0.9305555555555556 0.552734375 0.8819444444444444 0.5546875 0.8576388888888888 0.53125 0.8576388888888888 0.53125 0.8784722222222222 0.5234375 0.8888888888888888
0 0.5625 0.8368055555555556 0.556640625 0.8402777777777778 0.5546875 0.8541666666666666 0.5625 0.8368055555555556
0 0.513671875 0.9375 0.51171875 0.875 0.50390625 0.8576388888888888 0.509765625 0.8368055555555556 0.505859375 0.8263888888888888 0.4921875 0.8958333333333334 0.513671875 0.9375
0 0.380859375 0.3923611111111111 0.388671875 0.4201388888888889 0.39453125 0.3854166666666667 0.38671875 0.3680555555555556 0.380859375 0.3680555555555556 0.380859375 0.3923611111111111
0 0.423828125 0.8298611111111112 0.423828125 0.8715277777777778 0.443359375 0.9097222222222222 0.44921875 0.9375 0.447265625 0.9201388888888888 0.455078125 0.9097222222222222 0.455078125 0.8159722222222222 0.44921875 0.7951388888888888 0.435546875 0.7986111111111112 0.42578125 0.8159722222222222 0.4296875 0.8229166666666666 0.423828125 0.8298611111111112
0 0.400390625 0.3680555555555556 0.404296875 0.3159722222222222 0.39453125 0.3125 0.392578125 0.34375 0.400390625 0.3680555555555556