0 0.833984375 0.4201388888888889 0.84375 0.40625 0.841796875 0.3715277777777778 0.79296875 0.375 0.787109375 0.4201388888888889 0.833984375 0.4201388888888889
0 0.150390625 0.4375 0.15625 0.46875 0.1640625 0.4722222222222222 0.16796875 0.4201388888888889 0.16015625 0.4097222222222222 0.150390625 0.4236111111111111 0.150390625 0.4375
0 0.61328125 0.4722222222222222 0.6171875 0.4652777777777778 0.609375 0.4548611111111111 0.6171875 0.4427083333333333 0.6171875 0.4201388888888889 0.611328125 0.4201388888888889 0.60546875 0.4513888888888889 0.61328125 0.4722222222222222
0 0.349609375 0.7638888888888888 0.36328125 0.7673611111111112 0.38671875 0.7951388888888888 0.392578125 0.7638888888888888 0.38671875 0.7569444444444444 0.37890625 0.6875 0.3671875 0.6875 0.359375 0.7013888888888888 0.3359375 0.6875 0.33203125 0.7118055555555556 0.349609375 0.7638888888888888
0 0.091796875 0.4965277777777778 0.107421875 0.5173611111111112 0.11328125 0.4722222222222222 0.10546875 0.4548611111111111 0.09375 0.4548611111111111 0.087890625 0.4722222222222222 0.091796875 0.4965277777777778
0 0.03125 0.4513888888888889 0.03125 0.4027777777777778 0.01953125 0.40625 0.017578125 0.4479166666666667 0.03125 0.4513888888888889
0 0.388671875 0.53125 0.3984375 0.53125 0.3984375 0.4861111111111111 0.38671875 0.4722222222222222 0.380859375 0.4965277777777778 0.388671875 0.53125
0 0.875 0.28125 0.892578125 0.2777777777777778 0.88671875 0.25 0.875 0.25 0.8671875 0.2638888888888889 0.875 0.28125
0 0.16015625 0.3680555555555556 0.166015625 0.3611111111111111 0.162109375 0.3229166666666667 0.154296875 0.3229166666666667 0.16015625 0.3680555555555556
0 0.27734375 0.9305555555555556 0.29296875 0.9513888888888888 0.310546875 0.9479166666666666 0.3125 0.9236111111111112 0.326171875 0.8888888888888888 0.32421875 0.8576388888888888 0.318359375 0.8472222222222222 0.30078125 0.8472222222222222 0.298828125 0.8680555555555556 0.2890625 0.875 0.26953125 0.8472222222222222 0.267578125 0.8263888888888888 0.26171875 0.8611111111111112 0.26171875 0.8993055555555556 0.27734375 0.9305555555555556
0 0.041015625 0.5208333333333334 0.060546875 0.5451388888888888 0.060546875 0.4861111111111111 0.0546875 0.46875 0.04296875 0.4722222222222222 0.037109375 0.4826388888888889 0.041015625 0.5208333333333334
0 0.1171875 0.5763888888888888 0.130859375 0.5798611111111112 0.138671875 0.5972222222222222 0.142578125 0.5347222222222222 0.13671875 0.5243055555555556 0.11328125 0.53125 0.10546875 0.5486111111111112 0.1171875 0.5763888888888888
0 0.7421875 0.7638888888888888 0.748046875 0.7673611111111112 0.75 0.75 0.7578125 0.75 0.763671875 0.7743055555555556 0.787109375 0.78125 0.798828125 0.7986111111111112 0.81640625 0.7916666666666666 0.818359375 0.78125 0.796875 0.7013888888888888 0.78515625 0.7013888888888888 0.783203125 0.7152777777777778 0.75 0.71875 0.73828125 0.7048611111111112 0.736328125 0.75 0.7421875 0.7638888888888888
0 0.57421875 0.6041666666666666 0.57421875 0.5416666666666666 0.55078125 0.5486111111111112 0.548828125 0.5902777777777778 0.57421875 0.6041666666666666
0 0.12890625 0.375 0.13671875 0.375 0.13671875 0.3402777777777778 0.12890625 0.3402777777777778 0.125 0.3611111111111111 0.12890625 0.375
0 0.06640625 0.8125 0.07421875 0.8125 0.07421875 0.6979166666666666 0.068359375 0.6875 0.0546875 0.6875 0.048828125 0.6979166666666666 0.048828125 0.78125 0.06640625 0.8125
0 0.13671875 0.4513888888888889 0.142578125 0.4409722222222222 0.142578125 0.4027777777777778 0.130859375 0.3923611111111111 0.125 0.4236111111111111 0.13671875 0.4513888888888889
0 0.310546875 0.5763888888888888 0.333984375 0.5902777777777778 0.330078125 0.53125 0.30859375 0.53125 0.3046875 0.5451388888888888 0.310546875 0.5763888888888888
0 0.052734375 0.4340277777777778 0.046875 0.4201388888888889 0.0546875 0.4079861111111111 0.0546875 0.3854166666666667 0.05078125 0.375 0.037109375 0.3784722222222222 0.037109375 0.4201388888888889 0.052734375 0.4340277777777778
0 0.912109375 0.8263888888888888 0.9375 0.8472222222222222 0.98046875 0.8368055555555556 0.97265625 0.7673611111111112 0.955078125 0.7673611111111112 0.935546875 0.8194444444444444 0.905598958984375 0.7847222222222222 0.912109375 0.7986111111111112 0.888671875 0.8055555555555556 0.8984375 0.8229166666666666 0.91015625 0.8090277777777778 0.912109375 0.8263888888888888
0 0.859375 0.28125 0.85546875 0.2534722222222222 0.833984375 0.2569444444444444 0.83203125 0.2777777777777778 0.859375 0.28125
0 0.4921875 0.7673611111111112 0.525390625 0.8090277777777778 0.53125 0.7951388888888888 0.53125 0.7638888888888888 0.5234375 0.7013888888888888 0.517578125 0.6909722222222222 0.505859375 0.7013888888888888 0.505859375 0.7291666666666666 0.4921875 0.7673611111111112
0 0.41796875 0.8923611111111112 0.41796875 0.9027777777777778 0.40625 0.9097222222222222 0.40625 0.9340277777777778 0.41796875 0.9652777777777778 0.443359375 0.9930555555555556 0.45703125 0.9791666666666666 0.46875 0.9930555555555556 0.486328125 0.9930555555555556 0.48046875 0.9583333333333334 0.484375 0.9375 0.474609375 0.8888888888888888 0.45703125 0.8923611111111112 0.443359375 0.9236111111111112 0.42578125 0.9166666666666666 0.421875 0.875 0.416015625 0.875 0.40625 0.8854166666666666 0.41796875 0.8923611111111112
0 0.279296875 0.5451388888888888 0.279296875 0.4861111111111111 0.263671875 0.4930555555555556 0.267578125 0.5416666666666666 0.279296875 0.5451388888888888
0 0.423828125 0.4930555555555556 0.423828125 0.4409722222222222 0.412109375 0.4409722222222222 0.412109375 0.4791666666666667 0.423828125 0.4930555555555556
0 0.2890625 0.6076388888888888 0.310546875 0.6354166666666666 0.3125 0.5798611111111112 0.3046875 0.5590277777777778 0.2734375 0.5659722222222222 0.2734375 0.6041666666666666 0.2890625 0.6076388888888888
0 0.1171875 0.46875 0.123046875 0.4305555555555556 0.109375 0.4201388888888889 0.10546875 0.4548611111111111 0.1171875 0.46875
0 0.787109375 0.9618055555555556 0.79296875 0.9791666666666666 0.787109375 0.9861111111111112 0.822265625 0.9930555555555556 0.818359375 0.9375 0.810546875 0.9166666666666666 0.796875 0.90625 0.787109375 0.9236111111111112 0.787109375 0.9618055555555556
0 0.7421875 0.9479166666666666 0.734375 0.9756944444444444 0.724609375 0.9826388888888888 0.734375 0.9826388888888888 0.736328125 0.9930555555555556 0.767578125 0.9930555555555556 0.76953125 0.9722222222222222 0.76171875 0.9479166666666666 0.7529296875 0.9322916666666666 0.7421875 0.9375 0.744140625 0.9097222222222222 0.736328125 0.9236111111111112 0.73046875 0.90625 0.724609375 0.9166666666666666 0.7421875 0.9479166666666666
0 0.62890625 0.3888888888888889 0.630859375 0.34375 0.625 0.3472222222222222 0.623046875 0.3819444444444444 0.62890625 0.3888888888888889
0 0.2578125 0.6805555555555556 0.263671875 0.6979166666666666 0.2734375 0.7013888888888888 0.267578125 0.6215277777777778 0.255859375 0.6076388888888888 0.2421875 0.6319444444444444 0.2421875 0.6805555555555556 0.2578125 0.6805555555555556
0 0.830078125 0.96875 0.84765625 0.9722222222222222 0.85546875 0.9930555555555556 0.87890625 0.9930555555555556 0.875 0.90625 0.853515625 0.8611111111111112 0.8359375 0.875 0.837890625 0.8888888888888888 0.82421875 0.9375 0.822265625 0.9513888888888888 0.830078125 0.96875
0 0.279296875 0.40625 0.28125 0.3715277777777778 0.275390625 0.3611111111111111 0.265625 0.3645833333333333 0.267578125 0.3993055555555556 0.279296875 0.40625
0 0.330078125 0.4826388888888889 0.341796875 0.4930555555555556 0.341796875 0.4305555555555556 0.330078125 0.4236111111111111 0.326171875 0.4652777777777778 0.330078125 0.4826388888888889
0 0.09375 0.65625 0.111328125 0.65625 0.109375 0.5763888888888888 0.087890625 0.5763888888888888 0.080078125 0.6180555555555556 0.09375 0.65625
0 0.046875 0.9236111111111112 0.033203125 0.9236111111111112 0.017578125 0.90625 0.01953125 0.9305555555555556 0.0546875 0.9930555555555556 0.06640625 0.9826388888888888 0.068359375 0.9930555555555556 0.08984375 0.9965277777777778 0.087890625 0.9479166666666666 0.09375 0.9201388888888888 0.087890625 0.8923611111111112 0.072265625 0.8680555555555556 0.05078125 0.8784722222222222 0.04296875 0.8888888888888888 0.046875 0.9236111111111112
0 0.03125 0.8715277777777778 0.029296875 0.8611111111111112 0.0234375 0.8715277777777778 0.03125 0.8715277777777778
0 0.0234375 0.3229166666666667 0.03125 0.3125 0.03125 0.2951388888888889 0.01953125 0.2847222222222222 0.013671875 0.3159722222222222 0.0234375 0.3229166666666667
0 0.943359375 0.9375 0.998046875 0.9791666666666666 0.998046875 0.9305555555555556 0.986328125 0.8888888888888888 0.982421875 0.8923611111111112 0.9609375 0.8472222222222222 0.943359375 0.84375 0.935546875 0.8819444444444444 0.943359375 0.9375
0 0.53125 0.7048611111111112 0.53515625 0.7291666666666666 0.552734375 0.7638888888888888 0.560546875 0.75 0.560546875 0.7222222222222222 0.5546875 0.7152777777777778 0.55078125 0.6736111111111112 0.541015625 0.6597222222222222 0.53125 0.6736111111111112 0.53125 0.7048611111111112
0 0.654296875 0.8125 0.69921875 0.8472222222222222 0.70703125 0.8715277777777778 0.71875 0.875 0.724609375 0.84375 0.71875 0.8298611111111112 0.72265625 0.8090277777777778 0.716796875 0.78125 0.69921875 0.7604166666666666 0.6796875 0.7847222222222222 0.662109375 0.7326388888888888 0.650390625 0.7326388888888888 0.642578125 0.7847222222222222 0.654296875 0.8125
0 0.54296875 0.9618055555555556 0.546875 0.9826388888888888 0.568359375 0.9965277777777778 0.59375 0.9930555555555556 0.58203125 0.9548611111111112 0.572265625 0.8784722222222222 0.560546875 0.875 0.548828125 0.8888888888888888 0.55078125 0.9375 0.54296875 0.9618055555555556
0 0.505859375 0.9340277777777778 0.5234375 0.9618055555555556 0.53125 0.9166666666666666 0.5234375 0.8958333333333334 0.5234375 0.8715277777777778 0.517578125 0.8576388888888888 0.50390625 0.8611111111111112 0.5 0.90625 0.505859375 0.9340277777777778
0 0.185546875 0.59375 0.185546875 0.5243055555555556 0.17578125 0.5173611111111112 0.162109375 0.5347222222222222 0.162109375 0.5659722222222222 0.185546875 0.59375
0 0.599609375 0.7361111111111112 0.630859375 0.7743055555555556 0.630859375 0.7118055555555556 0.625 0.7256944444444444 0.619140625 0.71875 0.615234375 0.7326388888888888 0.599609375 0.7361111111111112
0 0.576171875 0.7951388888888888 0.5859375 0.7951388888888888 0.5859375 0.7569444444444444 0.591796875 0.7430555555555556 0.5859375 0.7152777777777778 0.578125 0.7013888888888888 0.568359375 0.7013888888888888 0.568359375 0.78125 0.576171875 0.7951388888888888
0 0.31640625 0.78125 0.32421875 0.8368055555555556 0.341796875 0.8402777777777778 0.34375 0.8125 0.330078125 0.7708333333333334 0.326171875 0.7291666666666666 0.310546875 0.7326388888888888 0.30078125 0.7673611111111112 0.31640625 0.78125
0 0.28125 0.75 0.29296875 0.75 0.287109375 0.7222222222222222 0.28125 0.7222222222222222 0.28125 0.75
0 0.4375 0.7777777777777778 0.451171875 0.8125 0.462890625 0.8159722222222222 0.466796875 0.7743055555555556 0.4609375 0.7638888888888888 0.4609375 0.7326388888888888 0.443359375 0.7118055555555556 0.4375 0.71875 0.4375 0.7777777777777778
0 0.10546875 0.375 0.10546875 0.3472222222222222 0.09375 0.34375 0.09375 0.3715277777777778 0.10546875 0.375
0 0.59375 0.8888888888888888 0.599609375 0.8576388888888888 0.58984375 0.8368055555555556 0.58203125 0.8402777777777778 0.580078125 0.8680555555555556 0.59375 0.8888888888888888
0 0.619140625 0.9305555555555556 0.634765625 0.9375 0.6484375 0.9652777777777778 0.671875 0.96875 0.673828125 0.9236111111111112 0.662109375 0.90625 0.662109375 0.875 0.650390625 0.8263888888888888 0.630859375 0.8125 0.62890625 0.8854166666666666 0.61328125 0.8715277777777778 0.61328125 0.8611111111111112 0.60546875 0.875 0.603515625 0.90625 0.619140625 0.9305555555555556
0 0.224609375 0.8055555555555556 0.244140625 0.8541666666666666 0.25 0.8541666666666666 0.255859375 0.84375 0.25390625 0.7777777777777778 0.2421875 0.75 0.23046875 0.75 0.22265625 0.7604166666666666 0.224609375 0.8055555555555556
0 0.75 0.5243055555555556 0.755859375 0.5104166666666666 0.75 0.4826388888888889 0.728515625 0.4722222222222222 0.724609375 0.5 0.75 0.5243055555555556
0 0.60546875 0.59375 0.611328125 0.59375 0.611328125 0.5138888888888888 0.599609375 0.5104166666666666 0.59375 0.5277777777777778 0.591796875 0.5625 0.60546875 0.59375
0 0.212890625 0.5451388888888888 0.2109375 0.4826388888888889 0.205078125 0.4722222222222222 0.193359375 0.4826388888888889 0.193359375 0.5243055555555556 0.212890625 0.5451388888888888
0 0.185546875 0.875 0.19140625 0.8576388888888888 0.1796875 0.8368055555555556 0.185546875 0.875
0 0.1640625 0.828125 0.00390625 0.003472222222222222
0 0.208984375 0.8611111111111112 0.19921875 0.8715277777777778 0.19921875 0.8854166666666666 0.212890625 0.8888888888888888 0.224609375 0.9166666666666666 0.23046875 0.90625 0.23046875 0.8229166666666666 0.21875 0.7951388888888888 0.205078125 0.7986111111111112 0.19140625 0.8159722222222222 0.208984375 0.8611111111111112
0 0.662109375 0.7118055555555556 0.66796875 0.7152777777777778 0.677734375 0.6979166666666666 0.69921875 0.7222222222222222 0.701171875 0.7013888888888888 0.6875 0.6909722222222222 0.69921875 0.6701388888888888 0.697265625 0.6284722222222222 0.68359375 0.6388888888888888 0.65625 0.6354166666666666 0.654296875 0.6666666666666666 0.662109375 0.7118055555555556
0 0.193359375 0.7152777777777778 0.201171875 0.7118055555555556 0.208984375 0.6840277777777778 0.224609375 0.6979166666666666 0.236328125 0.6701388888888888 0.232421875 0.65625 0.212890625 0.6527777777777778 0.212890625 0.6805555555555556 0.19921875 0.6875 0.19921875 0.6666666666666666 0.185546875 0.6458333333333334 0.193359375 0.6805555555555556 0.1796875 0.6805555555555556 0.1796875 0.6979166666666666 0.193359375 0.7152777777777778