0 0.87890625 0.3055555555555556 0.892578125 0.3055555555555556 0.90625 0.28125 0.90625 0.2638888888888889 0.89453125 0.2534722222222222 0.880859375 0.2638888888888889 0.875 0.28125 0.87890625 0.3055555555555556
0 0.29296875 0.6493055555555556 0.3046875 0.625 0.3359375 0.625 0.330078125 0.6145833333333334 0.341796875 0.59375 0.326171875 0.6111111111111112 0.32421875 0.5902777777777778 0.34375 0.5555555555555556 0.330078125 0.5555555555555556 0.318359375 0.5972222222222222 0.3046875 0.5902777777777778 0.3046875 0.5625 0.291015625 0.5763888888888888 0.28515625 0.6388888888888888 0.29296875 0.6493055555555556
0 0.607421875 0.3263888888888889 0.609375 0.2951388888888889 0.599609375 0.2847222222222222 0.59765625 0.3263888888888889 0.607421875 0.3263888888888889
0 0.7265625 0.46875 0.75 0.4722222222222222 0.755859375 0.4513888888888889 0.75390625 0.4201388888888889 0.728515625 0.4166666666666667 0.71875 0.4375 0.71875 0.4791666666666667 0.7265625 0.46875
0 0 0.46875 0.013671875 0.4618055555555556 0.01171875 0.4201388888888889 0.005859375 0.4097222222222222 0 0.4097222222222222 0 0.46875
0 0.125 0.40625 0.12890625 0.4201388888888889 0.142578125 0.4166666666666667 0.142578125 0.3888888888888889 0.134765625 0.3680555555555556 0.12890625 0.3611111111111111 0.115234375 0.375 0.11328125 0.40625 0.125 0.40625
0 0.998046875 0.3402777777777778 0.998046875 0.2951388888888889 0.9765625 0.3020833333333333 0.974609375 0.3402777777777778 0.998046875 0.3402777777777778
0 0.19921875 0.5138888888888888 0.20703125 0.5243055555555556 0.25 0.5243055555555556 0.248046875 0.4861111111111111 0.236328125 0.4826388888888889 0.224609375 0.4965277777777778 0.205078125 0.4722222222222222 0.19921875 0.4791666666666667 0.19921875 0.5138888888888888
0 0.94921875 0.3125 0.94921875 0.28125 0.923828125 0.2847222222222222 0.923828125 0.3055555555555556 0.94921875 0.3125
0 0.15625 0.5 0.20703125 0.4791666666666667 0.205078125 0.4513888888888889 0.181640625 0.4548611111111111 0.173828125 0.4409722222222222 0.162109375 0.4479166666666667 0.150390625 0.4861111111111111 0.15625 0.5
0 0.03515625 0.4409722222222222 0.048828125 0.4375 0.04296875 0.4027777777777778 0.033203125 0.3888888888888889 0.025390625 0.3923611111111111 0.025390625 0.4305555555555556 0.03515625 0.4409722222222222
0 0.205078125 0.3923611111111111 0.193359375 0.3611111111111111 0.16796875 0.3576388888888889 0.16796875 0.3993055555555556 0.205078125 0.3923611111111111
0 0.09765625 0.4305555555555556 0.10546875 0.4236111111111111 0.10546875 0.3923611111111111 0.09765625 0.375 0.087890625 0.375 0.087890625 0.4201388888888889 0.09765625 0.4305555555555556
0 0.06640625 0.4375 0.07421875 0.4340277777777778 0.080078125 0.4236111111111111 0.07421875 0.3715277777777778 0.0546875 0.3819444444444444 0.0546875 0.4201388888888889 0.06640625 0.4375
0 0 0.8298611111111112 0.013671875 0.8090277777777778 0.017578125 0.7847222222222222 0.009765625 0.7638888888888888 0 0.7638888888888888 0 0.8298611111111112
0 0.98046875 0.2916666666666667 0.978515625 0.2673611111111111 0.95703125 0.2638888888888889 0.95703125 0.2951388888888889 0.98046875 0.2916666666666667
0 0.5546875 0.4375 0.564453125 0.4236111111111111 0.58203125 0.4236111111111111 0.591796875 0.4375 0.59375 0.3923611111111111 0.578125 0.4027777777777778 0.572265625 0.3993055555555556 0.572265625 0.3854166666666667 0.5625 0.3923611111111111 0.55078125 0.4201388888888889 0.5546875 0.4375
0 0.412109375 0.4166666666666667 0.41796875 0.4340277777777778 0.423828125 0.4236111111111111 0.455078125 0.4201388888888889 0.455078125 0.3888888888888889 0.423828125 0.3854166666666667 0.42578125 0.4201388888888889 0.412109375 0.4166666666666667
0 0.642578125 0.4201388888888889 0.642578125 0.4375 0.6796875 0.4375 0.6875 0.4027777777777778 0.6796875 0.3923611111111111 0.66796875 0.40625 0.65625 0.3888888888888889 0.654296875 0.40625 0.642578125 0.4201388888888889
0 0.85546875 0.2986111111111111 0.85546875 0.2743055555555556 0.837890625 0.2638888888888889 0.8359375 0.2951388888888889 0.85546875 0.2986111111111111