0 0.0625 0.3263888888888889 0.0859375 0.3263888888888889 0.0859375 0.2951388888888889 0.076171875 0.2951388888888889 0.0703125 0.28125 0.060546875 0.28125 0.0625 0.3263888888888889
0 0.26171875 0.4027777777777778 0.267578125 0.3888888888888889 0.263671875 0.3506944444444444 0.255859375 0.3402777777777778 0.25390625 0.3923611111111111 0.26171875 0.4027777777777778
0 0.33203125 0.4201388888888889 0.330078125 0.3784722222222222 0.318359375 0.3854166666666667 0.318359375 0.4201388888888889 0.33203125 0.4201388888888889
0 0.4609375 0.375 0.4609375 0.3229166666666667 0.44921875 0.3159722222222222 0.44921875 0.3715277777777778 0.4609375 0.375
0 0.08203125 0.46875 0.08203125 0.4166666666666667 0.068359375 0.4166666666666667 0.072265625 0.4652777777777778 0.08203125 0.46875
0 0.14453125 0.3125 0.14453125 0.28125 0.130859375 0.2673611111111111 0.125 0.3125 0.14453125 0.3125
0 0.048828125 0.3298611111111111 0.0546875 0.3055555555555556 0.04296875 0.2847222222222222 0.03125 0.2916666666666667 0.0234375 0.3159722222222222 0.048828125 0.3298611111111111
0 0.955078125 0.3576388888888889 0.998046875 0.3541666666666667 0.986328125 0.3298611111111111 0.955078125 0.34375 0.955078125 0.3576388888888889
0 0.29296875 0.4548611111111111 0.298828125 0.4409722222222222 0.298828125 0.40625 0.294921875 0.3888888888888889 0.28515625 0.3923611111111111 0.28125 0.4340277777777778 0.29296875 0.4548611111111111
0 0.384765625 0.3993055555555556 0.392578125 0.3923611111111111 0.392578125 0.3576388888888889 0.38671875 0.3472222222222222 0.380859375 0.3472222222222222 0.384765625 0.3993055555555556
0 0.10546875 0.46875 0.115234375 0.4722222222222222 0.119140625 0.4236111111111111 0.10546875 0.4201388888888889 0.099609375 0.4409722222222222 0.10546875 0.46875
0 0.0859375 0.3263888888888889 0.10546875 0.3263888888888889 0.10546875 0.2951388888888889 0.091796875 0.2847222222222222 0.0859375 0.2951388888888889 0.0859375 0.3263888888888889
0 0.1875 0.4479166666666667 0.193359375 0.4652777777777778 0.19921875 0.4652777777777778 0.205078125 0.4236111111111111 0.205078125 0.40625 0.19921875 0.4027777777777778 0.1875 0.40625 0.1875 0.4479166666666667
0 0.06640625 0.3888888888888889 0.08203125 0.3923611111111111 0.076171875 0.3576388888888889 0.06640625 0.3576388888888889 0.06640625 0.3888888888888889
0 0.162109375 0.3923611111111111 0.166015625 0.3576388888888889 0.162109375 0.34375 0.15234375 0.34375 0.150390625 0.3854166666666667 0.162109375 0.3923611111111111
0 0.138671875 0.4513888888888889 0.15625 0.4618055555555556 0.154296875 0.3923611111111111 0.14453125 0.3784722222222222 0.13671875 0.3923611111111111 0.138671875 0.4513888888888889
0 0.755859375 0.3576388888888889 0.767578125 0.3576388888888889 0.771484375 0.3368055555555556 0.78515625 0.3229166666666667 0.787109375 0.2986111111111111 0.76953125 0.2916666666666667 0.75 0.3125 0.748046875 0.34375 0.755859375 0.3576388888888889
0 0.125 0.3784722222222222 0.134765625 0.3888888888888889 0.125 0.3993055555555556 0.12890625 0.40625 0.13671875 0.3993055555555556 0.13671875 0.3576388888888889 0.125 0.3576388888888889 0.125 0.3784722222222222
0 0.09765625 0.3888888888888889 0.1171875 0.3923611111111111 0.111328125 0.3576388888888889 0.09765625 0.3576388888888889 0.09765625 0.3888888888888889
0 0.94921875 0.3055555555555556 0.9609375 0.2951388888888889 0.9609375 0.2743055555555556 0.951171875 0.2534722222222222 0.931640625 0.2743055555555556 0.9296875 0.2847222222222222 0.94921875 0.3055555555555556
0 0.431640625 0.3888888888888889 0.443359375 0.3854166666666667 0.439453125 0.34375 0.4296875 0.34375 0.431640625 0.3888888888888889
0 0.998046875 0.3090277777777778 0.998046875 0.2743055555555556 0.984375 0.28125 0.98046875 0.3055555555555556 0.998046875 0.3090277777777778
0 0.35546875 0.3576388888888889 0.361328125 0.3368055555555556 0.357421875 0.3159722222222222 0.349609375 0.3125 0.34765625 0.3402777777777778 0.35546875 0.3576388888888889
0 0.5234375 0.3923611111111111 0.525390625 0.3472222222222222 0.513671875 0.34375 0.51171875 0.3888888888888889 0.5234375 0.3923611111111111
0 0.115234375 0.5798611111111112 0.13671875 0.5590277777777778 0.134765625 0.5451388888888888 0.15625 0.5590277777777778 0.162109375 0.5416666666666666 0.15625 0.5034722222222222 0.142578125 0.5451388888888888 0.130859375 0.5381944444444444 0.12890625 0.5138888888888888 0.1171875 0.5138888888888888 0.10546875 0.5763888888888888 0.115234375 0.5798611111111112