0 0.673828125 0.4618055555555556 0.69921875 0.4618055555555556 0.71875 0.4479166666666667 0.716796875 0.40625 0.6875 0.4027777777777778 0.673828125 0.4236111111111111 0.66796875 0.4409722222222222 0.673828125 0.4618055555555556
0 0.287109375 0.4513888888888889 0.298828125 0.4375 0.330078125 0.4340277777777778 0.330078125 0.4097222222222222 0.32421875 0.4027777777777778 0.3125 0.40625 0.306640625 0.4201388888888889 0.298828125 0.4166666666666667 0.298828125 0.3993055555555556 0.29296875 0.4027777777777778 0.28125 0.4236111111111111 0.287109375 0.4513888888888889
0 0.005859375 0.5138888888888888 0 0.5243055555555556 0.009765625 0.5104166666666666 0.048828125 0.5104166666666666 0.0546875 0.5 0.048828125 0.4618055555555556 0.0234375 0.4722222222222222 0.021484375 0.4826388888888889 0.009765625 0.4826388888888889 0.005859375 0.46875 0.001953125 0.4756944444444444 0 0.5034722222222222 0.005859375 0.5138888888888888
0 0.267578125 0.3576388888888889 0.267578125 0.3159722222222222 0.26171875 0.3125 0.255859375 0.3541666666666667 0.267578125 0.3576388888888889
0 0.904296875 0.3611111111111111 0.91796875 0.3715277777777778 0.923828125 0.3576388888888889 0.91796875 0.3125 0.90625 0.2986111111111111 0.892578125 0.2986111111111111 0.88671875 0.3125 0.8828125 0.3680555555555556 0.904296875 0.3611111111111111
0 0.423828125 0.4305555555555556 0.4296875 0.4166666666666667 0.455078125 0.4201388888888889 0.4609375 0.40625 0.435546875 0.3784722222222222 0.41796875 0.4027777777777778 0.416015625 0.4166666666666667 0.423828125 0.4305555555555556
0 0.193359375 0.65625 0.201171875 0.6388888888888888 0.19921875 0.59375 0.185546875 0.6041666666666666 0.1796875 0.59375 0.1796875 0.6458333333333334 0.193359375 0.65625
0 0.16015625 0.625 0.16796875 0.6493055555555556 0.1640625 0.6145833333333334 0.171875 0.6076388888888888 0.162109375 0.5902777777777778 0.1484375 0.59375 0.14453125 0.6076388888888888 0.16015625 0.625
0 0.71875 0.4340277777777778 0.744140625 0.4375 0.75 0.4479166666666667 0.76171875 0.4340277777777778 0.759765625 0.4027777777777778 0.7421875 0.3888888888888889 0.724609375 0.3993055555555556 0.71875 0.40625 0.71875 0.4340277777777778
0 0.337890625 0.5 0.34375 0.53125 0.3671875 0.4965277777777778 0.37890625 0.5138888888888888 0.38671875 0.5 0.38671875 0.4652777777777778 0.375 0.4652777777777778 0.3671875 0.4826388888888889 0.361328125 0.46875 0.349609375 0.4652777777777778 0.349609375 0.4791666666666667 0.337890625 0.5
0 0.109375 0.7673611111111112 0.119140625 0.75 0.17578125 0.7118055555555556 0.173828125 0.65625 0.162109375 0.65625 0.162109375 0.6736111111111112 0.1484375 0.6909722222222222 0.12890625 0.6805555555555556 0.125 0.6666666666666666 0.10546875 0.6701388888888888 0.09375 0.7638888888888888 0.109375 0.7673611111111112