0 0.36328125 0.3680555555555556 0.369140625 0.3263888888888889 0.359375 0.3263888888888889 0.35546875 0.3298611111111111 0.36328125 0.3680555555555556
0 0.255859375 0.375 0.255859375 0.34375 0.2421875 0.3402777777777778 0.23828125 0.3680555555555556 0.255859375 0.375
0 0.109375 0.2743055555555556 0.1015625 0.2465277777777778 0.080078125 0.25 0.080078125 0.2777777777777778 0.109375 0.2743055555555556
0 0.98046875 0.2847222222222222 0.998046875 0.2847222222222222 0.998046875 0.2361111111111111 0.9921875 0.2361111111111111 0.98046875 0.25 0.98046875 0.2847222222222222
0 0.787109375 0.40625 0.810546875 0.4027777777777778 0.810546875 0.3611111111111111 0.80078125 0.3541666666666667 0.787109375 0.375 0.787109375 0.40625
0 0.947265625 0.875 0.970703125 0.8923611111111112 0.998046875 0.9305555555555556 0.998046875 0.8368055555555556 0.9921875 0.7951388888888888 0.98046875 0.7951388888888888 0.96875 0.8125 0.9609375 0.8611111111111112 0.947265625 0.875
0 0.900390625 0.8090277777777778 0.90625 0.84375 0.947265625 0.8680555555555556 0.94921875 0.8263888888888888 0.931640625 0.7881944444444444 0.931640625 0.7638888888888888 0.912109375 0.7638888888888888 0.912109375 0.78125 0.900390625 0.8090277777777778
0 0.162109375 0.2916666666666667 0.15625 0.2638888888888889 0.14453125 0.2743055555555556 0.14453125 0.2951388888888889 0.162109375 0.2916666666666667
0 0.28125 0.2638888888888889 0.28515625 0.25 0.275390625 0.24305555555555555 0.275390625 0.2638888888888889 0.28125 0.2638888888888889
0 0.1484375 0.2638888888888889 0.146484375 0.25 0.130859375 0.2465277777777778 0.130859375 0.2777777777777778 0.1484375 0.2638888888888889
0 0.875 0.2604166666666667 0.888671875 0.25 0.88671875 0.2326388888888889 0.873046875 0.2326388888888889 0.8671875 0.25 0.875 0.2604166666666667
0 0.404296875 0.7743055555555556 0.408203125 0.7881944444444444 0.419921875 0.7847222222222222 0.41796875 0.8125 0.44140625 0.8576388888888888 0.44921875 0.8368055555555556 0.44921875 0.7361111111111112 0.4375 0.7326388888888888 0.41796875 0.7638888888888888 0.41015625 0.7465277777777778 0.404296875 0.75 0.404296875 0.7743055555555556
0 0.453125 0.7204861111111112 0.00390625 0.003472222222222222
0 0.111328125 0.46875 0.1171875 0.4201388888888889 0.099609375 0.4097222222222222 0.099609375 0.4513888888888889 0.111328125 0.46875
0 0.322265625 0.3368055555555556 0.31640625 0.3125 0.31640625 0.3472222222222222 0.322265625 0.3368055555555556
0 0.861328125 0.3576388888888889 0.86328125 0.3888888888888889 0.896484375 0.3784722222222222 0.91015625 0.3576388888888889 0.91015625 0.34375 0.900390625 0.3368055555555556 0.87890625 0.3576388888888889 0.861328125 0.3576388888888889
0 0.724609375 0.3576388888888889 0.73046875 0.3472222222222222 0.73046875 0.3263888888888889 0.724609375 0.3229166666666667 0.70703125 0.3159722222222222 0.69921875 0.3298611111111111 0.69921875 0.3576388888888889 0.724609375 0.3576388888888889
0 0.9296875 0.4479166666666667 0.9296875 0.4340277777777778 0.912109375 0.3993055555555556 0.89453125 0.3993055555555556 0.8828125 0.4166666666666667 0.884765625 0.4479166666666667 0.9296875 0.4479166666666667
0 0.35546875 0.28125 0.35546875 0.2534722222222222 0.349609375 0.25 0.34765625 0.28125 0.35546875 0.28125
0 0.927734375 0.3402777777777778 0.9296875 0.3576388888888889 0.955078125 0.34375 0.94921875 0.3125 0.923828125 0.3402777777777778 0.916015625 0.3576388888888889 0.927734375 0.3402777777777778
0 0.810546875 0.4375 0.837890625 0.4097222222222222 0.8671875 0.4201388888888889 0.861328125 0.3923611111111111 0.84765625 0.3784722222222222 0.837890625 0.3854166666666667 0.8359375 0.375 0.82421875 0.375 0.818359375 0.3854166666666667 0.810546875 0.4097222222222222 0.810546875 0.4375
0 0.259765625 0.3611111111111111 0.26953125 0.3472222222222222 0.259765625 0.34375 0.259765625 0.3611111111111111
0 0.259765625 0.3784722222222222 0.267578125 0.3784722222222222 0.259765625 0.3611111111111111 0.259765625 0.3784722222222222
0 0.353515625 0.3229166666666667 0.35546875 0.2951388888888889 0.34765625 0.28125 0.34375 0.3090277777777778 0.353515625 0.3229166666666667
0 0.375 0.2743055555555556 0.375 0.24305555555555555 0.369140625 0.24305555555555555 0.375 0.2743055555555556
0 0.853515625 0.2743055555555556 0.8515625 0.25 0.8359375 0.25 0.8359375 0.2743055555555556 0.853515625 0.2743055555555556
0 0.767578125 0.3680555555555556 0.775390625 0.3888888888888889 0.783203125 0.3888888888888889 0.787109375 0.3680555555555556 0.779296875 0.3506944444444444 0.78515625 0.34375 0.787109375 0.3125 0.76953125 0.3125 0.76171875 0.3263888888888889 0.75390625 0.3576388888888889 0.767578125 0.3680555555555556
0 0.802734375 0.2673611111111111 0.8046875 0.24305555555555555 0.787109375 0.2361111111111111 0.78125 0.2604166666666667 0.802734375 0.2673611111111111
0 0.255859375 0.2777777777777778 0.267578125 0.2777777777777778 0.265625 0.2604166666666667 0.255859375 0.2604166666666667 0.255859375 0.2777777777777778