0 0.9296875 0.2847222222222222 0.955078125 0.2951388888888889 0.95703125 0.2673611111111111 0.9375 0.2604166666666667 0.9296875 0.2673611111111111 0.9296875 0.2847222222222222
0 0.36328125 0.6493055555555556 0.373046875 0.6527777777777778 0.37890625 0.625 0.369140625 0.59375 0.341796875 0.6006944444444444 0.36328125 0.6493055555555556
0 0.2109375 0.40625 0.224609375 0.4166666666666667 0.244140625 0.40625 0.248046875 0.3854166666666667 0.228515625 0.3680555555555556 0.2109375 0.375 0.2109375 0.40625
0 0.0859375 0.3229166666666667 0.09375 0.3229166666666667 0.099609375 0.3159722222222222 0.099609375 0.2951388888888889 0.09765625 0.2847222222222222 0.0859375 0.28125 0.080078125 0.3020833333333333 0.0859375 0.3229166666666667
0 0.255859375 0.3229166666666667 0.267578125 0.3229166666666667 0.267578125 0.2916666666666667 0.255859375 0.2916666666666667 0.255859375 0.3229166666666667
0 0.35546875 0.5 0.365234375 0.5277777777777778 0.369140625 0.46875 0.361328125 0.4652777777777778 0.35546875 0.4652777777777778 0.35546875 0.5
0 0.8203125 0.4270833333333333 0.8125 0.4375 0.84375 0.3993055555555556 0.830078125 0.3888888888888889 0.81640625 0.4097222222222222 0.8125 0.4201388888888889 0.8203125 0.4270833333333333
0 0.310546875 0.28125 0.31640625 0.2777777777777778 0.3125 0.25 0.306640625 0.2604166666666667 0.310546875 0.28125
0 0.048828125 0.59375 0.046875 0.5590277777777778 0.029296875 0.5555555555555556 0.017578125 0.5659722222222222 0.017578125 0.625 0.048828125 0.59375
0 0.0625 0.3229166666666667 0.0625 0.2951388888888889 0.048828125 0.2951388888888889 0.046875 0.3263888888888889 0.0625 0.3229166666666667
0 0.30859375 0.4340277777777778 0.310546875 0.4097222222222222 0.3046875 0.3888888888888889 0.29296875 0.3888888888888889 0.29296875 0.4375 0.30859375 0.4340277777777778
0 0.048828125 0.5625 0.0546875 0.5590277777777778 0.0546875 0.5763888888888888 0.068359375 0.5729166666666666 0.080078125 0.5555555555555556 0.0703125 0.5451388888888888 0.080078125 0.5277777777777778 0.068359375 0.5347222222222222 0.04296875 0.5138888888888888 0.041015625 0.5416666666666666 0.048828125 0.5625
0 0.16796875 0.3993055555555556 0.19921875 0.4027777777777778 0.2109375 0.3854166666666667 0.2109375 0.375 0.16796875 0.3576388888888889 0.162109375 0.3854166666666667 0.16796875 0.3993055555555556
0 0.25390625 0.3402777777777778 0.255859375 0.3125 0.244140625 0.3090277777777778 0.2421875 0.3298611111111111 0.25390625 0.3402777777777778
0 0.15625 0.4861111111111111 0.173828125 0.46875 0.173828125 0.4305555555555556 0.15625 0.4305555555555556 0.15625 0.4861111111111111
0 0.546875 0.5416666666666666 0.5546875 0.5451388888888888 0.556640625 0.53125 0.541015625 0.5173611111111112 0.5546875 0.5 0.548828125 0.4826388888888889 0.541015625 0.4861111111111111 0.537109375 0.5138888888888888 0.546875 0.5416666666666666
0 0.2839133515625 0.24936868749999996 0.291015625 0.24305555555555555 0.287109375 0.2361111111111111 0.2839133515625 0.24936868749999996
0 0.291015625 0.2638888888888889 0.28359375 0.25069444444444444 0.28125 0.2604166666666667 0.291015625 0.2638888888888889
0 0.998046875 0.2951388888888889 0.998046875 0.2777777777777778 0.986328125 0.2638888888888889 0.97265625 0.2743055555555556 0.96875 0.2951388888888889 0.998046875 0.2951388888888889
0 0.810546875 0.4201388888888889 0.80078125 0.375 0.787109375 0.3854166666666667 0.787109375 0.4201388888888889 0.810546875 0.4201388888888889
0 0.326171875 0.40625 0.341796875 0.4340277777777778 0.349609375 0.3888888888888889 0.33203125 0.3715277777777778 0.326171875 0.3715277777777778 0.326171875 0.40625
0 0.818359375 0.2638888888888889 0.826171875 0.2743055555555556 0.84375 0.2743055555555556 0.84375 0.24305555555555555 0.830078125 0.24305555555555555 0.818359375 0.25 0.818359375 0.2638888888888889
0 0.345703125 0.7569444444444444 0.35546875 0.7777777777777778 0.38671875 0.8055555555555556 0.375 0.6875 0.36328125 0.6840277777777778 0.34765625 0.7048611111111112 0.341796875 0.7222222222222222 0.345703125 0.7569444444444444
0 0.173828125 0.40625 0.205078125 0.4027777777777778 0.2109375 0.3923611111111111 0.2109375 0.375 0.16796875 0.3576388888888889 0.162109375 0.3923611111111111 0.173828125 0.40625
0 0.31640625 0.7152777777777778 0.306640625 0.6388888888888888 0.28125 0.6423611111111112 0.28125 0.6736111111111112 0.31640625 0.7152777777777778