0 0.16796875 0.4027777777777778 0.19921875 0.4027777777777778 0.205078125 0.3923611111111111 0.19921875 0.375 0.16796875 0.3576388888888889 0.162109375 0.3854166666666667 0.16796875 0.4027777777777778
0 0.53515625 0.3541666666666667 0.53125 0.3611111111111111 0.5427537265625 0.3781536701388889 0.546875 0.3576388888888889 0.53515625 0.3541666666666667
0 0.537109375 0.40625 0.542629076171875 0.37877415625 0.53125 0.3888888888888889 0.537109375 0.40625
0 0.5234375 0.5104166666666666 0.53125 0.4965277777777778 0.53125 0.4513888888888889 0.513671875 0.4513888888888889 0.51171875 0.5 0.5234375 0.5104166666666666
0 0.12890625 0.4375 0.130859375 0.4027777777777778 0.125 0.3888888888888889 0.11328125 0.3958333333333333 0.11328125 0.4340277777777778 0.12890625 0.4375
0 0.162109375 0.3611111111111111 0.16796875 0.3576388888888889 0.166015625 0.3159722222222222 0.15625 0.3125 0.15625 0.3576388888888889 0.162109375 0.3611111111111111
0 0.4921875 0.65625 0.48828125 0.5625 0.462890625 0.5625 0.4609375 0.6180555555555556 0.4921875 0.65625
0 0.5625 0.9965277777777778 0.560546875 0.9548611111111112 0.54296875 0.96875 0.53515625 0.9965277777777778 0.5625 0.9965277777777778
0 0.353515625 0.9027777777777778 0.38671875 0.9375 0.392578125 0.9166666666666666 0.380859375 0.8715277777777778 0.384765625 0.84375 0.375 0.7986111111111112 0.35546875 0.8125 0.361328125 0.8541666666666666 0.353515625 0.9027777777777778
0 0.32421875 0.8182881944444444 0.32421875 0.8576388888888888 0.3359375 0.8854166666666666 0.349609375 0.8923611111111112 0.349609375 0.84375 0.33203125 0.7951388888888888 0.326171875 0.7951388888888888 0.33203125 0.8090277777777778 0.32421875 0.8182881944444444
0 0.005859375 0.4513888888888889 0.01171875 0.4513888888888889 0.017578125 0.4375 0.017578125 0.4027777777777778 0.00390625 0.3923611111111111 0 0.4305555555555556 0.005859375 0.4513888888888889
0 0.318359375 0.5416666666666666 0.318359375 0.5034722222222222 0.310546875 0.4930555555555556 0.298828125 0.5 0.30078125 0.5416666666666666 0.318359375 0.5416666666666666
0 0.13671875 0.5208333333333334 0.142578125 0.5729166666666666 0.154296875 0.5798611111111112 0.15625 0.5 0.142578125 0.5 0.130859375 0.5138888888888888 0.13671875 0.5208333333333334
0 0.330078125 0.5416666666666666 0.3359375 0.5486111111111112 0.3359375 0.5763888888888888 0.34375 0.5763888888888888 0.349609375 0.5 0.337890625 0.4930555555555556 0.330078125 0.4965277777777778 0.330078125 0.5416666666666666
0 0.826171875 0.9513888888888888 0.826171875 0.9652777777777778 0.84375 0.9791666666666666 0.8671875 0.9618055555555556 0.8984375 0.9722222222222222 0.900390625 0.9513888888888888 0.90625 0.9618055555555556 0.90625 0.9861111111111112 0.9140625 0.9861111111111112 0.916015625 0.96875 0.89453125 0.9409722222222222 0.880859375 0.8993055555555556 0.865234375 0.875 0.859375 0.8854166666666666 0.85546875 0.875 0.85546875 0.9166666666666666 0.826171875 0.9513888888888888
0 0.787109375 0.8680555555555556 0.78515625 0.8888888888888888 0.798828125 0.9305555555555556 0.81640625 0.9375 0.830078125 0.9166666666666666 0.822265625 0.8854166666666666 0.822265625 0.84375 0.806640625 0.8263888888888888 0.79296875 0.8263888888888888 0.796875 0.8576388888888888 0.787109375 0.8680555555555556
0 0.4921875 0.5486111111111112 0.48828125 0.5590277777777778 0.494140625 0.5763888888888888 0.505859375 0.5798611111111112 0.51171875 0.5729166666666666 0.509765625 0.5 0.4921875 0.5104166666666666 0.486328125 0.53125 0.4921875 0.5486111111111112
0 0.40234375 0.4513888888888889 0.39453125 0.4618055555555556 0.400390625 0.4652777777777778 0.412109375 0.4340277777777778 0.412109375 0.40625 0.39453125 0.40625 0.392578125 0.4375 0.40234375 0.4513888888888889
0 0.134765625 0.3888888888888889 0.13671875 0.3541666666666667 0.125 0.34375 0.125 0.3888888888888889 0.134765625 0.3888888888888889
0 0.07421875 0.8090277777777778 0.0859375 0.75 0.08203125 0.6979166666666666 0.0625 0.6909722222222222 0.052734375 0.7013888888888888 0.05078125 0.75 0.07421875 0.8090277777777778
0 0.6484375 0.9618055555555556 0.67578125 0.9930555555555556 0.73046875 0.9965277777777778 0.724609375 0.9791666666666666 0.724609375 0.9375 0.7109375 0.8923611111111112 0.69921875 0.8854166666666666 0.693359375 0.8993055555555556 0.69140625 0.9479166666666666 0.66796875 0.8993055555555556 0.666015625 0.8715277777777778 0.65625 0.8576388888888888 0.638671875 0.8576388888888888 0.63671875 0.9340277777777778 0.6484375 0.9618055555555556
0 0.068359375 0.3854166666666667 0.080078125 0.3993055555555556 0.087890625 0.3680555555555556 0.0859375 0.3541666666666667 0.07421875 0.34375 0.068359375 0.3472222222222222 0.068359375 0.3854166666666667
0 0.91796875 0.9513888888888888 0.923828125 0.9930555555555556 0.931640625 0.9861111111111112 0.9375 0.9965277777777778 0.986328125 0.9965277777777778 0.984375 0.96875 0.96875 0.9479166666666666 0.96875 0.9305555555555556 0.95703125 0.90625 0.955078125 0.875 0.9375 0.8784722222222222 0.92578125 0.9097222222222222 0.9296875 0.9340277777777778 0.91796875 0.9513888888888888
0 0.880859375 0.8854166666666666 0.89453125 0.9201388888888888 0.91015625 0.9305555555555556 0.912109375 0.9097222222222222 0.8984375 0.8854166666666666 0.904296875 0.8784722222222222 0.8984375 0.8576388888888888 0.8828125 0.84375 0.873046875 0.84375 0.880859375 0.8854166666666666
0 0.505859375 0.75 0.51953125 0.7465277777777778 0.505859375 0.7777777777777778 0.513671875 0.7986111111111112 0.53125 0.8263888888888888 0.541015625 0.8263888888888888 0.541015625 0.84375 0.56640625 0.8715277777777778 0.572265625 0.8298611111111112 0.556640625 0.7604166666666666 0.560546875 0.75 0.537109375 0.75 0.51171875 0.7326388888888888 0.5 0.7326388888888888 0.505859375 0.75
0 0.146484375 0.8263888888888888 0.162109375 0.8680555555555556 0.173828125 0.875 0.16796875 0.7534722222222222 0.15625 0.75 0.142578125 0.7638888888888888 0.138671875 0.8263888888888888 0.146484375 0.8263888888888888
0 0.326171875 0.5034722222222222 0.330078125 0.4513888888888889 0.318359375 0.4513888888888889 0.318359375 0.5 0.326171875 0.5034722222222222
0 0.205078125 0.6875 0.20703125 0.7152777777777778 0.248046875 0.7638888888888888 0.25390625 0.7013888888888888 0.248046875 0.6701388888888888 0.236328125 0.6597222222222222 0.220703125 0.6770833333333334 0.216796875 0.6701388888888888 0.205078125 0.6875
0 0.103515625 0.5138888888888888 0.111328125 0.4930555555555556 0.109375 0.4722222222222222 0.083984375 0.4722222222222222 0.087890625 0.5138888888888888 0.103515625 0.5138888888888888
0 0.2109375 0.6388888888888888 0.224609375 0.59375 0.216796875 0.5763888888888888 0.20703125 0.5763888888888888 0.201171875 0.59375 0.19921875 0.625 0.2109375 0.6388888888888888
0 0.705078125 0.6701388888888888 0.736328125 0.7013888888888888 0.748046875 0.6979166666666666 0.7421875 0.6076388888888888 0.720703125 0.625 0.7109375 0.625 0.705078125 0.6041666666666666 0.69921875 0.6076388888888888 0.693359375 0.6284722222222222 0.705078125 0.6701388888888888
0 0.6875 0.6076388888888888 0.673828125 0.5451388888888888 0.6640625 0.5555555555555556 0.673828125 0.59375 0.6875 0.6076388888888888
0 0.296875 0.4722222222222222 0.30078125 0.4166666666666667 0.298828125 0.40625 0.287109375 0.4097222222222222 0.287109375 0.46875 0.296875 0.4722222222222222
0 0.359375 0.4548611111111111 0.361328125 0.40625 0.349609375 0.40625 0.349609375 0.4479166666666667 0.359375 0.4548611111111111
0 0.2734375 0.7013888888888888 0.2734375 0.6493055555555556 0.263671875 0.65625 0.26171875 0.6875 0.2734375 0.7013888888888888
0 0.28515625 0.6909722222222222 0.28515625 0.7118055555555556 0.31640625 0.7465277777777778 0.3046875 0.7326388888888888 0.318359375 0.7118055555555556 0.3046875 0.6388888888888888 0.287109375 0.6388888888888888 0.291015625 0.6840277777777778 0.28515625 0.6909722222222222
0 0.091796875 0.6215277777777778 0.10546875 0.65625 0.11328125 0.6215277777777778 0.111328125 0.5729166666666666 0.091796875 0.5729166666666666 0.091796875 0.6215277777777778
0 0.423828125 0.6076388888888888 0.4296875 0.6076388888888888 0.439453125 0.5798611111111112 0.455078125 0.5868055555555556 0.439453125 0.5208333333333334 0.4296875 0.5173611111111112 0.423828125 0.53125 0.41796875 0.5625 0.423828125 0.6076388888888888
0 0.720703125 0.8923611111111112 0.71875 0.9166666666666666 0.724609375 0.9305555555555556 0.734375 0.9305555555555556 0.734375 0.9479166666666666 0.74609375 0.9479166666666666 0.75 0.9618055555555556 0.759765625 0.9652777777777778 0.76953125 0.9965277777777778 0.79296875 0.9930555555555556 0.79296875 0.9479166666666666 0.775390625 0.9097222222222222 0.779296875 0.8923611111111112 0.767578125 0.8576388888888888 0.748046875 0.8611111111111112 0.75390625 0.8923611111111112 0.736328125 0.90625 0.732421875 0.8958333333333334 0.73828125 0.8854166666666666 0.720703125 0.8298611111111112 0.701171875 0.8263888888888888 0.69921875 0.8541666666666666 0.720703125 0.8923611111111112
0 0.412109375 0.5138888888888888 0.4296875 0.5034722222222222 0.42578125 0.4618055555555556 0.40625 0.4618055555555556 0.412109375 0.5138888888888888
0 0.37890625 0.5902777777777778 0.3984375 0.6180555555555556 0.404296875 0.59375 0.396484375 0.5347222222222222 0.37890625 0.5486111111111112 0.373046875 0.53125 0.369140625 0.5451388888888888 0.37890625 0.5902777777777778
0 0.439453125 0.6597222222222222 0.423828125 0.625 0.41796875 0.625 0.41796875 0.6875 0.46875 0.7326388888888888 0.47265625 0.7013888888888888 0.466796875 0.65625 0.455078125 0.625 0.443359375 0.6388888888888888 0.439453125 0.6597222222222222
0 0.04296875 0.3298611111111111 0.04296875 0.3055555555555556 0.01953125 0.3055555555555556 0.01953125 0.3402777777777778 0.04296875 0.3298611111111111
0 0.466796875 0.8888888888888888 0.48046875 0.9166666666666666 0.494140625 0.9340277777777778 0.5 0.9236111111111112 0.505859375 0.9340277777777778 0.51953125 0.9201388888888888 0.525390625 0.8923611111111112 0.537109375 0.8993055555555556 0.529296875 0.8368055555555556 0.509765625 0.84375 0.48828125 0.8784722222222222 0.478515625 0.8125 0.466796875 0.8125 0.466796875 0.8888888888888888
0 0.568359375 0.7638888888888888 0.578125 0.7638888888888888 0.580078125 0.6875 0.57421875 0.6736111111111112 0.580078125 0.6666666666666666 0.568359375 0.65625 0.548828125 0.6805555555555556 0.548828125 0.7326388888888888 0.568359375 0.7638888888888888
0 0.669921875 0.5381944444444444 0.65625 0.5347222222222222 0.65625 0.5590277777777778 0.671875 0.5902777777777778 0.679620150390625 0.5765086215277777 0.669921875 0.5381944444444444
0 0.6875 0.6076388888888888 0.6796875 0.5767746909722222 0.6796875 0.6041666666666666 0.6875 0.6076388888888888
0 0.212890625 0.46875 0.224609375 0.4861111111111111 0.234375 0.4861111111111111 0.232421875 0.4236111111111111 0.224609375 0.4201388888888889 0.2109375 0.4375 0.20703125 0.4479166666666667 0.212890625 0.46875
0 0.3359375 0.4375 0.341796875 0.3993055555555556 0.326171875 0.3888888888888889 0.32421875 0.4201388888888889 0.3359375 0.4375
0 0.20703125 0.9930555555555556 0.212890625 0.9722222222222222 0.224609375 0.9965277777777778 0.26171875 0.9930555555555556 0.25 0.8923611111111112 0.22265625 0.9097222222222222 0.19921875 0.90625 0.193359375 0.9513888888888888 0.20703125 0.9930555555555556
0 0.267578125 0.4409722222222222 0.275390625 0.4409722222222222 0.28125 0.4236111111111111 0.279296875 0.3888888888888889 0.267578125 0.3854166666666667 0.263671875 0.4236111111111111 0.267578125 0.4409722222222222