0 0.693359375 0.4340277777777778 0.697265625 0.4097222222222222 0.6875 0.40625 0.681640625 0.4236111111111111 0.693359375 0.4340277777777778
0 0.83984375 0.4340277777777778 0.841796875 0.4166666666666667 0.828125 0.40625 0.82421875 0.4375 0.83984375 0.4340277777777778
0 0.537109375 0.5763888888888888 0.5546875 0.5763888888888888 0.5546875 0.5555555555555556 0.548828125 0.5486111111111112 0.537109375 0.5486111111111112 0.537109375 0.5763888888888888
0 0.75 0.4618055555555556 0.75 0.4340277777777778 0.7421875 0.4236111111111111 0.73828125 0.4305555555555556 0.73828125 0.4618055555555556 0.75 0.4618055555555556
0 0.8359375 0.625 0.841796875 0.5868055555555556 0.826171875 0.5763888888888888 0.82421875 0.6145833333333334 0.8359375 0.625
0 0.98828125 0.5416666666666666 0.986328125 0.5625 0.97265625 0.5729166666666666 0.986328125 0.5763888888888888 0.998046875 0.5451388888888888 0.974609375 0.5347222222222222 0.97265625 0.5451388888888888 0.98828125 0.5416666666666666
0 0.935546875 0.5138888888888888 0.9375 0.4826388888888889 0.923828125 0.4861111111111111 0.921875 0.5104166666666666 0.935546875 0.5138888888888888
0 0.205078125 0.7048611111111112 0.20703125 0.7430555555555556 0.240234375 0.75 0.267578125 0.7326388888888888 0.26171875 0.6736111111111112 0.2421875 0.6597222222222222 0.2421875 0.6979166666666666 0.205078125 0.7048611111111112
0 0.87890625 0.5104166666666666 0.884765625 0.4826388888888889 0.873046875 0.4791666666666667 0.869140625 0.5104166666666666 0.87890625 0.5104166666666666
0 0.0234375 0.5104166666666666 0.048828125 0.5 0.048828125 0.4375 0.03125 0.4305555555555556 0.005859375 0.4618055555555556 0.005859375 0.5 0.0234375 0.5104166666666666
0 0.8671875 0.4409722222222222 0.873046875 0.4166666666666667 0.884765625 0.4375 0.880859375 0.4166666666666667 0.86328125 0.4097222222222222 0.861328125 0.4375 0.8671875 0.4409722222222222
0 0.923828125 0.4375 0.923828125 0.4166666666666667 0.912109375 0.40625 0.91015625 0.4340277777777778 0.923828125 0.4375
0 0.7421875 0.5555555555555556 0.75390625 0.5243055555555556 0.736328125 0.5173611111111112 0.734375 0.5416666666666666 0.7421875 0.5555555555555556
0 0.96875 0.4930555555555556 0.986328125 0.4791666666666667 0.974609375 0.4548611111111111 0.96875 0.4618055555555556 0.962890625 0.4722222222222222 0.96875 0.4930555555555556
0 0.71875 0.6388888888888888 0.724609375 0.5972222222222222 0.705078125 0.5972222222222222 0.705078125 0.6354166666666666 0.71875 0.6388888888888888
0 0.853515625 0.5729166666666666 0.861328125 0.5416666666666666 0.845703125 0.5347222222222222 0.84375 0.5590277777777778 0.853515625 0.5729166666666666
0 0.76953125 0.4652777777777778 0.767578125 0.4409722222222222 0.759765625 0.4375 0.75 0.46875 0.76953125 0.4652777777777778
0 0.697265625 0.9930555555555556 0.689453125 0.9652777777777778 0.666015625 0.96875 0.662109375 0.9965277777777778 0.697265625 0.9930555555555556