0 0.576171875 0.7152777777777778 0.60546875 0.7361111111111112 0.611328125 0.7048611111111112 0.623046875 0.6909722222222222 0.625 0.6493055555555556 0.60546875 0.6215277777777778 0.587890625 0.6215277777777778 0.57421875 0.6388888888888888 0.568359375 0.6875 0.576171875 0.7152777777777778
0 0.57421875 0.5625 0.5859375 0.5763888888888888 0.59375 0.5729166666666666 0.599609375 0.5625 0.59765625 0.5034722222222222 0.58203125 0.5034722222222222 0.57421875 0.53125 0.568359375 0.5104166666666666 0.56640625 0.53125 0.57421875 0.5625
0 0.4375 0.5 0.455078125 0.4930555555555556 0.4609375 0.4618055555555556 0.4609375 0.4479166666666667 0.443359375 0.4479166666666667 0.4375 0.4513888888888889 0.4375 0.5
0 0.94921875 0.3159722222222222 0.970703125 0.3125 0.986328125 0.2951388888888889 0.98046875 0.2638888888888889 0.95703125 0.2708333333333333 0.943359375 0.2986111111111111 0.94921875 0.3159722222222222
0 0.35546875 0.5034722222222222 0.369140625 0.5173611111111112 0.369140625 0.53125 0.373046875 0.4791666666666667 0.36328125 0.4722222222222222 0.35546875 0.4791666666666667 0.35546875 0.5034722222222222
0 0.44921875 0.8055555555555556 0.455078125 0.84375 0.4765625 0.84375 0.486328125 0.8784722222222222 0.5 0.8888888888888888 0.5 0.8472222222222222 0.494140625 0.8333333333333334 0.498046875 0.8090277777777778 0.4609375 0.7986111111111112 0.45703125 0.8090277777777778 0.44921875 0.8055555555555556
0 0.037109375 0.3402777777777778 0.037109375 0.3263888888888889 0.01953125 0.3055555555555556 0.013671875 0.3368055555555556 0.037109375 0.3402777777777778
0 0.298828125 0.2847222222222222 0.3046875 0.2777777777777778 0.298828125 0.25 0.29296875 0.2604166666666667 0.298828125 0.2847222222222222
0 0.392578125 0.5902777777777778 0.3984375 0.5868055555555556 0.412109375 0.6180555555555556 0.41796875 0.6111111111111112 0.4140625 0.5625 0.392578125 0.5625 0.392578125 0.5902777777777778
0 0.443359375 0.6076388888888888 0.45703125 0.625 0.4609375 0.5451388888888888 0.44140625 0.5520833333333334 0.4375 0.5763888888888888 0.443359375 0.6076388888888888
0 0.787109375 0.7673611111111112 0.787109375 0.7951388888888888 0.798828125 0.8125 0.80078125 0.8368055555555556 0.82421875 0.8611111111111112 0.837890625 0.8611111111111112 0.849609375 0.90625 0.859375 0.9201388888888888 0.875 0.9166666666666666 0.875 0.875 0.85546875 0.8368055555555556 0.8515625 0.8125 0.85546875 0.7847222222222222 0.837890625 0.8125 0.822265625 0.8055555555555556 0.818359375 0.7916666666666666 0.82421875 0.7743055555555556 0.81640625 0.78125 0.8046875 0.7534722222222222 0.8046875 0.7638888888888888 0.787109375 0.7673611111111112
0 0.84375 0.7638888888888888 0.85546875 0.7638888888888888 0.8359375 0.7430555555555556 0.830078125 0.7430555555555556 0.84375 0.7638888888888888
0 0.138671875 0.2743055555555556 0.1484375 0.2534722222222222 0.12890625 0.2326388888888889 0.125 0.2638888888888889 0.138671875 0.2743055555555556
0 0.392578125 0.5347222222222222 0.412109375 0.53125 0.412109375 0.5034722222222222 0.3984375 0.4965277777777778 0.392578125 0.5 0.392578125 0.5347222222222222
0 0.046875 0.3229166666666667 0.0625 0.3090277777777778 0.052734375 0.2777777777777778 0.04296875 0.28125 0.041015625 0.3125 0.046875 0.3229166666666667
0 0.85546875 0.7569444444444444 0.86328125 0.7986111111111112 0.873046875 0.7951388888888888 0.87890625 0.7777777777777778 0.869140625 0.7534722222222222 0.8671875 0.71875 0.859375 0.7013888888888888 0.84375 0.7013888888888888 0.841796875 0.7430555555555556 0.85546875 0.7569444444444444
0 0.8046875 0.7430555555555556 0.810546875 0.71875 0.798828125 0.6840277777777778 0.8046875 0.6701388888888888 0.796875 0.6736111111111112 0.791015625 0.7152777777777778 0.8046875 0.7430555555555556
0 0.392578125 0.6666666666666666 0.388671875 0.6909722222222222 0.3984375 0.7326388888888888 0.412109375 0.7430555555555556 0.3984375 0.71875 0.41796875 0.7013888888888888 0.412109375 0.6423611111111112 0.392578125 0.6423611111111112 0.38671875 0.6493055555555556 0.392578125 0.6666666666666666
0 0.2734375 0.5902777777777778 0.267578125 0.5972222222222222 0.26953125 0.625 0.287109375 0.65625 0.298828125 0.6493055555555556 0.298828125 0.5972222222222222 0.29296875 0.5798611111111112 0.267578125 0.5798611111111112 0.2734375 0.5902777777777778
0 0.3046875 0.3125 0.3125 0.3125 0.3125 0.2743055555555556 0.3046875 0.2673611111111111 0.30078125 0.2916666666666667 0.3046875 0.3125
0 0.46875 0.4652777777777778 0.48046875 0.46875 0.48046875 0.4201388888888889 0.4609375 0.4201388888888889 0.46875 0.4652777777777778
0 0.162109375 0.4027777777777778 0.17578125 0.4027777777777778 0.1875 0.3611111111111111 0.162109375 0.3611111111111111 0.15625 0.3923611111111111 0.162109375 0.4027777777777778
0 0.1669921875 0.4010416666666667 0.001953125 0.003472222222222222
0 0.181640625 0.40625 0.2265625 0.4027777777777778 0.23046875 0.375 0.1875 0.3611111111111111 0.177734375 0.3819444444444444 0.17578125 0.3993055555555556 0.181640625 0.40625
0 0.716796875 0.9027777777777778 0.736328125 0.9618055555555556 0.755859375 0.9722222222222222 0.76953125 0.9965277777777778 0.779296875 0.9965277777777778 0.787109375 0.9826388888888888 0.79296875 0.9965277777777778 0.8046875 0.9756944444444444 0.80859375 0.9965277777777778 0.8359375 0.9861111111111112 0.841796875 0.9965277777777778 0.826171875 0.9652777777777778 0.826171875 0.9513888888888888 0.810546875 0.96875 0.76953125 0.96875 0.744140625 0.8958333333333334 0.75390625 0.8472222222222222 0.724609375 0.84375 0.724609375 0.8784722222222222 0.716796875 0.9027777777777778
0 0.376953125 0.3888888888888889 0.37890625 0.3611111111111111 0.36328125 0.3576388888888889 0.361328125 0.3784722222222222 0.376953125 0.3888888888888889
0 0.76171875 0.6875 0.7734375 0.7152777777777778 0.787109375 0.7152777777777778 0.787109375 0.6215277777777778 0.779296875 0.6041666666666666 0.763671875 0.6076388888888888 0.748046875 0.625 0.74609375 0.6388888888888888 0.736328125 0.6388888888888888 0.7421875 0.6805555555555556 0.76171875 0.6875
0 0.0859375 0.3541666666666667 0.08203125 0.3159722222222222 0.0625 0.3159722222222222 0.0625 0.3541666666666667 0.0859375 0.3541666666666667
0 0.29296875 0.4340277777777778 0.291015625 0.3888888888888889 0.28125 0.3888888888888889 0.28125 0.4305555555555556 0.29296875 0.4340277777777778
0 0.318359375 0.5138888888888888 0.31640625 0.5034722222222222 0.32421875 0.5 0.326171875 0.4513888888888889 0.3125 0.4513888888888889 0.306640625 0.4791666666666667 0.318359375 0.5138888888888888
0 0.599609375 0.9201388888888888 0.607421875 0.9444444444444444 0.6171875 0.9513888888888888 0.619140625 0.9270833333333334 0.611328125 0.90625 0.599609375 0.90625 0.599609375 0.9201388888888888
0 0.654296875 0.9513888888888888 0.642578125 0.9618055555555556 0.630859375 0.9409722222222222 0.625 0.9513888888888888 0.630859375 0.9583333333333334 0.630859375 0.9930555555555556 0.63671875 0.9826388888888888 0.642578125 0.9965277777777778 0.671875 0.9930555555555556 0.66015625 0.8993055555555556 0.642578125 0.9097222222222222 0.642578125 0.9305555555555556 0.654296875 0.9513888888888888
0 0.630859375 0.6354166666666666 0.65234375 0.65625 0.65625 0.5659722222222222 0.630859375 0.5659722222222222 0.625 0.5763888888888888 0.630859375 0.6354166666666666
0 0.3984375 0.4618055555555556 0.404296875 0.4548611111111111 0.40625 0.4201388888888889 0.388671875 0.4201388888888889 0.3984375 0.4618055555555556
0 0.380859375 0.9965277777777778 0.38671875 0.9826388888888888 0.392578125 0.9965277777777778 0.423828125 0.9965277777777778 0.423828125 0.9375 0.40625 0.9409722222222222 0.396484375 0.9861111111111112 0.37890625 0.9513888888888888 0.373046875 0.9652777777777778 0.380859375 0.9965277777777778
0 0.69921875 0.25 0.69921875 0.2222222222222222 0.69140625 0.21875 0.6875 0.24305555555555555 0.69921875 0.25
0 0.44921875 0.7847222222222222 0.447265625 0.8090277777777778 0.455078125 0.8229166666666666 0.455078125 0.84375 0.4765625 0.84375 0.486328125 0.8854166666666666 0.5 0.8888888888888888 0.5 0.8472222222222222 0.494140625 0.8298611111111112 0.50390625 0.7638888888888888 0.482421875 0.71875 0.46875 0.71875 0.458984375 0.6840277777777778 0.443359375 0.6875 0.4375 0.7013888888888888 0.435546875 0.7569444444444444 0.44921875 0.7847222222222222
0 0.798828125 0.3576388888888889 0.8046875 0.3298611111111111 0.798828125 0.3125 0.775390625 0.3125 0.763671875 0.3368055555555556 0.763671875 0.3576388888888889 0.798828125 0.3576388888888889
0 0.8125 0.3993055555555556 0.83203125 0.3715277777777778 0.8359375 0.3263888888888889 0.826171875 0.3263888888888889 0.818359375 0.3402777777777778 0.80078125 0.3784722222222222 0.8125 0.3993055555555556
0 0.79296875 0.6284722222222222 0.787109375 0.65625 0.798828125 0.6701388888888888 0.81640625 0.65625 0.82421875 0.625 0.822265625 0.59375 0.787109375 0.59375 0.78125 0.5972222222222222 0.79296875 0.6284722222222222
0 0.384765625 0.3263888888888889 0.38671875 0.2847222222222222 0.375 0.2847222222222222 0.375 0.3229166666666667 0.384765625 0.3263888888888889
0 0.693359375 0.7899305555555556 0.693359375 0.8090277777777778 0.685546875 0.8125 0.6875 0.8263888888888888 0.71875 0.875 0.724609375 0.875 0.7265625 0.8333333333333334 0.736328125 0.84375 0.755859375 0.8402777777777778 0.759765625 0.8263888888888888 0.75 0.8055555555555556 0.748046875 0.7743055555555556 0.7421875 0.7743055555555556 0.7265625 0.8090277777777778 0.716796875 0.8055555555555556 0.71875 0.7847222222222222 0.712890625 0.7951388888888888 0.71875 0.8229166666666666 0.7265625 0.8229166666666666 0.7109375 0.84375 0.697265625 0.8194444444444444 0.697265625 0.7638888888888888 0.693359375 0.7708333333333334 0.6875 0.7604166666666666 0.685546875 0.78125 0.693359375 0.7899305555555556
0 0.599609375 0.78125 0.6171875 0.8263888888888888 0.611328125 0.7847222222222222 0.599609375 0.7638888888888888 0.599609375 0.78125
0 0.642578125 0.8159722222222222 0.642578125 0.8402777777777778 0.65625 0.8576388888888888 0.6484375 0.7777777777777778 0.654296875 0.75 0.6484375 0.7638888888888888 0.63671875 0.75 0.625 0.7638888888888888 0.623046875 0.7951388888888888 0.642578125 0.8159722222222222
0 0.333984375 0.3159722222222222 0.337890625 0.28125 0.330078125 0.2777777777777778 0.326171875 0.2986111111111111 0.333984375 0.3159722222222222
0 0.513671875 0.75 0.51953125 0.7743055555555556 0.53125 0.7847222222222222 0.537109375 0.8055555555555556 0.548828125 0.8020833333333334 0.5546875 0.8298611111111112 0.56640625 0.84375 0.5625 0.7222222222222222 0.537109375 0.7326388888888888 0.541015625 0.75 0.53125 0.75 0.5234375 0.7222222222222222 0.517578125 0.7222222222222222 0.525390625 0.7326388888888888 0.513671875 0.75
0 0.529296875 0.6111111111111112 0.5390625 0.5972222222222222 0.544921875 0.6076388888888888 0.548828125 0.5555555555555556 0.5234375 0.5590277777777778 0.51953125 0.6041666666666666 0.529296875 0.6111111111111112
0 0.65625 0.7118055555555556 0.697265625 0.75 0.69921875 0.7222222222222222 0.708984375 0.7118055555555556 0.716796875 0.6805555555555556 0.7109375 0.6423611111111112 0.6796875 0.6597222222222222 0.65625 0.65625 0.650390625 0.6805555555555556 0.65625 0.7118055555555556
0 0.736328125 0.6076388888888888 0.75 0.5625 0.73828125 0.5555555555555556 0.736328125 0.53125 0.72265625 0.53125 0.71875 0.5416666666666666 0.71875 0.5868055555555556 0.736328125 0.6076388888888888
0 0.3125 0.4340277777777778 0.32421875 0.4340277777777778 0.326171875 0.40625 0.310546875 0.40625 0.3125 0.4340277777777778
0 0.380859375 0.9965277777777778 0.38671875 0.9791666666666666 0.392578125 0.9965277777777778 0.42578125 0.9930555555555556 0.431640625 0.9097222222222222 0.42578125 0.8680555555555556 0.41796875 0.8715277777777778 0.416015625 0.9027777777777778 0.3984375 0.9513888888888888 0.38671875 0.9513888888888888 0.380859375 0.9236111111111112 0.375 0.9236111111111112 0.373046875 0.96875 0.380859375 0.9965277777777778
0 0.84375 0.7430555555555556 0.857421875 0.7569444444444444 0.861328125 0.7951388888888888 0.8671875 0.7986111111111112 0.87890625 0.78125 0.869140625 0.7534722222222222 0.8671875 0.71875 0.85546875 0.7013888888888888 0.84375 0.7048611111111112 0.84375 0.7430555555555556
0 0.341796875 0.59375 0.353515625 0.5902777777777778 0.359375 0.5729166666666666 0.359375 0.5555555555555556 0.349609375 0.5451388888888888 0.3359375 0.5486111111111112 0.341796875 0.59375