0 0.19140625 0.5555555555555556 0.19921875 0.5138888888888888 0.193359375 0.4791666666666667 0.181640625 0.4791666666666667 0.181640625 0.5451388888888888 0.19140625 0.5555555555555556
0 0.0859375 0.3402777777777778 0.103515625 0.3402777777777778 0.10546875 0.3159722222222222 0.091796875 0.2986111111111111 0.0859375 0.3090277777777778 0.0859375 0.3402777777777778
0 0.048828125 0.34375 0.03515625 0.3229166666666667 0.048828125 0.3125 0.033203125 0.3090277777777778 0.037109375 0.34375 0.048828125 0.34375
0 0.40625 0.2916666666666667 0.40625 0.2638888888888889 0.3984375 0.2638888888888889 0.3984375 0.2951388888888889 0.40625 0.2916666666666667
0 0.7421875 0.3680555555555556 0.7734375 0.3541666666666667 0.7734375 0.3368055555555556 0.75 0.3159722222222222 0.73828125 0.3333333333333333 0.734375 0.34375 0.7421875 0.3680555555555556
0 0.26953125 0.5486111111111112 0.275390625 0.5868055555555556 0.283203125 0.5972222222222222 0.29296875 0.5277777777777778 0.279296875 0.5173611111111112 0.26953125 0.5277777777777778 0.26953125 0.5486111111111112
0 0.275390625 0.9722222222222222 0.287109375 0.9965277777777778 0.30859375 0.9965277777777778 0.3046875 0.875 0.2734375 0.8715277777777778 0.26953125 0.8854166666666666 0.275390625 0.9722222222222222
0 0.23828125 0.5104166666666666 0.2578125 0.5173611111111112 0.26171875 0.5104166666666666 0.255859375 0.5 0.255859375 0.4479166666666667 0.248046875 0.4375 0.23828125 0.4548611111111111 0.23828125 0.5104166666666666
0 0.28515625 0.6944444444444444 0.291015625 0.7152777777777778 0.306640625 0.7326388888888888 0.310546875 0.6354166666666666 0.291015625 0.6423611111111112 0.28125 0.6527777777777778 0.28515625 0.6944444444444444
0 0.330078125 0.6875 0.330078125 0.5972222222222222 0.314453125 0.6006944444444444 0.3125 0.6527777777777778 0.330078125 0.6875
0 0.68359375 0.5590277777777778 0.69140625 0.5763888888888888 0.7109375 0.5555555555555556 0.705078125 0.5 0.6875 0.5 0.6875 0.4826388888888889 0.67578125 0.5 0.673828125 0.5590277777777778 0.68359375 0.5590277777777778
0 0.392578125 0.4375 0.400390625 0.375 0.38671875 0.3611111111111111 0.384765625 0.3958333333333333 0.392578125 0.4375
0 0.298828125 0.3298611111111111 0.30078125 0.3125 0.29296875 0.3090277777777778 0.291015625 0.3263888888888889 0.298828125 0.3298611111111111
0 0.046875 0.7152777777777778 0.052734375 0.71875 0.06640625 0.65625 0.060546875 0.625 0.041015625 0.625 0.037109375 0.6701388888888888 0.046875 0.7152777777777778
0 0.16796875 0.4027777777777778 0.197265625 0.3993055555555556 0.19921875 0.3715277777777778 0.16796875 0.3576388888888889 0.162109375 0.3854166666666667 0.16796875 0.4027777777777778
0 0.068359375 0.3125 0.068359375 0.28125 0.0546875 0.2777777777777778 0.05078125 0.2951388888888889 0.068359375 0.3125
0 0.279296875 0.7743055555555556 0.279296875 0.6875 0.26171875 0.6909722222222222 0.26171875 0.7465277777777778 0.279296875 0.7743055555555556
0 0.4423828125 0.7326388888888888 0.001953125 0.006944444444444444
0 0.392578125 0.7569444444444444 0.39453125 0.7638888888888888 0.40625 0.7777777777777778 0.38671875 0.78125 0.388671875 0.7951388888888888 0.400390625 0.8125 0.41015625 0.8125 0.412109375 0.8368055555555556 0.419921875 0.8298611111111112 0.4296875 0.8402777777777778 0.4375 0.8715277777777778 0.443359375 0.8715277777777778 0.44921875 0.8576388888888888 0.44921875 0.8159722222222222 0.4375 0.7534722222222222 0.423828125 0.75 0.412109375 0.7638888888888888 0.3984375 0.7291666666666666 0.392578125 0.7326388888888888 0.404296875 0.75 0.392578125 0.7569444444444444
0 0.462890625 0.7986111111111112 0.46875 0.7847222222222222 0.4609375 0.7673611111111112 0.462890625 0.7986111111111112
0 0.5 0.8472222222222222 0.51171875 0.8263888888888888 0.505859375 0.75 0.484375 0.75 0.478515625 0.7604166666666666 0.474609375 0.8298611111111112 0.5 0.8472222222222222
0 0.1171875 0.3263888888888889 0.1171875 0.2986111111111111 0.10546875 0.2847222222222222 0.103515625 0.3055555555555556 0.1171875 0.3263888888888889
0 0.19921875 0.4583333333333333 0.212890625 0.4791666666666667 0.21875 0.4722222222222222 0.21875 0.4236111111111111 0.20703125 0.4097222222222222 0.19921875 0.4097222222222222 0.19921875 0.4583333333333333
0 0.224609375 0.6041666666666666 0.23046875 0.5347222222222222 0.22265625 0.5243055555555556 0.212890625 0.5277777777777778 0.2109375 0.5763888888888888 0.224609375 0.6041666666666666
0 0.53125 0.9375 0.53125 0.9513888888888888 0.537109375 0.9548611111111112 0.537109375 0.9722222222222222 0.5546875 0.9930555555555556 0.57421875 0.9965277777777778 0.57421875 0.90625 0.56640625 0.8923611111111112 0.568359375 0.875 0.548828125 0.8715277777777778 0.53515625 0.9027777777777778 0.537109375 0.9340277777777778 0.53125 0.9375
0 0.505859375 0.8715277777777778 0.515625 0.8923611111111112 0.51171875 0.8784722222222222 0.517578125 0.8611111111111112 0.509765625 0.84375 0.513671875 0.8576388888888888 0.505859375 0.8715277777777778
0 0.2734375 0.4479166666666667 0.28125 0.4479166666666667 0.28125 0.3993055555555556 0.26953125 0.4027777777777778 0.267578125 0.4305555555555556 0.2734375 0.4479166666666667
0 0.01171875 0.3680555555555556 0.01171875 0.3298611111111111 0.005859375 0.3298611111111111 0 0.3611111111111111 0.01171875 0.3680555555555556
0 0.486328125 0.6354166666666666 0.486328125 0.6631944444444444 0.5 0.6666666666666666 0.51171875 0.6840277777777778 0.517578125 0.6701388888888888 0.51171875 0.6041666666666666 0.509765625 0.59375 0.5 0.59375 0.498046875 0.6180555555555556 0.486328125 0.6354166666666666
0 0.34375 0.3263888888888889 0.341796875 0.2986111111111111 0.3359375 0.2986111111111111 0.33203125 0.3263888888888889 0.34375 0.3263888888888889
0 0.16015625 0.53125 0.173828125 0.5173611111111112 0.171875 0.4652777777777778 0.15625 0.4652777777777778 0.16015625 0.53125
0 0.07421875 0.5347222222222222 0.0859375 0.53125 0.091796875 0.4861111111111111 0.068359375 0.4861111111111111 0.06640625 0.5069444444444444 0.07421875 0.5347222222222222
0 0.013671875 0.3125 0.0234375 0.3125 0.01953125 0.28125 0.009765625 0.2777777777777778 0.005859375 0.28125 0.013671875 0.3125
0 0.41796875 0.59375 0.4296875 0.6215277777777778 0.44140625 0.5729166666666666 0.4375 0.5451388888888888 0.41796875 0.5451388888888888 0.41796875 0.59375
0 0.50390625 0.96875 0.50390625 0.9930555555555556 0.529296875 0.9965277777777778 0.5234375 0.9375 0.513671875 0.9305555555555556 0.505859375 0.9479166666666666 0.509765625 0.9618055555555556 0.50390625 0.96875
0 0.44921875 0.9652777777777778 0.44921875 0.9930555555555556 0.47265625 0.9965277777777778 0.486328125 0.96875 0.474609375 0.9479166666666666 0.470703125 0.90625 0.45703125 0.90625 0.45703125 0.9513888888888888 0.44921875 0.9652777777777778
0 0.142578125 0.3125 0.142578125 0.2847222222222222 0.134765625 0.2673611111111111 0.125 0.2986111111111111 0.142578125 0.3125
0 0.318359375 0.8576388888888888 0.3359375 0.8854166666666666 0.345703125 0.9201388888888888 0.357421875 0.9201388888888888 0.35546875 0.8472222222222222 0.36328125 0.7743055555555556 0.31640625 0.7847222222222222 0.3125 0.8368055555555556 0.318359375 0.8576388888888888
0 0.3671875 0.7013888888888888 0.380859375 0.7222222222222222 0.380859375 0.7430555555555556 0.392578125 0.75 0.39453125 0.7395833333333334 0.3984375 0.7465277777777778 0.3984375 0.7222222222222222 0.41015625 0.6909722222222222 0.40625 0.6666666666666666 0.3984375 0.6597222222222222 0.384765625 0.6701388888888888 0.3671875 0.6875 0.3671875 0.7013888888888888
0 0.080078125 0.2777777777777778 0.103515625 0.2777777777777778 0.099609375 0.25 0.080078125 0.25 0.080078125 0.2777777777777778
0 0.375 0.6284722222222222 0.3984375 0.6215277777777778 0.3984375 0.5868055555555556 0.38671875 0.6006944444444444 0.380859375 0.5868055555555556 0.375 0.5902777777777778 0.384765625 0.6041666666666666 0.375 0.6284722222222222
0 0.40625 0.375 0.40625 0.34375 0.388671875 0.3298611111111111 0.38671875 0.3576388888888889 0.40625 0.375
0 0.162109375 0.7777777777777778 0.173828125 0.71875 0.17578125 0.6666666666666666 0.15625 0.6597222222222222 0.14453125 0.6701388888888888 0.1484375 0.75 0.162109375 0.7777777777777778
0 0.51953125 0.6145833333333334 0.51171875 0.625 0.515625 0.6388888888888888 0.53125 0.5763888888888888 0.5234375 0.5590277777777778 0.505859375 0.5590277777777778 0.505859375 0.5902777777777778 0.51953125 0.6145833333333334
0 0.2421875 0.8576388888888888 0.25 0.8402777777777778 0.248046875 0.7465277777777778 0.224609375 0.7465277777777778 0.21875 0.8055555555555556 0.2421875 0.8576388888888888