0 0.0859375 0.6180555555555556 0.091796875 0.6388888888888888 0.10546875 0.6354166666666666 0.11328125 0.6111111111111112 0.1484375 0.6111111111111112 0.15625 0.5972222222222222 0.154296875 0.5763888888888888 0.134765625 0.5798611111111112 0.111328125 0.5625 0.091796875 0.5763888888888888 0.09375 0.5972222222222222 0.0859375 0.6180555555555556
0 0.58203125 0.3055555555555556 0.59765625 0.3090277777777778 0.59765625 0.2777777777777778 0.5859375 0.2638888888888889 0.576171875 0.2638888888888889 0.58203125 0.3055555555555556
0 0.01953125 0.4618055555555556 0.03125 0.4479166666666667 0.03125 0.4305555555555556 0.021484375 0.4027777777777778 0.009765625 0.4097222222222222 0.005859375 0.4548611111111111 0.01953125 0.4618055555555556
0 0.53515625 0.3993055555555556 0.54296875 0.3888888888888889 0.560546875 0.3888888888888889 0.568359375 0.375 0.56640625 0.3576388888888889 0.54296875 0.3576388888888889 0.53125 0.3784722222222222 0.53515625 0.3993055555555556
0 0.1484375 0.40625 0.150390625 0.375 0.14453125 0.3611111111111111 0.1328125 0.3680555555555556 0.134765625 0.3993055555555556 0.1484375 0.40625
0 0.873046875 0.4097222222222222 0.84375 0.4027777777777778 0.875 0.4375 0.873046875 0.4097222222222222
0 0.5 0.4722222222222222 0.53515625 0.4513888888888889 0.541015625 0.4375 0.537109375 0.4236111111111111 0.51171875 0.4236111111111111 0.498046875 0.4513888888888889 0.5 0.4722222222222222
0 0.306640625 0.4826388888888889 0.306640625 0.5 0.35546875 0.4930555555555556 0.361328125 0.4826388888888889 0.35546875 0.4513888888888889 0.341796875 0.4618055555555556 0.32421875 0.4375 0.32421875 0.4513888888888889 0.306640625 0.4826388888888889
0 0.1240234375 0.5399305555555556 0.001953125 0.010416666666666666
0 0.0859375 0.6284722222222222 0.1015625 0.6388888888888888 0.11328125 0.6111111111111112 0.1484375 0.6111111111111112 0.15625 0.5972222222222222 0.154296875 0.5763888888888888 0.16796875 0.5659722222222222 0.171875 0.5451388888888888 0.15234375 0.5138888888888888 0.12890625 0.5138888888888888 0.125 0.5277777777777778 0.13671875 0.5486111111111112 0.12890625 0.5625 0.111328125 0.5590277777777778 0.091796875 0.5763888888888888 0.09375 0.5972222222222222 0.0859375 0.6284722222222222
0 0.869140625 0.2916666666666667 0.880859375 0.3159722222222222 0.88671875 0.3090277777777778 0.88671875 0.2951388888888889 0.861328125 0.2881944444444444 0.861328125 0.3125 0.869140625 0.2916666666666667
0 0.10546875 0.4201388888888889 0.111328125 0.4340277777777778 0.125 0.4340277777777778 0.125 0.3888888888888889 0.109375 0.3784722222222222 0.103515625 0.3888888888888889 0.10546875 0.4201388888888889
0 0.205078125 0.3993055555555556 0.205078125 0.3854166666666667 0.1875 0.3611111111111111 0.16796875 0.3611111111111111 0.16796875 0.4027777777777778 0.205078125 0.3993055555555556
0 0.09375 0.4375 0.09765625 0.4201388888888889 0.091796875 0.3888888888888889 0.07421875 0.3784722222222222 0.07421875 0.4375 0.09375 0.4375
0 0.04296875 0.4236111111111111 0.05078125 0.4479166666666667 0.0625 0.4479166666666667 0.068359375 0.4375 0.06640625 0.4097222222222222 0.048828125 0.3923611111111111 0.04296875 0.3993055555555556 0.04296875 0.4236111111111111
0 0.01171875 0.7604166666666666 0.0234375 0.7361111111111112 0.025390625 0.7118055555555556 0.01953125 0.6909722222222222 0.00390625 0.6805555555555556 0 0.75 0.01171875 0.7604166666666666
0 0.955078125 0.3125 0.955078125 0.28125 0.94921875 0.2916666666666667 0.9453125 0.2777777777777778 0.9296875 0.2881944444444444 0.92578125 0.3090277777777778 0.955078125 0.3125
0 0.736328125 0.4340277777777778 0.7421875 0.4201388888888889 0.736328125 0.3888888888888889 0.7109375 0.3923611111111111 0.701171875 0.40625 0.701171875 0.4375 0.736328125 0.4340277777777778
0 0.5546875 0.4201388888888889 0.548828125 0.4305555555555556 0.572265625 0.4097222222222222 0.591796875 0.40625 0.58984375 0.3888888888888889 0.5625 0.3888888888888889 0.548828125 0.4131944444444444 0.5546875 0.4201388888888889
0 0.36328125 0.4618055555555556 0.388671875 0.4513888888888889 0.3984375 0.4618055555555556 0.404296875 0.4513888888888889 0.404296875 0.4236111111111111 0.3671875 0.4166666666666667 0.361328125 0.4375 0.36328125 0.4618055555555556
0 0.82421875 0.2847222222222222 0.830078125 0.2951388888888889 0.845703125 0.2951388888888889 0.84765625 0.2638888888888889 0.82421875 0.2638888888888889 0.82421875 0.2847222222222222
0 0.21875 0.6666666666666666 0.22265625 0.6875 0.25390625 0.6805555555555556 0.255859375 0.6388888888888888 0.2421875 0.6284722222222222 0.232421875 0.6597222222222222 0.21875 0.6666666666666666
0 0.181640625 0.7013888888888888 0.19140625 0.7291666666666666 0.205078125 0.71875 0.2109375 0.6979166666666666 0.2109375 0.6527777777777778 0.193359375 0.6180555555555556 0.201171875 0.6527777777777778 0.181640625 0.7013888888888888