0 0.861328125 0.2777777777777778 0.861328125 0.2638888888888889 0.83984375 0.2604166666666667 0.8359375 0.28125 0.861328125 0.2777777777777778
0 0.0859375 0.59375 0.134765625 0.5763888888888888 0.13671875 0.53125 0.125 0.53125 0.115234375 0.5590277777777778 0.091796875 0.5347222222222222 0.0859375 0.5451388888888888 0.0859375 0.59375
0 0.03515625 0.4618055555555556 0.05078125 0.4618055555555556 0.0625 0.4479166666666667 0.060546875 0.4236111111111111 0.037109375 0.3888888888888889 0.03515625 0.40625 0.01171875 0.4201388888888889 0.009765625 0.4340277777777778 0.03515625 0.4618055555555556
0 0.1484375 0.2951388888888889 0.1484375 0.2638888888888889 0.13671875 0.2638888888888889 0.134765625 0.2951388888888889 0.1484375 0.2951388888888889
0 0.224609375 0.5138888888888888 0.26171875 0.5104166666666666 0.259765625 0.4722222222222222 0.224609375 0.46875 0.21875 0.4826388888888889 0.224609375 0.5138888888888888
0 0.185546875 0.2916666666666667 0.185546875 0.2743055555555556 0.17578125 0.2534722222222222 0.166015625 0.2604166666666667 0.166015625 0.2951388888888889 0.185546875 0.2916666666666667
0 0.75390625 0.3993055555555556 0.7734375 0.3888888888888889 0.779296875 0.3715277777777778 0.763671875 0.3576388888888889 0.755859375 0.375 0.748046875 0.3576388888888889 0.73828125 0.3576388888888889 0.736328125 0.3854166666666667 0.75390625 0.3993055555555556
0 0.79296875 0.3888888888888889 0.8046875 0.3715277777777778 0.810546875 0.34375 0.798828125 0.34375 0.787109375 0.3611111111111111 0.78515625 0.3819444444444444 0.79296875 0.3888888888888889
0 0.005859375 0.65625 0.005859375 0.6875 0.01171875 0.6909722222222222 0.037109375 0.6875 0.080078125 0.65625 0.0859375 0.6284722222222222 0.078125 0.6215277777777778 0.0703125 0.6423611111111112 0.05078125 0.6423611111111112 0.041015625 0.6354166666666666 0.04296875 0.6076388888888888 0.03125 0.5972222222222222 0.0234375 0.6041666666666666 0.017578125 0.6388888888888888 0.005859375 0.65625
0 0.16796875 0.4027777777777778 0.19921875 0.3993055555555556 0.201171875 0.3784722222222222 0.193359375 0.3611111111111111 0.16796875 0.3576388888888889 0.162109375 0.3854166666666667 0.16796875 0.4027777777777778
0 0.181640625 0.6041666666666666 0.20703125 0.6041666666666666 0.228515625 0.5798611111111112 0.228515625 0.5451388888888888 0.216796875 0.5347222222222222 0.205078125 0.5555555555555556 0.1875 0.5486111111111112 0.173828125 0.5763888888888888 0.171875 0.5902777777777778 0.181640625 0.6041666666666666
0 0.173828125 0.5763888888888888 0.1796875 0.5729166666666666 0.18359375 0.5451388888888888 0.208984375 0.5451388888888888 0.22265625 0.53125 0.224609375 0.5034722222222222 0.19921875 0.5034722222222222 0.1953125 0.5347222222222222 0.171875 0.5416666666666666 0.16796875 0.5625 0.173828125 0.5763888888888888
0 0.244140625 0.4305555555555556 0.26171875 0.4340277777777778 0.2734375 0.4166666666666667 0.2734375 0.3888888888888889 0.240234375 0.3958333333333333 0.23828125 0.4201388888888889 0.244140625 0.4305555555555556
0 0.279296875 0.4722222222222222 0.296875 0.46875 0.3125 0.4305555555555556 0.30078125 0.4513888888888889 0.29296875 0.4236111111111111 0.28125 0.4236111111111111 0.2734375 0.4375 0.26953125 0.4652777777777778 0.279296875 0.4722222222222222
0 0.318359375 0.4791666666666667 0.318359375 0.4375 0.30078125 0.4375 0.298828125 0.4826388888888889 0.318359375 0.4791666666666667
0 0.07421875 0.4375 0.091796875 0.4375 0.091796875 0.40625 0.07421875 0.3784722222222222 0.068359375 0.3888888888888889 0.07421875 0.4375
0 0.13671875 0.5034722222222222 0.18359375 0.4965277777777778 0.19140625 0.4826388888888889 0.189453125 0.4652777777777778 0.173828125 0.4548611111111111 0.166015625 0.46875 0.142578125 0.4618055555555556 0.130859375 0.4722222222222222 0.12890625 0.4861111111111111 0.13671875 0.5034722222222222
0 0.521484375 0.4513888888888889 0.5546875 0.4409722222222222 0.5546875 0.4201388888888889 0.54296875 0.4236111111111111 0.53515625 0.4027777777777778 0.513671875 0.4166666666666667 0.51171875 0.4340277777777778 0.521484375 0.4513888888888889
0 0 0.5659722222222222 0.025390625 0.5416666666666666 0.060546875 0.5451388888888888 0.0625 0.5243055555555556 0.04296875 0.4965277777777778 0.029296875 0.5 0.0234375 0.5381944444444444 0.01171875 0.5347222222222222 0.01171875 0.5138888888888888 0 0.4965277777777778 0 0.5659722222222222
0 0.466796875 0.5 0.49609375 0.46875 0.498046875 0.4479166666666667 0.486328125 0.4409722222222222 0.470703125 0.4722222222222222 0.455078125 0.4513888888888889 0.44921875 0.46875 0.44921875 0.5 0.466796875 0.5
0 0.98046875 0.2916666666666667 0.974609375 0.2638888888888889 0.95703125 0.2638888888888889 0.951171875 0.2743055555555556 0.94921875 0.2951388888888889 0.98046875 0.2916666666666667
0 0.3828125 0.4409722222222222 0.396484375 0.4513888888888889 0.404296875 0.4340277777777778 0.3984375 0.40625 0.369140625 0.40625 0.361328125 0.4513888888888889 0.3828125 0.4409722222222222
0 0.3046875 0.6076388888888888 0.33984375 0.5833333333333334 0.34765625 0.5625 0.34765625 0.5347222222222222 0.32421875 0.53125 0.3203125 0.5625 0.30078125 0.5555555555555556 0.298828125 0.6006944444444444 0.3046875 0.6076388888888888
0 0.40625 0.5451388888888888 0.4296875 0.5416666666666666 0.421875 0.5138888888888888 0.412109375 0.5138888888888888 0.40234375 0.4965277777777778 0.392578125 0.5 0.392578125 0.5590277777777778 0.40625 0.5451388888888888
0 0.111328125 0.6944444444444444 0.11328125 0.7326388888888888 0.123046875 0.7326388888888888 0.142578125 0.6840277777777778 0.13671875 0.6354166666666666 0.125 0.6423611111111112 0.123046875 0.6701388888888888 0.111328125 0.6944444444444444
0 0.91015625 0.28125 0.90625 0.2534722222222222 0.888671875 0.2534722222222222 0.880859375 0.2777777777777778 0.91015625 0.28125
0 0.111328125 0.7916666666666666 0.119140625 0.8055555555555556 0.13671875 0.7951388888888888 0.162109375 0.7465277777777778 0.171875 0.7430555555555556 0.181640625 0.7604166666666666 0.19140625 0.7604166666666666 0.201171875 0.7361111111111112 0.197265625 0.6736111111111112 0.173828125 0.6909722222222222 0.171875 0.7013888888888888 0.16015625 0.7048611111111112 0.1484375 0.6875 0.130859375 0.7013888888888888 0.111328125 0.7604166666666666 0.111328125 0.7916666666666666
0 0.111328125 0.6909722222222222 0.11328125 0.7326388888888888 0.123046875 0.7326388888888888 0.142578125 0.6875 0.13671875 0.6284722222222222 0.125 0.6388888888888888 0.123046875 0.6701388888888888 0.111328125 0.6909722222222222
0 0.17578125 0.6805555555555556 0.185546875 0.6805555555555556 0.19921875 0.6354166666666666 0.185546875 0.6076388888888888 0.16796875 0.6284722222222222 0.162109375 0.625 0.173828125 0.6423611111111112 0.17578125 0.6805555555555556