0 0.89453125 0.2916666666666667 0.90234375 0.2638888888888889 0.89453125 0.2638888888888889 0.89453125 0.2916666666666667
0 0.90234375 0.2638888888888889 0.912109375 0.2916666666666667 0.923828125 0.2743055555555556 0.923828125 0.2638888888888889 0.90234375 0.2638888888888889
0 0.013671875 0.3055555555555556 0 0.3263888888888889 0.001953125 0.3333333333333333 0.005859375 0.34375 0.017578125 0.3402777777777778 0.0234375 0.3263888888888889 0.01171875 0.2916666666666667 0.001953125 0.2916666666666667 0 0.2986111111111111 0.013671875 0.3055555555555556
0 0.03515625 0.3715277777777778 0.056640625 0.3576388888888889 0.048828125 0.3159722222222222 0.04296875 0.3125 0.03125 0.3298611111111111 0.03515625 0.3715277777777778
0 0.10546875 0.375 0.11328125 0.3715277777777778 0.111328125 0.3298611111111111 0.099609375 0.3298611111111111 0.10546875 0.375
0 0.318359375 0.40625 0.34375 0.3888888888888889 0.34375 0.3611111111111111 0.32421875 0.3611111111111111 0.318359375 0.375 0.318359375 0.40625
0 0.13671875 0.2986111111111111 0.146484375 0.2986111111111111 0.154296875 0.28125 0.1484375 0.2604166666666667 0.138671875 0.2604166666666667 0.130859375 0.28125 0.13671875 0.2986111111111111
0 0.005859375 0.3576388888888889 0.001953125 0.3402777777777778 0 0.3680555555555556 0.005859375 0.3576388888888889
0 0.09375 0.3125 0.09375 0.2951388888888889 0.0859375 0.28125 0.07421875 0.2847222222222222 0.07421875 0.3229166666666667 0.09375 0.3125
0 0.16796875 0.40625 0.216796875 0.4097222222222222 0.228515625 0.3819444444444444 0.236328125 0.40625 0.23828125 0.3993055555555556 0.22265625 0.3611111111111111 0.212890625 0.3611111111111111 0.205078125 0.375 0.193359375 0.3611111111111111 0.169921875 0.3611111111111111 0.162109375 0.3854166666666667 0.16796875 0.40625
0 0.11328125 0.3263888888888889 0.125 0.3263888888888889 0.12890625 0.3055555555555556 0.123046875 0.2951388888888889 0.111328125 0.2986111111111111 0.10546875 0.3125 0.11328125 0.3263888888888889
0 0.07421875 0.3715277777777778 0.099609375 0.3576388888888889 0.099609375 0.3298611111111111 0.0859375 0.3159722222222222 0.07421875 0.3263888888888889 0.07421875 0.3715277777777778
0 0.298828125 0.5729166666666666 0.31640625 0.5729166666666666 0.318359375 0.53125 0.298828125 0.53125 0.298828125 0.5729166666666666
0 0.205078125 0.4027777777777778 0.205078125 0.3784722222222222 0.193359375 0.3611111111111111 0.169921875 0.3611111111111111 0.162109375 0.3993055555555556 0.205078125 0.4027777777777778
0 0.13671875 0.3680555555555556 0.1484375 0.3854166666666667 0.154296875 0.3611111111111111 0.146484375 0.3368055555555556 0.138671875 0.3368055555555556 0.1484375 0.3506944444444444 0.13671875 0.3680555555555556
0 0.162109375 0.3090277777777778 0.1796875 0.2951388888888889 0.173828125 0.2534722222222222 0.16015625 0.2673611111111111 0.15625 0.2986111111111111 0.162109375 0.3090277777777778
0 0.197265625 0.6215277777777778 0.19921875 0.5868055555555556 0.1875 0.5798611111111112 0.181640625 0.5902777777777778 0.1796875 0.6180555555555556 0.197265625 0.6215277777777778
0 0.625 0.6527777777777778 0.642578125 0.6527777777777778 0.6484375 0.6388888888888888 0.642578125 0.5659722222222222 0.6171875 0.5763888888888888 0.61328125 0.59375 0.61328125 0.6388888888888888 0.625 0.6527777777777778
0 0.291015625 0.3923611111111111 0.30078125 0.4027777777777778 0.3046875 0.3923611111111111 0.30078125 0.3680555555555556 0.29296875 0.3680555555555556 0.287109375 0.3854166666666667 0.275390625 0.3611111111111111 0.26953125 0.3680555555555556 0.271484375 0.40625 0.291015625 0.3923611111111111
0 0.369140625 0.5763888888888888 0.35546875 0.5902777777777778 0.359375 0.6076388888888888 0.375 0.6388888888888888 0.388671875 0.6493055555555556 0.392578125 0.59375 0.38671875 0.5763888888888888 0.375 0.5798611111111112 0.36328125 0.5347222222222222 0.35546875 0.5347222222222222 0.353515625 0.5625 0.369140625 0.5763888888888888
0 0.130859375 0.4236111111111111 0.142578125 0.4201388888888889 0.142578125 0.3923611111111111 0.134765625 0.3715277777777778 0.125 0.3680555555555556 0.125 0.40625 0.130859375 0.4236111111111111
0 0.822265625 0.2743055555555556 0.841796875 0.2743055555555556 0.841796875 0.25 0.822265625 0.25 0.822265625 0.2743055555555556
0 0.39453125 0.6597222222222222 0.41796875 0.6805555555555556 0.423828125 0.6701388888888888 0.419921875 0.6423611111111112 0.400390625 0.6354166666666666 0.39453125 0.6388888888888888 0.39453125 0.6597222222222222
0 0.181640625 0.6215277777777778 0.208984375 0.6215277777777778 0.2109375 0.5763888888888888 0.185546875 0.5763888888888888 0.1796875 0.5972222222222222 0.181640625 0.6215277777777778