0 0.3671875 0.6770833333333334 0.375 0.6979166666666666 0.38671875 0.7013888888888888 0.392578125 0.625 0.380859375 0.6111111111111112 0.3671875 0.6215277777777778 0.3671875 0.6770833333333334
0 0.47265625 0.7777777777777778 0.48046875 0.78125 0.48046875 0.7048611111111112 0.474609375 0.6701388888888888 0.46875 0.6701388888888888 0.4609375 0.6944444444444444 0.45703125 0.7326388888888888 0.47265625 0.7777777777777778
0 0.375 0.7430555555555556 0.369140625 0.7013888888888888 0.34375 0.7013888888888888 0.34375 0.75 0.375 0.7430555555555556
0 0.60546875 0.7777777777777778 0.6171875 0.7604166666666666 0.6171875 0.7361111111111112 0.611328125 0.7013888888888888 0.599609375 0.7048611111111112 0.59375 0.7534722222222222 0.60546875 0.7777777777777778
0 0.16796875 0.3125 0.16796875 0.2847222222222222 0.15625 0.28125 0.154296875 0.3090277777777778 0.16796875 0.3125
0 0.01171875 0.59375 0.017578125 0.6041666666666666 0.037109375 0.5625 0.013671875 0.5590277777777778 0.025390625 0.5763888888888888 0.01171875 0.59375
0 0.267578125 0.5729166666666666 0.275390625 0.5625 0.279296875 0.53125 0.275390625 0.5 0.26171875 0.5 0.267578125 0.5729166666666666
0 0.185546875 0.6388888888888888 0.197265625 0.59375 0.19140625 0.5590277777777778 0.17578125 0.5590277777777778 0.173828125 0.59375 0.185546875 0.6388888888888888
0 0.8125 0.84375 0.822265625 0.84375 0.826171875 0.8576388888888888 0.837890625 0.8576388888888888 0.84765625 0.8715277777777778 0.85546875 0.8611111111111112 0.86328125 0.9097222222222222 0.873046875 0.9201388888888888 0.88671875 0.9166666666666666 0.884765625 0.8611111111111112 0.8671875 0.8333333333333334 0.865234375 0.7916666666666666 0.849609375 0.7951388888888888 0.84765625 0.8229166666666666 0.83203125 0.8298611111111112 0.83203125 0.8125 0.81640625 0.7777777777777778 0.796875 0.7777777777777778 0.79296875 0.7916666666666666 0.8125 0.84375
0 0.34375 0.4652777777777778 0.353515625 0.4305555555555556 0.349609375 0.40625 0.33984375 0.40625 0.3359375 0.4444444444444444 0.34375 0.4652777777777778
0 0.017578125 0.7465277777777778 0.037109375 0.71875 0.04296875 0.6597222222222222 0.037109375 0.6493055555555556 0.01171875 0.6527777777777778 0.009765625 0.71875 0.017578125 0.7465277777777778
0 0.1875 0.4722222222222222 0.193359375 0.4479166666666667 0.205078125 0.4375 0.205078125 0.4201388888888889 0.185546875 0.4201388888888889 0.1796875 0.4513888888888889 0.1875 0.4722222222222222
0 0.298828125 0.5625 0.310546875 0.5416666666666666 0.3046875 0.5243055555555556 0.29296875 0.53125 0.291015625 0.5520833333333334 0.298828125 0.5625
0 0.1484375 0.7048611111111112 0.146484375 0.7222222222222222 0.15625 0.6875 0.15625 0.6354166666666666 0.138671875 0.625 0.13671875 0.6909722222222222 0.1484375 0.7048611111111112
0 0.224609375 0.4513888888888889 0.236328125 0.4513888888888889 0.2421875 0.4201388888888889 0.224609375 0.4201388888888889 0.224609375 0.4513888888888889
0 0.41796875 0.6041666666666666 0.423828125 0.6180555555555556 0.4375 0.6215277777777778 0.44140625 0.6076388888888888 0.435546875 0.5486111111111112 0.423828125 0.5347222222222222 0.41796875 0.5416666666666666 0.41796875 0.6041666666666666
0 0.16796875 0.40625 0.189453125 0.4027777777777778 0.19921875 0.3888888888888889 0.197265625 0.3715277777777778 0.16796875 0.3576388888888889 0.162109375 0.3888888888888889 0.16796875 0.40625
0 0.32421875 0.6597222222222222 0.330078125 0.59375 0.3125 0.59375 0.3125 0.6493055555555556 0.32421875 0.6597222222222222
0 0.994140625 0.3854166666666667 0.998046875 0.3402777777777778 0.98828125 0.34375 0.982421875 0.3611111111111111 0.98046875 0.3715277777777778 0.994140625 0.3854166666666667
0 0.33203125 0.5729166666666666 0.34375 0.5763888888888888 0.349609375 0.5486111111111112 0.34765625 0.5138888888888888 0.33203125 0.5138888888888888 0.330078125 0.5625 0.33203125 0.5729166666666666
0 0.193359375 0.5173611111111112 0.201171875 0.5416666666666666 0.2109375 0.5138888888888888 0.205078125 0.4826388888888889 0.2109375 0.4722222222222222 0.1875 0.4826388888888889 0.185546875 0.5138888888888888 0.193359375 0.5173611111111112
0 0.3125 0.5416666666666666 0.32421875 0.5451388888888888 0.330078125 0.5138888888888888 0.322265625 0.4861111111111111 0.3125 0.4861111111111111 0.306640625 0.5277777777777778 0.3125 0.5416666666666666
0 0.830078125 0.9965277777777778 0.830078125 0.96875 0.8046875 0.9097222222222222 0.787109375 0.9201388888888888 0.78125 0.9375 0.775390625 0.9930555555555556 0.830078125 0.9965277777777778
0 0.13671875 0.5763888888888888 0.130859375 0.59375 0.123046875 0.59375 0.12890625 0.6111111111111112 0.1484375 0.5486111111111112 0.142578125 0.5486111111111112 0.138671875 0.5694444444444444 0.126953125 0.5520833333333334 0.123046875 0.5659722222222222 0.13671875 0.5763888888888888
0 0 0.9930555555555556 0.03515625 0.9930555555555556 0.03515625 0.9340277777777778 0.025390625 0.9236111111111112 0 0.9201388888888888 0 0.9930555555555556
0 0.15234375 0.3090277777777778 0.154296875 0.28125 0.13671875 0.2777777777777778 0.13671875 0.3090277777777778 0.15234375 0.3090277777777778
0 0.548828125 0.7222222222222222 0.5546875 0.7361111111111112 0.548828125 0.7430555555555556 0.55078125 0.7951388888888888 0.578125 0.7951388888888888 0.5859375 0.78125 0.5859375 0.7465277777777778 0.57421875 0.7048611111111112 0.5625 0.7118055555555556 0.560546875 0.7361111111111112 0.548828125 0.7222222222222222
0 0.384765625 0.6180555555555556 0.392578125 0.6180555555555556 0.3984375 0.5972222222222222 0.3984375 0.5590277777777778 0.388671875 0.5555555555555556 0.37890625 0.5625 0.384765625 0.6180555555555556
0 0.41796875 0.7326388888888888 0.423828125 0.7222222222222222 0.423828125 0.65625 0.400390625 0.6701388888888888 0.400390625 0.7118055555555556 0.41796875 0.7326388888888888
0 0.5859375 0.8784722222222222 0.642578125 0.9340277777777778 0.66015625 0.9305555555555556 0.654296875 0.875 0.63671875 0.84375 0.623046875 0.8576388888888888 0.60546875 0.8576388888888888 0.59375 0.8125 0.580078125 0.8090277777777778 0.576171875 0.8368055555555556 0.5859375 0.8784722222222222
0 0.673828125 0.90625 0.701171875 0.8611111111111112 0.6796875 0.7986111111111112 0.6484375 0.8229166666666666 0.64453125 0.8541666666666666 0.673828125 0.90625
0 0.23046875 0.7743055555555556 0.2421875 0.7361111111111112 0.2421875 0.7013888888888888 0.236328125 0.6701388888888888 0.21875 0.6701388888888888 0.21875 0.7465277777777778 0.23046875 0.7743055555555556
0 0.224609375 0.5416666666666666 0.234375 0.5625 0.244140625 0.5138888888888888 0.23828125 0.4930555555555556 0.23046875 0.4930555555555556 0.224609375 0.4965277777777778 0.224609375 0.5416666666666666
0 0.275390625 0.7916666666666666 0.28515625 0.7951388888888888 0.291015625 0.7361111111111112 0.287109375 0.6979166666666666 0.28125 0.6875 0.267578125 0.6875 0.267578125 0.7569444444444444 0.275390625 0.7916666666666666
0 0.705078125 0.7743055555555556 0.73046875 0.75 0.728515625 0.7222222222222222 0.712890625 0.7152777777777778 0.705078125 0.6979166666666666 0.697265625 0.7013888888888888 0.693359375 0.75 0.705078125 0.7743055555555556