0 0.494140625 0.2916666666666667 0.50390625 0.2951388888888889 0.50390625 0.2673611111111111 0.494140625 0.2673611111111111 0.494140625 0.2916666666666667
0 0.14453125 0.53125 0.162109375 0.5173611111111112 0.162109375 0.4722222222222222 0.1484375 0.4618055555555556 0.142578125 0.4618055555555556 0.14453125 0.53125
0 0.23828125 0.5034722222222222 0.244140625 0.5173611111111112 0.255859375 0.5138888888888888 0.25390625 0.46875 0.23828125 0.46875 0.23828125 0.5034722222222222
0 0.2734375 0.4583333333333333 0.26171875 0.46875 0.26953125 0.4930555555555556 0.275390625 0.4826388888888889 0.2734375 0.4375 0.267578125 0.4375 0.26171875 0.4409722222222222 0.2734375 0.4583333333333333
0 0.02734375 0.40625 0.029296875 0.3680555555555556 0.017578125 0.3576388888888889 0.017578125 0.40625 0.02734375 0.40625
0 0.236328125 0.2777777777777778 0.244140625 0.2743055555555556 0.2421875 0.25 0.236328125 0.25 0.236328125 0.2777777777777778
0 0.875 0.7291666666666666 0.890625 0.7361111111111112 0.89453125 0.71875 0.912109375 0.6979166666666666 0.912109375 0.6840277777777778 0.890625 0.65625 0.873046875 0.65625 0.8671875 0.7013888888888888 0.875 0.7291666666666666
0 0.20703125 0.6354166666666666 0.216796875 0.6284722222222222 0.22265625 0.6493055555555556 0.23046875 0.6423611111111112 0.2265625 0.59375 0.205078125 0.59375 0.20703125 0.6354166666666666
0 0.35546875 0.9791666666666666 0.37890625 0.9965277777777778 0.3984375 0.9930555555555556 0.3984375 0.9618055555555556 0.38671875 0.9166666666666666 0.369140625 0.90625 0.35546875 0.9236111111111112 0.35546875 0.9791666666666666
0 0.318359375 0.9479166666666666 0.33203125 0.9930555555555556 0.349609375 0.9965277777777778 0.341796875 0.9166666666666666 0.330078125 0.90625 0.337890625 0.8888888888888888 0.33203125 0.8784722222222222 0.318359375 0.9236111111111112 0.318359375 0.9479166666666666
0 0.51953125 0.8263888888888888 0.53515625 0.8263888888888888 0.5234375 0.7361111111111112 0.509765625 0.7361111111111112 0.505859375 0.7951388888888888 0.51953125 0.8263888888888888
0 0.19140625 0.5625 0.19921875 0.5868055555555556 0.212890625 0.5555555555555556 0.21875 0.5555555555555556 0.21875 0.5347222222222222 0.19140625 0.5347222222222222 0.19140625 0.5625
0 0.306640625 0.3055555555555556 0.306640625 0.2777777777777778 0.30078125 0.2777777777777778 0.30078125 0.3055555555555556 0.306640625 0.3055555555555556
0 0.08984375 0.34375 0.09375 0.3125 0.103515625 0.2951388888888889 0.080078125 0.2986111111111111 0.07421875 0.3368055555555556 0.08984375 0.34375
0 0.4296875 0.2916666666666667 0.435546875 0.2916666666666667 0.4296875 0.2777777777777778 0.4375 0.2604166666666667 0.4296875 0.2604166666666667 0.42578125 0.2743055555555556 0.4296875 0.2916666666666667
0 0.2734375 0.2951388888888889 0.28125 0.2951388888888889 0.279296875 0.2638888888888889 0.26953125 0.2638888888888889 0.2734375 0.2951388888888889
0 0.16796875 0.4027777777777778 0.19921875 0.4027777777777778 0.205078125 0.3923611111111111 0.19921875 0.375 0.16796875 0.3576388888888889 0.162109375 0.3854166666666667 0.16796875 0.4027777777777778
0 0.880859375 0.2777777777777778 0.8828125 0.2534722222222222 0.8671875 0.25 0.861328125 0.2743055555555556 0.880859375 0.2777777777777778
0 0.79296875 0.6388888888888888 0.798828125 0.65625 0.822265625 0.6701388888888888 0.83203125 0.6875 0.84765625 0.6875 0.84375 0.6076388888888888 0.8359375 0.59375 0.82421875 0.5972222222222222 0.82421875 0.625 0.818359375 0.625 0.810546875 0.59375 0.798828125 0.5868055555555556 0.79296875 0.5972222222222222 0.79296875 0.6388888888888888
0 0.54296875 0.7673611111111112 0.568359375 0.75 0.5546875 0.7361111111111112 0.5546875 0.75 0.54296875 0.7673611111111112
0 0.51953125 0.8229166666666666 0.53515625 0.8263888888888888 0.525390625 0.7465277777777778 0.53125 0.7326388888888888 0.509765625 0.7361111111111112 0.505859375 0.7951388888888888 0.51953125 0.8229166666666666
0 0.36328125 0.3402777777777778 0.3671875 0.3055555555555556 0.361328125 0.2951388888888889 0.35546875 0.3229166666666667 0.36328125 0.3402777777777778
0 0.3671875 0.2951388888888889 0.3671875 0.2638888888888889 0.361328125 0.2638888888888889 0.359375 0.2916666666666667 0.3671875 0.2951388888888889
0 0.1875 0.7291666666666666 0.19921875 0.7395833333333334 0.205078125 0.7916666666666666 0.220703125 0.8090277777777778 0.228515625 0.7951388888888888 0.228515625 0.7013888888888888 0.22265625 0.6875 0.19921875 0.6875 0.19921875 0.71875 0.1875 0.7291666666666666