0 0.8671875 0.28125 0.86328125 0.2534722222222222 0.837890625 0.2534722222222222 0.8359375 0.2777777777777778 0.8671875 0.28125
0 0.197265625 0.4027777777777778 0.201171875 0.3854166666666667 0.193359375 0.3680555555555556 0.16796875 0.3611111111111111 0.162109375 0.3993055555555556 0.197265625 0.4027777777777778
0 0.4375 0.5763888888888888 0.4453125 0.5763888888888888 0.44921875 0.5104166666666666 0.4375 0.5034722222222222 0.431640625 0.5138888888888888 0.431640625 0.5555555555555556 0.4375 0.5763888888888888
0 0.84375 0.9930555555555556 0.841796875 0.9548611111111112 0.822265625 0.90625 0.810546875 0.90625 0.80078125 0.9201388888888888 0.80078125 0.9930555555555556 0.84375 0.9930555555555556
0 0.73828125 0.9097222222222222 0.75 0.9965277777777778 0.7890625 0.9965277777777778 0.787109375 0.9513888888888888 0.767578125 0.9652777777777778 0.755859375 0.8993055555555556 0.748046875 0.875 0.7421875 0.8784722222222222 0.75390625 0.9097222222222222 0.73828125 0.9097222222222222
0 0.53515625 0.9583333333333334 0.54296875 0.9930555555555556 0.564453125 0.9965277777777778 0.5625 0.90625 0.5546875 0.8854166666666666 0.5546875 0.8576388888888888 0.548828125 0.84375 0.537109375 0.8472222222222222 0.53125 0.8576388888888888 0.53515625 0.9583333333333334
0 0.35546875 0.6354166666666666 0.37890625 0.6423611111111112 0.375 0.5868055555555556 0.361328125 0.5868055555555556 0.353515625 0.59375 0.35546875 0.6354166666666666
0 0.01171875 0.6354166666666666 0.0234375 0.6076388888888888 0.0234375 0.5625 0.005859375 0.5555555555555556 0.00390625 0.6076388888888888 0.01171875 0.6354166666666666
0 0.35546875 0.75 0.36328125 0.7638888888888888 0.35546875 0.7777777777777778 0.3671875 0.78125 0.3671875 0.7951388888888888 0.392578125 0.8368055555555556 0.404296875 0.7847222222222222 0.392578125 0.7222222222222222 0.375 0.7222222222222222 0.365234375 0.75 0.35546875 0.75
0 0.2734375 0.4375 0.279296875 0.4305555555555556 0.279296875 0.40625 0.263671875 0.3923611111111111 0.26171875 0.4340277777777778 0.2734375 0.4375
0 0.068359375 0.34375 0.07421875 0.34375 0.08203125 0.3229166666666667 0.08203125 0.2986111111111111 0.06640625 0.2916666666666667 0.0625 0.2986111111111111 0.068359375 0.34375
0 0.76953125 0.8055555555555556 0.8046875 0.8263888888888888 0.8046875 0.8402777777777778 0.818359375 0.8611111111111112 0.82421875 0.9166666666666666 0.8359375 0.9340277777777778 0.837890625 0.9513888888888888 0.849609375 0.96875 0.859375 0.96875 0.875 0.9166666666666666 0.86328125 0.8958333333333334 0.861328125 0.8611111111111112 0.84765625 0.8159722222222222 0.837890625 0.8125 0.826171875 0.78125 0.810546875 0.7638888888888888 0.787109375 0.7534722222222222 0.78125 0.7604166666666666 0.767578125 0.7951388888888888 0.76953125 0.8055555555555556
0 0.296875 0.7986111111111112 0.291015625 0.8125 0.310546875 0.8611111111111112 0.3125 0.8888888888888888 0.318359375 0.8888888888888888 0.32421875 0.8784722222222222 0.326171875 0.7638888888888888 0.306640625 0.7638888888888888 0.30078125 0.78125 0.291015625 0.7847222222222222 0.287109375 0.7951388888888888 0.296875 0.7986111111111112
0 0.45703125 0.78125 0.478515625 0.8263888888888888 0.486328125 0.8263888888888888 0.48046875 0.71875 0.4609375 0.7118055555555556 0.455078125 0.71875 0.45703125 0.78125
0 0.40625 0.8541666666666666 0.41796875 0.8611111111111112 0.427734375 0.8368055555555556 0.4296875 0.8784722222222222 0.466796875 0.90625 0.466796875 0.8368055555555556 0.455078125 0.7951388888888888 0.443359375 0.7986111111111112 0.439453125 0.8159722222222222 0.423828125 0.8263888888888888 0.41796875 0.78125 0.40625 0.7743055555555556 0.400390625 0.7951388888888888 0.40625 0.8541666666666666
0 0.072265625 0.9722222222222222 0.046875 0.9548611111111112 0.0546875 0.9722222222222222 0.05078125 0.9861111111111112 0.0546875 0.9965277777777778 0.103515625 0.9965277777777778 0.111328125 0.96875 0.10546875 0.9618055555555556 0.119140625 0.9375 0.111328125 0.9375 0.09765625 0.9652777777777778 0.072265625 0.9722222222222222
0 0.29296875 0.3368055555555556 0.3046875 0.3090277777777778 0.29296875 0.3090277777777778 0.29296875 0.3368055555555556
0 0.2109375 0.5590277777777778 0.21875 0.5555555555555556 0.224609375 0.5 0.216796875 0.4861111111111111 0.203125 0.4895833333333333 0.201171875 0.5416666666666666 0.2109375 0.5590277777777778
0 0.3125 0.6423611111111112 0.32421875 0.6423611111111112 0.326171875 0.5625 0.31640625 0.5486111111111112 0.310546875 0.5555555555555556 0.306640625 0.6076388888888888 0.3125 0.6423611111111112
0 0.224609375 0.5034722222222222 0.23046875 0.5138888888888888 0.23828125 0.5 0.236328125 0.4513888888888889 0.224609375 0.4513888888888889 0.224609375 0.5034722222222222
0 0.935546875 0.2916666666666667 0.9375 0.2847222222222222 0.9375 0.2638888888888889 0.926318806640625 0.2654179409722222 0.935546875 0.2916666666666667
0 0.91015625 0.28125 0.91796875 0.2916666666666667 0.9253125 0.26555555555555554 0.912109375 0.2673611111111111 0.91015625 0.28125
0 0.53515625 0.7430555555555556 0.537109375 0.7777777777777778 0.560546875 0.78125 0.568359375 0.8368055555555556 0.580078125 0.8368055555555556 0.580078125 0.78125 0.568359375 0.7465277777777778 0.56640625 0.7118055555555556 0.552734375 0.7222222222222222 0.544921875 0.7465277777777778 0.5234375 0.7013888888888888 0.5234375 0.7534722222222222 0.53515625 0.7430555555555556
0 0.423828125 0.6597222222222222 0.42578125 0.71875 0.443359375 0.7326388888888888 0.4609375 0.7951388888888888 0.474609375 0.8229166666666666 0.486328125 0.8263888888888888 0.484375 0.7361111111111112 0.478515625 0.7118055555555556 0.462890625 0.7013888888888888 0.453125 0.71875 0.443359375 0.71875 0.4375 0.6875 0.44921875 0.6805555555555556 0.44921875 0.65625 0.455078125 0.6493055555555556 0.44921875 0.6354166666666666 0.431640625 0.6423611111111112 0.431640625 0.65625 0.423828125 0.6597222222222222
0 0.962890625 0.3090277777777778 0.9921875 0.3055555555555556 0.994140625 0.2777777777777778 0.978515625 0.2673611111111111 0.9609375 0.2847222222222222 0.962890625 0.3090277777777778
0 0.67578125 0.7604166666666666 0.66796875 0.78125 0.6796875 0.7916666666666666 0.6796875 0.8090277777777778 0.693359375 0.8090277777777778 0.693359375 0.8229166666666666 0.70703125 0.8298611111111112 0.716796875 0.8576388888888888 0.728515625 0.8611111111111112 0.736328125 0.8368055555555556 0.724609375 0.75 0.712890625 0.7465277777777778 0.705078125 0.7638888888888888 0.703125 0.8125 0.69140625 0.7986111111111112 0.69140625 0.7847222222222222 0.673828125 0.7465277777777778 0.673828125 0.7222222222222222 0.66796875 0.7222222222222222 0.666015625 0.75 0.67578125 0.7604166666666666
0 0.40625 0.6111111111111112 0.412109375 0.6111111111111112 0.421875 0.5659722222222222 0.416015625 0.5347222222222222 0.39453125 0.5451388888888888 0.388671875 0.5729166666666666 0.40625 0.6111111111111112
0 0.6875 0.9930555555555556 0.673828125 0.9618055555555556 0.673828125 0.8888888888888888 0.662109375 0.90625 0.662109375 0.9340277777777778 0.65625 0.9375 0.650390625 0.9930555555555556 0.6875 0.9930555555555556
0 0.599609375 0.9930555555555556 0.630859375 0.9965277777777778 0.63671875 0.9861111111111112 0.63671875 0.9513888888888888 0.625 0.9270833333333334 0.630859375 0.8680555555555556 0.62890625 0.8576388888888888 0.611328125 0.8576388888888888 0.59375 0.9652777777777778 0.599609375 0.9930555555555556
0 0.458984375 0.3090277777777778 0.455078125 0.2986111111111111 0.4609375 0.28125 0.455078125 0.28125 0.451171875 0.2951388888888889 0.458984375 0.3090277777777778
0 0.53125 0.90625 0.53125 0.9513888888888888 0.54296875 0.9930555555555556 0.564453125 0.9965277777777778 0.5625 0.90625 0.5546875 0.8854166666666666 0.5546875 0.8541666666666666 0.541015625 0.84375 0.529296875 0.8576388888888888 0.5234375 0.8923611111111112 0.53125 0.90625
0 0.505859375 0.8611111111111112 0.498046875 0.8680555555555556 0.509765625 0.8784722222222222 0.505859375 0.8229166666666666 0.5 0.8229166666666666 0.498046875 0.8506944444444444 0.505859375 0.8611111111111112
0 0.298828125 0.9965277777777778 0.29296875 0.9340277777777778 0.26953125 0.9375 0.26171875 0.9513888888888888 0.26171875 0.9930555555555556 0.298828125 0.9965277777777778