0 0.482421875 0.6388888888888888 0.486328125 0.5659722222222222 0.482421875 0.5555555555555556 0.46484375 0.5625 0.462890625 0.6180555555555556 0.482421875 0.6388888888888888
0 0.09765625 0.5138888888888888 0.109375 0.5138888888888888 0.10546875 0.4513888888888889 0.09375 0.4618055555555556 0.091796875 0.5 0.09765625 0.5138888888888888
0 0.009765625 0.5034722222222222 0.03125 0.4791666666666667 0.03515625 0.4548611111111111 0.005859375 0.4305555555555556 0 0.4826388888888889 0.009765625 0.5034722222222222
0 0.9375 0.2604166666666667 0.943359375 0.2916666666666667 0.966796875 0.2847222222222222 0.966796875 0.2638888888888889 0.95703125 0.2534722222222222 0.92578125 0.2638888888888889 0.923828125 0.2847222222222222 0.9375 0.2604166666666667
0 0.154296875 0.3645833333333333 0.162109375 0.3888888888888889 0.166015625 0.3576388888888889 0.15625 0.3298611111111111 0.162109375 0.3506944444444444 0.154296875 0.3645833333333333
0 0.880859375 0.9930555555555556 0.912109375 0.9930555555555556 0.923828125 0.9652777777777778 0.923828125 0.9479166666666666 0.908203125 0.8854166666666666 0.892578125 0.8715277777777778 0.888671875 0.8923611111111112 0.89453125 0.9131944444444444 0.880859375 0.9236111111111112 0.875 0.9513888888888888 0.873046875 0.9826388888888888 0.880859375 0.9930555555555556
0 0.830078125 0.8888888888888888 0.837890625 0.9340277777777778 0.84375 0.9479166666666666 0.859375 0.9479166666666666 0.859375 0.8576388888888888 0.8359375 0.8298611111111112 0.830078125 0.8298611111111112 0.830078125 0.8888888888888888
0 0.875 0.7430555555555556 0.880859375 0.75 0.884765625 0.7430555555555556 0.876953125 0.71875 0.880859375 0.7361111111111112 0.875 0.7430555555555556
0 0.80078125 0.7465277777777778 0.8125 0.7638888888888888 0.818359375 0.7638888888888888 0.8203125 0.75 0.841796875 0.7604166666666666 0.84765625 0.71875 0.837890625 0.7326388888888888 0.826171875 0.7118055555555556 0.82421875 0.6840277777777778 0.8046875 0.6909722222222222 0.798828125 0.7013888888888888 0.80078125 0.7465277777777778
0 0.298828125 0.6631944444444444 0.31640625 0.6909722222222222 0.3203125 0.7118055555555556 0.330078125 0.71875 0.330078125 0.65625 0.326171875 0.625 0.318359375 0.6180555555555556 0.298828125 0.625 0.298828125 0.6631944444444444
0 0.2421875 0.4652777777777778 0.25390625 0.4826388888888889 0.26171875 0.4548611111111111 0.255859375 0.4340277777777778 0.248046875 0.4340277777777778 0.2421875 0.4375 0.2421875 0.4652777777777778
0 0.3046875 0.9513888888888888 0.298828125 0.9513888888888888 0.298828125 0.9618055555555556 0.310546875 0.9722222222222222 0.31640625 0.9930555555555556 0.35791015625 0.9965277777777778 0.36328125 0.9826388888888888 0.369140625 0.9965277777777778 0.361328125 0.9756944444444444 0.361328125 0.9201388888888888 0.34765625 0.9201388888888888 0.310546875 0.9652777777777778 0.3046875 0.9513888888888888
0 0.2734375 0.5972222222222222 0.275390625 0.6354166666666666 0.28515625 0.6423611111111112 0.287109375 0.5659722222222222 0.263671875 0.5659722222222222 0.26171875 0.5763888888888888 0.2734375 0.5972222222222222
0 0.34375 0.7604166666666666 0.349609375 0.7673611111111112 0.380859375 0.7465277777777778 0.37109375 0.7152777777777778 0.373046875 0.7013888888888888 0.353515625 0.6840277777777778 0.34375 0.7013888888888888 0.34375 0.7604166666666666
0 0.412109375 0.7916666666666666 0.421875 0.7673611111111112 0.421875 0.7013888888888888 0.404296875 0.6979166666666666 0.39453125 0.7118055555555556 0.392578125 0.7638888888888888 0.412109375 0.7916666666666666
0 0.1484375 0.3993055555555556 0.15625 0.375 0.1484375 0.34375 0.13671875 0.34375 0.13671875 0.3854166666666667 0.1484375 0.3993055555555556
0 0.076171875 0.7951388888888888 0.0859375 0.75 0.0859375 0.6909722222222222 0.0625 0.6875 0.056640625 0.6979166666666666 0.05078125 0.7291666666666666 0.076171875 0.7951388888888888
0 0.24609375 0.5763888888888888 0.236328125 0.5833333333333334 0.240234375 0.5972222222222222 0.248046875 0.5798611111111112 0.24609375 0.5625 0.255859375 0.5590277777777778 0.255859375 0.53125 0.23828125 0.53125 0.236328125 0.5607638888888888 0.24609375 0.5763888888888888
0 0.21875 0.4375 0.224609375 0.4270833333333333 0.224609375 0.4027777777777778 0.2109375 0.3993055555555556 0.205078125 0.4201388888888889 0.21875 0.4375
0 0.33203125 0.6284722222222222 0.3515625 0.625 0.35546875 0.59375 0.349609375 0.5763888888888888 0.34375 0.5659722222222222 0.330078125 0.5763888888888888 0.326171875 0.6180555555555556 0.33203125 0.6284722222222222
0 0.1171875 0.3680555555555556 0.12890625 0.3888888888888889 0.134765625 0.3715277777777778 0.130859375 0.34375 0.125 0.3402777777777778 0.1171875 0.3402777777777778 0.1171875 0.3680555555555556
0 0.912109375 0.8298611111111112 0.91796875 0.875 0.935546875 0.8611111111111112 0.97265625 0.8854166666666666 0.98046875 0.84375 0.958984375 0.8263888888888888 0.9296875 0.7534722222222222 0.923828125 0.7604166666666666 0.931640625 0.7951388888888888 0.912109375 0.8298611111111112
0 0.29296875 0.7951388888888888 0.291015625 0.78125 0.287109375 0.7847222222222222 0.29296875 0.7951388888888888
0 0.298828125 0.8090277777777778 0.322265625 0.8125 0.32421875 0.8263888888888888 0.3359375 0.8263888888888888 0.330078125 0.7465277777777778 0.318359375 0.7361111111111112 0.3046875 0.75 0.3046875 0.7951388888888888 0.298828125 0.8090277777777778
0 0.486328125 0.7106493055555556 0.486328125 0.75 0.494140625 0.7743055555555556 0.5 0.7777777777777778 0.505859375 0.75 0.5234375 0.7638888888888888 0.53515625 0.7465277777777778 0.53125 0.7048611111111112 0.509765625 0.71875 0.498046875 0.6875 0.498046875 0.7013888888888888 0.48828125 0.6875 0.494140625 0.7118055555555556 0.486328125 0.7106493055555556
0 0.888671875 0.8090277777777778 0.888671875 0.8368055555555556 0.8984375 0.84375 0.890625 0.8090277777777778 0.892578125 0.78125 0.8828125 0.7986111111111112 0.873046875 0.7847222222222222 0.869140625 0.7951388888888888 0.888671875 0.8090277777777778
0 0.826171875 0.8263888888888888 0.849609375 0.8368055555555556 0.853515625 0.8125 0.84375 0.7951388888888888 0.84375 0.7673611111111112 0.822265625 0.75 0.818359375 0.7951388888888888 0.826171875 0.8263888888888888
0 0.267578125 0.7118055555555556 0.2734375 0.625 0.25 0.6284722222222222 0.255859375 0.6840277777777778 0.267578125 0.7118055555555556
0 0.412109375 0.8854166666666666 0.4296875 0.90625 0.443359375 0.90625 0.44921875 0.8888888888888888 0.4609375 0.8888888888888888 0.4609375 0.8576388888888888 0.451171875 0.8333333333333334 0.455078125 0.8159722222222222 0.443359375 0.8125 0.435546875 0.8263888888888888 0.42578125 0.8263888888888888 0.412109375 0.7951388888888888 0.40625 0.8125 0.412109375 0.8854166666666666
0 0.19921875 0.5243055555555556 0.205078125 0.5138888888888888 0.19140625 0.4965277777777778 0.205078125 0.4861111111111111 0.20703125 0.46875 0.203125 0.4513888888888889 0.19140625 0.4513888888888889 0.1875 0.4930555555555556 0.19921875 0.5243055555555556
0 0.302734375 0.5625 0.3046875 0.5138888888888888 0.298828125 0.4861111111111111 0.287109375 0.4826388888888889 0.287109375 0.5555555555555556 0.302734375 0.5625
0 0.998046875 0.2986111111111111 0.998046875 0.2638888888888889 0.98828125 0.2673611111111111 0.98046875 0.2951388888888889 0.998046875 0.2986111111111111
0 0.1875 0.6805555555555556 0.19921875 0.6875 0.205078125 0.6701388888888888 0.205078125 0.625 0.19140625 0.59375 0.1796875 0.6076388888888888 0.17578125 0.6493055555555556 0.1875 0.6805555555555556
0 0.705078125 0.9722222222222222 0.71875 0.9791666666666666 0.716796875 0.9930555555555556 0.72265625 0.9930555555555556 0.71875 0.9513888888888888 0.7109375 0.9375 0.705078125 0.9375 0.705078125 0.9722222222222222
0 0.75 0.9409722222222222 0.74609375 0.9513888888888888 0.734375 0.9513888888888888 0.73046875 0.9652777777777778 0.736328125 0.9930555555555556 0.767578125 0.9965277777777778 0.779296875 0.9722222222222222 0.783203125 0.9965277777777778 0.787109375 0.9930555555555556 0.765625 0.9201388888888888 0.736328125 0.90625 0.73046875 0.9166666666666666 0.75 0.9409722222222222
0 0.40625 0.6284722222222222 0.41015625 0.5659722222222222 0.3984375 0.5659722222222222 0.388671875 0.5798611111111112 0.392578125 0.6180555555555556 0.40625 0.6284722222222222
0 0.03125 0.5555555555555556 0.041015625 0.5555555555555556 0.048828125 0.53125 0.046875 0.4861111111111111 0.03515625 0.4826388888888889 0.03125 0.4965277777777778 0.025390625 0.53125 0.03125 0.5555555555555556
0 0.13671875 0.5034722222222222 0.130859375 0.5173611111111112 0.142578125 0.4965277777777778 0.142578125 0.46875 0.12890625 0.46875 0.13671875 0.5034722222222222
0 0.72265625 0.7326388888888888 0.72265625 0.7048611111111112 0.736328125 0.7013888888888888 0.7421875 0.6666666666666666 0.73046875 0.6354166666666666 0.7109375 0.65625 0.701171875 0.71875 0.72265625 0.7326388888888888
0 0.6875 0.6388888888888888 0.701171875 0.6875 0.701171875 0.65625 0.69140625 0.6423611111111112 0.69921875 0.625 0.6875 0.625 0.6875 0.6388888888888888
0 0.1484375 0.6076388888888888 0.15625 0.5798611111111112 0.15625 0.5451388888888888 0.1484375 0.5277777777777778 0.13671875 0.5347222222222222 0.138671875 0.59375 0.1484375 0.6076388888888888
0 0.14453125 0.9340277777777778 0.150390625 0.9930555555555556 0.197265625 0.9965277777777778 0.19140625 0.9548611111111112 0.19921875 0.9305555555555556 0.193359375 0.9166666666666666 0.19921875 0.90625 0.16796875 0.9479166666666666 0.14453125 0.9340277777777778
0 0.380859375 0.53125 0.38671875 0.53125 0.3984375 0.4861111111111111 0.37890625 0.4861111111111111 0.380859375 0.53125
0 0.623046875 0.8472222222222222 0.63671875 0.875 0.6640625 0.8923611111111112 0.66796875 0.8576388888888888 0.662109375 0.7951388888888888 0.654296875 0.7743055555555556 0.634765625 0.7743055555555556 0.63671875 0.8159722222222222 0.623046875 0.8472222222222222
0 0.599609375 0.7743055555555556 0.603515625 0.8090277777777778 0.6171875 0.8229166666666666 0.625 0.7986111111111112 0.609375 0.75 0.591796875 0.7361111111111112 0.580078125 0.7430555555555556 0.599609375 0.7743055555555556
0 0.3671875 0.8576388888888888 0.349609375 0.8576388888888888 0.349609375 0.875 0.396484375 0.96875 0.3984375 0.9236111111111112 0.404296875 0.9166666666666666 0.39453125 0.8854166666666666 0.3984375 0.8611111111111112 0.392578125 0.8263888888888888 0.380859375 0.8298611111111112 0.3671875 0.84375 0.3671875 0.8576388888888888
0 0.443359375 0.7638888888888888 0.466796875 0.7673611111111112 0.46875 0.7326388888888888 0.4609375 0.71875 0.4609375 0.6909722222222222 0.451171875 0.6701388888888888 0.44140625 0.6805555555555556 0.4375 0.7465277777777778 0.443359375 0.7638888888888888
0 0.560546875 0.9305555555555556 0.5546875 0.90625 0.5546875 0.9305555555555556 0.560546875 0.9305555555555556
0 0.580078125 0.9930555555555556 0.60546875 0.9930555555555556 0.609375 0.9722222222222222 0.599609375 0.9479166666666666 0.591796875 0.8923611111111112 0.57421875 0.8993055555555556 0.57421875 0.9791666666666666 0.580078125 0.9930555555555556
0 0.4296875 0.5729166666666666 0.443359375 0.5590277777777778 0.447265625 0.53125 0.44140625 0.5138888888888888 0.423828125 0.5173611111111112 0.41796875 0.5451388888888888 0.4296875 0.5729166666666666
0 0.642578125 0.7291666666666666 0.6484375 0.7291666666666666 0.6484375 0.6979166666666666 0.65625 0.6909722222222222 0.642578125 0.6875 0.638671875 0.7118055555555556 0.642578125 0.7291666666666666
0 0.65625 0.75 0.662109375 0.7743055555555556 0.6953125 0.7951388888888888 0.69921875 0.7118055555555556 0.69140625 0.6736111111111112 0.67578125 0.6701388888888888 0.673828125 0.7013888888888888 0.662109375 0.71875 0.662109375 0.7430555555555556 0.65625 0.75
0 0.1484375 0.7361111111111112 0.1484375 0.7638888888888888 0.162109375 0.8055555555555556 0.173828125 0.8125 0.173828125 0.71875 0.150390625 0.71875 0.154296875 0.7291666666666666 0.1484375 0.7361111111111112
0 0.2265625 0.8576388888888888 0.23046875 0.84375 0.22265625 0.8263888888888888 0.21875 0.84375 0.2265625 0.8576388888888888
0 0.236328125 0.8958333333333334 0.248046875 0.9166666666666666 0.25 0.9375 0.26171875 0.9375 0.267578125 0.9201388888888888 0.263671875 0.8055555555555556 0.244140625 0.8090277777777778 0.236328125 0.8125 0.236328125 0.8958333333333334
0 0.94921875 0.7951388888888888 0.94921875 0.7361111111111112 0.935546875 0.71875 0.92578125 0.7465277777777778 0.9296875 0.7951388888888888 0.94921875 0.7951388888888888
0 0.755859375 0.7361111111111112 0.755859375 0.75 0.763671875 0.78125 0.78125 0.78125 0.787109375 0.7604166666666666 0.767578125 0.7326388888888888 0.779296875 0.7222222222222222 0.767578125 0.7013888888888888 0.76953125 0.7256944444444444 0.755859375 0.7361111111111112
0 0.712890625 0.75 0.71875 0.7673611111111112 0.73046875 0.7673611111111112 0.73828125 0.75 0.724609375 0.71875 0.73828125 0.71875 0.734375 0.7013888888888888 0.72265625 0.7013888888888888 0.72265625 0.7326388888888888 0.712890625 0.75