0 0.853515625 0.2777777777777778 0.87109375 0.2777777777777778 0.873046875 0.2638888888888889 0.859375 0.2534722222222222 0.849609375 0.2638888888888889 0.853515625 0.2777777777777778
0 0.525390625 0.3715277777777778 0.529296875 0.3402777777777778 0.51953125 0.3159722222222222 0.513671875 0.3402777777777778 0.525390625 0.3715277777777778
0 0.130859375 0.6180555555555556 0.1640625 0.6215277777777778 0.173828125 0.6041666666666666 0.16796875 0.5625 0.134765625 0.5798611111111112 0.12109375 0.5590277777777778 0.109375 0.5590277777777778 0.10546875 0.5868055555555556 0.130859375 0.6180555555555556
0 0.07421875 0.5625 0.0859375 0.5416666666666666 0.111328125 0.5486111111111112 0.1171875 0.5416666666666666 0.1171875 0.5104166666666666 0.111328125 0.5 0.099609375 0.5034722222222222 0.083984375 0.5243055555555556 0.07421875 0.5173611111111112 0.052734375 0.5347222222222222 0.0546875 0.5625 0.07421875 0.5625
0 0.693359375 0.71875 0.708984375 0.7118055555555556 0.736328125 0.7222222222222222 0.748046875 0.75 0.76171875 0.7465277777777778 0.755859375 0.6736111111111112 0.736328125 0.6493055555555556 0.724609375 0.6597222222222222 0.724609375 0.6840277777777778 0.712890625 0.6875 0.69921875 0.6423611111111112 0.6875 0.6388888888888888 0.685546875 0.6875 0.693359375 0.71875
0 0 0.7465277777777778 0.009765625 0.7534722222222222 0.01171875 0.6701388888888888 0.00390625 0.6493055555555556 0 0.7076388888888889 0.009765625 0.7152777777777778 0 0.7270833333333333 0 0.7465277777777778
0 0.4609375 0.8784722222222222 0.46875 0.8888888888888888 0.48046875 0.8854166666666666 0.498046875 0.9201388888888888 0.505859375 0.90625 0.505859375 0.8819444444444444 0.494140625 0.8611111111111112 0.501953125 0.8506944444444444 0.50390625 0.8263888888888888 0.486328125 0.7847222222222222 0.474609375 0.7951388888888888 0.474609375 0.8819444444444444 0.4609375 0.8784722222222222
0 0.4296875 0.8402777777777778 0.44140625 0.8715277777777778 0.44921875 0.8576388888888888 0.45703125 0.8680555555555556 0.4609375 0.8298611111111112 0.451171875 0.8125 0.455078125 0.8055555555555556 0.44921875 0.7777777777777778 0.4375 0.7673611111111112 0.431640625 0.78125 0.42578125 0.8159722222222222 0.4296875 0.8402777777777778
0 0.0546875 0.7118055555555556 0.0546875 0.7465277777777778 0.07421875 0.75 0.07421875 0.7673611111111112 0.10546875 0.7951388888888888 0.109375 0.75 0.103515625 0.7118055555555556 0.091796875 0.6909722222222222 0.06640625 0.7152777777777778 0.0546875 0.7118055555555556
0 0.279296875 0.4027777777777778 0.28125 0.3611111111111111 0.263671875 0.3576388888888889 0.26171875 0.3854166666666667 0.279296875 0.4027777777777778
0 0.185546875 0.6979166666666666 0.193359375 0.71875 0.23046875 0.7291666666666666 0.244140625 0.7152777777777778 0.2421875 0.75 0.248046875 0.7465277777777778 0.248046875 0.71875 0.23046875 0.6493055555555556 0.234375 0.6388888888888888 0.21484375 0.6597222222222222 0.1875 0.65625 0.19140625 0.6666666666666666 0.185546875 0.6979166666666666
0 0.3984375 0.3541666666666667 0.40625 0.3263888888888889 0.404296875 0.3159722222222222 0.39453125 0.3159722222222222 0.392578125 0.34375 0.3984375 0.3541666666666667
0 0.08203125 0.6597222222222222 0.10546875 0.6875 0.111328125 0.6840277777777778 0.119140625 0.7013888888888888 0.12890625 0.7013888888888888 0.130859375 0.6701388888888888 0.119140625 0.6111111111111112 0.10546875 0.5902777777777778 0.095703125 0.6111111111111112 0.08203125 0.6111111111111112 0.076171875 0.6388888888888888 0.08203125 0.6597222222222222
0 0.166015625 0.4027777777777778 0.201171875 0.3993055555555556 0.19921875 0.3715277777777778 0.1796875 0.3576388888888889 0.162109375 0.3611111111111111 0.15625 0.3888888888888889 0.166015625 0.4027777777777778
0 0.107421875 0.4305555555555556 0.130859375 0.4618055555555556 0.138671875 0.4548611111111111 0.1484375 0.46875 0.142578125 0.4097222222222222 0.1171875 0.4097222222222222 0.10546875 0.4201388888888889 0.107421875 0.4305555555555556
0 0.01953125 0.6701388888888888 0.041015625 0.6736111111111112 0.041015625 0.6319444444444444 0.06640625 0.625 0.07421875 0.6076388888888888 0.068359375 0.5798611111111112 0.0546875 0.5798611111111112 0.03515625 0.6111111111111112 0.01171875 0.5902777777777778 0.01171875 0.6527777777777778 0.01953125 0.6701388888888888
0 0.556640625 0.375 0.5625 0.375 0.56640625 0.3159722222222222 0.5546875 0.3229166666666667 0.55078125 0.34375 0.556640625 0.375
0 0.923828125 0.2916666666666667 0.947265625 0.2951388888888889 0.9453125 0.2673611111111111 0.931640625 0.2604166666666667 0.923828125 0.2743055555555556 0.923828125 0.2916666666666667
0 0.548828125 0.7916666666666666 0.568359375 0.7951388888888888 0.56640625 0.7604166666666666 0.548828125 0.71875 0.54296875 0.7222222222222222 0.541015625 0.7569444444444444 0.548828125 0.7916666666666666
0 0.580078125 0.8090277777777778 0.6015625 0.8125 0.611328125 0.8298611111111112 0.623046875 0.8263888888888888 0.623046875 0.7951388888888888 0.611328125 0.7743055555555556 0.60546875 0.7291666666666666 0.599609375 0.71875 0.5859375 0.71875 0.580078125 0.7465277777777778 0.580078125 0.8090277777777778
0 0.34375 0.7152777777777778 0.3359375 0.6597222222222222 0.318359375 0.6423611111111112 0.318359375 0.6979166666666666 0.34375 0.7152777777777778
0 0.380859375 0.7326388888888888 0.384765625 0.7048611111111112 0.375 0.6805555555555556 0.376953125 0.6631944444444444 0.3671875 0.6527777777777778 0.3671875 0.6388888888888888 0.35546875 0.6493055555555556 0.349609375 0.7152777777777778 0.380859375 0.7326388888888888
0 0.466796875 0.59375 0.474609375 0.6111111111111112 0.466796875 0.6180555555555556 0.466796875 0.6388888888888888 0.478515625 0.6215277777777778 0.4921875 0.65625 0.478515625 0.6597222222222222 0.501953125 0.6701388888888888 0.509765625 0.6875 0.51171875 0.6805555555555556 0.50390625 0.6736111111111112 0.51171875 0.6614583333333334 0.50390625 0.6215277777777778 0.505859375 0.59375 0.4921875 0.6041666666666666 0.466796875 0.59375
0 0.61328125 0.3680555555555556 0.6171875 0.3229166666666667 0.607421875 0.3263888888888889 0.60546875 0.3472222222222222 0.61328125 0.3680555555555556
0 0.21875 0.4965277777777778 0.224609375 0.5 0.236328125 0.4861111111111111 0.259765625 0.4826388888888889 0.267578125 0.4930555555555556 0.2734375 0.4826388888888889 0.271484375 0.4652777777777778 0.259765625 0.4652777777777778 0.248046875 0.4479166666666667 0.224609375 0.4548611111111111 0.21875 0.4791666666666667 0.21875 0.4965277777777778