0 0.1171875 0.3993055555555556 0.12890625 0.3993055555555556 0.130859375 0.3576388888888889 0.111328125 0.3576388888888889 0.1171875 0.3993055555555556
0 0.080078125 0.3229166666666667 0.0859375 0.2951388888888889 0.06640625 0.2847222222222222 0.0625 0.3055555555555556 0.080078125 0.3229166666666667
0 0.423828125 0.6736111111111112 0.423828125 0.6840277777777778 0.431640625 0.7465277777777778 0.44921875 0.7673611111111112 0.455078125 0.7534722222222222 0.455078125 0.7013888888888888 0.443359375 0.6527777777777778 0.44921875 0.6423611111111112 0.443359375 0.6388888888888888 0.4375 0.6666666666666666 0.423828125 0.6736111111111112
0 0.541015625 0.9548611111111112 0.548828125 0.9930555555555556 0.60546875 0.9965277777777778 0.6015625 0.9375 0.56640625 0.96875 0.5546875 0.9513888888888888 0.54296875 0.90625 0.529296875 0.9097222222222222 0.529296875 0.9479166666666666 0.541015625 0.9548611111111112
0 0.248046875 0.7465277777777778 0.255859375 0.7152777777777778 0.25 0.6527777777777778 0.224609375 0.6597222222222222 0.224609375 0.7013888888888888 0.248046875 0.7465277777777778
0 0 0.59375 0.017578125 0.5763888888888888 0.017578125 0.5243055555555556 0 0.5173611111111112 0 0.59375
0 0.130859375 0.5138888888888888 0.1484375 0.5138888888888888 0.1484375 0.4548611111111111 0.125 0.4513888888888889 0.125 0.5 0.130859375 0.5138888888888888
0 0.318359375 0.6736111111111112 0.318359375 0.7118055555555556 0.33203125 0.7638888888888888 0.34375 0.7673611111111112 0.35546875 0.7534722222222222 0.35546875 0.7222222222222222 0.349609375 0.7118055555555556 0.35546875 0.6354166666666666 0.337890625 0.6388888888888888 0.337890625 0.6527777777777778 0.318359375 0.6736111111111112
0 0.25390625 0.3576388888888889 0.248046875 0.3125 0.23828125 0.3125 0.236328125 0.3541666666666667 0.25390625 0.3576388888888889
0 0 0.8229166666666666 0.017578125 0.84375 0.0234375 0.84375 0.0234375 0.8298611111111112 0.037109375 0.8125 0.029296875 0.75 0.0234375 0.7465277777777778 0 0.75 0 0.8229166666666666
0 0.70703125 0.9722222222222222 0.71875 0.9930555555555556 0.73828125 0.9930555555555556 0.72265625 0.9340277777777778 0.69921875 0.9270833333333334 0.697265625 0.9722222222222222 0.70703125 0.9722222222222222
0 0.775390625 0.9583333333333334 0.7734375 0.9895833333333334 0.8125 0.9930555555555556 0.794921875 0.9479166666666666 0.796875 0.9201388888888888 0.783203125 0.90625 0.767578125 0.90625 0.763671875 0.9236111111111112 0.775390625 0.9583333333333334
0 0.046875 0.3506944444444444 0.068359375 0.3472222222222222 0.068359375 0.3159722222222222 0.048828125 0.3125 0.04296875 0.3368055555555556 0.046875 0.3506944444444444
0 0.8671875 0.9201388888888888 0.8984375 0.9409722222222222 0.89453125 0.9618055555555556 0.90625 0.9722222222222222 0.90625 0.9930555555555556 0.94140625 0.9930555555555556 0.9375 0.9722222222222222 0.912109375 0.9270833333333334 0.91015625 0.9027777777777778 0.89453125 0.8888888888888888 0.873046875 0.8472222222222222 0.861328125 0.8784722222222222 0.8671875 0.9201388888888888
0 0.53125 0.90625 0.548828125 0.8888888888888888 0.53515625 0.8159722222222222 0.517578125 0.8298611111111112 0.513671875 0.90625 0.53125 0.90625
0 0.40625 0.9548611111111112 0.41796875 0.9965277777777778 0.4296875 0.9930555555555556 0.42578125 0.9722222222222222 0.41015625 0.9618055555555556 0.4296875 0.9340277777777778 0.423828125 0.8611111111111112 0.41015625 0.8576388888888888 0.38671875 0.8958333333333334 0.388671875 0.9513888888888888 0.40625 0.9548611111111112
0 0.373046875 0.8680555555555556 0.369140625 0.8576388888888888 0.3671875 0.8680555555555556 0.373046875 0.8680555555555556
0 0.1796875 0.8680555555555556 0.19140625 0.8715277777777778 0.201171875 0.8159722222222222 0.19921875 0.7638888888888888 0.1875 0.7465277777777778 0.16796875 0.7777777777777778 0.16796875 0.8298611111111112 0.1796875 0.8680555555555556
0 0.119140625 0.75 0.125 0.78125 0.13671875 0.7951388888888888 0.138671875 0.8125 0.14453125 0.8125 0.150390625 0.7222222222222222 0.142578125 0.7048611111111112 0.130859375 0.7048611111111112 0.119140625 0.71875 0.119140625 0.75
0 0.16796875 0.5625 0.1796875 0.5902777777777778 0.17578125 0.6076388888888888 0.19140625 0.6076388888888888 0.19140625 0.5416666666666666 0.1796875 0.5138888888888888 0.173828125 0.5173611111111112 0.16796875 0.5277777777777778 0.16796875 0.5625
0 0.169921875 0.6597222222222222 0.17578125 0.5868055555555556 0.173828125 0.5763888888888888 0.15625 0.5763888888888888 0.15625 0.65625 0.169921875 0.6597222222222222
0 0.251953125 0.9652777777777778 0.255859375 0.9930555555555556 0.29296875 0.9930555555555556 0.298828125 0.9722222222222222 0.29296875 0.9375 0.28515625 0.9340277777777778 0.271484375 0.9618055555555556 0.263671875 0.9618055555555556 0.2421875 0.9375 0.2421875 0.90625 0.236328125 0.9131944444444444 0.236328125 0.9583333333333334 0.251953125 0.9652777777777778
0 0.84765625 0.9965277777777778 0.869140625 0.9965277777777778 0.8671875 0.9548611111111112 0.859375 0.9305555555555556 0.8515625 0.9340277777777778 0.841796875 0.9513888888888888 0.84765625 0.9965277777777778
0 0.16796875 0.4027777777777778 0.201171875 0.3993055555555556 0.19921875 0.375 0.16796875 0.3576388888888889 0.162109375 0.3854166666666667 0.16796875 0.4027777777777778
0 0.076171875 0.4513888888888889 0.0859375 0.4513888888888889 0.091796875 0.4375 0.091796875 0.4097222222222222 0.0859375 0.3993055555555556 0.07421875 0.3993055555555556 0.076171875 0.4513888888888889
0 0.03515625 0.9930555555555556 0.0546875 0.9513888888888888 0.0546875 0.9236111111111112 0.068359375 0.90625 0.0625 0.8888888888888888 0.046875 0.8888888888888888 0.03125 0.90625 0.03515625 0.9930555555555556
0 0.076171875 0.7638888888888888 0.09765625 0.8055555555555556 0.10546875 0.8055555555555556 0.111328125 0.7673611111111112 0.099609375 0.7361111111111112 0.087890625 0.7361111111111112 0.076171875 0.75 0.076171875 0.7638888888888888
0 0.142578125 0.3229166666666667 0.1484375 0.3159722222222222 0.1484375 0.2916666666666667 0.13671875 0.2847222222222222 0.134765625 0.3159722222222222 0.142578125 0.3229166666666667
0 0.32421875 0.9861111111111112 0.3671875 0.9930555555555556 0.373046875 0.9826388888888888 0.375 0.9305555555555556 0.369140625 0.9097222222222222 0.353515625 0.90625 0.341796875 0.9375 0.33203125 0.9375 0.318359375 0.90625 0.310546875 0.90625 0.3046875 0.9375 0.32421875 0.9861111111111112
0 0.0234375 0.3715277777777778 0.048828125 0.3576388888888889 0.03515625 0.3125 0.01953125 0.3159722222222222 0.017578125 0.3611111111111111 0.0234375 0.3715277777777778
0 0.630859375 0.96875 0.63671875 0.9791666666666666 0.662109375 0.9791666666666666 0.66796875 0.9930555555555556 0.6796875 0.9930555555555556 0.6796875 0.9375 0.66015625 0.8888888888888888 0.64453125 0.8923611111111112 0.630859375 0.9201388888888888 0.630859375 0.96875
0 0.599609375 0.90625 0.611328125 0.90625 0.609375 0.8611111111111112 0.58984375 0.8541666666666666 0.5859375 0.8854166666666666 0.599609375 0.90625
0 0.0546875 0.8333333333333334 0.05078125 0.8159722222222222 0.048828125 0.8229166666666666 0.076171875 0.8923611111111112 0.087890625 0.8993055555555556 0.09375 0.9375 0.109375 0.9479166666666666 0.111328125 0.9097222222222222 0.099609375 0.8125 0.087890625 0.8125 0.06640625 0.84375 0.0546875 0.8333333333333334
0 0.73046875 0.4826388888888889 0.73046875 0.4236111111111111 0.712890625 0.4201388888888889 0.7109375 0.4618055555555556 0.73046875 0.4826388888888889
0 0.1796875 0.9965277777777778 0.1796875 0.96875 0.166015625 0.9375 0.142578125 0.9583333333333334 0.138671875 0.9930555555555556 0.1796875 0.9965277777777778