0 0.947265625 0.3680555555555556 0.943359375 0.34375 0.91015625 0.3472222222222222 0.90625 0.3784722222222222 0.947265625 0.3680555555555556
0 0.4306640625 0.6232638888888888 0.001953125 0.003472222222222222
0 0.443359375 0.6840277777777778 0.466796875 0.7048611111111112 0.474609375 0.7013888888888888 0.46875 0.6388888888888888 0.458984375 0.6215277777777778 0.470703125 0.6041666666666666 0.4453125 0.6388888888888888 0.435546875 0.6388888888888888 0.431640625 0.6493055555555556 0.443359375 0.6840277777777778
0 0.1484375 0.7881944444444444 0.158203125 0.78125 0.15625 0.8090277777777778 0.166015625 0.7986111111111112 0.1796875 0.8368055555555556 0.19921875 0.8368055555555556 0.205078125 0.7951388888888888 0.19140625 0.7222222222222222 0.1796875 0.7222222222222222 0.162109375 0.7465277777777778 0.162109375 0.7638888888888888 0.154296875 0.7743055555555556 0.1484375 0.7604166666666666 0.1484375 0.7222222222222222 0.142578125 0.71875 0.134765625 0.7743055555555556 0.1484375 0.7881944444444444
0 0.3125 0.8854166666666666 0.322265625 0.8854166666666666 0.32421875 0.8541666666666666 0.318359375 0.8298611111111112 0.32421875 0.8090277777777778 0.318359375 0.7638888888888888 0.298828125 0.7673611111111112 0.287109375 0.7986111111111112 0.287109375 0.84375 0.3125 0.8854166666666666
0 0.572265625 0.46875 0.580078125 0.4722222222222222 0.59375 0.4375 0.5859375 0.4201388888888889 0.57421875 0.4236111111111111 0.568359375 0.4513888888888889 0.572265625 0.46875
0 0.923828125 0.3055555555555556 0.92578125 0.28125 0.90625 0.2673611111111111 0.904296875 0.2916666666666667 0.923828125 0.3055555555555556
0 0.474609375 0.5729166666666666 0.490234375 0.5763888888888888 0.498046875 0.53125 0.4921875 0.4861111111111111 0.48046875 0.4861111111111111 0.47265625 0.5034722222222222 0.46875 0.53125 0.474609375 0.5729166666666666
0 0.767578125 0.6840277777777778 0.78125 0.6805555555555556 0.787109375 0.6423611111111112 0.7734375 0.6215277777777778 0.78125 0.5625 0.7734375 0.5625 0.755859375 0.6076388888888888 0.755859375 0.6666666666666666 0.767578125 0.6840277777777778
0 0.34375 0.9930555555555556 0.34375 0.9618055555555556 0.333984375 0.9305555555555556 0.318359375 0.9409722222222222 0.30859375 0.9652777777777778 0.296875 0.96875 0.29296875 0.9930555555555556 0.34375 0.9930555555555556
0 0.287109375 0.9930555555555556 0.2734375 0.96875 0.2734375 0.9201388888888888 0.267578125 0.9201388888888888 0.267578125 0.9930555555555556 0.287109375 0.9930555555555556
0 0.048828125 0.5 0.048828125 0.5416666666666666 0.064453125 0.5659722222222222 0.072265625 0.5277777777777778 0.06640625 0.4861111111111111 0.05078125 0.4861111111111111 0.0546875 0.4965277777777778 0.048828125 0.5
0 0.3046875 0.5590277777777778 0.3125 0.5763888888888888 0.330078125 0.5659722222222222 0.330078125 0.53125 0.322265625 0.5 0.3046875 0.5138888888888888 0.3046875 0.5590277777777778
0 0.07421875 0.6701388888888888 0.068359375 0.6875 0.080078125 0.7152777777777778 0.0859375 0.7048611111111112 0.10546875 0.7326388888888888 0.103515625 0.6423611111111112 0.083984375 0.6354166666666666 0.072265625 0.6527777777777778 0.06640625 0.6493055555555556 0.0625 0.65625 0.07421875 0.6701388888888888
0 0.318359375 0.6701388888888888 0.3359375 0.6597222222222222 0.35546875 0.6979166666666666 0.359375 0.6701388888888888 0.349609375 0.6076388888888888 0.34375 0.5972222222222222 0.328125 0.6111111111111112 0.318359375 0.6076388888888888 0.3125 0.625 0.318359375 0.6701388888888888
0 0.806640625 0.9305555555555556 0.837890625 0.9826388888888888 0.85546875 0.9826388888888888 0.861328125 0.9513888888888888 0.841796875 0.90625 0.8359375 0.8402777777777778 0.8125 0.8472222222222222 0.818359375 0.8888888888888888 0.806640625 0.9305555555555556
0 0.763671875 0.9027777777777778 0.787109375 0.9166666666666666 0.798828125 0.8888888888888888 0.7734375 0.84375 0.7734375 0.8159722222222222 0.76171875 0.8159722222222222 0.755859375 0.875 0.763671875 0.9027777777777778
0 0.548828125 0.5451388888888888 0.560546875 0.5451388888888888 0.568359375 0.5243055555555556 0.56640625 0.5 0.548828125 0.5 0.548828125 0.5451388888888888
0 0.505859375 0.4791666666666667 0.509765625 0.4166666666666667 0.498046875 0.4236111111111111 0.494140625 0.46875 0.505859375 0.4791666666666667
0 0.08203125 0.4027777777777778 0.0859375 0.3784722222222222 0.072265625 0.3784722222222222 0.068359375 0.4027777777777778 0.08203125 0.4027777777777778
0 0.041015625 0.7986111111111112 0.05078125 0.8229166666666666 0.0625 0.8229166666666666 0.0625 0.7430555555555556 0.056640625 0.7222222222222222 0.03125 0.7222222222222222 0.025390625 0.7638888888888888 0.025390625 0.7881944444444444 0.041015625 0.7986111111111112
0 0.01953125 0.4513888888888889 0.03125 0.4652777777777778 0.037109375 0.4479166666666667 0.037109375 0.40625 0.017578125 0.4097222222222222 0.013671875 0.4201388888888889 0.01953125 0.4513888888888889
0 0.837890625 0.3055555555555556 0.84765625 0.2777777777777778 0.83984375 0.2638888888888889 0.826171875 0.2638888888888889 0.82421875 0.2951388888888889 0.837890625 0.3055555555555556
0 0.28125 0.6701388888888888 0.279296875 0.6076388888888888 0.267578125 0.5798611111111112 0.255859375 0.59375 0.248046875 0.5798611111111112 0.23828125 0.5798611111111112 0.240234375 0.6354166666666666 0.28125 0.6701388888888888
0 0.5546875 0.78125 0.56640625 0.8090277777777778 0.5625 0.8263888888888888 0.568359375 0.8541666666666666 0.576171875 0.8541666666666666 0.58203125 0.875 0.595703125 0.8784722222222222 0.59765625 0.7951388888888888 0.583984375 0.7604166666666666 0.57421875 0.7604166666666666 0.5546875 0.7638888888888888 0.5546875 0.78125
0 0.3046875 0.4826388888888889 0.318359375 0.4826388888888889 0.322265625 0.4548611111111111 0.310546875 0.4479166666666667 0.3046875 0.4513888888888889 0.3046875 0.4826388888888889
0 0.2734375 0.4756944444444444 0.28125 0.4930555555555556 0.291015625 0.4722222222222222 0.287109375 0.4375 0.2734375 0.4375 0.2734375 0.4756944444444444
0 0.173828125 0.4027777777777778 0.197265625 0.4027777777777778 0.205078125 0.3923611111111111 0.19140625 0.3576388888888889 0.171875 0.3576388888888889 0.16796875 0.3923611111111111 0.173828125 0.4027777777777778
0 0.97265625 0.2951388888888889 0.998046875 0.2951388888888889 0.998046875 0.28125 0.98046875 0.2638888888888889 0.96875 0.28125 0.97265625 0.2951388888888889
0 0.576171875 0.3784722222222222 0.580078125 0.3368055555555556 0.572265625 0.3368055555555556 0.568359375 0.375 0.576171875 0.3784722222222222
0 0.125 0.5347222222222222 0.1484375 0.5555555555555556 0.1484375 0.4930555555555556 0.142578125 0.4791666666666667 0.1328125 0.4895833333333333 0.125 0.5104166666666666 0.125 0.5347222222222222
0 0.73828125 0.9930555555555556 0.716796875 0.9826388888888888 0.7109375 0.9930555555555556 0.73828125 0.9930555555555556
0 0.6484375 0.9965277777777778 0.681640625 0.9965277777777778 0.677734375 0.96875 0.65625 0.9548611111111112 0.6484375 0.96875 0.6484375 0.9965277777777778
0 0.3984375 0.5555555555555556 0.41015625 0.53125 0.404296875 0.4791666666666667 0.3984375 0.4722222222222222 0.388671875 0.4826388888888889 0.38671875 0.5277777777777778 0.3984375 0.5555555555555556
0 0.748046875 0.6076388888888888 0.7734375 0.6111111111111112 0.787109375 0.5451388888888888 0.767578125 0.5486111111111112 0.7578125 0.5763888888888888 0.75 0.5486111111111112 0.744140625 0.5486111111111112 0.7421875 0.59375 0.748046875 0.6076388888888888
0 0.080078125 0.5243055555555556 0.099609375 0.53125 0.103515625 0.4826388888888889 0.0859375 0.46875 0.080078125 0.4791666666666667 0.080078125 0.5243055555555556
0 0.2421875 0.5763888888888888 0.25 0.5451388888888888 0.244140625 0.5069444444444444 0.23828125 0.5 0.228515625 0.5138888888888888 0.224609375 0.5555555555555556 0.2421875 0.5763888888888888
0 0.19921875 0.7465277777777778 0.205078125 0.6701388888888888 0.19921875 0.65625 0.173828125 0.6631944444444444 0.171875 0.6840277777777778 0.19921875 0.7465277777777778
0 0.5234375 0.5138888888888888 0.53125 0.5173611111111112 0.537109375 0.4618055555555556 0.53125 0.4513888888888889 0.51953125 0.4548611111111111 0.517578125 0.4930555555555556 0.5234375 0.5138888888888888
0 0.6484375 0.9965277777777778 0.6796875 0.9965277777777778 0.6796875 0.9722222222222222 0.65625 0.9548611111111112 0.6484375 0.96875 0.6484375 0.9965277777777778
0 0.59765625 0.7118055555555556 0.63671875 0.7534722222222222 0.63671875 0.6736111111111112 0.630859375 0.6527777777777778 0.607421875 0.65625 0.59765625 0.6388888888888888 0.58203125 0.6423611111111112 0.5859375 0.6875 0.59765625 0.7118055555555556
0 0.16796875 0.5659722222222222 0.1875 0.5729166666666666 0.185546875 0.53125 0.162109375 0.53125 0.16796875 0.5659722222222222
0 0.03125 0.6041666666666666 0.048828125 0.6354166666666666 0.046875 0.5555555555555556 0.04296875 0.5486111111111112 0.029296875 0.5625 0.025390625 0.5763888888888888 0.03125 0.6041666666666666
0 0.125 0.9965277777777778 0.171875 0.9965277777777778 0.15625 0.9548611111111112 0.130859375 0.9722222222222222 0.123046875 0.9826388888888888 0.125 0.9965277777777778
0 0.091796875 0.9722222222222222 0.09765625 0.96875 0.099609375 0.9826388888888888 0.103515625 0.9375 0.09375 0.9479166666666666 0.099609375 0.9618055555555556 0.091796875 0.9722222222222222
0 0.505859375 0.6111111111111112 0.51953125 0.6284722222222222 0.525390625 0.5729166666666666 0.521484375 0.5590277777777778 0.513671875 0.5590277777777778 0.505859375 0.5625 0.505859375 0.6111111111111112
0 0.873046875 0.4201388888888889 0.875 0.4375 0.884765625 0.4409722222222222 0.892578125 0.4236111111111111 0.88671875 0.3923611111111111 0.875 0.40625 0.861328125 0.3923611111111111 0.85546875 0.4166666666666667 0.873046875 0.4201388888888889
0 0.046875 0.9930555555555556 0.037109375 0.9513888888888888 0.00390625 0.9513888888888888 0 0.9930555555555556 0.046875 0.9930555555555556
0 0.59375 0.6354166666666666 0.6171875 0.6041666666666666 0.60546875 0.5451388888888888 0.599609375 0.5416666666666666 0.603515625 0.5590277777777778 0.59375 0.5659722222222222 0.5859375 0.6076388888888888 0.59375 0.6354166666666666
0 0.53515625 0.9965277777777778 0.57421875 0.9930555555555556 0.56640625 0.9548611111111112 0.537109375 0.9722222222222222 0.53125 0.9826388888888888 0.53515625 0.9965277777777778
0 0.4921875 0.9930555555555556 0.5234375 0.9930555555555556 0.51171875 0.9583333333333334 0.51171875 0.9305555555555556 0.50390625 0.9201388888888888 0.494140625 0.9340277777777778 0.498046875 0.9722222222222222 0.4921875 0.9930555555555556
0 0.349609375 0.4513888888888889 0.36328125 0.4722222222222222 0.3671875 0.4340277777777778 0.35546875 0.4201388888888889 0.349609375 0.4236111111111111 0.349609375 0.4513888888888889
0 0.65234375 0.8715277777777778 0.671875 0.8993055555555556 0.689453125 0.875 0.69140625 0.8888888888888888 0.681640625 0.9166666666666666 0.70703125 0.8958333333333334 0.712890625 0.9375 0.724609375 0.9513888888888888 0.73046875 0.9375 0.724609375 0.9131944444444444 0.728515625 0.8715277777777778 0.712890625 0.8159722222222222 0.701171875 0.8159722222222222 0.6875 0.84375 0.66796875 0.8368055555555556 0.65625 0.8090277777777778 0.64453125 0.8263888888888888 0.642578125 0.84375 0.65234375 0.8715277777777778
0 0.35546875 0.59375 0.36328125 0.6180555555555556 0.39453125 0.6388888888888888 0.3984375 0.625 0.392578125 0.5729166666666666 0.380859375 0.5659722222222222 0.35546875 0.5729166666666666 0.35546875 0.59375
0 0.36328125 0.8541666666666666 0.3671875 0.8125 0.361328125 0.7986111111111112 0.3671875 0.7777777777777778 0.357421875 0.75 0.359375 0.7361111111111112 0.349609375 0.7326388888888888 0.3359375 0.7465277777777778 0.330078125 0.8125 0.36328125 0.8541666666666666
0 0.42578125 0.7777777777777778 0.443359375 0.7847222222222222 0.4375 0.7361111111111112 0.423828125 0.7326388888888888 0.412109375 0.75 0.42578125 0.7777777777777778
0 0.408203125 0.8125 0.41015625 0.7638888888888888 0.3984375 0.7395833333333334 0.3984375 0.71875 0.388671875 0.71875 0.388671875 0.78125 0.408203125 0.8125
0 0.0234375 0.3125 0.0234375 0.34375 0.048828125 0.3402777777777778 0.048828125 0.3090277777777778 0.04296875 0.3055555555555556 0.037109375 0.3159722222222222 0.0234375 0.3125
0 0.55078125 0.4305555555555556 0.5625 0.4375 0.56640625 0.3888888888888889 0.5546875 0.3888888888888889 0.548828125 0.4027777777777778 0.55078125 0.4305555555555556
0 0.509765625 0.8125 0.505859375 0.8576388888888888 0.51953125 0.8680555555555556 0.517578125 0.875 0.53515625 0.8506944444444444 0.54296875 0.9027777777777778 0.56640625 0.9513888888888888 0.57421875 0.9375 0.57421875 0.8923611111111112 0.56640625 0.875 0.5625 0.8159722222222222 0.548828125 0.8125 0.541015625 0.8298611111111112 0.537109375 0.8125 0.52734375 0.8298611111111112 0.517578125 0.7847222222222222 0.51171875 0.7916666666666666 0.51953125 0.8020833333333334 0.509765625 0.8125
0 0.642578125 0.6458333333333334 0.64453125 0.6666666666666666 0.66015625 0.6736111111111112 0.662109375 0.6979166666666666 0.66796875 0.7013888888888888 0.673828125 0.6909722222222222 0.671875 0.6111111111111112 0.642578125 0.6111111111111112 0.63671875 0.6423611111111112 0.642578125 0.6458333333333334
0 0.1484375 0.9131944444444444 0.16796875 0.9479166666666666 0.16796875 0.9791666666666666 0.181640625 0.9861111111111112 0.1875 0.9791666666666666 0.1875 0.9375 0.173828125 0.8541666666666666 0.150390625 0.8611111111111112 0.142578125 0.8715277777777778 0.1484375 0.9131944444444444
0 0.126953125 0.875 0.12890625 0.8576388888888888 0.123046875 0.8472222222222222 0.119140625 0.8715277777777778 0.126953125 0.875
0 0.755859375 0.3611111111111111 0.76953125 0.3680555555555556 0.775390625 0.3576388888888889 0.767578125 0.3263888888888889 0.75 0.3263888888888889 0.73828125 0.34375 0.73828125 0.375 0.755859375 0.3611111111111111
0 0.423828125 0.9409722222222222 0.423828125 0.9236111111111112 0.41796875 0.9409722222222222 0.423828125 0.9409722222222222
0 0.400390625 0.9027777777777778 0.412109375 0.9305555555555556 0.416015625 0.9097222222222222 0.40625 0.8888888888888888 0.400390625 0.8888888888888888 0.400390625 0.9027777777777778
0 0.431640625 0.8576388888888888 0.435546875 0.8888888888888888 0.443359375 0.8888888888888888 0.455078125 0.9097222222222222 0.451171875 0.9305555555555556 0.47265625 0.9618055555555556 0.46875 0.8993055555555556 0.4609375 0.8715277777777778 0.466796875 0.8402777777777778 0.44921875 0.84375 0.443359375 0.8576388888888888 0.431640625 0.8576388888888888
0 0.69921875 0.3576388888888889 0.697265625 0.3263888888888889 0.69140625 0.3229166666666667 0.6796875 0.3541666666666667 0.671875 0.3263888888888889 0.66796875 0.3298611111111111 0.66796875 0.3576388888888889 0.69921875 0.3576388888888889
0 0.28515625 0.6076388888888888 0.296875 0.6041666666666666 0.3125 0.6180555555555556 0.3125 0.5798611111111112 0.3046875 0.5451388888888888 0.275390625 0.5451388888888888 0.275390625 0.5763888888888888 0.28515625 0.6076388888888888
0 0.9296875 0.4375 0.92578125 0.40625 0.9140625 0.4097222222222222 0.91015625 0.4340277777777778 0.9296875 0.4375
0 0.984375 0.3784722222222222 0.9921875 0.3888888888888889 0.984375 0.375 0.9765625 0.3819444444444444 0.974609375 0.3923611111111111 0.984375 0.3784722222222222
0 0.6953125 0.5381944444444444 0.72265625 0.5625 0.72265625 0.4965277777777778 0.701171875 0.5 0.69140625 0.4861111111111111 0.6875 0.5173611111111112 0.6953125 0.5381944444444444