0 0.89453125 0.2743055555555556 0.892578125 0.25 0.875 0.25 0.869140625 0.2743055555555556 0.89453125 0.2743055555555556
0 0.10546875 0.4479166666666667 0.1171875 0.4513888888888889 0.1171875 0.40625 0.111328125 0.3888888888888889 0.103515625 0.3888888888888889 0.099609375 0.4305555555555556 0.10546875 0.4479166666666667
0 0.736328125 0.2534722222222222 0.755859375 0.2604166666666667 0.7578125 0.2326388888888889 0.736328125 0.2326388888888889 0.736328125 0.2534722222222222
0 0.197265625 0.8854166666666666 0.21484375 0.8923611111111112 0.22265625 0.9201388888888888 0.234375 0.9201388888888888 0.2421875 0.9027777777777778 0.2421875 0.875 0.23046875 0.8159722222222222 0.21875 0.7916666666666666 0.19921875 0.8055555555555556 0.193359375 0.8368055555555556 0.197265625 0.8854166666666666
0 0.04296875 0.4097222222222222 0.0625 0.4027777777777778 0.060546875 0.375 0.05078125 0.3576388888888889 0.037109375 0.3576388888888889 0.04296875 0.4097222222222222
0 0.349609375 0.4791666666666667 0.34765625 0.4375 0.33203125 0.4375 0.330078125 0.4826388888888889 0.349609375 0.4791666666666667
0 0.9296875 0.9409722222222222 0.923828125 0.9513888888888888 0.923828125 0.9930555555555556 0.974609375 0.9861111111111112 0.94921875 0.9201388888888888 0.923828125 0.9097222222222222 0.921875 0.9270833333333334 0.9296875 0.9409722222222222
0 0.904296875 0.9930555555555556 0.90625 0.9618055555555556 0.888671875 0.9236111111111112 0.892578125 0.9027777777777778 0.87890625 0.8784722222222222 0.8671875 0.8819444444444444 0.861328125 0.9930555555555556 0.904296875 0.9930555555555556
0 0.154296875 0.5 0.16796875 0.4861111111111111 0.16796875 0.4513888888888889 0.158203125 0.4375 0.150390625 0.4409722222222222 0.1484375 0.4826388888888889 0.154296875 0.5
0 0.279296875 0.5 0.298828125 0.4965277777777778 0.296875 0.4618055555555556 0.28125 0.4548611111111111 0.275390625 0.4826388888888889 0.279296875 0.5
0 0 0.9930555555555556 0.017578125 0.9861111111111112 0.017578125 0.9513888888888888 0.009765625 0.9270833333333334 0.01171875 0.8715277777777778 0 0.8715277777777778 0 0.9930555555555556
0 0.884765625 0.4479166666666667 0.9296875 0.4479166666666667 0.927734375 0.4201388888888889 0.908203125 0.4201388888888889 0.904296875 0.40625 0.875 0.4097222222222222 0.8671875 0.4305555555555556 0.884765625 0.4479166666666667
0 0.123046875 0.6701388888888888 0.119140625 0.7152777777777778 0.1328125 0.7152777777777778 0.12890625 0.7326388888888888 0.134765625 0.7291666666666666 0.13671875 0.7430555555555556 0.134765625 0.7048611111111112 0.1484375 0.6597222222222222 0.1484375 0.6180555555555556 0.123046875 0.6319444444444444 0.1171875 0.6493055555555556 0.123046875 0.6701388888888888
0 0.05078125 0.7326388888888888 0.060546875 0.7777777777777778 0.068359375 0.78125 0.080078125 0.75 0.076171875 0.7013888888888888 0.08203125 0.6875 0.0703125 0.6701388888888888 0.0546875 0.6875 0.048828125 0.6979166666666666 0.05078125 0.7326388888888888
0 0.23046875 0.3541666666666667 0.2421875 0.3576388888888889 0.2421875 0.3263888888888889 0.234375 0.3229166666666667 0.228515625 0.3263888888888889 0.23046875 0.3541666666666667
0 0.259765625 0.34375 0.259765625 0.3159722222222222 0.248046875 0.3159722222222222 0.244140625 0.34375 0.259765625 0.34375
0 0.078125 0.6388888888888888 0.080078125 0.6527777777777778 0.068359375 0.6597222222222222 0.068359375 0.6701388888888888 0.080078125 0.6840277777777778 0.08203125 0.6076388888888888 0.080078125 0.6215277777777778 0.0625 0.625 0.056640625 0.6388888888888888 0.078125 0.6388888888888888
0 0.09765625 0.3263888888888889 0.109375 0.3263888888888889 0.111328125 0.2916666666666667 0.091796875 0.28125 0.087890625 0.3090277777777778 0.09765625 0.3263888888888889
0 0.3046875 0.4965277777777778 0.318359375 0.4930555555555556 0.326171875 0.4722222222222222 0.322265625 0.4513888888888889 0.310546875 0.4513888888888889 0.3046875 0.4618055555555556 0.3046875 0.4965277777777778
0 0.13671875 0.5416666666666666 0.130859375 0.53125 0.13671875 0.5243055555555556 0.130859375 0.4861111111111111 0.11328125 0.4826388888888889 0.111328125 0.5069444444444444 0.124333080078125 0.5366700555555556 0.12890625 0.53125 0.13671875 0.5416666666666666
0 0.78515625 0.46875 0.787109375 0.4375 0.779296875 0.4201388888888889 0.75 0.4097222222222222 0.73828125 0.4340277777777778 0.73828125 0.46875 0.78515625 0.46875
0 0.07421875 0.3854166666666667 0.068359375 0.3402777777777778 0.056640625 0.34375 0.060546875 0.3854166666666667 0.07421875 0.3854166666666667
0 0.306640625 0.4479166666666667 0.32421875 0.4479166666666667 0.32421875 0.4201388888888889 0.31640625 0.4027777777777778 0.3046875 0.3993055555555556 0.30078125 0.4375 0.306640625 0.4479166666666667
0 0.130859375 0.9513888888888888 0.15234375 0.9513888888888888 0.154296875 0.9791666666666666 0.166015625 0.9826388888888888 0.16796875 0.9930555555555556 0.197265625 0.9930555555555556 0.171875 0.875 0.15625 0.8680555555555556 0.134765625 0.8993055555555556 0.1171875 0.8715277777777778 0.111328125 0.875 0.109375 0.90625 0.130859375 0.9513888888888888
0 0.13671875 0.7743055555555556 0.142578125 0.7951388888888888 0.162109375 0.8125 0.162109375 0.7604166666666666 0.16796875 0.7361111111111112 0.1484375 0.7326388888888888 0.13671875 0.7534722222222222 0.13671875 0.7743055555555556
0 0.01171875 0.3402777777777778 0.03125 0.3263888888888889 0.029296875 0.2951388888888889 0.01171875 0.2986111111111111 0.005859375 0.3055555555555556 0.01171875 0.3402777777777778
0 0.353515625 0.4791666666666667 0.373046875 0.5 0.375 0.4201388888888889 0.361328125 0.4201388888888889 0.35546875 0.4340277777777778 0.349609375 0.4618055555555556 0.353515625 0.4791666666666667
0 0.068359375 0.3125 0.0625 0.2986111111111111 0.068359375 0.2916666666666667 0.06640625 0.28125 0.056640625 0.2743055555555556 0.0546875 0.2916666666666667 0.068359375 0.3125
0 0.53125 0.6423611111111112 0.548828125 0.6388888888888888 0.546875 0.5659722222222222 0.5234375 0.5590277777777778 0.513671875 0.5729166666666666 0.513671875 0.625 0.53125 0.6423611111111112
0 0.224609375 0.2777777777777778 0.234375 0.28125 0.236328125 0.25 0.23046875 0.2465277777777778 0.224609375 0.25 0.224609375 0.2777777777777778
0 0.0859375 0.7986111111111112 0.0859375 0.875 0.10546875 0.8888888888888888 0.1171875 0.8576388888888888 0.111328125 0.7743055555555556 0.10546875 0.7638888888888888 0.091796875 0.7743055555555556 0.080078125 0.7847222222222222 0.0859375 0.7986111111111112
0 0.080078125 0.9965277777777778 0.07421875 0.9618055555555556 0.072265625 0.9965277777777778 0.080078125 0.9965277777777778
0 0.091796875 0.9965277777777778 0.108724609375 0.9965277777777778 0.111328125 0.9756944444444444 0.119791015625 0.9965277777777778 0.130859375 0.9965277777777778 0.13671875 0.9826388888888888 0.11328125 0.9548611111111112 0.111328125 0.9722222222222222 0.087890625 0.9722222222222222 0.0859375 0.9930555555555556 0.091796875 0.9965277777777778
0 0.796875 0.4513888888888889 0.82421875 0.4236111111111111 0.82421875 0.40625 0.810546875 0.3923611111111111 0.787109375 0.4097222222222222 0.787109375 0.4305555555555556 0.796875 0.4513888888888889