0 0.904296875 0.2951388888888889 0.8984375 0.2673611111111111 0.87890625 0.2638888888888889 0.875 0.2951388888888889 0.904296875 0.2951388888888889
0 0.337890625 0.5659722222222222 0.37890625 0.5451388888888888 0.38671875 0.53125 0.38671875 0.5138888888888888 0.380859375 0.5 0.36328125 0.5104166666666666 0.35546875 0.5 0.337890625 0.5138888888888888 0.33203125 0.5347222222222222 0.330078125 0.5625 0.337890625 0.5659722222222222
0 0.5546875 0.3854166666666667 0.5546875 0.3576388888888889 0.533203125 0.3645833333333333 0.525390625 0.3923611111111111 0.5546875 0.3854166666666667
0 0.47265625 0.4201388888888889 0.46875 0.3888888888888889 0.451171875 0.3958333333333333 0.451171875 0.4166666666666667 0.47265625 0.4201388888888889
0 0.7421875 0.3993055555555556 0.75 0.3854166666666667 0.736328125 0.3576388888888889 0.724609375 0.3576388888888889 0.712890625 0.4027777777777778 0.7421875 0.3993055555555556
0 0.0859375 0.4375 0.099609375 0.40625 0.09375 0.3784722222222222 0.080078125 0.3854166666666667 0.076171875 0.4340277777777778 0.0859375 0.4375
0 0.767578125 0.4097222222222222 0.78125 0.4201388888888889 0.787109375 0.40625 0.78125 0.3784722222222222 0.755859375 0.375 0.748046875 0.3888888888888889 0.744140625 0.4201388888888889 0.767578125 0.4097222222222222
0 0.5859375 0.40625 0.5859375 0.375 0.552734375 0.3819444444444444 0.548828125 0.4097222222222222 0.5859375 0.40625
0 0.005859375 0.53125 0.00390625 0.5 0 0.5347222222222222 0.005859375 0.53125
0 0.130859375 0.40625 0.142578125 0.3888888888888889 0.142578125 0.3715277777777778 0.12890625 0.34375 0.119140625 0.3541666666666667 0.1171875 0.4027777777777778 0.130859375 0.40625
0 0.013671875 0.6701388888888888 0.01171875 0.6805555555555556 0.005859375 0.6770833333333334 0.005859375 0.6979166666666666 0.0234375 0.6736111111111112 0.03125 0.6875 0.052734375 0.6840277777777778 0.06640625 0.6666666666666666 0.068359375 0.6388888888888888 0.060546875 0.6111111111111112 0.048828125 0.6111111111111112 0.029296875 0.6597222222222222 0.017578125 0.65625 0.017578125 0.625 0.01171875 0.625 0.005859375 0.65625 0.013671875 0.6701388888888888
0 0.330078125 0.4548611111111111 0.3515625 0.4409722222222222 0.3671875 0.4479166666666667 0.373046875 0.4375 0.3671875 0.40625 0.3515625 0.4201388888888889 0.3359375 0.40625 0.33203125 0.4166666666666667 0.326171875 0.4375 0.330078125 0.4548611111111111
0 0.275390625 0.4791666666666667 0.28125 0.5 0.296875 0.4826388888888889 0.32421875 0.4791666666666667 0.326171875 0.4375 0.314453125 0.4479166666666667 0.2890625 0.4409722222222222 0.28515625 0.4652777777777778 0.275390625 0.4791666666666667
0 0.185546875 0.5277777777777778 0.20703125 0.5104166666666666 0.236328125 0.5069444444444444 0.236328125 0.46875 0.224609375 0.46875 0.22265625 0.4826388888888889 0.208984375 0.4930555555555556 0.19921875 0.46875 0.19140625 0.4722222222222222 0.1796875 0.5 0.185546875 0.5277777777777778
0 0.375 0.40625 0.38671875 0.3923611111111111 0.41015625 0.4027777777777778 0.412109375 0.3576388888888889 0.38671875 0.3576388888888889 0.375 0.375 0.375 0.40625
0 0.068359375 0.4375 0.068359375 0.3888888888888889 0.0546875 0.3888888888888889 0.0546875 0.4375 0.068359375 0.4375
0 0.611328125 0.4513888888888889 0.619140625 0.4375 0.642578125 0.4479166666666667 0.642578125 0.4097222222222222 0.607421875 0.4131944444444444 0.599609375 0.4513888888888889 0.611328125 0.4513888888888889
0 0.869140625 0.4375 0.87890625 0.4375 0.88671875 0.4201388888888889 0.8828125 0.3993055555555556 0.8671875 0.40625 0.861328125 0.3888888888888889 0.84765625 0.3923611111111111 0.84375 0.4097222222222222 0.869140625 0.4375
0 0.037109375 0.4513888888888889 0.04296875 0.4375 0.037109375 0.4097222222222222 0.0234375 0.40625 0.01953125 0.4513888888888889 0.037109375 0.4513888888888889
0 0.861328125 0.2916666666666667 0.873046875 0.2847222222222222 0.8671875 0.2534722222222222 0.853515625 0.2638888888888889 0.849609375 0.2777777777777778 0.861328125 0.2916666666666667
0 0.515625 0.4548611111111111 0.537109375 0.4791666666666667 0.54296875 0.4618055555555556 0.54296875 0.4340277777777778 0.513671875 0.4305555555555556 0.505859375 0.4409722222222222 0.5 0.46875 0.515625 0.4548611111111111
0 0.60546875 0.5138888888888888 0.623046875 0.5243055555555556 0.642578125 0.4791666666666667 0.642578125 0.4513888888888889 0.630859375 0.4375 0.61328125 0.4409722222222222 0.587890625 0.5034722222222222 0.58984375 0.53125 0.60546875 0.5138888888888888
0 0.412109375 0.4618055555555556 0.41796875 0.4652777777777778 0.42578125 0.4513888888888889 0.451171875 0.4548611111111111 0.462890625 0.4270833333333333 0.451171875 0.40625 0.4296875 0.40625 0.41796875 0.4236111111111111 0.412109375 0.4409722222222222 0.412109375 0.4618055555555556
0 0.60546875 0.5138888888888888 0.619140625 0.5243055555555556 0.63671875 0.5 0.63671875 0.4861111111111111 0.611328125 0.4826388888888889 0.609375 0.46875 0.603515625 0.46875 0.587890625 0.5034722222222222 0.58984375 0.53125 0.60546875 0.5138888888888888
0 0.54296875 0.3229166666666667 0.552734375 0.3159722222222222 0.5546875 0.2847222222222222 0.53515625 0.28125 0.53125 0.3055555555555556 0.54296875 0.3229166666666667
0 0.8359375 0.3854166666666667 0.84375 0.3715277777777778 0.841796875 0.3472222222222222 0.826171875 0.3472222222222222 0.818359375 0.3854166666666667 0.8359375 0.3854166666666667
0 0.642578125 0.4201388888888889 0.677734375 0.4236111111111111 0.677734375 0.3819444444444444 0.654296875 0.375 0.642578125 0.3888888888888889 0.642578125 0.4201388888888889
0 0.4921875 0.5416666666666666 0.5 0.53125 0.525390625 0.5277777777777778 0.53125 0.5138888888888888 0.53125 0.4826388888888889 0.515625 0.4826388888888889 0.5078125 0.46875 0.4921875 0.4930555555555556 0.486328125 0.5173611111111112 0.4921875 0.5416666666666666
0 0.818359375 0.3854166666666667 0.82421875 0.3888888888888889 0.8515625 0.3888888888888889 0.8671875 0.3576388888888889 0.826171875 0.3472222222222222 0.818359375 0.3680555555555556 0.818359375 0.3854166666666667
0 0.142578125 0.7048611111111112 0.1796875 0.6701388888888888 0.19921875 0.6666666666666666 0.205078125 0.6076388888888888 0.185546875 0.6111111111111112 0.171875 0.6527777777777778 0.16015625 0.6076388888888888 0.1484375 0.6076388888888888 0.138671875 0.6388888888888888 0.130859375 0.7013888888888888 0.142578125 0.7048611111111112