0 0.8984375 0.28125 0.912109375 0.25 0.88671875 0.24305555555555555 0.880859375 0.2534722222222222 0.880859375 0.28125 0.8984375 0.28125
0 0.154296875 0.40625 0.197265625 0.3993055555555556 0.19140625 0.375 0.17578125 0.3854166666666667 0.171875 0.3715277777777778 0.15625 0.3715277777777778 0.1484375 0.3784722222222222 0.154296875 0.40625
0 0.625 0.2222222222222222 0.623046875 0.2013888888888889 0.6171875 0.2013888888888889 0.6171875 0.2326388888888889 0.625 0.2222222222222222
0 0.125 0.3263888888888889 0.125 0.2951388888888889 0.11328125 0.2847222222222222 0.109375 0.3229166666666667 0.125 0.3263888888888889
0 0.349609375 0.3368055555555556 0.35546875 0.3125 0.349609375 0.2951388888888889 0.337890625 0.2951388888888889 0.3359375 0.3263888888888889 0.349609375 0.3368055555555556
0 0.181640625 0.2465277777777778 0.1796875 0.2326388888888889 0.15625 0.22916666666666666 0.154296875 0.25 0.181640625 0.2465277777777778
0 0.810546875 0.28125 0.81640625 0.2604166666666667 0.8125 0.25 0.798828125 0.25 0.79296875 0.2673611111111111 0.810546875 0.28125
0 0.2705078125 0.23958333333333334 0.005859375 0.020833333333333332
0 0.224609375 0.3576388888888889 0.25 0.375 0.248046875 0.34375 0.23828125 0.3368055555555556 0.224609375 0.34375 0.224609375 0.3576388888888889
0 0.693359375 0.46875 0.705078125 0.4305555555555556 0.705078125 0.3923611111111111 0.6796875 0.3888888888888889 0.6796875 0.4027777777777778 0.662109375 0.4201388888888889 0.65625 0.4722222222222222 0.693359375 0.46875
0 0.33203125 0.2534722222222222 0.337890625 0.24305555555555555 0.3359375 0.21875 0.330078125 0.21875 0.33203125 0.2534722222222222
0 0.142578125 0.2951388888888889 0.142578125 0.2673611111111111 0.12890625 0.2638888888888889 0.125 0.2951388888888889 0.142578125 0.2951388888888889
0 0.841796875 0.3715277777777778 0.841796875 0.3472222222222222 0.81640625 0.3402777777777778 0.8125 0.3576388888888889 0.841796875 0.3715277777777778
0 0.232421875 0.625 0.2421875 0.6666666666666666 0.25390625 0.6666666666666666 0.26171875 0.6805555555555556 0.279296875 0.65625 0.28515625 0.625 0.279296875 0.59375 0.25 0.6423611111111112 0.2421875 0.6354166666666666 0.2421875 0.6076388888888888 0.224609375 0.6076388888888888 0.21875 0.625 0.232421875 0.625
0 0.4296875 0.4722222222222222 0.44140625 0.4826388888888889 0.44921875 0.4513888888888889 0.443359375 0.4375 0.416015625 0.4513888888888889 0.40625 0.4340277777777778 0.3984375 0.4513888888888889 0.3984375 0.4861111111111111 0.4296875 0.4722222222222222
0 0.521484375 0.53125 0.533203125 0.5 0.54296875 0.5 0.548828125 0.5173611111111112 0.55859375 0.5138888888888888 0.5625 0.4826388888888889 0.53515625 0.4791666666666667 0.53125 0.46875 0.53125 0.4965277777777778 0.513671875 0.5 0.51171875 0.5173611111111112 0.521484375 0.53125
0 0.423828125 0.2986111111111111 0.42578125 0.2743055555555556 0.41796875 0.2638888888888889 0.41796875 0.2951388888888889 0.423828125 0.2986111111111111
0 0.25 0.5277777777777778 0.294921875 0.5208333333333334 0.296875 0.4861111111111111 0.28125 0.4513888888888889 0.26953125 0.4479166666666667 0.25390625 0.46875 0.244140625 0.5138888888888888 0.25 0.5277777777777778
0 0.998046875 0.2673611111111111 0.998046875 0.2361111111111111 0.982421875 0.25 0.984375 0.2743055555555556 0.998046875 0.2673611111111111
0 0.173828125 0.46875 0.1796875 0.4861111111111111 0.22265625 0.4826388888888889 0.23046875 0.46875 0.23046875 0.4340277777777778 0.224609375 0.4201388888888889 0.21875 0.4201388888888889 0.2109375 0.4479166666666667 0.1875 0.4340277777777778 0.1875 0.4513888888888889 0.173828125 0.46875
0 0.673828125 0.4618055555555556 0.693359375 0.46875 0.69921875 0.4409722222222222 0.685546875 0.4652777777777778 0.6796875 0.4375 0.669921875 0.4618055555555556 0.66015625 0.4479166666666667 0.666015625 0.4340277777777778 0.65625 0.4513888888888889 0.65625 0.4722222222222222 0.673828125 0.4618055555555556
0 0.330078125 0.3368055555555556 0.326171875 0.2951388888888889 0.318359375 0.2951388888888889 0.318359375 0.3368055555555556 0.330078125 0.3368055555555556
0 0 0.4861111111111111 0.01953125 0.4930555555555556 0.0234375 0.4618055555555556 0.017578125 0.4513888888888889 0 0.4513888888888889 0 0.4861111111111111
0 0.56640625 0.4791666666666667 0.5703125 0.46875 0.59375 0.4652777777777778 0.599609375 0.4513888888888889 0.599609375 0.4409722222222222 0.580078125 0.4201388888888889 0.57421875 0.4166666666666667 0.568359375 0.4305555555555556 0.5625 0.4513888888888889 0.56640625 0.4791666666666667
0 0.30859375 0.3402777777777778 0.310546875 0.2986111111111111 0.298828125 0.2986111111111111 0.298828125 0.3402777777777778 0.30859375 0.3402777777777778
0 0.255859375 0.53125 0.2890625 0.5277777777777778 0.298828125 0.5104166666666666 0.29296875 0.4826388888888889 0.28125 0.4965277777777778 0.265625 0.4826388888888889 0.25 0.4930555555555556 0.248046875 0.5243055555555556 0.255859375 0.53125
0 0.0625 0.40625 0.068359375 0.4166666666666667 0.099609375 0.4201388888888889 0.10546875 0.4097222222222222 0.1015625 0.3888888888888889 0.0625 0.3888888888888889 0.0625 0.40625
0 0.068359375 0.4513888888888889 0.07421875 0.4409722222222222 0.060546875 0.40625 0.041015625 0.4236111111111111 0.03125 0.4097222222222222 0.017578125 0.4166666666666667 0.01171875 0.4513888888888889 0.068359375 0.4513888888888889
0 0.099609375 0.2777777777777778 0.10546875 0.2638888888888889 0.10546875 0.2465277777777778 0.09765625 0.2326388888888889 0.08203125 0.2465277777777778 0.080078125 0.2743055555555556 0.099609375 0.2777777777777778
0 0.85546875 0.2534722222222222 0.85546875 0.22916666666666666 0.826171875 0.2361111111111111 0.826171875 0.25 0.85546875 0.2534722222222222
0 0.447265625 0.4305555555555556 0.443359375 0.40625 0.431640625 0.4201388888888889 0.4296875 0.4409722222222222 0.447265625 0.4305555555555556
0 0.400390625 0.40625 0.3984375 0.4479166666666667 0.40625 0.4305555555555556 0.40234375 0.4236111111111111 0.421875 0.40625 0.3984375 0.3854166666666667 0.392578125 0.3888888888888889 0.400390625 0.40625
0 0.8984375 0.2881944444444444 0.921875 0.2951388888888889 0.923828125 0.25 0.912109375 0.25 0.8984375 0.2743055555555556 0.8984375 0.2881944444444444
0 0.07421875 0.5451388888888888 0.0625 0.5277777777777778 0.07421875 0.5138888888888888 0.056640625 0.5173611111111112 0.048828125 0.4826388888888889 0.03125 0.5173611111111112 0.03125 0.5625 0.07421875 0.5451388888888888
0 0.35546875 0.4305555555555556 0.3671875 0.4201388888888889 0.392578125 0.4201388888888889 0.392578125 0.3888888888888889 0.36328125 0.3888888888888889 0.349609375 0.40625 0.35546875 0.4305555555555556
0 0.2958984375 0.2048611111111111 0.005859375 0.027777777777777776
0 0.3046875 0.6701388888888888 0.306640625 0.7013888888888888 0.3203125 0.7013888888888888 0.326171875 0.6840277777777778 0.345703125 0.6736111111111112 0.34765625 0.6493055555555556 0.361328125 0.6701388888888888 0.369140625 0.65625 0.3515625 0.6423611111111112 0.359375 0.625 0.373046875 0.625 0.3671875 0.6076388888888888 0.359375 0.6215277777777778 0.341796875 0.6215277777777778 0.3359375 0.6111111111111112 0.322265625 0.6111111111111112 0.318359375 0.6215277777777778 0.31640625 0.6527777777777778 0.3046875 0.6701388888888888
0 0.44921875 0.5868055555555556 0.4609375 0.5659722222222222 0.484375 0.5659722222222222 0.486328125 0.5104166666666666 0.478515625 0.5138888888888888 0.466796875 0.5451388888888888 0.44140625 0.5486111111111112 0.44140625 0.5868055555555556 0.44921875 0.5868055555555556
0 0.080078125 0.5763888888888888 0.10546875 0.5625 0.130859375 0.53125 0.103515625 0.5243055555555556 0.0859375 0.5451388888888888 0.080078125 0.53125 0.07421875 0.5347222222222222 0.072265625 0.5625 0.080078125 0.5763888888888888
0 0.625 0.4340277777777778 0.630859375 0.4236111111111111 0.62109375 0.4131944444444444 0.630859375 0.3923611111111111 0.6171875 0.4097222222222222 0.611328125 0.3888888888888889 0.60546875 0.3888888888888889 0.599609375 0.4201388888888889 0.625 0.4340277777777778
0 0.1796875 0.7361111111111112 0.181640625 0.7743055555555556 0.19921875 0.7743055555555556 0.20703125 0.75 0.220703125 0.7465277777777778 0.2265625 0.7326388888888888 0.259765625 0.7291666666666666 0.26171875 0.71875 0.25 0.6909722222222222 0.26171875 0.6944444444444444 0.26171875 0.6701388888888888 0.248046875 0.6875 0.244140625 0.6701388888888888 0.23828125 0.7013888888888888 0.224609375 0.7048611111111112 0.212890625 0.7291666666666666 0.205078125 0.71875 0.2109375 0.7118055555555556 0.205078125 0.6979166666666666 0.2109375 0.6875 0.205078125 0.6944444444444444 0.19921875 0.6701388888888888 0.197265625 0.7013888888888888 0.1796875 0.7361111111111112
0 0.23046875 0.6527777777777778 0.22265625 0.6493055555555556 0.21875 0.6527777777777778 0.23046875 0.6527777777777778