0 0.986328125 0.3055555555555556 0.98828125 0.28125 0.962890625 0.2847222222222222 0.962890625 0.3055555555555556 0.986328125 0.3055555555555556
0 0.091796875 0.4340277777777778 0.099609375 0.4236111111111111 0.099609375 0.3888888888888889 0.095703125 0.3715277777777778 0.083984375 0.3715277777777778 0.080078125 0.4201388888888889 0.091796875 0.4340277777777778
0 0.7421875 0.75 0.755859375 0.7847222222222222 0.767578125 0.7777777777777778 0.76171875 0.6805555555555556 0.73046875 0.6979166666666666 0.71875 0.6805555555555556 0.712890625 0.6840277777777778 0.71875 0.75 0.7421875 0.75
0 0.794921875 0.4722222222222222 0.798828125 0.4340277777777778 0.783203125 0.4375 0.779296875 0.4236111111111111 0.767578125 0.4201388888888889 0.755859375 0.46875 0.794921875 0.4722222222222222
0 0.224609375 0.3611111111111111 0.234375 0.3576388888888889 0.23046875 0.3125 0.22265625 0.3125 0.224609375 0.3611111111111111
0 0.048828125 0.4444444444444444 0.056640625 0.4479166666666667 0.06640625 0.4375 0.068359375 0.4097222222222222 0.056640625 0.375 0.046875 0.375 0.04296875 0.4201388888888889 0.048828125 0.4444444444444444
0 0.017578125 0.4375 0.0234375 0.4479166666666667 0.037109375 0.4375 0.037109375 0.40625 0.03125 0.3923611111111111 0.017578125 0.3993055555555556 0.017578125 0.4375
0 0.048828125 0.3368055555555556 0.048828125 0.3125 0.041015625 0.2951388888888889 0.0234375 0.3125 0.01953125 0.3402777777777778 0.048828125 0.3368055555555556
0 0.076171875 0.40625 0.08203125 0.3715277777777778 0.068359375 0.3576388888888889 0.068359375 0.4027777777777778 0.076171875 0.40625
0 0.0859375 0.3263888888888889 0.1015625 0.3263888888888889 0.111328125 0.3125 0.111328125 0.2847222222222222 0.09375 0.28125 0.0859375 0.2951388888888889 0.0859375 0.3263888888888889
0 0.111328125 0.4166666666666667 0.123046875 0.4097222222222222 0.1171875 0.3611111111111111 0.099609375 0.3611111111111111 0.103515625 0.4027777777777778 0.111328125 0.4166666666666667
0 0.08203125 0.3055555555555556 0.0859375 0.28125 0.068359375 0.2638888888888889 0.068359375 0.3090277777777778 0.08203125 0.3055555555555556
0 0.6875 0.4166666666666667 0.69140625 0.4027777777777778 0.6875 0.375 0.677734375 0.3888888888888889 0.66015625 0.3784722222222222 0.6484375 0.3888888888888889 0.64453125 0.4097222222222222 0.6875 0.4166666666666667
0 0.51171875 0.5 0.5224609375 0.5 0.5234375 0.4826388888888889 0.53515625 0.4965277777777778 0.537109375 0.4513888888888889 0.5234375 0.4722222222222222 0.517578125 0.4548611111111111 0.50390625 0.4652777777777778 0.50390625 0.5138888888888888 0.51171875 0.5
0 0.146484375 0.4201388888888889 0.1484375 0.3888888888888889 0.140625 0.3715277777777778 0.130859375 0.3715277777777778 0.12890625 0.4166666666666667 0.146484375 0.4201388888888889
0 0.380859375 0.4375 0.39453125 0.4166666666666667 0.3984375 0.4375 0.408203125 0.4375 0.412109375 0.4236111111111111 0.41015625 0.40625 0.390625 0.4166666666666667 0.375 0.4027777777777778 0.3671875 0.4131944444444444 0.3671875 0.4409722222222222 0.380859375 0.4375
0 0.634765625 0.4826388888888889 0.642578125 0.46875 0.6640625 0.4652777777777778 0.66796875 0.4375 0.64453125 0.4236111111111111 0.630859375 0.4513888888888889 0.625 0.46875 0.634765625 0.4826388888888889
0 0.69140625 0.3958333333333333 0.701171875 0.40625 0.7109375 0.4027777777777778 0.7109375 0.3680555555555556 0.705078125 0.3611111111111111 0.6875 0.3715277777777778 0.69140625 0.3958333333333333
0 0.166015625 0.3993055555555556 0.19921875 0.3993055555555556 0.19921875 0.375 0.1796875 0.3541666666666667 0.16796875 0.3576388888888889 0.162109375 0.3854166666666667 0.166015625 0.3993055555555556
0 0.234375 0.4965277777777778 0.234375 0.4513888888888889 0.22265625 0.4513888888888889 0.2109375 0.46875 0.203125 0.46875 0.19921875 0.4479166666666667 0.1875 0.4513888888888889 0.17578125 0.5 0.234375 0.4965277777777778