0 0.916015625 0.2916666666666667 0.923828125 0.2777777777777778 0.91796875 0.2604166666666667 0.8984375 0.2638888888888889 0.8984375 0.2847222222222222 0.916015625 0.2916666666666667
0 0.76171875 0.2638888888888889 0.76171875 0.23958333333333334 0.779296875 0.2638888888888889 0.77734375 0.24305555555555555 0.76171875 0.2361111111111111 0.755859375 0.25 0.76171875 0.2638888888888889
0 0.31640625 0.5347222222222222 0.33203125 0.5173611111111112 0.36328125 0.5138888888888888 0.361328125 0.4826388888888889 0.333984375 0.5 0.330078125 0.4826388888888889 0.32421875 0.4826388888888889 0.322265625 0.4965277777777778 0.3125 0.5034722222222222 0.310546875 0.5277777777777778 0.31640625 0.5347222222222222
0 0.52734375 0.4513888888888889 0.556640625 0.4097222222222222 0.537109375 0.3993055555555556 0.51953125 0.4236111111111111 0.51953125 0.4479166666666667 0.52734375 0.4513888888888889
0 0.45703125 0.4236111111111111 0.44921875 0.4375 0.470703125 0.4201388888888889 0.486328125 0.4340277777777778 0.484375 0.3923611111111111 0.45703125 0.3888888888888889 0.447265625 0.4131944444444444 0.45703125 0.4236111111111111
0 0.517578125 0.4375 0.5234375 0.4201388888888889 0.5234375 0.40625 0.513671875 0.3923611111111111 0.5078125 0.4027777777777778 0.486328125 0.40625 0.486328125 0.4340277777777778 0.517578125 0.4375
0 0 0.5104166666666666 0.00390625 0.5486111111111112 0.009765625 0.5486111111111112 0.017578125 0.5138888888888888 0.01171875 0.5104166666666666 0.005859375 0.5208333333333334 0 0.5104166666666666
0 0.048828125 0.5451388888888888 0.0546875 0.5347222222222222 0.0546875 0.5 0.03125 0.5 0.029296875 0.5451388888888888 0.048828125 0.5451388888888888
0 0.29296875 0.5138888888888888 0.318359375 0.4965277777777778 0.310546875 0.4548611111111111 0.298828125 0.4548611111111111 0.291015625 0.4861111111111111 0.29296875 0.5138888888888888
0 0.072265625 0.5763888888888888 0.076171875 0.5659722222222222 0.080078125 0.5729166666666666 0.09375 0.5451388888888888 0.099609375 0.5555555555555556 0.123046875 0.5555555555555556 0.125 0.5138888888888888 0.10546875 0.5138888888888888 0.1015625 0.5347222222222222 0.08203125 0.5486111111111112 0.0859375 0.5138888888888888 0.07421875 0.5034722222222222 0.056640625 0.5555555555555556 0.056640625 0.5763888888888888 0.072265625 0.5763888888888888
0 0.787109375 0.4479166666666667 0.8046875 0.4201388888888889 0.798828125 0.3993055555555556 0.783203125 0.4236111111111111 0.7734375 0.3993055555555556 0.759765625 0.40625 0.755859375 0.4548611111111111 0.787109375 0.4479166666666667
0 0.423828125 0.3784722222222222 0.423828125 0.3472222222222222 0.392578125 0.3472222222222222 0.388671875 0.375 0.423828125 0.3784722222222222
0 0.01171875 0.8263888888888888 0.017578125 0.8368055555555556 0.03125 0.8368055555555556 0.037109375 0.8125 0.03125 0.7638888888888888 0.017578125 0.78125 0.00390625 0.7673611111111112 0 0.7916666666666666 0.01171875 0.8263888888888888
0 0.03125 0.4618055555555556 0.041015625 0.4618055555555556 0.0546875 0.4409722222222222 0.0546875 0.4166666666666667 0.037109375 0.4201388888888889 0.029296875 0.4375 0.03125 0.4618055555555556
0 0.29296875 0.6180555555555556 0.3046875 0.59375 0.3046875 0.5625 0.29296875 0.5555555555555556 0.28125 0.5868055555555556 0.255859375 0.5729166666666666 0.2421875 0.6041666666666666 0.23828125 0.6388888888888888 0.29296875 0.6180555555555556
0 0.552734375 0.5138888888888888 0.572265625 0.5138888888888888 0.58203125 0.4930555555555556 0.576171875 0.4826388888888889 0.580078125 0.46875 0.568359375 0.4965277777777778 0.55859375 0.4895833333333333 0.5546875 0.4652777777777778 0.54296875 0.46875 0.537109375 0.5277777777777778 0.552734375 0.5138888888888888
0 0.361328125 0.4548611111111111 0.392578125 0.4409722222222222 0.400390625 0.4236111111111111 0.39453125 0.4097222222222222 0.3671875 0.4097222222222222 0.359375 0.4236111111111111 0.35546875 0.4479166666666667 0.361328125 0.4548611111111111
0 0.48046875 0.3263888888888889 0.486328125 0.2986111111111111 0.478515625 0.2847222222222222 0.470703125 0.2881944444444444 0.46875 0.3263888888888889 0.48046875 0.3263888888888889
0 0.173828125 0.5763888888888888 0.19921875 0.5555555555555556 0.206380859375 0.5625 0.2109375 0.5486111111111112 0.217447265625 0.5625 0.228515625 0.5625 0.234375 0.5451388888888888 0.23046875 0.5138888888888888 0.224609375 0.5104166666666666 0.21875 0.5138888888888888 0.216796875 0.5416666666666666 0.20703125 0.5416666666666666 0.205078125 0.53125 0.193359375 0.5486111111111112 0.1875 0.5381944444444444 0.19140625 0.5104166666666666 0.1796875 0.5173611111111112 0.16796875 0.5590277777777778 0.173828125 0.5763888888888888
0 0.599609375 0.3159722222222222 0.60546875 0.2951388888888889 0.6015625 0.28125 0.59375 0.28125 0.591796875 0.3125 0.599609375 0.3159722222222222
0 0.12890625 0.5277777777777778 0.142578125 0.53125 0.154296875 0.5104166666666666 0.15625 0.4722222222222222 0.1484375 0.4548611111111111 0.123046875 0.4826388888888889 0.1171875 0.5034722222222222 0.12890625 0.5277777777777778
0 0.337890625 0.3888888888888889 0.36328125 0.3888888888888889 0.3671875 0.3576388888888889 0.34375 0.34375 0.3359375 0.3576388888888889 0.337890625 0.3888888888888889
0 0.94921875 0.2916666666666667 0.94921875 0.2638888888888889 0.92578125 0.2638888888888889 0.92578125 0.2847222222222222 0.94921875 0.2916666666666667
0 0.69140625 0.5138888888888888 0.6953125 0.5034722222222222 0.716796875 0.5 0.71875 0.46875 0.693359375 0.4618055555555556 0.681640625 0.4861111111111111 0.6796875 0.5104166666666666 0.69140625 0.5138888888888888
0 0.591796875 0.5277777777777778 0.599609375 0.5138888888888888 0.625 0.5138888888888888 0.62890625 0.4826388888888889 0.625 0.4722222222222222 0.611328125 0.4791666666666667 0.59765625 0.46875 0.587890625 0.4930555555555556 0.5859375 0.5243055555555556 0.591796875 0.5277777777777778
0 0.41796875 0.4513888888888889 0.4296875 0.4340277777777778 0.435546875 0.4548611111111111 0.447265625 0.4409722222222222 0.44140625 0.4166666666666667 0.4375 0.4236111111111111 0.419921875 0.40625 0.412109375 0.4097222222222222 0.404296875 0.4340277777777778 0.41796875 0.4513888888888889
0 0.4140625 0.5 0.4296875 0.4861111111111111 0.421875 0.4618055555555556 0.40625 0.46875 0.40234375 0.4513888888888889 0.392578125 0.4513888888888889 0.38671875 0.4652777777777778 0.380859375 0.5034722222222222 0.4140625 0.5
0 0.66015625 0.4826388888888889 0.673828125 0.4826388888888889 0.69140625 0.4618055555555556 0.693359375 0.4201388888888889 0.673828125 0.4201388888888889 0.662109375 0.4375 0.65625 0.4722222222222222 0.66015625 0.4826388888888889
0 0.05078125 0.6736111111111112 0.05078125 0.6979166666666666 0.060546875 0.7048611111111112 0.09375 0.6736111111111112 0.1171875 0.6666666666666666 0.130859375 0.6423611111111112 0.130859375 0.6215277777777778 0.123046875 0.6076388888888888 0.109375 0.6180555555555556 0.091796875 0.65625 0.080078125 0.6423611111111112 0.080078125 0.6076388888888888 0.068359375 0.6180555555555556 0.0625 0.65625 0.05078125 0.6736111111111112
0 0.86328125 0.2951388888888889 0.8671875 0.2847222222222222 0.861328125 0.2638888888888889 0.845703125 0.2708333333333333 0.84375 0.2951388888888889 0.86328125 0.2951388888888889
0 0 0.96875 0.056640625 0.9305555555555556 0.0703125 0.9097222222222222 0.080078125 0.9166666666666666 0.09375 0.90625 0.10546875 0.8784722222222222 0.09765625 0.8125 0.052734375 0.8680555555555556 0.037109375 0.9097222222222222 0.02734375 0.9131944444444444 0.01953125 0.8993055555555556 0.021484375 0.8715277777777778 0.005859375 0.8680555555555556 0 0.875 0 0.96875