0 0.919921875 0.2951388888888889 0.92578125 0.2847222222222222 0.923828125 0.2638888888888889 0.90625 0.2638888888888889 0.900390625 0.2743055555555556 0.90625 0.2916666666666667 0.919921875 0.2951388888888889
0 0.41796875 0.7326388888888888 0.423828125 0.71875 0.41796875 0.6388888888888888 0.400390625 0.6388888888888888 0.396484375 0.65625 0.380859375 0.65625 0.380859375 0.6805555555555556 0.41796875 0.7326388888888888
0 0.10546875 0.2743055555555556 0.099609375 0.2361111111111111 0.08203125 0.2465277777777778 0.080078125 0.2777777777777778 0.10546875 0.2743055555555556
0 0.76171875 0.7326388888888888 0.73046875 0.7361111111111112 0.744140625 0.7604166666666666 0.7734375 0.7638888888888888 0.78515625 0.7951388888888888 0.796875 0.7951388888888888 0.798828125 0.7534722222222222 0.787109375 0.7326388888888888 0.78515625 0.6875 0.76953125 0.6979166666666666 0.763671875 0.6909722222222222 0.767578125 0.71875 0.76171875 0.7326388888888888
0 0.736328125 0.7013888888888888 0.724609375 0.6701388888888888 0.736328125 0.6701388888888888 0.734375 0.6597222222222222 0.71875 0.6666666666666666 0.71875 0.6805555555555556 0.736328125 0.7013888888888888
0 0.443359375 0.3298611111111111 0.44921875 0.3402777777777778 0.455078125 0.3229166666666667 0.455078125 0.2986111111111111 0.44921875 0.2951388888888889 0.443359375 0.3055555555555556 0.443359375 0.3298611111111111
0 0 0.3055555555555556 0.01171875 0.3090277777777778 0.0078125 0.2743055555555556 0 0.2743055555555556 0 0.3055555555555556
0 0.259765625 0.25 0.25390625 0.2222222222222222 0.25 0.2465277777777778 0.259765625 0.25
0 0.42578125 0.4513888888888889 0.4375 0.4479166666666667 0.44140625 0.4201388888888889 0.4375 0.3923611111111111 0.4296875 0.3923611111111111 0.423828125 0.40625 0.42578125 0.4513888888888889
0 0.830078125 0.9618055555555556 0.84765625 0.96875 0.861328125 0.9930555555555556 0.923828125 0.9930555555555556 0.923828125 0.9513888888888888 0.91015625 0.9027777777777778 0.892578125 0.90625 0.8828125 0.96875 0.861328125 0.96875 0.861328125 0.9236111111111112 0.849609375 0.90625 0.849609375 0.8715277777777778 0.82421875 0.8541666666666666 0.818359375 0.9340277777777778 0.830078125 0.9618055555555556
0 0.25390625 0.3888888888888889 0.255859375 0.3576388888888889 0.248046875 0.3368055555555556 0.2421875 0.34375 0.236328125 0.3888888888888889 0.25390625 0.3888888888888889
0 0.306640625 0.2361111111111111 0.30078125 0.22916666666666666 0.30078125 0.2604166666666667 0.306640625 0.2361111111111111
0 0.29296875 0.4409722222222222 0.29296875 0.4861111111111111 0.3046875 0.4826388888888889 0.306640625 0.4305555555555556 0.30078125 0.4236111111111111 0.287109375 0.4340277777777778 0.29296875 0.4409722222222222
0 0.44921875 0.5729166666666666 0.44921875 0.5833333333333334 0.45703125 0.6041666666666666 0.484375 0.6284722222222222 0.484375 0.5451388888888888 0.478515625 0.5347222222222222 0.455078125 0.5763888888888888 0.44921875 0.5729166666666666
0 0.40625 0.4548611111111111 0.41015625 0.4201388888888889 0.392578125 0.4236111111111111 0.388671875 0.4479166666666667 0.40625 0.4548611111111111
0 0.130859375 0.2777777777777778 0.142578125 0.2743055555555556 0.14453125 0.25 0.130859375 0.2361111111111111 0.125 0.2638888888888889 0.130859375 0.2777777777777778
0 0.9609375 0.78125 0.96875 0.7708333333333334 0.98828125 0.8125 0.998046875 0.8159722222222222 0.998046875 0.7326388888888888 0.9921875 0.71875 0.984375 0.7152777777777778 0.97265625 0.7465277777777778 0.95703125 0.7638888888888888 0.94921875 0.6840277777777778 0.931640625 0.6875 0.92578125 0.7048611111111112 0.92578125 0.7638888888888888 0.9609375 0.78125
0 0.318359375 0.65625 0.326171875 0.7048611111111112 0.349609375 0.7638888888888888 0.357421875 0.7638888888888888 0.361328125 0.75 0.35546875 0.7152777777777778 0.35546875 0.6423611111111112 0.341796875 0.6701388888888888 0.318359375 0.65625
0 0.830078125 0.28125 0.84375 0.2638888888888889 0.84765625 0.2847222222222222 0.859375 0.2847222222222222 0.86328125 0.2743055555555556 0.861328125 0.2604166666666667 0.826171875 0.25 0.82421875 0.2777777777777778 0.830078125 0.28125
0 0.60546875 0.7291666666666666 0.611328125 0.7118055555555556 0.60546875 0.6388888888888888 0.59765625 0.625 0.5859375 0.6388888888888888 0.57421875 0.6215277777777778 0.5625 0.625 0.5546875 0.65625 0.60546875 0.7291666666666666
0 0.29296875 0.7916666666666666 0.298828125 0.8020833333333334 0.29296875 0.8090277777777778 0.341796875 0.8854166666666666 0.34375 0.8263888888888888 0.3359375 0.7638888888888888 0.322265625 0.78125 0.318359375 0.7638888888888888 0.31640625 0.8055555555555556 0.29296875 0.7916666666666666
0 0.3046875 0.2743055555555556 0.3125 0.2777777777777778 0.3125 0.25 0.306640625 0.2465277777777778 0.30078125 0.2534722222222222 0.3046875 0.2743055555555556
0 0.3671875 0.4201388888888889 0.37890625 0.4201388888888889 0.380859375 0.3784722222222222 0.373046875 0.3576388888888889 0.36328125 0.3576388888888889 0.36328125 0.40625 0.3671875 0.4201388888888889
0 0.40625 0.5451388888888888 0.412109375 0.4861111111111111 0.392578125 0.4826388888888889 0.38671875 0.5243055555555556 0.40625 0.5451388888888888
0 0.998046875 0.2673611111111111 0.998046875 0.2326388888888889 0.982421875 0.24305555555555555 0.98046875 0.2673611111111111 0.998046875 0.2673611111111111
0 0.455078125 0.3003472222222222 0.462890625 0.3090277777777778 0.455078125 0.3194444444444444 0.4609375 0.3298611111111111 0.466796875 0.3263888888888889 0.462890625 0.28125 0.455078125 0.28125 0.455078125 0.3003472222222222
0 0.34765625 0.5902777777777778 0.353515625 0.5555555555555556 0.349609375 0.5138888888888888 0.330078125 0.5173611111111112 0.326171875 0.5486111111111112 0.34765625 0.5902777777777778
0 0.775390625 0.4027777777777778 0.80078125 0.40625 0.798828125 0.3576388888888889 0.78125 0.3576388888888889 0.7734375 0.375 0.775390625 0.4027777777777778
0 0.611328125 0.6180555555555556 0.6171875 0.6215277777777778 0.623046875 0.5972222222222222 0.62890625 0.5972222222222222 0.642578125 0.6493055555555556 0.654296875 0.6388888888888888 0.654296875 0.6111111111111112 0.6484375 0.6041666666666666 0.654296875 0.5902777777777778 0.64453125 0.5625 0.63671875 0.5625 0.630859375 0.59375 0.619140625 0.59375 0.6171875 0.5798611111111112 0.609375 0.5763888888888888 0.60546875 0.59375 0.611328125 0.6180555555555556
0 0.259765625 0.4513888888888889 0.267578125 0.4513888888888889 0.2734375 0.3993055555555556 0.255859375 0.3854166666666667 0.255859375 0.4375 0.259765625 0.4513888888888889
0 0.181640625 0.25 0.1796875 0.2326388888888889 0.15625 0.22916666666666666 0.154296875 0.25 0.181640625 0.25
0 0.99609375 0.9965277777777778 0.998046875 0.9479166666666666 0.9609375 0.8993055555555556 0.9609375 0.9965277777777778 0.99609375 0.9965277777777778
0 0.81640625 0.4201388888888889 0.828125 0.4201388888888889 0.837890625 0.40625 0.8359375 0.3715277777777778 0.818359375 0.3784722222222222 0.806640625 0.40625 0.81640625 0.4201388888888889
0 0.884765625 0.2604166666666667 0.88671875 0.2326388888888889 0.869140625 0.2361111111111111 0.869140625 0.2534722222222222 0.884765625 0.2604166666666667
0 0.341796875 0.2743055555555556 0.341796875 0.25 0.3359375 0.2465277777777778 0.33203125 0.2638888888888889 0.341796875 0.2743055555555556
0 0.796875 0.9965277777777778 0.78515625 0.9027777777777778 0.755859375 0.8923611111111112 0.75390625 0.9930555555555556 0.796875 0.9965277777777778
0 0.705078125 0.9513888888888888 0.71484375 0.9513888888888888 0.7109375 0.9618055555555556 0.73828125 0.9930555555555556 0.7421875 0.9409722222222222 0.732421875 0.9201388888888888 0.7265625 0.9375 0.716796875 0.9340277777777778 0.71875 0.8993055555555556 0.7109375 0.84375 0.69921875 0.84375 0.69921875 0.9340277777777778 0.705078125 0.9513888888888888
0 0.41015625 0.7951388888888888 0.42578125 0.8333333333333334 0.453125 0.8576388888888888 0.458984375 0.8819444444444444 0.46875 0.8888888888888888 0.474609375 0.875 0.474609375 0.84375 0.462890625 0.7673611111111112 0.47265625 0.7430555555555556 0.458984375 0.71875 0.44921875 0.71875 0.447265625 0.7465277777777778 0.435546875 0.7569444444444444 0.41796875 0.7465277777777778 0.412109375 0.7604166666666666 0.416015625 0.7673611111111112 0.41015625 0.7951388888888888
0 0.5390625 0.59375 0.53515625 0.5763888888888888 0.53125 0.5798611111111112 0.537109375 0.5902777777777778 0.53125 0.59375 0.537109375 0.6180555555555556 0.560546875 0.625 0.568359375 0.6041666666666666 0.5625 0.5590277777777778 0.548828125 0.5625 0.54296875 0.5902777777777778 0.5390625 0.59375
0 0.53125 0.8090277777777778 0.564453125 0.8090277777777778 0.591796875 0.8576388888888888 0.60546875 0.8576388888888888 0.609375 0.8298611111111112 0.583984375 0.7465277777777778 0.56640625 0.75 0.568359375 0.78125 0.5625 0.7986111111111112 0.5546875 0.7951388888888888 0.5546875 0.7777777777777778 0.537109375 0.7465277777777778 0.529296875 0.7361111111111112 0.5234375 0.7465277777777778 0.51953125 0.78125 0.53125 0.8090277777777778
0 0.7109375 0.7916666666666666 0.72265625 0.7951388888888888 0.736328125 0.7777777777777778 0.736328125 0.75 0.724609375 0.7395833333333334 0.72265625 0.7118055555555556 0.712890625 0.7152777777777778 0.71875 0.75 0.7109375 0.7916666666666666
0 0.6875 0.7465277777777778 0.69140625 0.7534722222222222 0.6796875 0.7673611111111112 0.69921875 0.78125 0.705078125 0.7465277777777778 0.697265625 0.7430555555555556 0.685546875 0.7048611111111112 0.673828125 0.7013888888888888 0.66796875 0.7465277777777778 0.6875 0.7465277777777778
0 0.705078125 0.5625 0.705078125 0.4930555555555556 0.69921875 0.4861111111111111 0.689453125 0.5 0.67578125 0.4965277777777778 0.677734375 0.5416666666666666 0.705078125 0.5625
0 0.3369140625 0.4357638888888889 0.013671875 0.03125