0 0.17578125 0.9930555555555556 0.162109375 0.9375 0.1484375 0.9375 0.125 0.9618055555555556 0.119140625 0.9965277777777778 0.17578125 0.9930555555555556
0 0.404296875 0.3263888888888889 0.412109375 0.3263888888888889 0.412109375 0.2951388888888889 0.400390625 0.2951388888888889 0.404296875 0.3263888888888889
0 0.0859375 0.34375 0.080078125 0.3125 0.064453125 0.3194444444444444 0.0625 0.3541666666666667 0.0859375 0.34375
0 0.3671875 0.34375 0.3671875 0.3125 0.361328125 0.3125 0.359375 0.3402777777777778 0.3671875 0.34375
0 0.44921875 0.2743055555555556 0.447265625 0.24305555555555555 0.443359375 0.2638888888888889 0.44921875 0.2743055555555556
0 0.59375 0.96875 0.603515625 0.9722222222222222 0.60546875 0.9930555555555556 0.642578125 0.9965277777777778 0.642578125 0.96875 0.623046875 0.9444444444444444 0.6171875 0.9097222222222222 0.60546875 0.9097222222222222 0.599609375 0.9236111111111112 0.60546875 0.9548611111111112 0.59375 0.96875
0 0.556640625 0.96875 0.57421875 0.9826388888888888 0.568359375 0.8854166666666666 0.5546875 0.8888888888888888 0.55078125 0.9513888888888888 0.556640625 0.96875
0 0.3046875 0.8402777777777778 0.326171875 0.8888888888888888 0.349609375 0.9201388888888888 0.353515625 0.8368055555555556 0.345703125 0.7986111111111112 0.326171875 0.7951388888888888 0.318359375 0.8125 0.302734375 0.8090277777777778 0.298828125 0.8125 0.3046875 0.8402777777777778
0 0.037109375 0.3888888888888889 0.0411364375 0.40607102083333335 0.052734375 0.3888888888888889 0.037109375 0.3888888888888889
0 0.0546875 0.4236111111111111 0.0412473515625 0.4065442569444444 0.046875 0.4305555555555556 0.0546875 0.4236111111111111
0 0.2421875 0.4201388888888889 0.25390625 0.4201388888888889 0.255859375 0.4097222222222222 0.255859375 0.3784722222222222 0.248046875 0.3715277777777778 0.2421875 0.3715277777777778 0.2421875 0.4201388888888889
0 0.0859375 0.4826388888888889 0.09375 0.5034722222222222 0.10546875 0.4791666666666667 0.099609375 0.4375 0.0859375 0.4375 0.0859375 0.4826388888888889
0 0.255859375 0.6736111111111112 0.267578125 0.6736111111111112 0.2734375 0.6527777777777778 0.2734375 0.59375 0.267578125 0.5798611111111112 0.25390625 0.5902777777777778 0.25 0.6388888888888888 0.255859375 0.6736111111111112
0 0.3125 0.6111111111111112 0.322265625 0.6354166666666666 0.32421875 0.5555555555555556 0.3125 0.5555555555555556 0.3125 0.6111111111111112
0 0.380859375 0.2916666666666667 0.38671875 0.2743055555555556 0.37890625 0.2604166666666667 0.375 0.2777777777777778 0.380859375 0.2916666666666667
0 0.123046875 0.34375 0.1171875 0.3125 0.103515625 0.3125 0.099609375 0.34375 0.123046875 0.34375
0 0.017578125 0.6458333333333334 0.0234375 0.7013888888888888 0.033203125 0.7048611111111112 0.041015625 0.6840277777777778 0.05078125 0.6840277777777778 0.0625 0.6493055555555556 0.0625 0.6284722222222222 0.03515625 0.6215277777777778 0.017578125 0.5972222222222222 0.0234375 0.6180555555555556 0.017578125 0.6458333333333334
0 0.396484375 0.90625 0.38671875 0.8923611111111112 0.39453125 0.90625 0.38671875 0.9201388888888888 0.404296875 0.96875 0.431640625 0.9618055555555556 0.4296875 0.9375 0.4375 0.9201388888888888 0.4296875 0.8784722222222222 0.423828125 0.8680555555555556 0.416015625 0.8715277777777778 0.400390625 0.8888888888888888 0.396484375 0.90625
0 0.2734375 0.3298611111111111 0.28125 0.3298611111111111 0.279296875 0.2951388888888889 0.2734375 0.2951388888888889 0.2734375 0.3298611111111111
0 0.326171875 0.3576388888888889 0.33203125 0.3263888888888889 0.322265625 0.3125 0.318359375 0.34375 0.326171875 0.3576388888888889
0 0.279296875 0.5798611111111112 0.287109375 0.5555555555555556 0.287109375 0.5104166666666666 0.2734375 0.5104166666666666 0.26953125 0.5451388888888888 0.279296875 0.5798611111111112
0 0.0859375 0.3263888888888889 0.103515625 0.3090277777777778 0.091796875 0.28125 0.07421875 0.28125 0.072265625 0.2916666666666667 0.0859375 0.3263888888888889
0 0.125 0.4166666666666667 0.134765625 0.4166666666666667 0.13671875 0.3715277777777778 0.125 0.3611111111111111 0.119140625 0.3888888888888889 0.125 0.4166666666666667
0 0.193359375 0.5902777777777778 0.19921875 0.5902777777777778 0.2109375 0.5347222222222222 0.20703125 0.5138888888888888 0.19140625 0.5138888888888888 0.1875 0.5416666666666666 0.193359375 0.5902777777777778
0 0.51171875 0.5277777777777778 0.51171875 0.4722222222222222 0.5 0.46875 0.486328125 0.4826388888888889 0.486328125 0.53125 0.51171875 0.5277777777777778
0 0.7734375 0.9201388888888888 0.76171875 0.96875 0.763671875 0.9826388888888888 0.78125 0.9930555555555556 0.787109375 0.9722222222222222 0.8046875 0.9791666666666666 0.79296875 0.8680555555555556 0.767578125 0.875 0.767578125 0.9166666666666666 0.7734375 0.9201388888888888
0 0.353515625 0.2951388888888889 0.34375 0.3055555555555556 0.34765625 0.3125 0.35546875 0.2916666666666667 0.349609375 0.2743055555555556 0.34375 0.2743055555555556 0.353515625 0.2951388888888889
0 0.06640625 0.46875 0.07421875 0.4618055555555556 0.080078125 0.4236111111111111 0.07421875 0.4097222222222222 0.0625 0.40625 0.060546875 0.4583333333333333 0.06640625 0.46875
0 0.04296875 0.9513888888888888 0.0546875 0.9722222222222222 0.048828125 0.9791666666666666 0.0546875 0.9826388888888888 0.068359375 0.9166666666666666 0.06640625 0.84375 0.037109375 0.84375 0.037109375 0.9166666666666666 0.04296875 0.9513888888888888
0 0.04296875 0.3090277777777778 0.060546875 0.2951388888888889 0.05078125 0.28125 0.037109375 0.28125 0.04296875 0.3090277777777778
0 0.44140625 0.6076388888888888 0.4375 0.5625 0.423828125 0.5625 0.423828125 0.5902777777777778 0.44140625 0.6076388888888888
0 0.662109375 0.9965277777777778 0.6796875 0.9965277777777778 0.685546875 0.9861111111111112 0.697265625 0.9965277777777778 0.69921875 0.9861111111111112 0.70859375 0.9965277777777778 0.755859375 0.9930555555555556 0.75 0.9548611111111112 0.7265625 0.9270833333333334 0.716796875 0.8888888888888888 0.7109375 0.8888888888888888 0.70703125 0.9201388888888888 0.6875 0.9548611111111112 0.677734375 0.9340277777777778 0.673828125 0.8888888888888888 0.65234375 0.875 0.6484375 0.9652777777777778 0.662109375 0.9965277777777778
0 0.326171875 0.5138888888888888 0.33203125 0.4548611111111111 0.318359375 0.4513888888888889 0.31640625 0.4895833333333333 0.326171875 0.5138888888888888
0 0.25 0.2638888888888889 0.25 0.24305555555555555 0.23828125 0.24305555555555555 0.23828125 0.2638888888888889 0.25 0.2638888888888889
0 0.298828125 0.7291666666666666 0.3046875 0.75 0.3125 0.75 0.32421875 0.7222222222222222 0.3203125 0.6701388888888888 0.298828125 0.6701388888888888 0.298828125 0.7291666666666666
0 0.294921875 0.6614583333333334 0.00390625 0.010416666666666666
0 0.3671875 0.4513888888888889 0.369140625 0.40625 0.361328125 0.3993055555555556 0.359375 0.4479166666666667 0.3671875 0.4513888888888889
0 0.07421875 0.8125 0.080078125 0.8125 0.091796875 0.7777777777777778 0.09765625 0.7222222222222222 0.087890625 0.6909722222222222 0.07421875 0.6875 0.06640625 0.7013888888888888 0.0625 0.75 0.07421875 0.8125
0 0.681640625 0.40625 0.685546875 0.3576388888888889 0.67578125 0.3541666666666667 0.669921875 0.3645833333333333 0.66796875 0.40625 0.681640625 0.40625
0 0.580078125 0.3888888888888889 0.587890625 0.3888888888888889 0.591796875 0.34375 0.5859375 0.3368055555555556 0.576171875 0.3472222222222222 0.576171875 0.375 0.580078125 0.3888888888888889
0 0.19921875 0.4027777777777778 0.205078125 0.3923611111111111 0.19921875 0.3715277777777778 0.16796875 0.3576388888888889 0.162109375 0.3993055555555556 0.19921875 0.4027777777777778
0 0.6982421875 0.9913194444444444 0.001953125 0.010416666666666666
0 0.662109375 0.9965277777777778 0.6796875 0.9965277777777778 0.6796875 0.9236111111111112 0.673828125 0.8888888888888888 0.65234375 0.875 0.6484375 0.9652777777777778 0.662109375 0.9965277777777778