0 0.9296875 0.3055555555555556 0.923828125 0.28125 0.90234375 0.2881944444444444 0.904296875 0.3055555555555556 0.9296875 0.3055555555555556
0 0.28125 0.8402777777777778 0.29296875 0.84375 0.298828125 0.7361111111111112 0.29296875 0.7222222222222222 0.28125 0.7222222222222222 0.26953125 0.7430555555555556 0.26953125 0.8090277777777778 0.28125 0.8402777777777778
0 0.099609375 0.3298611111111111 0.099609375 0.2951388888888889 0.087890625 0.2986111111111111 0.0859375 0.3263888888888889 0.099609375 0.3298611111111111
0 0.830078125 0.2777777777777778 0.83203125 0.2534722222222222 0.81640625 0.25 0.81640625 0.2743055555555556 0.830078125 0.2777777777777778
0 0.69921875 0.7326388888888888 0.716796875 0.7326388888888888 0.75 0.7777777777777778 0.76171875 0.7638888888888888 0.759765625 0.7118055555555556 0.736328125 0.6388888888888888 0.72265625 0.6284722222222222 0.70703125 0.65625 0.69140625 0.65625 0.6875 0.7013888888888888 0.69921875 0.7326388888888888
0 0.322265625 0.5486111111111112 0.33203125 0.625 0.341796875 0.6215277777777778 0.34765625 0.5347222222222222 0.34375 0.53125 0.33984375 0.5451388888888888 0.322265625 0.5486111111111112
0 0.82421875 0.9965277777777778 0.8515625 0.9965277777777778 0.84375 0.9618055555555556 0.84765625 0.9375 0.822265625 0.9375 0.818359375 0.9722222222222222 0.82421875 0.9965277777777778
0 0.767578125 0.9930555555555556 0.8046875 0.9930555555555556 0.76953125 0.9201388888888888 0.755859375 0.9236111111111112 0.75390625 0.9513888888888888 0.767578125 0.9930555555555556
0 0.880859375 0.6979166666666666 0.896484375 0.7013888888888888 0.904296875 0.6875 0.8984375 0.6493055555555556 0.88671875 0.6284722222222222 0.86328125 0.6597222222222222 0.861328125 0.6840277777777778 0.880859375 0.6979166666666666
0 0.07421875 0.5451388888888888 0.0859375 0.5798611111111112 0.091796875 0.5763888888888888 0.091796875 0.5138888888888888 0.07421875 0.5138888888888888 0.07421875 0.5451388888888888
0 0.279296875 0.6076388888888888 0.287109375 0.6527777777777778 0.29296875 0.65625 0.287109375 0.6423611111111112 0.298828125 0.625 0.298828125 0.5729166666666666 0.28515625 0.5659722222222222 0.279296875 0.5763888888888888 0.279296875 0.6076388888888888
0 0.21875 0.46875 0.228515625 0.4305555555555556 0.212890625 0.40625 0.2109375 0.4479166666666667 0.21875 0.46875
0 0.57421875 0.8472222222222222 0.587890625 0.8888888888888888 0.59765625 0.8888888888888888 0.599609375 0.84375 0.5859375 0.7916666666666666 0.591796875 0.7638888888888888 0.568359375 0.7743055555555556 0.5625 0.84375 0.57421875 0.8472222222222222
0 0.537109375 0.7951388888888888 0.55078125 0.8298611111111112 0.5546875 0.8263888888888888 0.546875 0.8125 0.5546875 0.8055555555555556 0.5546875 0.7638888888888888 0.548828125 0.7569444444444444 0.548828125 0.7361111111111112 0.54296875 0.7430555555555556 0.54296875 0.78125 0.537109375 0.7951388888888888
0 0.130859375 0.8125 0.1484375 0.8611111111111112 0.162109375 0.7986111111111112 0.16015625 0.7465277777777778 0.13671875 0.7465277777777778 0.12890625 0.7604166666666666 0.130859375 0.8125
0 0.26171875 0.53125 0.267578125 0.5451388888888888 0.279296875 0.5277777777777778 0.28125 0.5 0.26171875 0.5 0.26171875 0.53125
0 0.205078125 0.3993055555555556 0.201171875 0.375 0.19140625 0.3611111111111111 0.16796875 0.3611111111111111 0.162109375 0.4027777777777778 0.205078125 0.3993055555555556
0 0.3046875 0.6875 0.32421875 0.7361111111111112 0.32421875 0.7048611111111112 0.330078125 0.6909722222222222 0.326171875 0.6388888888888888 0.310546875 0.6388888888888888 0.3046875 0.6493055555555556 0.3046875 0.6875
0 0.1640625 0.6527777777777778 0.171875 0.6215277777777778 0.16796875 0.5659722222222222 0.150390625 0.5625 0.1484375 0.6145833333333334 0.1640625 0.6527777777777778
0 0.140625 0.5607638888888888 0.00390625 0.003472222222222222
0 0.287109375 0.5104166666666666 0.298828125 0.5416666666666666 0.3046875 0.5277777777777778 0.302734375 0.4791666666666667 0.287109375 0.4791666666666667 0.287109375 0.5104166666666666
0 0.099609375 0.4826388888888889 0.109375 0.4826388888888889 0.111328125 0.4375 0.09375 0.4375 0.09375 0.46875 0.099609375 0.4826388888888889
0 0.236328125 0.5138888888888888 0.244140625 0.4826388888888889 0.2421875 0.4548611111111111 0.228515625 0.4513888888888889 0.224609375 0.4861111111111111 0.236328125 0.5138888888888888
0 0.22265625 0.7222222222222222 0.224609375 0.7430555555555556 0.234375 0.6979166666666666 0.234375 0.6388888888888888 0.224609375 0.6284722222222222 0.20703125 0.6493055555555556 0.2109375 0.7152777777777778 0.22265625 0.7222222222222222
0 0.330078125 0.9756944444444444 0.3359375 0.9930555555555556 0.361328125 0.9965277777777778 0.36328125 0.9548611111111112 0.35546875 0.8993055555555556 0.349609375 0.8888888888888888 0.337890625 0.8923611111111112 0.330078125 0.90625 0.330078125 0.9756944444444444
0 0.21484375 0.5833333333333334 0.19921875 0.59375 0.201171875 0.6076388888888888 0.216796875 0.5833333333333334 0.22265625 0.59375 0.224609375 0.5555555555555556 0.21875 0.5486111111111112 0.19921875 0.5625 0.21484375 0.5833333333333334
0 0.984375 0.7847222222222222 0.98828125 0.8194444444444444 0.998046875 0.8263888888888888 0.998046875 0.7326388888888888 0.974609375 0.7222222222222222 0.97265625 0.7604166666666666 0.984375 0.7847222222222222
0 0.634765625 0.7465277777777778 0.66796875 0.7534722222222222 0.67578125 0.78125 0.69140625 0.78125 0.69140625 0.71875 0.6796875 0.6979166666666666 0.6796875 0.6736111111111112 0.671875 0.6736111111111112 0.65625 0.7152777777777778 0.6484375 0.6875 0.630859375 0.6701388888888888 0.62890625 0.7256944444444444 0.634765625 0.7465277777777778
0 0.749673828125 0.9965277777777778 0.75390625 0.9826388888888888 0.759765625 0.9965277777777778 0.767578125 0.9930555555555556 0.73046875 0.9375 0.705078125 0.9375 0.69921875 0.9965277777777778 0.749673828125 0.9965277777777778
0 0.060546875 0.3368055555555556 0.060546875 0.3055555555555556 0.0546875 0.2951388888888889 0.041015625 0.3020833333333333 0.041015625 0.3402777777777778 0.060546875 0.3368055555555556
0 0.630859375 0.875 0.63671875 0.8888888888888888 0.638671875 0.9375 0.66796875 0.9930555555555556 0.6875 0.9930555555555556 0.697265625 0.9722222222222222 0.6953125 0.9409722222222222 0.701171875 0.9340277777777778 0.697265625 0.8784722222222222 0.6796875 0.875 0.666015625 0.9340277777777778 0.65625 0.9375 0.654296875 0.8923611111111112 0.64453125 0.8541666666666666 0.63671875 0.8541666666666666 0.630859375 0.8576388888888888 0.630859375 0.875
0 0.19140625 0.9965277777777778 0.1875 0.9097222222222222 0.15625 0.9236111111111112 0.1484375 0.9409722222222222 0.14453125 0.9930555555555556 0.19140625 0.9965277777777778
0 0.1484375 0.9201388888888888 0.1484375 0.9097222222222222 0.138671875 0.9166666666666666 0.1484375 0.9201388888888888
0 0.19921875 0.8993055555555556 0.197265625 0.8888888888888888 0.193359375 0.9027777777777778 0.19921875 0.8993055555555556
0 0.255859375 0.6354166666666666 0.26171875 0.5486111111111112 0.244140625 0.5451388888888888 0.2421875 0.59375 0.255859375 0.6354166666666666