0 0.4375 0.8472222222222222 0.44140625 0.875 0.455078125 0.8715277777777778 0.4609375 0.8576388888888888 0.4609375 0.7673611111111112 0.4375 0.7534722222222222 0.431640625 0.8090277777777778 0.4296875 0.84375 0.4375 0.8472222222222222
0 0.4306640625 0.7482638888888888 0.001953125 0.003472222222222222
0 0.125 0.3055555555555556 0.125 0.28125 0.111328125 0.2777777777777778 0.109375 0.3020833333333333 0.125 0.3055555555555556
0 0.88671875 0.2777777777777778 0.8828125 0.25 0.857421875 0.2569444444444444 0.85546875 0.2777777777777778 0.88671875 0.2777777777777778
0 0.693359375 0.9305555555555556 0.693359375 0.9479166666666666 0.7265625 0.9756944444444444 0.734375 0.9965277777777778 0.75 0.9965277777777778 0.75390625 0.96875 0.73046875 0.8576388888888888 0.7109375 0.8611111111111112 0.7109375 0.8854166666666666 0.703125 0.8993055555555556 0.685546875 0.875 0.685546875 0.8368055555555556 0.66796875 0.84375 0.66796875 0.875 0.693359375 0.9305555555555556
0 0.4375 0.9965277777777778 0.447265625 0.9826388888888888 0.44921875 0.9965277777777778 0.47265625 0.9965277777777778 0.474609375 0.9722222222222222 0.4609375 0.9652777777777778 0.431640625 0.9826388888888888 0.4375 0.9965277777777778
0 0.2734375 0.4166666666666667 0.279296875 0.40625 0.302734375 0.40625 0.306640625 0.3854166666666667 0.298828125 0.3715277777777778 0.279296875 0.3715277777777778 0.26953125 0.3888888888888889 0.267578125 0.4097222222222222 0.2734375 0.4166666666666667
0 0.1171875 0.5 0.142578125 0.4826388888888889 0.12890625 0.4548611111111111 0.09765625 0.46875 0.09375 0.5 0.1171875 0.5
0 0.228515625 0.4479166666666667 0.248046875 0.4236111111111111 0.244140625 0.4097222222222222 0.224609375 0.40625 0.21875 0.3923611111111111 0.205078125 0.40625 0.201171875 0.4548611111111111 0.228515625 0.4479166666666667
0 0.037109375 0.3090277777777778 0.033203125 0.28125 0.013671875 0.28125 0.013671875 0.3125 0.037109375 0.3090277777777778
0 0.380859375 0.9340277777777778 0.396484375 0.9965277777777778 0.41015625 0.9340277777777778 0.41796875 0.8472222222222222 0.388671875 0.8402777777777778 0.380859375 0.8472222222222222 0.380859375 0.9340277777777778
0 0.232421875 0.4965277777777778 0.255859375 0.4861111111111111 0.267578125 0.4652777777777778 0.267578125 0.4409722222222222 0.25390625 0.4409722222222222 0.2421875 0.4618055555555556 0.236328125 0.4513888888888889 0.220703125 0.4583333333333333 0.21875 0.4965277777777778 0.232421875 0.4965277777777778
0 0.580078125 0.6319444444444444 0.587890625 0.6527777777777778 0.5859375 0.6423611111111112 0.599609375 0.6388888888888888 0.603515625 0.59375 0.59765625 0.5729166666666666 0.5859375 0.5659722222222222 0.580078125 0.5763888888888888 0.580078125 0.6319444444444444
0 0.611328125 0.6875 0.6171875 0.6909722222222222 0.64453125 0.65625 0.638671875 0.625 0.625 0.6215277777777778 0.623046875 0.6076388888888888 0.60546875 0.6076388888888888 0.599609375 0.625 0.59765625 0.6631944444444444 0.611328125 0.6875
0 0.54296875 0.6180555555555556 0.56640625 0.5902777777777778 0.56640625 0.5625 0.5390625 0.5625 0.537109375 0.6180555555555556 0.54296875 0.6180555555555556
0 0.5625 0.7118055555555556 0.56640625 0.6701388888888888 0.537109375 0.6701388888888888 0.537109375 0.71875 0.5625 0.7118055555555556
0 0.328125 0.9965277777777778 0.337890625 0.8923611111111112 0.330078125 0.9097222222222222 0.3203125 0.8854166666666666 0.30078125 0.8888888888888888 0.298828125 0.9965277777777778 0.328125 0.9965277777777778