0 0.134765625 0.9930555555555556 0.1328125 0.9097222222222222 0.09765625 0.9201388888888888 0.09765625 0.9930555555555556 0.134765625 0.9930555555555556
0 0.861328125 0.2777777777777778 0.87890625 0.2638888888888889 0.875 0.24305555555555555 0.833984375 0.2534722222222222 0.8359375 0.2743055555555556 0.861328125 0.2777777777777778
0 0.166015625 0.6597222222222222 0.17578125 0.625 0.173828125 0.59375 0.166015625 0.5763888888888888 0.15625 0.5763888888888888 0.154296875 0.6388888888888888 0.166015625 0.6597222222222222
0 0.36328125 0.8125 0.3671875 0.7118055555555556 0.361328125 0.7013888888888888 0.34375 0.7013888888888888 0.34375 0.7777777777777778 0.36328125 0.8125
0 0.0625 0.3541666666666667 0.08203125 0.34375 0.080078125 0.3159722222222222 0.0625 0.3159722222222222 0.056640625 0.3263888888888889 0.0625 0.3541666666666667
0 0.23828125 0.2638888888888889 0.244140625 0.22916666666666666 0.23828125 0.2222222222222222 0.23046875 0.2326388888888889 0.228515625 0.2465277777777778 0.23828125 0.2638888888888889
0 0.71875 0.7048611111111112 0.724609375 0.7326388888888888 0.751953125 0.7534722222222222 0.76953125 0.7916666666666666 0.779296875 0.7951388888888888 0.787109375 0.78125 0.779296875 0.6909722222222222 0.763671875 0.6875 0.76171875 0.7118055555555556 0.75 0.7222222222222222 0.732421875 0.6909722222222222 0.73046875 0.6701388888888888 0.724609375 0.6736111111111112 0.73046875 0.6875 0.71875 0.7048611111111112
0 0.83203125 0.9826388888888888 0.8359375 0.9965277777777778 0.8765625 0.9965277777777778 0.880859375 0.9861111111111112 0.88671875 0.9965277777777778 0.875 0.9652777777777778 0.880859375 0.9340277777777778 0.873046875 0.9097222222222222 0.86328125 0.90625 0.849609375 0.9201388888888888 0.849609375 0.9548611111111112 0.83203125 0.9826388888888888
0 0.79296875 0.9722222222222222 0.80078125 0.9826388888888888 0.818359375 0.9826388888888888 0.826171875 0.96875 0.826171875 0.9375 0.8125 0.9201388888888888 0.796875 0.9375 0.796875 0.90625 0.78125 0.90625 0.78125 0.9479166666666666 0.79296875 0.9722222222222222
0 0.298828125 0.5555555555555556 0.298828125 0.5347222222222222 0.28515625 0.5243055555555556 0.28125 0.5416666666666666 0.298828125 0.5555555555555556
0 0.130859375 0.5625 0.154296875 0.53125 0.154296875 0.5138888888888888 0.142578125 0.5 0.125 0.5 0.119140625 0.53125 0.130859375 0.5625
0 0.3359375 0.5868055555555556 0.34375 0.5590277777777778 0.330078125 0.5486111111111112 0.34375 0.5277777777777778 0.341796875 0.5138888888888888 0.330078125 0.5104166666666666 0.326171875 0.5451388888888888 0.3359375 0.5868055555555556
0 0.474609375 0.5243055555555556 0.474609375 0.5347222222222222 0.48046875 0.5625 0.498046875 0.5625 0.505859375 0.5798611111111112 0.51171875 0.5659722222222222 0.51171875 0.5173611111111112 0.5 0.5034722222222222 0.490234375 0.53125 0.474609375 0.5243055555555556
0 0.10546875 0.3055555555555556 0.125 0.3055555555555556 0.125 0.28125 0.111328125 0.2673611111111111 0.10546875 0.2743055555555556 0.10546875 0.3055555555555556
0 0.30078125 0.3888888888888889 0.30078125 0.3611111111111111 0.291015625 0.3611111111111111 0.287109375 0.3784722222222222 0.30078125 0.3888888888888889
0 0.740234375 0.9913194444444444 0.00390625 0.010416666666666666
0 0.75390625 0.9548611111111112 0.744140625 0.96875 0.744140625 0.9930555555555556 0.771484375 0.9965277777777778 0.779296875 0.9826388888888888 0.76953125 0.9652777777777778 0.76171875 0.9305555555555556 0.75 0.9375 0.75390625 0.9548611111111112
0 0.673828125 0.96875 0.681640625 0.9930555555555556 0.708984375 0.9965277777777778 0.73046875 0.9826388888888888 0.71875 0.9791666666666666 0.7109375 0.9618055555555556 0.7109375 0.9236111111111112 0.705078125 0.90625 0.6875 0.8888888888888888 0.67578125 0.9027777777777778 0.6796875 0.9201388888888888 0.673828125 0.96875
0 0.1484375 0.3125 0.1484375 0.2777777777777778 0.134765625 0.28125 0.134765625 0.3090277777777778 0.1484375 0.3125
0 0.380859375 0.5798611111111112 0.373046875 0.5659722222222222 0.380859375 0.5347222222222222 0.36328125 0.5347222222222222 0.36328125 0.5763888888888888 0.380859375 0.5798611111111112
0 0 0.3472222222222222 0.017578125 0.3541666666666667 0.017578125 0.3125 0.009765625 0.3055555555555556 0 0.3055555555555556 0 0.3472222222222222
0 0.826171875 0.8055555555555556 0.857421875 0.8125 0.861328125 0.8229166666666666 0.904296875 0.7916666666666666 0.90625 0.78125 0.90625 0.7638888888888888 0.89453125 0.7430555555555556 0.875 0.7777777777777778 0.861328125 0.7638888888888888 0.84375 0.7743055555555556 0.8359375 0.75 0.82421875 0.7569444444444444 0.826171875 0.8055555555555556
0 0.296875 0.6805555555555556 0.296875 0.59375 0.283203125 0.5972222222222222 0.28125 0.65625 0.296875 0.6805555555555556
0 0.234375 0.6111111111111112 0.236328125 0.6388888888888888 0.2421875 0.6388888888888888 0.25 0.6076388888888888 0.248046875 0.5590277777777778 0.23046875 0.5590277777777778 0.224609375 0.59375 0.234375 0.6111111111111112
0 0.48828125 0.71875 0.46875 0.6666666666666666 0.431640625 0.6736111111111112 0.431640625 0.7152777777777778 0.48828125 0.71875
0 0.57421875 0.8541666666666666 0.6015625 0.8715277777777778 0.623046875 0.8993055555555556 0.625 0.8680555555555556 0.611328125 0.7743055555555556 0.59375 0.78125 0.595703125 0.7986111111111112 0.568359375 0.7986111111111112 0.56640625 0.78125 0.5546875 0.78125 0.55078125 0.7916666666666666 0.57421875 0.8541666666666666
0 0.291015625 0.3576388888888889 0.29296875 0.3159722222222222 0.279296875 0.3194444444444444 0.275390625 0.3368055555555556 0.291015625 0.3576388888888889
0 0.380859375 0.4548611111111111 0.384765625 0.4097222222222222 0.373046875 0.4097222222222222 0.369140625 0.4375 0.380859375 0.4548611111111111
0 0.345703125 0.2777777777777778 0.349609375 0.25 0.33984375 0.2465277777777778 0.337890625 0.2638888888888889 0.345703125 0.2777777777777778
0 0.166015625 0.4027777777777778 0.1875 0.40625 0.205078125 0.3923611111111111 0.193359375 0.3680555555555556 0.16796875 0.3611111111111111 0.162109375 0.3888888888888889 0.166015625 0.4027777777777778
0 0.685546875 0.6493055555555556 0.69921875 0.65625 0.7109375 0.6875 0.71875 0.6875 0.724609375 0.6701388888888888 0.716796875 0.5763888888888888 0.70703125 0.5763888888888888 0.69921875 0.5972222222222222 0.6796875 0.5902777777777778 0.67578125 0.6111111111111112 0.685546875 0.6493055555555556
0 0.263671875 0.40625 0.26953125 0.3611111111111111 0.26171875 0.3576388888888889 0.255859375 0.3854166666666667 0.263671875 0.40625
0 0.193359375 0.5763888888888888 0.19921875 0.5763888888888888 0.20703125 0.5590277777777778 0.205078125 0.5138888888888888 0.189453125 0.5069444444444444 0.1875 0.5451388888888888 0.193359375 0.5763888888888888
0 0.05078125 0.9305555555555556 0.060546875 0.9375 0.07421875 0.8784722222222222 0.080078125 0.8125 0.048828125 0.8090277777777778 0.048828125 0.9166666666666666 0.05078125 0.9305555555555556
0 0.4921875 0.71875 0.498046875 0.71875 0.5 0.7118055555555556 0.486328125 0.7013888888888888 0.5 0.6840277777777778 0.4921875 0.625 0.474609375 0.6215277777777778 0.474609375 0.6805555555555556 0.4921875 0.71875
0 0.291015625 0.3159722222222222 0.29296875 0.2847222222222222 0.28515625 0.2881944444444444 0.28125 0.3159722222222222 0.291015625 0.3159722222222222
0 0.310546875 0.25 0.30078125 0.24305555555555555 0.3046875 0.2673611111111111 0.310546875 0.25
0 0.40625 0.7326388888888888 0.412109375 0.7013888888888888 0.41015625 0.6597222222222222 0.400390625 0.6354166666666666 0.38671875 0.6423611111111112 0.38671875 0.7152777777777778 0.40625 0.7326388888888888
0 0.0625 0.2951388888888889 0.052734375 0.2743055555555556 0.037109375 0.2743055555555556 0.041015625 0.3055555555555556 0.0625 0.2951388888888889
0 0.423828125 0.6180555555555556 0.4296875 0.5590277777777778 0.421875 0.53125 0.412109375 0.53125 0.412109375 0.59375 0.423828125 0.6180555555555556
0 0.125 0.78125 0.130859375 0.6875 0.109375 0.6875 0.109375 0.7743055555555556 0.125 0.78125
0 0.611328125 0.5451388888888888 0.60546875 0.5555555555555556 0.625 0.5659722222222222 0.630859375 0.5416666666666666 0.62890625 0.5138888888888888 0.609375 0.5104166666666666 0.60546875 0.5243055555555556 0.611328125 0.5451388888888888
0 0.302734375 0.4826388888888889 0.3046875 0.4375 0.29296875 0.4375 0.29296875 0.4826388888888889 0.302734375 0.4826388888888889
0 0.32421875 0.2638888888888889 0.32421875 0.24305555555555555 0.318359375 0.24305555555555555 0.318359375 0.2638888888888889 0.32421875 0.2638888888888889