0 0.091796875 0.9965277777777778 0.09765625 0.9861111111111112 0.0859375 0.9826388888888888 0.080078125 0.9930555555555556 0.091796875 0.9965277777777778
0 0.109375 0.9513888888888888 0.099609375 0.9548611111111112 0.099609375 0.96875 0.109375 0.9513888888888888
0 0.06640625 0.3576388888888889 0.072265625 0.3229166666666667 0.068359375 0.3125 0.046875 0.3125 0.04296875 0.3576388888888889 0.06640625 0.3576388888888889
0 0.7734375 0.2638888888888889 0.7734375 0.24305555555555555 0.763671875 0.2326388888888889 0.763671875 0.2638888888888889 0.7734375 0.2638888888888889
0 0 0.40625 0.017578125 0.4166666666666667 0.0234375 0.3854166666666667 0.01171875 0.3576388888888889 0 0.3576388888888889 0 0.40625
0 0.0859375 0.4930555555555556 0.099609375 0.5104166666666666 0.10546875 0.4618055555555556 0.09375 0.4479166666666667 0.0859375 0.4513888888888889 0.0859375 0.4930555555555556
0 0.333984375 0.5138888888888888 0.34375 0.5034722222222222 0.341796875 0.4548611111111111 0.326171875 0.4513888888888889 0.32421875 0.4826388888888889 0.333984375 0.5138888888888888
0 0.654296875 0.78125 0.6484375 0.8125 0.662109375 0.84375 0.69140625 0.8541666666666666 0.703125 0.8958333333333334 0.7109375 0.90625 0.72265625 0.9027777777777778 0.724609375 0.8611111111111112 0.705078125 0.7673611111111112 0.6953125 0.7743055555555556 0.681640625 0.8229166666666666 0.666015625 0.7638888888888888 0.66015625 0.7534722222222222 0.65625 0.7604166666666666 0.6640625 0.7708333333333334 0.654296875 0.78125
0 0.29296875 0.3125 0.30078125 0.3090277777777778 0.30078125 0.28125 0.29296875 0.28125 0.29296875 0.3125
0 0.087890625 0.3368055555555556 0.10546875 0.3263888888888889 0.103515625 0.2951388888888889 0.08203125 0.2951388888888889 0.087890625 0.3368055555555556
0 0.26171875 0.3680555555555556 0.255859375 0.3472222222222222 0.244140625 0.3472222222222222 0.244140625 0.375 0.26171875 0.3680555555555556
0 0.44921875 0.8715277777777778 0.455078125 0.8715277777777778 0.455078125 0.7673611111111112 0.42578125 0.7673611111111112 0.423828125 0.7986111111111112 0.44921875 0.8715277777777778
0 0.04296875 0.78125 0.0546875 0.75 0.05078125 0.6736111111111112 0.025390625 0.6736111111111112 0.029296875 0.75 0.04296875 0.78125
0 0.228515625 0.6736111111111112 0.236328125 0.5972222222222222 0.23046875 0.5798611111111112 0.21875 0.5868055555555556 0.21875 0.6666666666666666 0.228515625 0.6736111111111112
0 0.15625 0.3263888888888889 0.16015625 0.2986111111111111 0.142578125 0.2847222222222222 0.142578125 0.3263888888888889 0.15625 0.3263888888888889
0 0.228515625 0.4097222222222222 0.216796875 0.3854166666666667 0.23046875 0.375 0.224609375 0.3611111111111111 0.216796875 0.375 0.212890625 0.40625 0.228515625 0.4097222222222222
0 0.59375 0.5 0.59375 0.5173611111111112 0.599609375 0.5416666666666666 0.6171875 0.5625 0.619140625 0.5555555555555556 0.607421875 0.5451388888888888 0.623046875 0.5243055555555556 0.623046875 0.5034722222222222 0.61328125 0.4861111111111111 0.609375 0.4965277777777778 0.59375 0.5
0 0.26953125 0.3263888888888889 0.2734375 0.2916666666666667 0.26953125 0.2847222222222222 0.263671875 0.2951388888888889 0.263671875 0.3263888888888889 0.26953125 0.3263888888888889
0 0.02734375 0.6215277777777778 0.037109375 0.59375 0.037109375 0.5347222222222222 0.013671875 0.5347222222222222 0.01171875 0.5868055555555556 0.02734375 0.6215277777777778
0 0.8046875 0.2638888888888889 0.8046875 0.2465277777777778 0.7890625 0.2465277777777778 0.787109375 0.2638888888888889 0.8046875 0.2638888888888889
0 0.439453125 0.4826388888888889 0.447265625 0.4618055555555556 0.443359375 0.4201388888888889 0.427734375 0.4166666666666667 0.42578125 0.4479166666666667 0.439453125 0.4826388888888889
0 0.298828125 0.6701388888888888 0.3125 0.6875 0.32421875 0.6736111111111112 0.32421875 0.6284722222222222 0.31640625 0.6111111111111112 0.296875 0.6111111111111112 0.298828125 0.6701388888888888
0 0.080078125 0.3159722222222222 0.08203125 0.2916666666666667 0.076171875 0.28125 0.06640625 0.2847222222222222 0.06640625 0.3090277777777778 0.080078125 0.3159722222222222
0 0.392578125 0.25 0.392578125 0.2361111111111111 0.384765625 0.2326388888888889 0.380859375 0.25 0.392578125 0.25
0 0.1484375 0.7638888888888888 0.162109375 0.78125 0.162109375 0.8055555555555556 0.16796875 0.8055555555555556 0.173828125 0.7743055555555556 0.17578125 0.7013888888888888 0.1484375 0.7013888888888888 0.1484375 0.7638888888888888
0 0.19921875 0.4027777777777778 0.205078125 0.3923611111111111 0.19921875 0.3715277777777778 0.16796875 0.3576388888888889 0.162109375 0.3993055555555556 0.19921875 0.4027777777777778
0 0.197265625 0.8888888888888888 0.212890625 0.9618055555555556 0.228515625 0.84375 0.224609375 0.8263888888888888 0.19921875 0.8263888888888888 0.193359375 0.84375 0.197265625 0.8888888888888888
0 0.287109375 0.2951388888888889 0.287109375 0.2673611111111111 0.279296875 0.2638888888888889 0.275390625 0.28125 0.287109375 0.2951388888888889