0 0.1171875 0.75 0.1171875 0.7638888888888888 0.125 0.78125 0.1328125 0.78125 0.14453125 0.8125 0.1484375 0.7951388888888888 0.134765625 0.7847222222222222 0.1484375 0.7638888888888888 0.1484375 0.7361111111111112 0.15625 0.71875 0.1484375 0.7256944444444444 0.14453125 0.7604166666666666 0.12890625 0.7326388888888888 0.130859375 0.7430555555555556 0.1171875 0.75
0 0.078125 0.4340277777777778 0.0859375 0.4201388888888889 0.0859375 0.3923611111111111 0.076171875 0.375 0.068359375 0.3784722222222222 0.068359375 0.4340277777777778 0.078125 0.4340277777777778
0 0.6513671875 0.8819444444444444 0.005859375 0.006944444444444444
0 0.587890625 0.90625 0.603515625 0.9305555555555556 0.625 0.9375 0.623046875 0.8888888888888888 0.60546875 0.8472222222222222 0.603515625 0.8263888888888888 0.591796875 0.8263888888888888 0.591796875 0.84375 0.58203125 0.8611111111111112 0.580078125 0.8819444444444444 0.587890625 0.90625
0 0.642578125 0.8784722222222222 0.66015625 0.8715277777777778 0.66796875 0.8888888888888888 0.662109375 0.8263888888888888 0.642578125 0.78125 0.638671875 0.8680555555555556 0.642578125 0.8784722222222222
0 0.189453125 0.4965277777777778 0.193359375 0.4479166666666667 0.1875 0.4375 0.177734375 0.4409722222222222 0.181640625 0.4965277777777778 0.189453125 0.4965277777777778
0 0.048828125 0.5763888888888888 0.060546875 0.5277777777777778 0.056640625 0.5138888888888888 0.041015625 0.5173611111111112 0.037109375 0.5347222222222222 0.048828125 0.5763888888888888
0 0.15625 0.5 0.173828125 0.5 0.173828125 0.4652777777777778 0.162109375 0.4548611111111111 0.15625 0.4548611111111111 0.15625 0.5
0 0.25 0.6875 0.255859375 0.6875 0.267578125 0.6666666666666666 0.267578125 0.6041666666666666 0.244140625 0.6076388888888888 0.2421875 0.6631944444444444 0.25 0.6875
0 0.13671875 0.3159722222222222 0.13671875 0.2986111111111111 0.125 0.2951388888888889 0.123046875 0.3263888888888889 0.13671875 0.3159722222222222
0 0.017578125 0.5972222222222222 0.025390625 0.5868055555555556 0.03515625 0.59375 0.03125 0.6215277777777778 0.041015625 0.625 0.041015625 0.5972222222222222 0.0234375 0.5798611111111112 0.017578125 0.5798611111111112 0.017578125 0.5972222222222222
0 0.060546875 0.34375 0.0546875 0.3229166666666667 0.03515625 0.3229166666666667 0.03515625 0.3576388888888889 0.060546875 0.34375
0 0.068359375 0.6875 0.08203125 0.71875 0.087890625 0.7118055555555556 0.0859375 0.6527777777777778 0.0625 0.6527777777777778 0.068359375 0.6875
0 0.060546875 0.6180555555555556 0.07421875 0.6076388888888888 0.076171875 0.5902777777777778 0.072265625 0.5659722222222222 0.056640625 0.5659722222222222 0.0546875 0.6180555555555556 0.060546875 0.6180555555555556
0 0.09765625 0.3263888888888889 0.115234375 0.3263888888888889 0.111328125 0.28125 0.099609375 0.2916666666666667 0.09375 0.3055555555555556 0.09765625 0.3263888888888889
0 0.111328125 0.5833333333333334 0.12890625 0.6041666666666666 0.130859375 0.53125 0.123046875 0.5173611111111112 0.109375 0.5173611111111112 0.10546875 0.5451388888888888 0.111328125 0.5833333333333334
0 0.69921875 0.9930555555555556 0.685546875 0.9861111111111112 0.681640625 0.9930555555555556 0.69921875 0.9930555555555556
0 0.65625 0.9930555555555556 0.6484375 0.9548611111111112 0.671875 0.8923611111111112 0.666015625 0.8784722222222222 0.642578125 0.875 0.63671875 0.8923611111111112 0.63671875 0.9513888888888888 0.630859375 0.9618055555555556 0.6171875 0.9618055555555556 0.6171875 0.9965277777777778 0.65625 0.9930555555555556
0 0.134765625 0.3715277777777778 0.13671875 0.3229166666666667 0.125 0.3229166666666667 0.125 0.3715277777777778 0.134765625 0.3715277777777778
0 0.623046875 0.6041666666666666 0.6171875 0.6076388888888888 0.619140625 0.6423611111111112 0.642578125 0.6388888888888888 0.642578125 0.59375 0.62890625 0.5868055555555556 0.6171875 0.59375 0.623046875 0.6041666666666666
0 0.16796875 0.40625 0.1875 0.40625 0.205078125 0.3888888888888889 0.201171875 0.375 0.169921875 0.3611111111111111 0.162109375 0.3854166666666667 0.16796875 0.40625
0 0.09375 0.4027777777777778 0.111328125 0.3923611111111111 0.111328125 0.3680555555555556 0.103515625 0.3576388888888889 0.09375 0.3576388888888889 0.09375 0.4027777777777778
0 0.0859375 0.5277777777777778 0.091796875 0.5069444444444444 0.099609375 0.5104166666666666 0.103515625 0.4965277777777778 0.099609375 0.46875 0.0859375 0.4548611111111111 0.080078125 0.4618055555555556 0.076171875 0.5173611111111112 0.0859375 0.5277777777777778
0 0.087890625 0.3125 0.091796875 0.2916666666666667 0.0859375 0.28125 0.068359375 0.2847222222222222 0.068359375 0.3125 0.087890625 0.3125
0 0.173828125 0.34375 0.18359375 0.34375 0.185546875 0.2986111111111111 0.171875 0.2951388888888889 0.162109375 0.3125 0.173828125 0.34375
0 0.099609375 0.6805555555555556 0.109375 0.6666666666666666 0.109375 0.625 0.09765625 0.59375 0.08203125 0.59375 0.080078125 0.6180555555555556 0.099609375 0.6805555555555556
0 0.146484375 0.3090277777777778 0.1484375 0.2673611111111111 0.13671875 0.2638888888888889 0.13671875 0.3055555555555556 0.146484375 0.3090277777777778
0 0.212890625 0.7847222222222222 0.212890625 0.8298611111111112 0.224609375 0.8715277777777778 0.236328125 0.875 0.244140625 0.8125 0.2421875 0.7847222222222222 0.236328125 0.7777777777777778 0.23828125 0.7534722222222222 0.20703125 0.7673611111111112 0.205078125 0.7777777777777778 0.212890625 0.7847222222222222
0 0.29296875 0.7638888888888888 0.2890625 0.75 0.28515625 0.7638888888888888 0.279296875 0.75 0.263671875 0.7465277777777778 0.263671875 0.7916666666666666 0.29296875 0.7638888888888888
0 0.564453125 0.8975694444444444 0.00390625 0.010416666666666666
0 0.4921875 0.90625 0.51171875 0.9236111111111112 0.505859375 0.9826388888888888 0.517578125 0.9965277777777778 0.5498046875 0.9965277777777778 0.55078125 0.9791666666666666 0.560546875 0.9826388888888888 0.560546875 0.9965277777777778 0.595703125 0.9965277777777778 0.59765625 0.9861111111111112 0.5859375 0.9513888888888888 0.5625 0.9513888888888888 0.5546875 0.9340277777777778 0.55078125 0.9444444444444444 0.548828125 0.9236111111111112 0.541015625 0.9652777777777778 0.525390625 0.9652777777777778 0.509765625 0.8958333333333334 0.509765625 0.8611111111111112 0.4921875 0.8090277777777778 0.478515625 0.8576388888888888 0.4921875 0.90625
0 0.513671875 0.9965277777777778 0.599609375 0.9930555555555556 0.5859375 0.9513888888888888 0.576171875 0.9409722222222222 0.560546875 0.9513888888888888 0.55078125 0.9375 0.548828125 0.9722222222222222 0.537109375 0.9618055555555556 0.529296875 0.9722222222222222 0.515625 0.9340277777777778 0.505859375 0.9513888888888888 0.50390625 0.9756944444444444 0.513671875 0.9965277777777778
0 0.19140625 0.9027777777777778 0.193359375 0.9305555555555556 0.205078125 0.9375 0.19921875 0.8125 0.185546875 0.8055555555555556 0.173828125 0.8159722222222222 0.173828125 0.8541666666666666 0.19140625 0.9027777777777778