0 0.943359375 0.2951388888888889 0.9609375 0.2916666666666667 0.962890625 0.2777777777777778 0.955078125 0.2604166666666667 0.94921875 0.2534722222222222 0.9375 0.2638888888888889 0.931640625 0.2847222222222222 0.943359375 0.2951388888888889
0 0.421875 0.46875 0.435546875 0.4548611111111111 0.439453125 0.4340277777777778 0.455078125 0.4652777777777778 0.466796875 0.4375 0.4609375 0.4201388888888889 0.42578125 0.4340277777777778 0.41796875 0.4409722222222222 0.421875 0.46875
0 0.1484375 0.375 0.15625 0.3993055555555556 0.166015625 0.3993055555555556 0.16796875 0.3576388888888889 0.15625 0.3472222222222222 0.1484375 0.3576388888888889 0.1484375 0.375
0 0.484375 0.4166666666666667 0.4921875 0.40625 0.517578125 0.4097222222222222 0.5234375 0.3993055555555556 0.517578125 0.375 0.5078125 0.3854166666666667 0.4921875 0.3784722222222222 0.48046875 0.3993055555555556 0.484375 0.4166666666666667
0 0.81640625 0.2951388888888889 0.818359375 0.2777777777777778 0.80078125 0.2534722222222222 0.798828125 0.28125 0.81640625 0.2951388888888889
0 0.04296875 0.4236111111111111 0.048828125 0.4340277777777778 0.064453125 0.4340277777777778 0.0625 0.3888888888888889 0.048828125 0.3784722222222222 0.04296875 0.3888888888888889 0.04296875 0.4236111111111111
0 0.8125 0.4340277777777778 0.8359375 0.40625 0.8359375 0.3923611111111111 0.80859375 0.4097222222222222 0.806640625 0.3888888888888889 0.80078125 0.3888888888888889 0.787109375 0.4097222222222222 0.787109375 0.4340277777777778 0.8125 0.4340277777777778
0 0.8359375 0.2673611111111111 0.8359375 0.2534722222222222 0.82421875 0.2361111111111111 0.806640625 0.25 0.818359375 0.2777777777777778 0.8359375 0.2673611111111111
0 0.033203125 0.4513888888888889 0.03515625 0.4201388888888889 0.029296875 0.3993055555555556 0.015625 0.3958333333333333 0.015625 0.4479166666666667 0.033203125 0.4513888888888889
0 0.34765625 0.5138888888888888 0.341796875 0.4791666666666667 0.31640625 0.4965277777777778 0.3046875 0.46875 0.29296875 0.4930555555555556 0.287109375 0.53125 0.34765625 0.5138888888888888
0 0.35546875 0.3125 0.3671875 0.3368055555555556 0.373046875 0.3090277777777778 0.361328125 0.2847222222222222 0.35546875 0.2916666666666667 0.35546875 0.3125
0 0.482421875 0.3263888888888889 0.48046875 0.2951388888888889 0.46875 0.2916666666666667 0.466796875 0.3229166666666667 0.482421875 0.3263888888888889
0 0.099609375 0.4166666666666667 0.10546875 0.40625 0.099609375 0.3715277777777778 0.09375 0.3611111111111111 0.083984375 0.3715277777777778 0.08203125 0.4027777777777778 0.099609375 0.4166666666666667
0 0.998046875 0.3125 0.998046875 0.2743055555555556 0.9921875 0.2777777777777778 0.986328125 0.3055555555555556 0.998046875 0.3125
0 0.130859375 0.4027777777777778 0.123046875 0.3576388888888889 0.11328125 0.3611111111111111 0.111328125 0.4027777777777778 0.130859375 0.4027777777777778
0 0 0.4479166666666667 0.01171875 0.4166666666666667 0.00390625 0.3923611111111111 0 0.3993055555555556 0.0078125 0.40625 0 0.4236111111111111 0 0.4479166666666667
0 0.1484375 0.40625 0.154296875 0.3888888888888889 0.1484375 0.3819444444444444 0.1484375 0.3611111111111111 0.138671875 0.3576388888888889 0.134765625 0.4027777777777778 0.1484375 0.40625
0 0.5625 0.4166666666666667 0.578125 0.4236111111111111 0.5859375 0.3993055555555556 0.603515625 0.4201388888888889 0.59375 0.4027777777777778 0.60546875 0.3888888888888889 0.587890625 0.3923611111111111 0.580078125 0.3611111111111111 0.57421875 0.3611111111111111 0.5625 0.375 0.5625 0.4166666666666667
0 0.873046875 0.4305555555555556 0.892578125 0.4305555555555556 0.8984375 0.4201388888888889 0.89453125 0.3923611111111111 0.873046875 0.40625 0.8671875 0.375 0.85546875 0.3888888888888889 0.85546875 0.4166666666666667 0.873046875 0.4305555555555556
0 0.439453125 0.3958333333333333 0.4296875 0.3888888888888889 0.431640625 0.40625 0.44921875 0.3854166666666667 0.46875 0.3993055555555556 0.455078125 0.3784722222222222 0.4609375 0.3645833333333333 0.46875 0.3680555555555556 0.466796875 0.3611111111111111 0.455078125 0.3611111111111111 0.451171875 0.3784722222222222 0.44140625 0.3611111111111111 0.44921875 0.3819444444444444 0.439453125 0.3958333333333333
0 0.5546875 0.4652777777777778 0.556640625 0.4375 0.544921875 0.4201388888888889 0.52734375 0.4305555555555556 0.5234375 0.46875 0.5546875 0.4652777777777778
0 0.587890625 0.3125 0.60546875 0.3090277777777778 0.599609375 0.2777777777777778 0.5859375 0.2777777777777778 0.587890625 0.3125
0 0.8671875 0.28125 0.892578125 0.28125 0.892578125 0.2638888888888889 0.875 0.2604166666666667 0.8671875 0.2673611111111111 0.8671875 0.28125
0 0.662109375 0.40625 0.6796875 0.3854166666666667 0.67578125 0.3784722222222222 0.66796875 0.3923611111111111 0.66015625 0.3784722222222222 0.6484375 0.40625 0.662109375 0.40625
0 0.484375 0.5138888888888888 0.505859375 0.5104166666666666 0.5234375 0.4826388888888889 0.5234375 0.46875 0.5078125 0.4513888888888889 0.4921875 0.4548611111111111 0.486328125 0.46875 0.48046875 0.4930555555555556 0.484375 0.5138888888888888
0 0.263671875 0.3888888888888889 0.26953125 0.375 0.267578125 0.34375 0.25390625 0.34375 0.25 0.3715277777777778 0.263671875 0.3888888888888889
0 0.181640625 0.6111111111111112 0.19921875 0.6041666666666666 0.203125 0.5868055555555556 0.208984375 0.5972222222222222 0.23046875 0.5902777777777778 0.23828125 0.5625 0.236328125 0.5347222222222222 0.224609375 0.5347222222222222 0.20703125 0.5833333333333334 0.201171875 0.5833333333333334 0.19921875 0.53125 0.193359375 0.53125 0.17578125 0.5763888888888888 0.173828125 0.6076388888888888 0.181640625 0.6111111111111112