0 0.3671875 0.4826388888888889 0.373046875 0.4513888888888889 0.3671875 0.4340277777777778 0.359375 0.4340277777777778 0.35546875 0.4618055555555556 0.3671875 0.4826388888888889
0 0.109375 0.3159722222222222 0.1171875 0.28125 0.099609375 0.2847222222222222 0.09765625 0.3125 0.109375 0.3159722222222222
0 0.6875 0.2465277777777778 0.6953125 0.25 0.69921875 0.21875 0.693359375 0.2152777777777778 0.6875 0.21875 0.6875 0.2465277777777778
0 0.330078125 0.34375 0.337890625 0.3541666666666667 0.341796875 0.3263888888888889 0.33203125 0.3125 0.337890625 0.3229166666666667 0.330078125 0.34375
0 0.32421875 0.2916666666666667 0.330078125 0.2951388888888889 0.330078125 0.2604166666666667 0.32421875 0.2604166666666667 0.32421875 0.2916666666666667
0 0.0234375 0.3576388888888889 0.037109375 0.3576388888888889 0.048828125 0.34375 0.04296875 0.3125 0.01953125 0.3090277777777778 0.017578125 0.3402777777777778 0.0234375 0.3576388888888889
0 0.244140625 0.2638888888888889 0.236328125 0.2465277777777778 0.244140625 0.24305555555555555 0.2421875 0.2361111111111111 0.236328125 0.23958333333333334 0.234375 0.2604166666666667 0.244140625 0.2638888888888889
0 0.080078125 0.3090277777777778 0.072265625 0.2743055555555556 0.056640625 0.2777777777777778 0.056640625 0.3090277777777778 0.080078125 0.3090277777777778
0 0.423828125 0.7638888888888888 0.443359375 0.8229166666666666 0.44921875 0.8229166666666666 0.4375 0.7986111111111112 0.443359375 0.7864583333333334 0.4375 0.7222222222222222 0.41796875 0.7291666666666666 0.416015625 0.7638888888888888 0.423828125 0.7638888888888888
0 0.205078125 0.3993055555555556 0.19921875 0.3715277777777778 0.16796875 0.3576388888888889 0.162109375 0.3993055555555556 0.205078125 0.3993055555555556
0 0.248046875 0.4340277777777778 0.236328125 0.4375 0.234375 0.4618055555555556 0.244140625 0.4861111111111111 0.25390625 0.4513888888888889 0.248046875 0.4340277777777778
0 0.12890625 0.3263888888888889 0.134765625 0.3159722222222222 0.130859375 0.28125 0.1171875 0.28125 0.11328125 0.2916666666666667 0.11328125 0.3263888888888889 0.12890625 0.3263888888888889
0 0.5 0.4375 0.51171875 0.46875 0.51953125 0.4201388888888889 0.517578125 0.40625 0.509765625 0.4097222222222222 0.5 0.4201388888888889 0.5 0.4375
0 0.353515625 0.2326388888888889 0.359375 0.2361111111111111 0.361328125 0.21875 0.35546875 0.2152777777777778 0.359375 0.22569444444444445 0.353515625 0.2326388888888889
0 0.359375 0.3784722222222222 0.3671875 0.3680555555555556 0.365234375 0.34375 0.35546875 0.34375 0.359375 0.3784722222222222
0 0.3671875 0.6631944444444444 0.380859375 0.7152777777777778 0.38671875 0.7152777777777778 0.37890625 0.6979166666666666 0.392578125 0.6840277777777778 0.392578125 0.6215277777777778 0.37890625 0.6180555555555556 0.3671875 0.6354166666666666 0.3671875 0.6631944444444444
0 0.4140625 0.8854166666666666 0.39453125 0.875 0.416015625 0.9097222222222222 0.416015625 0.9305555555555556 0.42578125 0.9409722222222222 0.4296875 0.96875 0.443359375 0.9826388888888888 0.44921875 0.96875 0.44921875 0.9340277777777778 0.443359375 0.9097222222222222 0.443359375 0.8541666666666666 0.435546875 0.8472222222222222 0.423828125 0.8576388888888888 0.4140625 0.8854166666666666
0 0.603515625 0.2222222222222222 0.59765625 0.2048611111111111 0.59375 0.22916666666666666 0.603515625 0.2222222222222222
0 0.755859375 0.3472222222222222 0.76171875 0.3298611111111111 0.76171875 0.3125 0.734375 0.3159722222222222 0.73046875 0.3472222222222222 0.755859375 0.3472222222222222
0 0.28125 0.3298611111111111 0.279575892578125 0.3377976180555555 0.28125 0.3333333333333333 0.287109375 0.3368055555555556 0.28125 0.3298611111111111
0 0.287109375 0.3680555555555556 0.277984119140625 0.34534380555555555 0.275390625 0.3576388888888889 0.287109375 0.3680555555555556
0 0.337890625 0.2326388888888889 0.34375 0.22916666666666666 0.341796875 0.21180555555555555 0.3359375 0.21180555555555555 0.337890625 0.2326388888888889
0 0.275390625 0.71875 0.279296875 0.75 0.287109375 0.7604166666666666 0.28515625 0.7743055555555556 0.296875 0.7291666666666666 0.298828125 0.6805555555555556 0.29296875 0.6701388888888888 0.28125 0.6736111111111112 0.275390625 0.6875 0.275390625 0.71875