0 0.89453125 0.2916666666666667 0.90234375 0.2638888888888889 0.89453125 0.2638888888888889 0.89453125 0.2916666666666667
0 0.90234375 0.2638888888888889 0.912109375 0.2916666666666667 0.91796875 0.28125 0.916015625 0.2638888888888889 0.90234375 0.2638888888888889
0 0.255859375 0.7152777777777778 0.26171875 0.7013888888888888 0.2734375 0.7013888888888888 0.2734375 0.6805555555555556 0.267578125 0.6527777777777778 0.251953125 0.65625 0.25 0.7152777777777778 0.255859375 0.7152777777777778
0 0.755859375 0.2604166666666667 0.779296875 0.2638888888888889 0.78125 0.25 0.7734375 0.2361111111111111 0.75390625 0.2361111111111111 0.75 0.25 0.755859375 0.2604166666666667
0 0.337890625 0.7256944444444444 0.33203125 0.7430555555555556 0.34765625 0.71875 0.361328125 0.7534722222222222 0.3671875 0.7534722222222222 0.361328125 0.65625 0.330078125 0.6597222222222222 0.326171875 0.6701388888888888 0.32421875 0.6979166666666666 0.337890625 0.7256944444444444
0 0.09375 0.3368055555555556 0.111328125 0.3263888888888889 0.10546875 0.2951388888888889 0.087890625 0.2986111111111111 0.0859375 0.3229166666666667 0.09375 0.3368055555555556
0 0.3671875 0.2986111111111111 0.373046875 0.2743055555555556 0.36328125 0.2638888888888889 0.361328125 0.2881944444444444 0.3671875 0.2986111111111111
0 0.068359375 0.3125 0.07421875 0.3263888888888889 0.083984375 0.3263888888888889 0.0859375 0.28125 0.07421875 0.2777777777777778 0.068359375 0.28125 0.068359375 0.3125
0 0.248046875 0.2638888888888889 0.255859375 0.2638888888888889 0.25390625 0.2326388888888889 0.244140625 0.2326388888888889 0.248046875 0.2638888888888889
0 0.767578125 0.6041666666666666 0.775390625 0.5277777777777778 0.76171875 0.5138888888888888 0.75390625 0.5173611111111112 0.75390625 0.5902777777777778 0.767578125 0.6041666666666666
0 0.3671875 0.3888888888888889 0.375 0.3784722222222222 0.375 0.3576388888888889 0.37109375 0.34375 0.36328125 0.34375 0.361328125 0.3715277777777778 0.3671875 0.3888888888888889
0 0.927734375 0.8090277777777778 0.94921875 0.84375 0.96484375 0.8402777777777778 0.96875 0.8159722222222222 0.955078125 0.7326388888888888 0.931640625 0.7361111111111112 0.91796875 0.7222222222222222 0.912109375 0.7291666666666666 0.90625 0.7916666666666666 0.927734375 0.8090277777777778
0 0.84375 0.28125 0.84765625 0.2604166666666667 0.83203125 0.25 0.82421875 0.2743055555555556 0.84375 0.28125
0 0.310546875 0.4583333333333333 0.318359375 0.4618055555555556 0.32421875 0.4548611111111111 0.32421875 0.4201388888888889 0.3125 0.4097222222222222 0.306640625 0.4375 0.310546875 0.4583333333333333
0 0.275390625 0.25 0.26953125 0.22916666666666666 0.267578125 0.25 0.275390625 0.25
0 0.1875 0.5555555555555556 0.1796875 0.5625 0.185546875 0.5729166666666666 0.19921875 0.5416666666666666 0.19921875 0.5138888888888888 0.193359375 0.5 0.1796875 0.5 0.17578125 0.53125 0.1875 0.5555555555555556
0 0.36328125 0.6111111111111112 0.373046875 0.6180555555555556 0.380859375 0.59375 0.380859375 0.5451388888888888 0.3671875 0.53125 0.361328125 0.5416666666666666 0.36328125 0.6111111111111112
0 0.8359375 0.6736111111111112 0.83203125 0.6909722222222222 0.869140625 0.7465277777777778 0.884765625 0.7534722222222222 0.892578125 0.6979166666666666 0.875 0.6770833333333334 0.875 0.6388888888888888 0.8515625 0.6527777777777778 0.841796875 0.6423611111111112 0.83984375 0.6215277777777778 0.830078125 0.6284722222222222 0.826171875 0.6597222222222222 0.8359375 0.6736111111111112
0 0.236328125 0.2673611111111111 0.236328125 0.24305555555555555 0.228515625 0.2361111111111111 0.224609375 0.2638888888888889 0.236328125 0.2673611111111111
0 0.2734375 0.3402777777777778 0.2734375 0.2986111111111111 0.255859375 0.2986111111111111 0.255859375 0.3368055555555556 0.2734375 0.3402777777777778
0 0.025390625 0.3055555555555556 0.048828125 0.3090277777777778 0.048828125 0.2847222222222222 0.03125 0.2777777777777778 0.0234375 0.2847222222222222 0.025390625 0.3055555555555556
0 0.330078125 0.6284722222222222 0.3359375 0.6180555555555556 0.33203125 0.5625 0.31640625 0.5694444444444444 0.3125 0.6180555555555556 0.330078125 0.6284722222222222
0 0.3046875 0.34375 0.3046875 0.3090277777777778 0.296875 0.3055555555555556 0.29296875 0.3263888888888889 0.3046875 0.34375
0 0.330078125 0.3229166666666667 0.330078125 0.3055555555555556 0.32421875 0.3055555555555556 0.330078125 0.3229166666666667
0 0.322265625 0.34375 0.330078125 0.3541666666666667 0.330078125 0.3229166666666667 0.322265625 0.34375
0 0.1953125 0.4027777777777778 0.205078125 0.3923611111111111 0.197265625 0.3680555555555556 0.16796875 0.3576388888888889 0.162109375 0.3993055555555556 0.1953125 0.4027777777777778
0 0.26171875 0.46875 0.267578125 0.46875 0.2734375 0.4236111111111111 0.259765625 0.4097222222222222 0.255859375 0.4375 0.26171875 0.46875
0 0.306640625 0.40625 0.322265625 0.3888888888888889 0.318359375 0.3715277777777778 0.3046875 0.3715277777777778 0.306640625 0.40625
0 0.73046875 0.4826388888888889 0.73828125 0.5 0.744140625 0.4861111111111111 0.7421875 0.4513888888888889 0.728515625 0.4513888888888889 0.73046875 0.4826388888888889
0 0.13671875 0.3229166666666667 0.142578125 0.3159722222222222 0.142578125 0.2916666666666667 0.12890625 0.28125 0.125 0.3159722222222222 0.13671875 0.3229166666666667
0 0.205078125 0.96875 0.20703125 0.9930555555555556 0.236328125 0.9826388888888888 0.248046875 0.9618055555555556 0.2421875 0.9409722222222222 0.21875 0.9513888888888888 0.212890625 0.96875 0.205078125 0.96875
0 0.880859375 0.2743055555555556 0.875 0.25 0.861328125 0.25 0.85546875 0.2777777777777778 0.880859375 0.2743055555555556
0 0.443359375 0.5868055555555556 0.443359375 0.6076388888888888 0.45703125 0.6041666666666666 0.455078125 0.5277777777777778 0.4375 0.53125 0.435546875 0.5763888888888888 0.443359375 0.5868055555555556
0 0.92578125 0.2847222222222222 0.94921875 0.2847222222222222 0.947265625 0.2638888888888889 0.931640625 0.2604166666666667 0.923828125 0.2638888888888889 0.92578125 0.2847222222222222
0 0.80078125 0.6354166666666666 0.8046875 0.5798611111111112 0.79296875 0.5659722222222222 0.775390625 0.5729166666666666 0.7734375 0.6111111111111112 0.80078125 0.6354166666666666
0 0.431640625 0.7743055555555556 0.462890625 0.8263888888888888 0.46875 0.8125 0.466796875 0.7326388888888888 0.4609375 0.7152777777777778 0.443359375 0.7326388888888888 0.447265625 0.7638888888888888 0.431640625 0.7743055555555556
0 0.490234375 0.9965277777777778 0.486328125 0.9097222222222222 0.45703125 0.9340277777777778 0.4609375 0.9930555555555556 0.490234375 0.9965277777777778
0 0.310546875 0.5277777777777778 0.306640625 0.5486111111111112 0.298828125 0.5451388888888888 0.3046875 0.5625 0.31640625 0.5138888888888888 0.298828125 0.5138888888888888 0.310546875 0.5277777777777778
0 0.314453125 0.2465277777777778 0.31640625 0.22916666666666666 0.310546875 0.2222222222222222 0.306640625 0.24305555555555555 0.314453125 0.2465277777777778
0 0.380859375 0.8125 0.392578125 0.8368055555555556 0.388671875 0.8541666666666666 0.41015625 0.8784722222222222 0.412109375 0.8993055555555556 0.421875 0.8784722222222222 0.41796875 0.7673611111111112 0.38671875 0.7777777777777778 0.38671875 0.8090277777777778 0.380859375 0.8125
0 0.3984375 0.6736111111111112 0.40625 0.6736111111111112 0.419921875 0.7013888888888888 0.4140625 0.6875 0.423828125 0.6701388888888888 0.423828125 0.625 0.412109375 0.6180555555555556 0.40625 0.6284722222222222 0.3984375 0.6493055555555556 0.3984375 0.6736111111111112
0 0.349609375 0.3298611111111111 0.35546875 0.3402777777777778 0.35546875 0.2986111111111111 0.349609375 0.3055555555555556 0.349609375 0.3298611111111111
0 0.260793537109375 0.9130118680555557 0.2734375 0.8680555555555556 0.275390625 0.7847222222222222 0.25 0.78125 0.25 0.8611111111111112 0.255859375 0.875 0.255859375 0.9120381944444443 0.260793537109375 0.9130118680555557
0 0.72265625 0.4340277777777778 0.71875 0.4618055555555556 0.724609375 0.4618055555555556 0.72265625 0.4236111111111111 0.70703125 0.4236111111111111 0.705078125 0.4375 0.72265625 0.4340277777777778
0 0.296875 0.375 0.298828125 0.34375 0.287109375 0.34375 0.287109375 0.3715277777777778 0.296875 0.375
0 0.298828125 0.9340277777777778 0.3125 0.9652777777777778 0.333984375 0.9826388888888888 0.3359375 0.9965277777777778 0.34765625 0.9965277777777778 0.353515625 0.9513888888888888 0.34375 0.9131944444444444 0.341796875 0.8680555555555556 0.326171875 0.8611111111111112 0.30859375 0.8854166666666666 0.296875 0.875 0.29296875 0.9166666666666666 0.298828125 0.9340277777777778