0 0.205078125 0.4375 0.22265625 0.4409722222222222 0.234375 0.4305555555555556 0.23046875 0.40625 0.21875 0.3888888888888889 0.212890625 0.3958333333333333 0.201171875 0.4236111111111111 0.205078125 0.4375
0 0.517578125 0.3715277777777778 0.546875 0.3680555555555556 0.546875 0.34375 0.529296875 0.3298611111111111 0.51953125 0.3402777777777778 0.51171875 0.3576388888888889 0.517578125 0.3715277777777778
0 0.029296875 0.34375 0.03515625 0.3229166666666667 0.01171875 0.3090277777777778 0.005859375 0.34375 0.029296875 0.34375
0 0.37890625 0.3368055555555556 0.380859375 0.2916666666666667 0.375 0.2847222222222222 0.369140625 0.3125 0.37890625 0.3368055555555556
0 0.71875 0.4618055555555556 0.73046875 0.4513888888888889 0.759765625 0.4618055555555556 0.759765625 0.4201388888888889 0.73828125 0.4340277777777778 0.734375 0.40625 0.724609375 0.3993055555555556 0.71875 0.4097222222222222 0.712890625 0.4479166666666667 0.71875 0.4618055555555556
0 0.3994140625 0.4201388888888889 0.40625 0.4027777777777778 0.4140625 0.40625 0.412109375 0.4201388888888889 0.427734375 0.4166666666666667 0.4296875 0.3888888888888889 0.421875 0.3888888888888889 0.423828125 0.375 0.41796875 0.3993055555555556 0.408203125 0.4027777777777778 0.404296875 0.375 0.39453125 0.375 0.38671875 0.4201388888888889 0.3994140625 0.4201388888888889
0 0.798828125 0.7951388888888888 0.80078125 0.8784722222222222 0.853515625 0.8888888888888888 0.900390625 0.9375 0.912109375 0.9375 0.88671875 0.8402777777777778 0.88671875 0.7986111111111112 0.86328125 0.7847222222222222 0.849609375 0.7951388888888888 0.84765625 0.78125 0.833984375 0.8125 0.798828125 0.7951388888888888
0 0.322265625 0.7951388888888888 0.318431712890625 0.7269804513888889 0.314453125 0.7326388888888888 0.298828125 0.7222222222222222 0.29296875 0.7361111111111112 0.287109375 0.7638888888888888 0.29296875 0.8263888888888888 0.31640625 0.8576388888888888 0.322265625 0.7951388888888888
0 0.322265625 0.4618055555555556 0.32421875 0.4826388888888889 0.341796875 0.46875 0.373046875 0.4652777777777778 0.380859375 0.4375 0.37890625 0.4236111111111111 0.361328125 0.4236111111111111 0.357421875 0.4375 0.33984375 0.4201388888888889 0.330078125 0.4236111111111111 0.330078125 0.4479166666666667 0.322265625 0.4618055555555556
0 0.50390625 0.40625 0.509765625 0.3923611111111111 0.505859375 0.375 0.494140625 0.375 0.48828125 0.3611111111111111 0.48046875 0.3611111111111111 0.474609375 0.3784722222222222 0.474609375 0.4201388888888889 0.50390625 0.40625
0 0.404296875 0.3263888888888889 0.404296875 0.3055555555555556 0.392578125 0.2951388888888889 0.388671875 0.3298611111111111 0.404296875 0.3263888888888889
0 0.123046875 0.3125 0.13671875 0.3125 0.13671875 0.2673611111111111 0.12890625 0.2673611111111111 0.123046875 0.2777777777777778 0.123046875 0.3125
0 0.267578125 0.34375 0.267578125 0.2951388888888889 0.255859375 0.2951388888888889 0.255859375 0.34375 0.267578125 0.34375
0 0.068359375 0.3263888888888889 0.06640625 0.28125 0.0546875 0.2777777777777778 0.05078125 0.3125 0.068359375 0.3263888888888889
0 0.955078125 0.7430555555555556 0.955078125 0.7951388888888888 0.974609375 0.8229166666666666 0.998046875 0.8298611111111112 0.998046875 0.7013888888888888 0.974609375 0.7048611111111112 0.970703125 0.7256944444444444 0.955078125 0.7430555555555556
0 0.228515625 0.6423611111111112 0.25390625 0.6354166666666666 0.267578125 0.6076388888888888 0.259765625 0.5625 0.25 0.5659722222222222 0.2421875 0.5868055555555556 0.232421875 0.5763888888888888 0.2109375 0.5868055555555556 0.2109375 0.6597222222222222 0.228515625 0.6423611111111112
0 0.4296875 0.4618055555555556 0.455078125 0.4548611111111111 0.4609375 0.4409722222222222 0.455078125 0.4201388888888889 0.439453125 0.4340277777777778 0.4375 0.40625 0.42578125 0.4305555555555556 0.423828125 0.4513888888888889 0.4296875 0.4618055555555556
0 0.22265625 0.4479166666666667 0.2109375 0.46875 0.216796875 0.4930555555555556 0.22265625 0.4930555555555556 0.234375 0.4618055555555556 0.2421875 0.4826388888888889 0.24609375 0.46875 0.255859375 0.4826388888888889 0.26171875 0.4722222222222222 0.25 0.4618055555555556 0.26171875 0.4479166666666667 0.259765625 0.4375 0.228515625 0.4375 0.23046875 0.4479166666666667 0.22265625 0.4479166666666667
0 0.380859375 0.5486111111111112 0.400390625 0.5590277777777778 0.404296875 0.5 0.38671875 0.5 0.384765625 0.5138888888888888 0.361328125 0.53125 0.361328125 0.5659722222222222 0.380859375 0.5486111111111112
0 0.06640625 0.6701388888888888 0.1015625 0.6388888888888888 0.125 0.6388888888888888 0.130859375 0.625 0.130859375 0.5763888888888888 0.119140625 0.5798611111111112 0.1171875 0.5972222222222222 0.08984375 0.6215277777777778 0.068359375 0.6180555555555556 0.0625 0.6354166666666666 0.060546875 0.65625 0.06640625 0.6701388888888888
0 0.099609375 0.3576388888888889 0.099609375 0.3125 0.087890625 0.3055555555555556 0.087890625 0.3576388888888889 0.099609375 0.3576388888888889
0 0.060546875 0.3333333333333333 0.046875 0.34375 0.048828125 0.3680555555555556 0.0546875 0.3715277777777778 0.0625 0.3611111111111111 0.0625 0.3368055555555556 0.05078125 0.3125 0.046875 0.3159722222222222 0.060546875 0.3333333333333333
0 0.455078125 0.3263888888888889 0.466796875 0.3263888888888889 0.466796875 0.2916666666666667 0.455078125 0.2916666666666667 0.455078125 0.3263888888888889
0 0.142578125 0.4826388888888889 0.16015625 0.46875 0.193359375 0.4652777777777778 0.193359375 0.4513888888888889 0.1796875 0.4375 0.169921875 0.4479166666666667 0.16015625 0.4201388888888889 0.14453125 0.4409722222222222 0.138671875 0.4652777777777778 0.142578125 0.4826388888888889
0 0.28515625 0.3541666666666667 0.291015625 0.34375 0.291015625 0.3159722222222222 0.28125 0.2986111111111111 0.275390625 0.3298611111111111 0.28515625 0.3541666666666667
0 0.201171875 0.3993055555555556 0.193359375 0.3611111111111111 0.173828125 0.3576388888888889 0.16796875 0.3680555555555556 0.162109375 0.3993055555555556 0.201171875 0.3993055555555556
0 0.005859375 0.7430555555555556 0.009765625 0.7222222222222222 0.00390625 0.6909722222222222 0 0.7430555555555556 0.005859375 0.7430555555555556
0 0.017578125 0.7013888888888888 0.0234375 0.7291666666666666 0.033203125 0.71875 0.0546875 0.71875 0.0625 0.7013888888888888 0.0546875 0.6493055555555556 0.037109375 0.65625 0.037109375 0.6805555555555556 0.017578125 0.7013888888888888
0 0.78125 0.3923611111111111 0.791015625 0.3923611111111111 0.8046875 0.3715277777777778 0.796875 0.34375 0.7890625 0.3506944444444444 0.779296875 0.3715277777777778 0.78125 0.3923611111111111
0 0.486328125 0.4722222222222222 0.501953125 0.4722222222222222 0.505859375 0.4409722222222222 0.513671875 0.4409722222222222 0.521484375 0.46875 0.537109375 0.4618055555555556 0.537109375 0.4305555555555556 0.498046875 0.4305555555555556 0.484375 0.4548611111111111 0.486328125 0.4722222222222222
0 0.59375 0.4652777777777778 0.615234375 0.46875 0.63671875 0.4479166666666667 0.625 0.4236111111111111 0.61328125 0.4236111111111111 0.59375 0.4409722222222222 0.59375 0.4652777777777778
0 0.478515625 0.3263888888888889 0.486328125 0.3263888888888889 0.48828125 0.2986111111111111 0.478515625 0.2951388888888889 0.474609375 0.3125 0.478515625 0.3263888888888889
0 0.5625 0.4791666666666667 0.591796875 0.46875 0.59375 0.4375 0.5859375 0.4201388888888889 0.5546875 0.4479166666666667 0.55078125 0.46875 0.5625 0.4791666666666667