0 0.853515625 0.2951388888888889 0.875 0.2951388888888889 0.880859375 0.2847222222222222 0.880859375 0.2638888888888889 0.85546875 0.2673611111111111 0.849609375 0.2743055555555556 0.853515625 0.2951388888888889
0 0.380859375 0.4965277777777778 0.40234375 0.4965277777777778 0.412109375 0.4583333333333333 0.40625 0.4305555555555556 0.380859375 0.4375 0.375 0.4409722222222222 0.380859375 0.4965277777777778
0 0.037109375 0.3263888888888889 0.05078125 0.3263888888888889 0.048828125 0.2847222222222222 0.04296875 0.2847222222222222 0.037109375 0.2916666666666667 0.037109375 0.3263888888888889
0 0.916015625 0.2916666666666667 0.943359375 0.2951388888888889 0.94921875 0.2847222222222222 0.94140625 0.2638888888888889 0.90625 0.2638888888888889 0.904296875 0.2777777777777778 0.916015625 0.2916666666666667
0 0.28125 0.4166666666666667 0.28125 0.375 0.251953125 0.3819444444444444 0.25 0.4166666666666667 0.28125 0.4166666666666667
0 0.22265625 0.4375 0.220703125 0.4201388888888889 0.193359375 0.3888888888888889 0.1796875 0.3888888888888889 0.17578125 0.40625 0.17578125 0.4479166666666667 0.22265625 0.4375
0 0.025390625 0.5 0.044921875 0.5034722222222222 0.0546875 0.46875 0.048828125 0.4513888888888889 0.041015625 0.4513888888888889 0.0234375 0.4722222222222222 0.01953125 0.4861111111111111 0.025390625 0.5
0 0.94140625 0.3541666666666667 0.9375 0.3298611111111111 0.912109375 0.3263888888888889 0.900390625 0.34375 0.900390625 0.3611111111111111 0.94140625 0.3541666666666667
0 0.072265625 0.3125 0.072265625 0.2916666666666667 0.060546875 0.28125 0.056640625 0.3125 0.072265625 0.3125
0 0.087890625 0.3125 0.099609375 0.3125 0.095703125 0.28125 0.087890625 0.28125 0.087890625 0.3125
0 0.091796875 0.5972222222222222 0.130859375 0.5763888888888888 0.1484375 0.5347222222222222 0.134765625 0.53125 0.111328125 0.5555555555555556 0.10546875 0.5451388888888888 0.109375 0.53125 0.099609375 0.5138888888888888 0.080078125 0.5625 0.076171875 0.5798611111111112 0.091796875 0.5972222222222222
0 0.404296875 0.5138888888888888 0.42578125 0.5173611111111112 0.435546875 0.4965277777777778 0.443359375 0.5104166666666666 0.44921875 0.5 0.439453125 0.4930555555555556 0.44921875 0.46875 0.4296875 0.4756944444444444 0.42578125 0.4513888888888889 0.41796875 0.4513888888888889 0.40625 0.4722222222222222 0.400390625 0.5 0.404296875 0.5138888888888888
0 0.56640625 0.4791666666666667 0.591796875 0.4618055555555556 0.591796875 0.4236111111111111 0.57421875 0.4097222222222222 0.5625 0.4340277777777778 0.560546875 0.4583333333333333 0.56640625 0.4791666666666667
0 0.119140625 0.5 0.13199626953125 0.5101575451388889 0.125 0.4930555555555556 0.119140625 0.5
0 0.140625 0.53125 0.134566326171875 0.5164399097222222 0.125 0.5277777777777778 0.140625 0.53125
0 0.080078125 0.5625 0.0859375 0.5590277777777778 0.095703125 0.5173611111111112 0.10546875 0.5173611111111112 0.10546875 0.5034722222222222 0.091796875 0.4861111111111111 0.07421875 0.5138888888888888 0.072265625 0.5451388888888888 0.080078125 0.5625
0 0.12890625 0.4791666666666667 0.13671875 0.4652777777777778 0.166015625 0.4652777777777778 0.16796875 0.4305555555555556 0.162109375 0.4201388888888889 0.15625 0.4340277777777778 0.134765625 0.4340277777777778 0.125 0.4513888888888889 0.123046875 0.46875 0.12890625 0.4791666666666667
0 0.35546875 0.40625 0.35546875 0.375 0.33203125 0.3611111111111111 0.32421875 0.375 0.318359375 0.40625 0.35546875 0.40625
0 0.755859375 0.3611111111111111 0.78125 0.3576388888888889 0.78515625 0.3472222222222222 0.77734375 0.3229166666666667 0.763671875 0.3229166666666667 0.75390625 0.3368055555555556 0.75 0.3576388888888889 0.755859375 0.3611111111111111
0 0.9921875 0.3888888888888889 0.998046875 0.3784722222222222 0.998046875 0.34375 0.986328125 0.34375 0.97265625 0.3645833333333333 0.97265625 0.3888888888888889 0.9921875 0.3888888888888889
0 0.017578125 0.6388888888888888 0.03515625 0.6423611111111112 0.046875 0.625 0.04296875 0.5868055555555556 0.02734375 0.5763888888888888 0.01953125 0.59375 0.017578125 0.5763888888888888 0.017578125 0.6076388888888888 0.005859375 0.6076388888888888 0.017578125 0.6215277777777778 0.017578125 0.6388888888888888
0 0.025390625 0.3125 0.025390625 0.2916666666666667 0.013671875 0.2847222222222222 0.01171875 0.3125 0.025390625 0.3125
0 0.998046875 0.34375 0.998046875 0.2951388888888889 0.97265625 0.3263888888888889 0.97265625 0.3541666666666667 0.998046875 0.34375
0 0.501953125 0.4965277777777778 0.51171875 0.4861111111111111 0.517578125 0.4548611111111111 0.48828125 0.4513888888888889 0.46875 0.46875 0.46875 0.4861111111111111 0.501953125 0.4965277777777778
0 0.07421875 0.5 0.09765625 0.46875 0.09765625 0.4513888888888889 0.072265625 0.4583333333333333 0.068359375 0.4930555555555556 0.07421875 0.5
0 0.6484375 0.3680555555555556 0.66796875 0.3680555555555556 0.67578125 0.34375 0.66015625 0.3263888888888889 0.64453125 0.3298611111111111 0.638671875 0.34375 0.63671875 0.3541666666666667 0.6484375 0.3680555555555556
0 0.486328125 0.6041666666666666 0.5 0.5486111111111112 0.498046875 0.5173611111111112 0.486328125 0.5138888888888888 0.484375 0.5347222222222222 0.4765625 0.5347222222222222 0.46875 0.5173611111111112 0.45703125 0.5347222222222222 0.455078125 0.59375 0.486328125 0.6041666666666666
0 0.8125 0.2916666666666667 0.82421875 0.2916666666666667 0.83203125 0.2777777777777778 0.818359375 0.2534722222222222 0.806640625 0.2604166666666667 0.8046875 0.28125 0.8125 0.2916666666666667
0 0.7109375 0.3784722222222222 0.705078125 0.3541666666666667 0.6875 0.34375 0.673828125 0.3506944444444444 0.673828125 0.3784722222222222 0.7109375 0.3784722222222222