0 0.505859375 0.46875 0.517578125 0.46875 0.517578125 0.40625 0.509765625 0.4097222222222222 0.50390625 0.4201388888888889 0.505859375 0.46875
0 0.798828125 0.2673611111111111 0.80078125 0.24305555555555555 0.79296875 0.2326388888888889 0.787109375 0.2638888888888889 0.798828125 0.2673611111111111
0 0.94921875 0.3368055555555556 0.94921875 0.3541666666666667 0.96875 0.3541666666666667 0.974609375 0.34375 0.97265625 0.3125 0.962890625 0.3125 0.96484375 0.3472222222222222 0.94921875 0.3368055555555556
0 0.88671875 0.9479166666666666 0.88671875 0.9583333333333334 0.896484375 0.9409722222222222 0.91015625 0.96875 0.912109375 0.9930555555555556 0.94921875 0.9965277777777778 0.947265625 0.9548611111111112 0.92578125 0.9340277777777778 0.91796875 0.8888888888888888 0.8984375 0.8993055555555556 0.8984375 0.9375 0.88671875 0.9479166666666666
0 0.826171875 0.9340277777777778 0.841796875 0.9479166666666666 0.857421875 0.9409722222222222 0.8671875 0.9513888888888888 0.875 0.9305555555555556 0.869140625 0.9166666666666666 0.84375 0.875 0.84375 0.8576388888888888 0.8359375 0.84375 0.82421875 0.8506944444444444 0.818359375 0.90625 0.826171875 0.9340277777777778
0 0.142578125 0.4791666666666667 0.158203125 0.4861111111111111 0.16015625 0.4409722222222222 0.1484375 0.4409722222222222 0.142578125 0.4479166666666667 0.142578125 0.4791666666666667
0 0.42578125 0.6076388888888888 0.4296875 0.5625 0.423828125 0.5416666666666666 0.41796875 0.5347222222222222 0.40625 0.5451388888888888 0.400390625 0.5902777777777778 0.42578125 0.6076388888888888
0 0.70703125 0.7673611111111112 0.71484375 0.7673611111111112 0.712890625 0.7777777777777778 0.736328125 0.7986111111111112 0.748046875 0.7951388888888888 0.748046875 0.7673611111111112 0.73828125 0.7534722222222222 0.7421875 0.7048611111111112 0.71875 0.7013888888888888 0.71875 0.7604166666666666 0.70703125 0.7673611111111112
0 0.701171875 0.7638888888888888 0.705078125 0.7361111111111112 0.69921875 0.7256944444444444 0.697265625 0.6875 0.6875 0.6736111111111112 0.6796875 0.6770833333333334 0.6796875 0.7430555555555556 0.701171875 0.7638888888888888
0 0.15625 0.2951388888888889 0.15625 0.2638888888888889 0.142578125 0.2638888888888889 0.138671875 0.2916666666666667 0.15625 0.2951388888888889
0 0.048828125 0.75 0.05078125 0.7673611111111112 0.056640625 0.78125 0.068359375 0.7847222222222222 0.06640625 0.7951388888888888 0.08203125 0.8263888888888888 0.09375 0.8263888888888888 0.09375 0.7604166666666666 0.0859375 0.7465277777777778 0.091796875 0.7291666666666666 0.080078125 0.7152777777777778 0.0625 0.71875 0.0625 0.7430555555555556 0.048828125 0.75
0 0.29296875 0.40625 0.29296875 0.375 0.279296875 0.3715277777777778 0.275390625 0.40625 0.29296875 0.40625
0 0.3984375 0.5138888888888888 0.40625 0.4965277777777778 0.404296875 0.4548611111111111 0.388671875 0.4513888888888889 0.38671875 0.4965277777777778 0.3984375 0.5138888888888888
0 0.03125 0.3576388888888889 0.04296875 0.375 0.04296875 0.3229166666666667 0.029296875 0.3159722222222222 0.025390625 0.3298611111111111 0.03125 0.3576388888888889
0 0.240234375 0.6770833333333334 0.28125 0.7118055555555556 0.28125 0.6076388888888888 0.263671875 0.5972222222222222 0.25 0.6215277777777778 0.2421875 0.6180555555555556 0.236328125 0.6354166666666666 0.240234375 0.6770833333333334
0 0.447265625 0.5451388888888888 0.44921875 0.5729166666666666 0.458984375 0.5763888888888888 0.474609375 0.6041666666666666 0.48046875 0.59375 0.48046875 0.5451388888888888 0.474609375 0.53125 0.470703125 0.5416666666666666 0.447265625 0.5451388888888888
0 0.880859375 0.4375 0.90625 0.4375 0.916015625 0.3923611111111111 0.8984375 0.3888888888888889 0.88671875 0.4097222222222222 0.87890625 0.4097222222222222 0.875 0.4305555555555556 0.880859375 0.4375
0 0.40625 0.8368055555555556 0.41796875 0.8680555555555556 0.453125 0.9027777777777778 0.46875 0.9305555555555556 0.478515625 0.9305555555555556 0.48046875 0.84375 0.466796875 0.8055555555555556 0.443359375 0.8159722222222222 0.44140625 0.84375 0.4296875 0.8263888888888888 0.423828125 0.78125 0.416015625 0.78125 0.423828125 0.7951388888888888 0.40625 0.8368055555555556
0 0.0625 0.4513888888888889 0.068359375 0.46875 0.080078125 0.46875 0.080078125 0.4236111111111111 0.068359375 0.4236111111111111 0.0625 0.4305555555555556 0.0625 0.4513888888888889
0 0.123046875 0.3263888888888889 0.125 0.3125 0.109375 0.2881944444444444 0.10546875 0.3229166666666667 0.123046875 0.3263888888888889
0 0.35546875 0.4826388888888889 0.35546875 0.4201388888888889 0.337890625 0.4236111111111111 0.337890625 0.4652777777777778 0.35546875 0.4826388888888889
0 0.169921875 0.4201388888888889 0.171875 0.3854166666666667 0.166015625 0.3611111111111111 0.150390625 0.3680555555555556 0.15625 0.4201388888888889 0.169921875 0.4201388888888889
0 0.205078125 0.59375 0.2265625 0.59375 0.236328125 0.6041666666666666 0.23828125 0.5798611111111112 0.23046875 0.5520833333333334 0.234375 0.5416666666666666 0.22265625 0.5590277777777778 0.19921875 0.5486111111111112 0.193359375 0.5729166666666666 0.205078125 0.59375
0 0.4296875 0.4618055555555556 0.435546875 0.4513888888888889 0.4375 0.4097222222222222 0.423828125 0.3888888888888889 0.423828125 0.4548611111111111 0.4296875 0.4618055555555556
0 0.7109375 0.625 0.724609375 0.6354166666666666 0.7421875 0.6388888888888888 0.759765625 0.6076388888888888 0.75390625 0.5763888888888888 0.73828125 0.5763888888888888 0.7421875 0.6180555555555556 0.73046875 0.6215277777777778 0.72265625 0.5763888888888888 0.7109375 0.5729166666666666 0.705078125 0.6076388888888888 0.7109375 0.625
0 0.3046875 0.4965277777777778 0.3125 0.4965277777777778 0.318359375 0.4409722222222222 0.3046875 0.4409722222222222 0.30078125 0.4722222222222222 0.3046875 0.4965277777777778
0 0.486328125 0.4652777777777778 0.48828125 0.40625 0.478515625 0.4097222222222222 0.474609375 0.4375 0.486328125 0.4652777777777778
0 0.416015625 0.4722222222222222 0.421875 0.4340277777777778 0.41796875 0.4201388888888889 0.40625 0.4201388888888889 0.40625 0.46875 0.416015625 0.4722222222222222
0 0.134765625 0.4409722222222222 0.13671875 0.3854166666666667 0.130859375 0.3784722222222222 0.119140625 0.3888888888888889 0.1171875 0.40625 0.134765625 0.4409722222222222
0 0.12890625 0.5173611111111112 0.12890625 0.4548611111111111 0.119140625 0.4548611111111111 0.11328125 0.46875 0.11328125 0.5104166666666666 0.12890625 0.5173611111111112
0 0.572265625 0.5798611111111112 0.5859375 0.5972222222222222 0.587890625 0.5625 0.580078125 0.5173611111111112 0.55078125 0.5347222222222222 0.5546875 0.5763888888888888 0.572265625 0.5798611111111112
0 0.744140625 0.6875 0.740234375 0.6944444444444444 0.75 0.7291666666666666 0.779296875 0.75 0.78515625 0.7638888888888888 0.798828125 0.7604166666666666 0.796875 0.7048611111111112 0.787109375 0.6805555555555556 0.791015625 0.65625 0.76953125 0.6597222222222222 0.76171875 0.7013888888888888 0.75 0.6979166666666666 0.73828125 0.6666666666666666 0.736328125 0.6840277777777778 0.744140625 0.6875
0 0.505859375 0.5625 0.505859375 0.5763888888888888 0.54296875 0.6180555555555556 0.546875 0.5555555555555556 0.537109375 0.5347222222222222 0.53125 0.5451388888888888 0.517578125 0.5416666666666666 0.51953125 0.5625 0.505859375 0.5625
0 0.658203125 0.9340277777777778 0.673828125 0.9791666666666666 0.685546875 0.9791666666666666 0.693359375 0.96875 0.693359375 0.9375 0.66796875 0.8645833333333334 0.671875 0.8229166666666666 0.642578125 0.8576388888888888 0.638671875 0.9305555555555556 0.658203125 0.9340277777777778
0 0.60546875 0.9201388888888888 0.625 0.9201388888888888 0.62890625 0.8888888888888888 0.6171875 0.8715277777777778 0.609375 0.8125 0.59375 0.8263888888888888 0.59375 0.9027777777777778 0.60546875 0.9201388888888888
0 0.3984375 0.6944444444444444 0.3984375 0.7152777777777778 0.4296875 0.75 0.4296875 0.7222222222222222 0.447265625 0.7152777777777778 0.443359375 0.6701388888888888 0.4296875 0.6597222222222222 0.421875 0.6701388888888888 0.421875 0.6875 0.412109375 0.6875 0.400390625 0.6701388888888888 0.408203125 0.6875 0.3984375 0.6944444444444444
0 0.466796875 0.4826388888888889 0.455078125 0.4513888888888889 0.443359375 0.4618055555555556 0.443359375 0.5 0.466796875 0.4826388888888889
0 0.541015625 0.4826388888888889 0.548828125 0.4791666666666667 0.548828125 0.4513888888888889 0.5546875 0.4409722222222222 0.55078125 0.4201388888888889 0.537109375 0.4236111111111111 0.541015625 0.4826388888888889
0 0.5859375 0.5451388888888888 0.587890625 0.5590277777777778 0.60546875 0.5659722222222222 0.619140625 0.5868055555555556 0.625 0.5763888888888888 0.625 0.5416666666666666 0.6171875 0.5104166666666666 0.60546875 0.5138888888888888 0.603515625 0.53125 0.587890625 0.5104166666666666 0.59375 0.53125 0.5859375 0.5451388888888888
0 0.8984375 0.3541666666666667 0.912109375 0.3784722222222222 0.923828125 0.3784722222222222 0.9296875 0.3368055555555556 0.904296875 0.3263888888888889 0.8828125 0.3506944444444444 0.880859375 0.3576388888888889 0.8984375 0.3541666666666667
0 0.189453125 0.75 0.201171875 0.7777777777777778 0.208984375 0.7777777777777778 0.2109375 0.75 0.19921875 0.71875 0.205078125 0.7118055555555556 0.205078125 0.6909722222222222 0.19921875 0.6840277777777778 0.205078125 0.6701388888888888 0.17578125 0.6840277777777778 0.17578125 0.7430555555555556 0.189453125 0.75
0 0.9921875 0.4513888888888889 0.998046875 0.4097222222222222 0.9921875 0.40625 0.9765625 0.4270833333333333 0.98046875 0.4513888888888889 0.9921875 0.4513888888888889