0 0.173828125 0.7361111111111112 0.185546875 0.6875 0.185546875 0.6388888888888888 0.181640625 0.625 0.16796875 0.6215277777777778 0.162109375 0.6875 0.173828125 0.7361111111111112
0 0.205078125 0.3993055555555556 0.201171875 0.375 0.16796875 0.3576388888888889 0.1640625 0.4027777777777778 0.205078125 0.3993055555555556
0 0.36328125 0.3055555555555556 0.373046875 0.2951388888888889 0.3671875 0.2777777777777778 0.361328125 0.28125 0.36328125 0.3055555555555556
0 0.392578125 0.2743055555555556 0.3984375 0.2534722222222222 0.388671875 0.2465277777777778 0.38671875 0.2638888888888889 0.392578125 0.2743055555555556
0 0.291015625 0.4548611111111111 0.310546875 0.4513888888888889 0.3046875 0.4305555555555556 0.2890625 0.4375 0.291015625 0.4548611111111111
0 0.134765625 0.6736111111111112 0.154296875 0.6388888888888888 0.15625 0.6076388888888888 0.154296875 0.59375 0.126953125 0.5902777777777778 0.125 0.625 0.134765625 0.6736111111111112
0 0.34765625 0.5173611111111112 0.35546875 0.4479166666666667 0.337890625 0.4513888888888889 0.337890625 0.4965277777777778 0.34765625 0.5173611111111112
0 0.0546875 0.7013888888888888 0.046875 0.71875 0.0546875 0.7152777777777778 0.056640625 0.6909722222222222 0.06640625 0.6840277777777778 0.068359375 0.6388888888888888 0.068359375 0.625 0.048828125 0.625 0.046875 0.7006944444444445 0.0546875 0.7013888888888888
0 0.28125 0.4166666666666667 0.291015625 0.375 0.275390625 0.3680555555555556 0.275390625 0.40625 0.28125 0.4166666666666667
0 0.109375 0.3125 0.103515625 0.28125 0.087890625 0.2847222222222222 0.087890625 0.3229166666666667 0.109375 0.3125
0 0.3515625 0.7777777777777778 0.361328125 0.7361111111111112 0.375 0.7152777777777778 0.37890625 0.6493055555555556 0.34375 0.6527777777777778 0.337890625 0.6875 0.3515625 0.7777777777777778
0 0.255859375 0.5659722222222222 0.26171875 0.5659722222222222 0.26953125 0.5416666666666666 0.267578125 0.5 0.25390625 0.5034722222222222 0.25 0.5347222222222222 0.255859375 0.5659722222222222
0 0.3046875 0.3576388888888889 0.3046875 0.3159722222222222 0.298828125 0.3125 0.296875 0.3541666666666667 0.3046875 0.3576388888888889
0 0.318359375 0.4201388888888889 0.330078125 0.40625 0.330078125 0.375 0.32421875 0.3611111111111111 0.3125 0.3611111111111111 0.318359375 0.4201388888888889
0 0.255859375 0.375 0.263671875 0.3576388888888889 0.259765625 0.3298611111111111 0.240234375 0.3298611111111111 0.240234375 0.3680555555555556 0.255859375 0.375
0 0.30078125 0.5416666666666666 0.3125 0.5138888888888888 0.310546875 0.4548611111111111 0.294921875 0.46875 0.29296875 0.5138888888888888 0.30078125 0.5416666666666666
0 0.474609375 0.9236111111111112 0.474609375 0.9791666666666666 0.484375 0.9965277777777778 0.49609375 0.9965277777777778 0.498046875 0.96875 0.486328125 0.9340277777777778 0.48046875 0.875 0.47265625 0.8611111111111112 0.46875 0.9166666666666666 0.474609375 0.9236111111111112
0 0.76953125 0.4513888888888889 0.78125 0.4548611111111111 0.80078125 0.4513888888888889 0.81640625 0.4166666666666667 0.8125 0.40625 0.78515625 0.3993055555555556 0.767578125 0.40625 0.76171875 0.4340277777777778 0.76953125 0.4513888888888889
0 0.2421875 0.5173611111111112 0.248046875 0.5173611111111112 0.240234375 0.5034722222222222 0.25 0.4861111111111111 0.25 0.4618055555555556 0.23828125 0.4618055555555556 0.236328125 0.4930555555555556 0.2421875 0.5173611111111112
0 0.318359375 0.9513888888888888 0.330078125 0.96875 0.330078125 0.9826388888888888 0.34765625 0.9965277777777778 0.361328125 0.9930555555555556 0.349609375 0.9444444444444444 0.353515625 0.8576388888888888 0.34375 0.84375 0.314453125 0.8506944444444444 0.3125 0.9097222222222222 0.318359375 0.9513888888888888
0 0.478515625 0.5763888888888888 0.48046875 0.5 0.46484375 0.5 0.4609375 0.5381944444444444 0.478515625 0.5763888888888888
0 0.392578125 0.5486111111111112 0.39453125 0.6076388888888888 0.404296875 0.6527777777777778 0.416015625 0.6215277777777778 0.41796875 0.5555555555555556 0.3984375 0.5590277777777778 0.392578125 0.5486111111111112
0 0.048828125 0.3125 0.080078125 0.3055555555555556 0.07421875 0.2743055555555556 0.046875 0.2847222222222222 0.04296875 0.2986111111111111 0.048828125 0.3125
0 0.39453125 0.9930555555555556 0.41015625 0.9930555555555556 0.41796875 0.875 0.41015625 0.84375 0.38671875 0.8576388888888888 0.380859375 0.9166666666666666 0.39453125 0.9930555555555556
0 0.42578125 0.2986111111111111 0.435546875 0.2951388888888889 0.431640625 0.2638888888888889 0.423828125 0.2638888888888889 0.42578125 0.2986111111111111
0 0.13671875 0.84375 0.154296875 0.8993055555555556 0.16796875 0.84375 0.16796875 0.8125 0.158203125 0.7916666666666666 0.166015625 0.7777777777777778 0.14453125 0.7743055555555556 0.13671875 0.78125 0.13671875 0.84375
0 0.73046875 0.3472222222222222 0.76171875 0.34375 0.76171875 0.3159722222222222 0.736328125 0.3125 0.73046875 0.3229166666666667 0.73046875 0.3472222222222222
0 0.255859375 0.4513888888888889 0.26171875 0.4548611111111111 0.2734375 0.4375 0.2734375 0.3888888888888889 0.263671875 0.3784722222222222 0.255859375 0.3993055555555556 0.255859375 0.4513888888888889
0 0.224609375 0.9791666666666666 0.236328125 0.9375 0.23828125 0.8576388888888888 0.234375 0.84375 0.216796875 0.84375 0.20703125 0.8576388888888888 0.20703125 0.9201388888888888 0.224609375 0.9791666666666666