0 0.90625 0.2777777777777778 0.900390625 0.2534722222222222 0.876953125 0.2569444444444444 0.873046875 0.28125 0.90625 0.2777777777777778
0 0.591796875 0.3854166666666667 0.623046875 0.375 0.6171875 0.3472222222222222 0.59375 0.34375 0.5859375 0.3611111111111111 0.591796875 0.3854166666666667
0 0.623046875 0.4027777777777778 0.630859375 0.4027777777777778 0.64453125 0.3680555555555556 0.63671875 0.3472222222222222 0.625 0.3611111111111111 0.619140625 0.3888888888888889 0.623046875 0.4027777777777778
0 0.798828125 0.2638888888888889 0.798828125 0.24305555555555555 0.7890625 0.2326388888888889 0.783203125 0.23958333333333334 0.78125 0.2604166666666667 0.798828125 0.2638888888888889
0 0.70703125 0.4375 0.7109375 0.4513888888888889 0.73828125 0.4618055555555556 0.75 0.4548611111111111 0.75390625 0.4201388888888889 0.734375 0.40625 0.73046875 0.3888888888888889 0.71875 0.3923611111111111 0.716796875 0.4201388888888889 0.70703125 0.4375
0 0.197265625 0.53125 0.21484375 0.5173611111111112 0.21875 0.4965277777777778 0.236328125 0.5173611111111112 0.25 0.5069444444444444 0.248046875 0.4722222222222222 0.2421875 0.46875 0.232421875 0.4861111111111111 0.21484375 0.4861111111111111 0.212890625 0.4652777777777778 0.19921875 0.4722222222222222 0.19140625 0.5 0.197265625 0.53125
0 0.28515625 0.4895833333333333 0.287109375 0.5 0.298828125 0.5 0.29296875 0.4618055555555556 0.298828125 0.4583333333333333 0.291015625 0.4409722222222222 0.298828125 0.4375 0.29296875 0.4236111111111111 0.287109375 0.4305555555555556 0.29296875 0.4548611111111111 0.28515625 0.4895833333333333
0 0 0.5868055555555556 0.0234375 0.5868055555555556 0.029296875 0.5763888888888888 0.0234375 0.53125 0.009765625 0.5347222222222222 0 0.5451388888888888 0 0.5868055555555556
0 0.880859375 0.3888888888888889 0.884765625 0.40625 0.916015625 0.4097222222222222 0.931640625 0.3819444444444444 0.9296875 0.3680555555555556 0.919921875 0.3715277777777778 0.916015625 0.3576388888888889 0.892578125 0.3576388888888889 0.892578125 0.375 0.880859375 0.3888888888888889
0 0.65625 0.46875 0.666015625 0.4652777777777778 0.669921875 0.4513888888888889 0.681640625 0.4513888888888889 0.685546875 0.4201388888888889 0.6796875 0.40625 0.64453125 0.4097222222222222 0.638671875 0.4513888888888889 0.65625 0.46875
0 0.388671875 0.3263888888888889 0.412109375 0.3263888888888889 0.40625 0.2951388888888889 0.392578125 0.2986111111111111 0.38671875 0.3090277777777778 0.388671875 0.3263888888888889
0 0.091796875 0.3125 0.091796875 0.2916666666666667 0.0859375 0.2847222222222222 0.072265625 0.28125 0.068359375 0.2916666666666667 0.068359375 0.3229166666666667 0.091796875 0.3125
0 0.154296875 0.5138888888888888 0.1796875 0.5104166666666666 0.193359375 0.4930555555555556 0.173828125 0.4791666666666667 0.16796875 0.4618055555555556 0.150390625 0.4791666666666667 0.1484375 0.5 0.154296875 0.5138888888888888
0 0.201171875 0.46875 0.19921875 0.4548611111111111 0.193359375 0.4722222222222222 0.201171875 0.46875
0 0.09375 0.4305555555555556 0.1171875 0.4375 0.111328125 0.3888888888888889 0.099609375 0.3784722222222222 0.087890625 0.3888888888888889 0.09375 0.4305555555555556
0 0.037109375 0.5034722222222222 0.041015625 0.4791666666666667 0.0546875 0.5034722222222222 0.06640625 0.4965277777777778 0.06640625 0.4722222222222222 0.05859375 0.4618055555555556 0.04296875 0.4791666666666667 0.0234375 0.4618055555555556 0.013671875 0.4652777777777778 0.013671875 0.5034722222222222 0.037109375 0.5034722222222222
0 0.94921875 0.2951388888888889 0.947265625 0.2638888888888889 0.935546875 0.2638888888888889 0.92578125 0.2777777777777778 0.923828125 0.2951388888888889 0.94921875 0.2951388888888889
0 0.44921875 0.3368055555555556 0.44921875 0.3020833333333333 0.443359375 0.2951388888888889 0.4375 0.3368055555555556 0.44921875 0.3368055555555556
0 0.541015625 0.3888888888888889 0.54296875 0.3611111111111111 0.51953125 0.3541666666666667 0.53125 0.3888888888888889 0.541015625 0.3888888888888889
0 0.099609375 0.5763888888888888 0.111328125 0.53125 0.109375 0.5034722222222222 0.099609375 0.5104166666666666 0.0859375 0.5486111111111112 0.08203125 0.5729166666666666 0.099609375 0.5763888888888888
0 0.091796875 0.59375 0.09765625 0.6111111111111112 0.1171875 0.59375 0.1171875 0.5347222222222222 0.10546875 0.5347222222222222 0.10546875 0.5555555555555556 0.091796875 0.59375
0 0.1328125 0.5625 0.125 0.5625 0.130859375 0.5868055555555556 0.166015625 0.5868055555555556 0.166015625 0.5347222222222222 0.1484375 0.5138888888888888 0.138671875 0.5243055555555556 0.142578125 0.5416666666666666 0.1328125 0.5625