0 0.705078125 0.25 0.705078125 0.21875 0.69921875 0.21875 0.693359375 0.2465277777777778 0.705078125 0.25
0 0.5234375 0.5625 0.533203125 0.5729166666666666 0.5234375 0.59375 0.5546875 0.6354166666666666 0.5546875 0.5451388888888888 0.537109375 0.5486111111111112 0.537109375 0.5659722222222222 0.5234375 0.5625
0 0.890625 0.9965277777777778 0.89453125 0.96875 0.87890625 0.9340277777777778 0.875 0.90625 0.85546875 0.9201388888888888 0.853515625 0.9930555555555556 0.890625 0.9965277777777778
0 0.78125 0.9340277777777778 0.79296875 0.9652777777777778 0.80078125 0.9791666666666666 0.8359375 0.9930555555555556 0.841796875 0.9513888888888888 0.818359375 0.9166666666666666 0.818359375 0.875 0.796875 0.8611111111111112 0.787109375 0.8784722222222222 0.78125 0.8923611111111112 0.78125 0.9340277777777778
0 0.28515625 0.1875 0.28125 0.16666666666666666 0.279296875 0.18055555555555555 0.28515625 0.1875
0 0.82421875 0.4166666666666667 0.8359375 0.3993055555555556 0.837890625 0.3576388888888889 0.806640625 0.3923611111111111 0.8046875 0.4201388888888889 0.82421875 0.4166666666666667
0 0.53515625 0.96875 0.53515625 0.9791666666666666 0.54296875 0.9965277777777778 0.54296875 0.9722222222222222 0.553384765625 0.9965277777777778 0.5625 0.9826388888888888 0.563802734375 0.9965277777777778 0.57421875 0.9965277777777778 0.568359375 0.96875 0.57421875 0.96875 0.580078125 0.9479166666666666 0.572265625 0.9652777777777778 0.53515625 0.96875
0 0.505859375 0.9965277777777778 0.517578125 0.9826388888888888 0.5185546875 0.9965277777777778 0.53125 0.9965277777777778 0.51953125 0.9861111111111112 0.51953125 0.9097222222222222 0.51171875 0.9201388888888888 0.505859375 0.9409722222222222 0.505859375 0.9965277777777778
0 0.298828125 0.3125 0.3046875 0.3125 0.3046875 0.28125 0.296875 0.28125 0.298828125 0.3125
0 0.3828125 0.5138888888888888 0.38671875 0.4548611111111111 0.373046875 0.4583333333333333 0.369140625 0.4861111111111111 0.3828125 0.5138888888888888
0 0.8046875 0.2777777777777778 0.8046875 0.25 0.791015625 0.25 0.787109375 0.2673611111111111 0.8046875 0.2777777777777778
0 0.28515625 0.2222222222222222 0.291015625 0.21875 0.287109375 0.2013888888888889 0.28125 0.2013888888888889 0.28515625 0.2222222222222222
0 0.35546875 0.4513888888888889 0.359375 0.3993055555555556 0.345703125 0.4027777777777778 0.34375 0.4236111111111111 0.35546875 0.4513888888888889
0 0.125 0.2638888888888889 0.13671875 0.2673611111111111 0.13671875 0.2361111111111111 0.130859375 0.2326388888888889 0.125 0.2361111111111111 0.125 0.2638888888888889
0 0.279296875 0.5625 0.287109375 0.5902777777777778 0.29296875 0.5868055555555556 0.28515625 0.5798611111111112 0.296875 0.5590277777777778 0.29296875 0.5138888888888888 0.279296875 0.5138888888888888 0.279296875 0.5625
0 0.26953125 0.2465277777777778 0.275390625 0.24305555555555555 0.2734375 0.21875 0.267578125 0.21875 0.26953125 0.2465277777777778
0 0.267578125 0.25 0.26171875 0.2222222222222222 0.259765625 0.24305555555555555 0.267578125 0.25
0 0.23046875 0.2673611111111111 0.23046875 0.2465277777777778 0.22265625 0.2361111111111111 0.21875 0.2673611111111111 0.23046875 0.2673611111111111
0 0.3359375 0.4791666666666667 0.3359375 0.4236111111111111 0.3125 0.4236111111111111 0.310546875 0.4791666666666667 0.3359375 0.4791666666666667
0 0.755859375 0.3402777777777778 0.76171875 0.3298611111111111 0.759765625 0.3159722222222222 0.73046875 0.3159722222222222 0.728515625 0.3402777777777778 0.755859375 0.3402777777777778
0 0.73828125 0.7638888888888888 0.74609375 0.7534722222222222 0.76953125 0.7951388888888888 0.783203125 0.7951388888888888 0.78515625 0.7638888888888888 0.775390625 0.75 0.779296875 0.7222222222222222 0.755859375 0.71875 0.759505208984375 0.6960648159722223 0.7421875 0.71875 0.734375 0.7083333333333334 0.734375 0.6805555555555556 0.71875 0.6736111111111112 0.716796875 0.7256944444444444 0.72265625 0.7465277777777778 0.740234375 0.75 0.73828125 0.7638888888888888
0 0.685546875 0.7986111111111112 0.70703125 0.8368055555555556 0.716796875 0.8229166666666666 0.705078125 0.71875 0.6875 0.71875 0.677734375 0.7604166666666666 0.671875 0.7465277777777778 0.666015625 0.75 0.662109375 0.78125 0.685546875 0.7986111111111112
0 0.654296875 0.7743055555555556 0.65625 0.7222222222222222 0.64453125 0.7222222222222222 0.642578125 0.75 0.654296875 0.7743055555555556
0 0.42578125 0.7881944444444444 0.4296875 0.8125 0.4375 0.8125 0.443359375 0.7465277777777778 0.4375 0.7430555555555556 0.435546875 0.7048611111111112 0.421875 0.7013888888888888 0.416015625 0.7222222222222222 0.40625 0.7256944444444444 0.41015625 0.7708333333333334 0.42578125 0.7881944444444444
0 0.6171875 0.9722222222222222 0.62890625 0.96875 0.625 0.9930555555555556 0.6796875 0.9965277777777778 0.673828125 0.9722222222222222 0.673828125 0.9027777777777778 0.638671875 0.9236111111111112 0.6328125 0.9583333333333334 0.623046875 0.9618055555555556 0.619140625 0.9479166666666666 0.625 0.9097222222222222 0.6171875 0.8993055555555556 0.6171875 0.8611111111111112 0.63671875 0.8263888888888888 0.630859375 0.8159722222222222 0.599609375 0.8298611111111112 0.599609375 0.9340277777777778 0.6171875 0.9722222222222222
0 0.78125 0.3472222222222222 0.78125 0.3680555555555556 0.791015625 0.3680555555555556 0.810546875 0.34375 0.8046875 0.3263888888888889 0.79296875 0.3263888888888889 0.79296875 0.3368055555555556 0.78125 0.3472222222222222
0 0.80078125 0.4027777777777778 0.8125 0.375 0.8046875 0.375 0.798828125 0.3576388888888889 0.78125 0.3784722222222222 0.78515625 0.4027777777777778 0.80078125 0.4027777777777778
0 0.35546875 0.7673611111111112 0.35546875 0.7847222222222222 0.361328125 0.7951388888888888 0.3671875 0.7916666666666666 0.361328125 0.7638888888888888 0.35546875 0.7673611111111112
0 0.380859375 0.8263888888888888 0.392578125 0.8680555555555556 0.3984375 0.8680555555555556 0.404296875 0.8576388888888888 0.400390625 0.8263888888888888 0.40625 0.8159722222222222 0.40625 0.78125 0.3984375 0.7465277777777778 0.37890625 0.75 0.375 0.8263888888888888 0.380859375 0.8263888888888888