0 0.78125 0.375 0.787109375 0.4027777777777778 0.82421875 0.3993055555555556 0.830078125 0.3888888888888889 0.830078125 0.3541666666666667 0.818359375 0.3472222222222222 0.798828125 0.3576388888888889 0.791015625 0.375 0.78125 0.375
0 0.8671875 0.2986111111111111 0.8671875 0.2743055555555556 0.849609375 0.2743055555555556 0.849609375 0.2951388888888889 0.8671875 0.2986111111111111
0 0.08203125 0.4375 0.08984375 0.4375 0.09375 0.3888888888888889 0.078125 0.375 0.07421875 0.4201388888888889 0.08203125 0.4375
0 0.251953125 0.5034722222222222 0.255859375 0.4826388888888889 0.267578125 0.5 0.28125 0.5 0.28125 0.4618055555555556 0.25 0.4791666666666667 0.248046875 0.4548611111111111 0.23828125 0.4548611111111111 0.23046875 0.5138888888888888 0.251953125 0.5034722222222222
0 0.4296875 0.3298611111111111 0.435546875 0.3368055555555556 0.443359375 0.3263888888888889 0.439453125 0.2951388888888889 0.4296875 0.2951388888888889 0.4296875 0.3298611111111111
0 0.029296875 0.4618055555555556 0.029296875 0.4097222222222222 0.01953125 0.3923611111111111 0.01171875 0.4027777777777778 0.01171875 0.4583333333333333 0.029296875 0.4618055555555556
0 0.03125 0.5590277777777778 0.037109375 0.5729166666666666 0.048828125 0.5729166666666666 0.0546875 0.5555555555555556 0.099609375 0.5590277777777778 0.10546875 0.5486111111111112 0.09765625 0.5034722222222222 0.068359375 0.5416666666666666 0.0546875 0.4930555555555556 0.05078125 0.4861111111111111 0.046875 0.4965277777777778 0.048828125 0.5243055555555556 0.03125 0.5590277777777778
0 0.150390625 0.4166666666666667 0.185546875 0.40625 0.185546875 0.3854166666666667 0.16796875 0.3576388888888889 0.15625 0.3576388888888889 0.146484375 0.3784722222222222 0.14453125 0.3993055555555556 0.150390625 0.4166666666666667
0 0.103515625 0.4201388888888889 0.123046875 0.4201388888888889 0.123046875 0.3784722222222222 0.09765625 0.375 0.09375 0.40625 0.103515625 0.4201388888888889
0 0.599609375 0.3263888888888889 0.603515625 0.3090277777777778 0.599609375 0.2951388888888889 0.591796875 0.2951388888888889 0.587890625 0.3229166666666667 0.599609375 0.3263888888888889
0 0.04296875 0.4375 0.060546875 0.4340277777777778 0.060546875 0.40625 0.048828125 0.375 0.04296875 0.3784722222222222 0.037109375 0.3888888888888889 0.04296875 0.4375
0 0.84375 0.2638888888888889 0.841796875 0.25 0.82421875 0.25 0.826171875 0.2743055555555556 0.84375 0.2638888888888889
0 0.89453125 0.2916666666666667 0.912109375 0.2916666666666667 0.916015625 0.28125 0.916015625 0.2638888888888889 0.892578125 0.2638888888888889 0.888671875 0.28125 0.89453125 0.2916666666666667
0 0.41796875 0.5416666666666666 0.431640625 0.5138888888888888 0.443359375 0.5277777777777778 0.451171875 0.4861111111111111 0.44140625 0.4861111111111111 0.4375 0.5104166666666666 0.4296875 0.5104166666666666 0.4296875 0.4791666666666667 0.423828125 0.4722222222222222 0.42578125 0.4965277777777778 0.412109375 0.5 0.40625 0.53125 0.41796875 0.5416666666666666
0 0.474609375 0.4409722222222222 0.4921875 0.4479166666666667 0.498046875 0.4305555555555556 0.4921875 0.40625 0.482421875 0.4201388888888889 0.46875 0.40625 0.458984375 0.4166666666666667 0.455078125 0.4513888888888889 0.474609375 0.4409722222222222
0 0.447265625 0.5798611111111112 0.486328125 0.5625 0.498046875 0.5416666666666666 0.494140625 0.5138888888888888 0.486328125 0.5138888888888888 0.474609375 0.5451388888888888 0.46875 0.5381944444444444 0.46875 0.5138888888888888 0.451171875 0.53125 0.443359375 0.5625 0.447265625 0.5798611111111112
0 0.525390625 0.3263888888888889 0.537109375 0.3159722222222222 0.53515625 0.28125 0.5234375 0.28125 0.525390625 0.3263888888888889
0 0.763671875 0.2638888888888889 0.78125 0.2604166666666667 0.77734375 0.2326388888888889 0.76171875 0.2326388888888889 0.763671875 0.2638888888888889
0 0.7734375 0.3680555555555556 0.779296875 0.375 0.79296875 0.3715277777777778 0.806640625 0.3159722222222222 0.798828125 0.3125 0.78515625 0.3263888888888889 0.7734375 0.3472222222222222 0.7734375 0.3680555555555556