0 0.861328125 0.28125 0.859375 0.2534722222222222 0.84375 0.25 0.84375 0.28125 0.861328125 0.28125
0 0.607421875 0.3263888888888889 0.609375 0.2951388888888889 0.599609375 0.2916666666666667 0.59765625 0.3263888888888889 0.607421875 0.3263888888888889
0 0.998046875 0.2986111111111111 0.998046875 0.2638888888888889 0.98828125 0.2638888888888889 0.98046875 0.28125 0.978515625 0.2951388888888889 0.998046875 0.2986111111111111
0 0.755859375 0.4201388888888889 0.796875 0.4236111111111111 0.8046875 0.4097222222222222 0.8046875 0.3784722222222222 0.791015625 0.3784722222222222 0.779296875 0.40625 0.771484375 0.3715277777777778 0.76171875 0.3854166666666667 0.75390625 0.4027777777777778 0.755859375 0.4201388888888889
0 0.16796875 0.3993055555555556 0.201171875 0.3993055555555556 0.205078125 0.3888888888888889 0.19140625 0.3576388888888889 0.166015625 0.3576388888888889 0.16796875 0.3993055555555556
0 0.974609375 0.3611111111111111 0.986328125 0.3541666666666667 0.986328125 0.3298611111111111 0.974609375 0.3055555555555556 0.943359375 0.3125 0.9375 0.3368055555555556 0.974609375 0.3611111111111111
0 0.01171875 0.46875 0.01171875 0.4201388888888889 0.00390625 0.4166666666666667 0 0.46875 0.01171875 0.46875
0 0.175 0.5451388888888888 0.17578125 0.5277777777777778 0.18359375 0.5243055555555556 0.18515625 0.5451388888888888 0.205078125 0.5451388888888888 0.19921875 0.5104166666666666 0.181640625 0.5243055555555556 0.16796875 0.5243055555555556 0.162109375 0.5034722222222222 0.1484375 0.5138888888888888 0.14453125 0.5451388888888888 0.175 0.5451388888888888
0 0.12890625 0.4826388888888889 0.134765625 0.46875 0.146484375 0.46875 0.150390625 0.4791666666666667 0.166015625 0.46875 0.1640625 0.4201388888888889 0.15625 0.4201388888888889 0.1484375 0.4409722222222222 0.126953125 0.4409722222222222 0.119140625 0.46875 0.12890625 0.4826388888888889
0 0.09765625 0.4305555555555556 0.10546875 0.4236111111111111 0.10546875 0.3888888888888889 0.099609375 0.375 0.087890625 0.375 0.0859375 0.4166666666666667 0.09765625 0.4305555555555556
0 0.880859375 0.3229166666666667 0.888671875 0.2986111111111111 0.876953125 0.28125 0.8671875 0.2847222222222222 0.86328125 0.3125 0.880859375 0.3229166666666667
0 0.07421875 0.4340277777777778 0.08203125 0.4166666666666667 0.07421875 0.3680555555555556 0.0546875 0.3784722222222222 0.05078125 0.4201388888888889 0.07421875 0.4340277777777778
0 0.029296875 0.4375 0.048828125 0.4375 0.04296875 0.4027777777777778 0.033203125 0.3888888888888889 0.025390625 0.3923611111111111 0.0234375 0.4236111111111111 0.029296875 0.4375
0 0.94921875 0.2916666666666667 0.94921875 0.2638888888888889 0.92578125 0.2638888888888889 0.923828125 0.2916666666666667 0.94921875 0.2916666666666667
0 0.455078125 0.5451388888888888 0.478515625 0.5243055555555556 0.490234375 0.5347222222222222 0.5 0.5138888888888888 0.486328125 0.4965277777777778 0.5 0.4861111111111111 0.494140625 0.4791666666666667 0.478515625 0.5 0.462890625 0.4791666666666667 0.451171875 0.5138888888888888 0.44921875 0.5416666666666666 0.455078125 0.5451388888888888
0 0.11328125 0.4027777777777778 0.125 0.4166666666666667 0.138671875 0.3923611111111111 0.13671875 0.3715277777777778 0.12890625 0.3611111111111111 0.11328125 0.375 0.11328125 0.4027777777777778