0 0.20703125 0.78125 0.212890625 0.7986111111111112 0.259765625 0.7638888888888888 0.287109375 0.7673611111111112 0.287109375 0.6875 0.275390625 0.6840277777777778 0.2734375 0.7013888888888888 0.255859375 0.7222222222222222 0.25390625 0.7361111111111112 0.248046875 0.7361111111111112 0.228515625 0.6909722222222222 0.216796875 0.7361111111111112 0.216796875 0.7638888888888888 0.20703125 0.78125
0 0.595703125 0.3159722222222222 0.59765625 0.2951388888888889 0.587890625 0.2916666666666667 0.5859375 0.3159722222222222 0.595703125 0.3159722222222222
0 0.01171875 0.53125 0.03515625 0.5243055555555556 0.033203125 0.4965277777777778 0.005859375 0.5 0 0.5138888888888888 0.01171875 0.53125
0 0.5234375 0.3263888888888889 0.53125 0.2951388888888889 0.51953125 0.2951388888888889 0.517578125 0.3229166666666667 0.5234375 0.3263888888888889
0 0.01171875 0.5625 0.013671875 0.5347222222222222 0.00390625 0.5104166666666666 0 0.5625 0.01171875 0.5625
0 0.373046875 0.4375 0.400390625 0.4027777777777778 0.384765625 0.4027777777777778 0.373046875 0.3888888888888889 0.36328125 0.40625 0.359375 0.4340277777777778 0.373046875 0.4375
0 0.125 0.40625 0.138671875 0.40625 0.14453125 0.3888888888888889 0.142578125 0.3611111111111111 0.130859375 0.3576388888888889 0.125 0.3680555555555556 0.125 0.40625
0 0.037109375 0.5034722222222222 0.048828125 0.5 0.056640625 0.4791666666666667 0.0625 0.4965277777777778 0.0859375 0.4965277777777778 0.09375 0.4826388888888889 0.087890625 0.4479166666666667 0.07421875 0.4513888888888889 0.06640625 0.46875 0.048828125 0.4652777777777778 0.05078125 0.4513888888888889 0.04296875 0.4513888888888889 0.03125 0.4791666666666667 0.037109375 0.5034722222222222
0 0.8125 0.3923611111111111 0.841796875 0.3888888888888889 0.849609375 0.4027777777777778 0.85546875 0.375 0.830078125 0.3472222222222222 0.8125 0.3784722222222222 0.8125 0.3923611111111111
0 0.10546875 0.5590277777777778 0.138671875 0.5347222222222222 0.15625 0.5416666666666666 0.162109375 0.53125 0.16015625 0.4861111111111111 0.1328125 0.5208333333333334 0.125 0.5069444444444444 0.12890625 0.5 0.11328125 0.4861111111111111 0.099609375 0.53125 0.10546875 0.5590277777777778
0 0.705078125 0.3715277777777778 0.6875 0.3472222222222222 0.6796875 0.3541666666666667 0.66796875 0.3854166666666667 0.705078125 0.3715277777777778
0 0 0.9201388888888888 0.013671875 0.8993055555555556 0.01171875 0.8472222222222222 0.00390625 0.8229166666666666 0 0.8125 0 0.9201388888888888
0 0.998046875 0.4548611111111111 0.998046875 0.4097222222222222 0.98046875 0.4236111111111111 0.974609375 0.4513888888888889 0.998046875 0.4548611111111111
0 0.873046875 0.4236111111111111 0.869140625 0.4340277777777778 0.916015625 0.4513888888888889 0.91796875 0.4166666666666667 0.89453125 0.4201388888888889 0.892578125 0.3993055555555556 0.88671875 0.3993055555555556 0.8828125 0.4375 0.873046875 0.4236111111111111
0 0.58203125 0.3993055555555556 0.5859375 0.4166666666666667 0.61328125 0.40625 0.625 0.4166666666666667 0.625 0.3993055555555556 0.6171875 0.3854166666666667 0.59375 0.3784722222222222 0.595703125 0.40625 0.58203125 0.3993055555555556
0 0.412109375 0.3993055555555556 0.435546875 0.3715277777777778 0.435546875 0.3576388888888889 0.423828125 0.3472222222222222 0.408203125 0.3819444444444444 0.40625 0.3993055555555556 0.412109375 0.3993055555555556
0 0.75 0.375 0.75390625 0.3611111111111111 0.7421875 0.34375 0.71875 0.34375 0.7109375 0.3680555555555556 0.75 0.375