0 0.44921875 0.3611111111111111 0.44921875 0.3263888888888889 0.44140625 0.3229166666666667 0.4375 0.3472222222222222 0.44921875 0.3611111111111111
0 0.01171875 0.4166666666666667 0.0234375 0.4201388888888889 0.029296875 0.3888888888888889 0.0234375 0.3611111111111111 0.01171875 0.3611111111111111 0.005859375 0.3888888888888889 0.01171875 0.4166666666666667
0 0.171875 0.4513888888888889 0.1875 0.4618055555555556 0.19140625 0.4201388888888889 0.1796875 0.40625 0.171875 0.4097222222222222 0.166015625 0.4340277777777778 0.171875 0.4513888888888889
0 0.037109375 0.4513888888888889 0.052734375 0.4652777777777778 0.0625 0.4513888888888889 0.0625 0.4305555555555556 0.0546875 0.40625 0.04296875 0.40625 0.037109375 0.4201388888888889 0.037109375 0.4513888888888889
0 0.291015625 0.4618055555555556 0.296875 0.4305555555555556 0.29296875 0.40625 0.28125 0.40625 0.28125 0.4513888888888889 0.291015625 0.4618055555555556
0 0.119140625 0.4305555555555556 0.134765625 0.4236111111111111 0.12890625 0.3854166666666667 0.1171875 0.3854166666666667 0.119140625 0.4305555555555556
0 0.421875 0.375 0.42578125 0.3472222222222222 0.416015625 0.3402777777777778 0.412109375 0.3611111111111111 0.421875 0.375
0 0.05859375 0.40625 0.060546875 0.3680555555555556 0.04296875 0.3611111111111111 0.037109375 0.3993055555555556 0.05859375 0.40625
0 0.318359375 0.5416666666666666 0.32421875 0.5590277777777778 0.337890625 0.5555555555555556 0.34765625 0.5763888888888888 0.34375 0.5625 0.349609375 0.5532395833333333 0.349609375 0.5138888888888888 0.34375 0.5034722222222222 0.33203125 0.5138888888888888 0.32421875 0.5 0.318359375 0.5 0.318359375 0.5416666666666666
0 0.119140625 0.5 0.130859375 0.5138888888888888 0.12890625 0.4652777777777778 0.10546875 0.4722222222222222 0.099609375 0.5104166666666666 0.119140625 0.5
0 0.3984375 0.3576388888888889 0.3984375 0.3229166666666667 0.392578125 0.3229166666666667 0.388671875 0.3541666666666667 0.3984375 0.3576388888888889
0 0.318359375 0.4305555555555556 0.31640625 0.3784722222222222 0.3125 0.3680555555555556 0.30078125 0.375 0.30078125 0.4201388888888889 0.318359375 0.4305555555555556
0 0.13671875 0.4409722222222222 0.154296875 0.4513888888888889 0.154296875 0.40625 0.1484375 0.3888888888888889 0.13671875 0.3923611111111111 0.130859375 0.4166666666666667 0.13671875 0.4409722222222222
0 0.279296875 0.375 0.287109375 0.3263888888888889 0.265625 0.3333333333333333 0.267578125 0.375 0.279296875 0.375
0 0 0.5555555555555556 0.005859375 0.5659722222222222 0 0.5798611111111112 0.0078125 0.5625 0.03515625 0.5763888888888888 0.046875 0.5763888888888888 0.0546875 0.5625 0.0546875 0.5 0.04296875 0.4861111111111111 0.033203125 0.5 0.015625 0.4965277777777778 0.005859375 0.5138888888888888 0 0.53125 0 0.5555555555555556
0 0.0625 0.3368055555555556 0.080078125 0.3263888888888889 0.080078125 0.3055555555555556 0.0703125 0.2916666666666667 0.07421875 0.2777777777777778 0.0625 0.2986111111111111 0.0625 0.3368055555555556
0 0.4296875 0.4201388888888889 0.439453125 0.4236111111111111 0.44140625 0.375 0.4296875 0.375 0.42578125 0.4027777777777778 0.4296875 0.4201388888888889
0 0.478515625 0.375 0.48046875 0.34375 0.46875 0.3368055555555556 0.46875 0.3715277777777778 0.478515625 0.375