0 0 0.4513888888888889 0.013671875 0.4513888888888889 0.017578125 0.4409722222222222 0.017578125 0.4027777777777778 0.009765625 0.3854166666666667 0 0.3854166666666667 0 0.4513888888888889
0 0.986328125 0.3055555555555556 0.986328125 0.2916666666666667 0.9765625 0.2777777777777778 0.95703125 0.2847222222222222 0.95703125 0.3090277777777778 0.986328125 0.3055555555555556
0 0.73046875 0.4652777777777778 0.7509765625 0.4513888888888889 0.75390625 0.4340277777777778 0.76171875 0.4513888888888889 0.78515625 0.4375 0.79296875 0.4201388888888889 0.79296875 0.4097222222222222 0.779296875 0.4027777777777778 0.77734375 0.3854166666666667 0.76171875 0.3854166666666667 0.7578125 0.4270833333333333 0.75 0.4270833333333333 0.748046875 0.4027777777777778 0.73828125 0.40625 0.724609375 0.4409722222222222 0.73046875 0.4652777777777778
0 0.5234375 0.4340277777777778 0.53515625 0.4201388888888889 0.5625 0.4201388888888889 0.56640625 0.4027777777777778 0.5625 0.3888888888888889 0.529296875 0.3923611111111111 0.51953125 0.4097222222222222 0.5234375 0.4340277777777778
0 0.26171875 0.5034722222222222 0.275390625 0.4826388888888889 0.298828125 0.4930555555555556 0.3046875 0.4791666666666667 0.298828125 0.4513888888888889 0.291015625 0.4618055555555556 0.279296875 0.4375 0.26171875 0.4409722222222222 0.25 0.5 0.26171875 0.5034722222222222
0 0.025390625 0.5034722222222222 0.037109375 0.5 0.046875 0.5104166666666666 0.048828125 0.4861111111111111 0.04296875 0.4756944444444444 0.048828125 0.46875 0.03515625 0.4409722222222222 0.0234375 0.4409722222222222 0.005859375 0.4826388888888889 0.025390625 0.5034722222222222
0 0.357421875 0.46875 0.36328125 0.4375 0.37890625 0.4618055555555556 0.380859375 0.4201388888888889 0.3671875 0.4305555555555556 0.349609375 0.4201388888888889 0.34375 0.4305555555555556 0.337890625 0.46875 0.357421875 0.46875
0 0.59765625 0.4027777777777778 0.6171875 0.3888888888888889 0.625 0.3680555555555556 0.599609375 0.3576388888888889 0.59765625 0.3715277777777778 0.587890625 0.3784722222222222 0.5859375 0.3923611111111111 0.59765625 0.4027777777777778
0 0 0.625 0.048828125 0.5972222222222222 0.046875 0.5555555555555556 0.029296875 0.5590277777777778 0.0234375 0.5451388888888888 0 0.5451388888888888 0 0.625
0 0.146484375 0.4097222222222222 0.1484375 0.3680555555555556 0.134765625 0.3611111111111111 0.130859375 0.40625 0.146484375 0.4097222222222222
0 0.580078125 0.5243055555555556 0.5859375 0.5034722222222222 0.603515625 0.5 0.611328125 0.5138888888888888 0.6171875 0.4826388888888889 0.611328125 0.4548611111111111 0.5859375 0.4513888888888889 0.580078125 0.46875 0.57421875 0.4965277777777778 0.580078125 0.5243055555555556
0 0.125 0.5 0.130859375 0.5243055555555556 0.150390625 0.5034722222222222 0.16796875 0.5 0.173828125 0.5104166666666666 0.1796875 0.5 0.181640625 0.4791666666666667 0.173828125 0.4652777777777778 0.150390625 0.4826388888888889 0.138671875 0.4618055555555556 0.130859375 0.46875 0.142578125 0.4861111111111111 0.125 0.5
0 0.80859375 0.375 0.830078125 0.40625 0.84375 0.3680555555555556 0.84375 0.34375 0.830078125 0.3368055555555556 0.8125 0.3472222222222222 0.80078125 0.375 0.80859375 0.375
0 0.9296875 0.4375 0.923828125 0.4027777777777778 0.892578125 0.3888888888888889 0.880859375 0.4375 0.9296875 0.4375
0 0.166015625 0.3993055555555556 0.197265625 0.4027777777777778 0.205078125 0.3923611111111111 0.193359375 0.3680555555555556 0.16796875 0.3611111111111111 0.162109375 0.375 0.166015625 0.3993055555555556
0 0.111328125 0.4375 0.1171875 0.4236111111111111 0.1171875 0.3923611111111111 0.103515625 0.3888888888888889 0.09765625 0.3993055555555556 0.09375 0.4375 0.111328125 0.4375
0 0.78515625 0.46875 0.8046875 0.4652777777777778 0.818359375 0.4305555555555556 0.818359375 0.3923611111111111 0.796875 0.40625 0.78125 0.4479166666666667 0.78515625 0.46875
0 0.2421875 0.5868055555555556 0.248046875 0.59375 0.255859375 0.59375 0.265625 0.5659722222222222 0.28125 0.5659722222222222 0.287109375 0.5763888888888888 0.298828125 0.5486111111111112 0.28515625 0.5243055555555556 0.25 0.5486111111111112 0.2421875 0.5659722222222222 0.2421875 0.5868055555555556
0 0.486328125 0.5243055555555556 0.4921875 0.53125 0.5 0.5173611111111112 0.525390625 0.5138888888888888 0.53515625 0.5 0.53515625 0.4791666666666667 0.52734375 0.46875 0.494140625 0.4722222222222222 0.486328125 0.5034722222222222 0.486328125 0.5243055555555556
0 0.716796875 0.4166666666666667 0.72265625 0.4027777777777778 0.71875 0.3784722222222222 0.7109375 0.375 0.705078125 0.3854166666666667 0.697265625 0.3611111111111111 0.689453125 0.3680555555555556 0.6875 0.3888888888888889 0.716796875 0.4166666666666667
0 0.689453125 0.3888888888888889 0.7109375 0.4166666666666667 0.72265625 0.4027777777777778 0.71875 0.3784722222222222 0.7109375 0.375 0.705078125 0.3854166666666667 0.69921875 0.3611111111111111 0.6875 0.3680555555555556 0.673828125 0.3541666666666667 0.66015625 0.375 0.65625 0.3611111111111111 0.64453125 0.3611111111111111 0.64453125 0.375 0.689453125 0.3888888888888889
0 0.09765625 0.7291666666666666 0.111328125 0.7013888888888888 0.16015625 0.6840277777777778 0.166015625 0.6666666666666666 0.162109375 0.6215277777777778 0.14453125 0.625 0.130859375 0.6493055555555556 0.10546875 0.6284722222222222 0.099609375 0.6736111111111112 0.0859375 0.6909722222222222 0.08203125 0.71875 0.09765625 0.7291666666666666