0 0.51171875 0.4965277777777778 0.51953125 0.5243055555555556 0.529296875 0.53125 0.548828125 0.5138888888888888 0.54296875 0.4548611111111111 0.517578125 0.4618055555555556 0.51171875 0.4722222222222222 0.51171875 0.4965277777777778
0 0.71875 0.9340277777777778 0.712890625 0.9513888888888888 0.716796875 0.9930555555555556 0.7333984375 0.9965277777777778 0.7421875 0.9791666666666666 0.744140625 0.9965277777777778 0.76171875 0.9826388888888888 0.767578125 0.9965277777777778 0.775390625 0.9826388888888888 0.779947265625 0.9965277777777778 0.8046875 0.9965277777777778 0.806640625 0.9722222222222222 0.796875 0.9340277777777778 0.783203125 0.9166666666666666 0.779296875 0.8784722222222222 0.767578125 0.84375 0.755859375 0.84375 0.75 0.875 0.71875 0.8715277777777778 0.7109375 0.8993055555555556 0.71875 0.9340277777777778
0 0.435546875 0.6076388888888888 0.431640625 0.6388888888888888 0.4609375 0.6666666666666666 0.46875 0.6493055555555556 0.466796875 0.6076388888888888 0.4375 0.5868055555555556 0.4296875 0.5972222222222222 0.435546875 0.6076388888888888
0 0.70703125 0.9166666666666666 0.72265625 0.8611111111111112 0.71875 0.7986111111111112 0.724609375 0.7777777777777778 0.7109375 0.7673611111111112 0.69140625 0.8194444444444444 0.6875 0.8784722222222222 0.70703125 0.9166666666666666
0 0.435546875 0.3055555555555556 0.435546875 0.2777777777777778 0.42578125 0.2673611111111111 0.423828125 0.3020833333333333 0.435546875 0.3055555555555556
0 0.115234375 0.2986111111111111 0.109375 0.2673611111111111 0.099609375 0.2673611111111111 0.099609375 0.2951388888888889 0.115234375 0.2986111111111111
0 0.04296875 0.5 0.0625 0.4965277777777778 0.0625 0.4618055555555556 0.0546875 0.4409722222222222 0.04296875 0.4409722222222222 0.04296875 0.5
0 0.60546875 0.8611111111111112 0.6171875 0.8854166666666666 0.642578125 0.8993055555555556 0.6484375 0.8888888888888888 0.6484375 0.8472222222222222 0.642578125 0.8368055555555556 0.6484375 0.7986111111111112 0.63671875 0.7604166666666666 0.625 0.7638888888888888 0.6171875 0.7847222222222222 0.619140625 0.8090277777777778 0.60546875 0.8611111111111112
0 0.2421875 0.625 0.2421875 0.6076388888888888 0.21875 0.6076388888888888 0.216796875 0.6284722222222222 0.2421875 0.625
0 0.16796875 0.2951388888888889 0.162109375 0.2638888888888889 0.154296875 0.2638888888888889 0.150390625 0.2951388888888889 0.16796875 0.2951388888888889
0 0.392578125 0.5451388888888888 0.392578125 0.5625 0.404296875 0.5798611111111112 0.408203125 0.6041666666666666 0.416015625 0.6076388888888888 0.41796875 0.5138888888888888 0.41015625 0.5138888888888888 0.40625 0.53125 0.392578125 0.5451388888888888
0 0.28125 0.6215277777777778 0.287109375 0.6284722222222222 0.29296875 0.6284722222222222 0.29296875 0.5763888888888888 0.275390625 0.5763888888888888 0.28125 0.6215277777777778
0 0.609375 0.6909722222222222 0.625 0.6701388888888888 0.625 0.6076388888888888 0.6171875 0.5868055555555556 0.603515625 0.59375 0.599609375 0.6701388888888888 0.609375 0.6909722222222222
0 0.548828125 0.6736111111111112 0.548828125 0.6944444444444444 0.58203125 0.7604166666666666 0.599609375 0.7048611111111112 0.59765625 0.6701388888888888 0.591796875 0.65625 0.568359375 0.6805555555555556 0.5625 0.6493055555555556 0.556640625 0.65625 0.5625 0.6666666666666666 0.548828125 0.6736111111111112
0 0.521484375 0.7326388888888888 0.53125 0.7638888888888888 0.541015625 0.7638888888888888 0.54296875 0.7361111111111112 0.53125 0.6701388888888888 0.5234375 0.6666666666666666 0.51171875 0.6805555555555556 0.505859375 0.7326388888888888 0.521484375 0.7326388888888888
0 0.4921875 0.6805555555555556 0.5 0.6875 0.50390625 0.6805555555555556 0.494140625 0.6527777777777778 0.5 0.6736111111111112 0.4921875 0.6805555555555556
0 0.5546875 0.6319444444444444 0.5625 0.6354166666666666 0.572265625 0.5868055555555556 0.568359375 0.5486111111111112 0.546875 0.53125 0.54296875 0.5902777777777778 0.5546875 0.6319444444444444