0 0.4609375 0.4930555555555556 0.466796875 0.5 0.478515625 0.4826388888888889 0.5 0.4826388888888889 0.50390625 0.46875 0.498046875 0.4305555555555556 0.48828125 0.4479166666666667 0.474609375 0.4409722222222222 0.466796875 0.4513888888888889 0.4609375 0.4722222222222222 0.4609375 0.4930555555555556
0 0.7109375 0.25 0.712890625 0.2326388888888889 0.701171875 0.22916666666666666 0.69921875 0.2465277777777778 0.7109375 0.25
0 0.58203125 0.3090277777777778 0.59765625 0.3125 0.599609375 0.2847222222222222 0.5859375 0.2638888888888889 0.580078125 0.2638888888888889 0.58203125 0.3090277777777778
0 0.451171875 0.4201388888888889 0.47265625 0.40625 0.478515625 0.3888888888888889 0.46484375 0.3715277777777778 0.45703125 0.375 0.44921875 0.4027777777777778 0.451171875 0.4201388888888889
0 0.0791015625 0.5277777777777778 0.083984375 0.5104166666666666 0.09765625 0.5347222222222222 0.111328125 0.53125 0.111328125 0.5 0.10546875 0.4861111111111111 0.083984375 0.5069444444444444 0.0625 0.4965277777777778 0.06640625 0.5277777777777778 0.0791015625 0.5277777777777778
0 0.47265625 0.4375 0.48046875 0.4305555555555556 0.484375 0.40625 0.50390625 0.4340277777777778 0.51171875 0.4201388888888889 0.5078125 0.3888888888888889 0.494140625 0.3993055555555556 0.48046875 0.3923611111111111 0.46875 0.4097222222222222 0.47265625 0.4375
0 0.779296875 0.4652777777777778 0.787109375 0.4513888888888889 0.8046875 0.4513888888888889 0.818359375 0.4201388888888889 0.796875 0.4097222222222222 0.775390625 0.4375 0.7734375 0.4618055555555556 0.779296875 0.4652777777777778
0 0.546875 0.4548611111111111 0.560546875 0.4409722222222222 0.580078125 0.4409722222222222 0.58203125 0.4236111111111111 0.576171875 0.4097222222222222 0.5546875 0.40625 0.548828125 0.4166666666666667 0.54296875 0.4305555555555556 0.546875 0.4548611111111111
0 0 0.53125 0.009765625 0.53125 0.017578125 0.4965277777777778 0.025390625 0.4965277777777778 0.029296875 0.5173611111111112 0.0546875 0.4826388888888889 0.0546875 0.46875 0.048828125 0.4652777777777778 0.015625 0.4965277777777778 0.01171875 0.4722222222222222 0.005859375 0.4722222222222222 0 0.4826388888888889 0 0.53125
0 0.88671875 0.4479166666666667 0.927734375 0.4513888888888889 0.935546875 0.4409722222222222 0.90625 0.40625 0.89453125 0.40625 0.8828125 0.4236111111111111 0.880859375 0.4375 0.88671875 0.4479166666666667
0 0.5625 0.5208333333333334 0.591796875 0.5243055555555556 0.59375 0.5138888888888888 0.578125 0.4895833333333333 0.58203125 0.4791666666666667 0.59375 0.4826388888888889 0.591796875 0.4722222222222222 0.572265625 0.4826388888888889 0.568359375 0.4722222222222222 0.55078125 0.4930555555555556 0.55078125 0.53125 0.5625 0.5208333333333334
0 0.53125 0.5972222222222222 0.541015625 0.5659722222222222 0.548828125 0.59375 0.5546875 0.59375 0.556640625 0.53125 0.548828125 0.5347222222222222 0.546875 0.5590277777777778 0.537109375 0.5555555555555556 0.537109375 0.5347222222222222 0.51953125 0.5347222222222222 0.51171875 0.6076388888888888 0.53125 0.5972222222222222
0 0.005859375 0.6076388888888888 0.021484375 0.6076388888888888 0.025390625 0.59375 0.037109375 0.5902777777777778 0.072265625 0.5902777777777778 0.080078125 0.5763888888888888 0.080078125 0.53125 0.05078125 0.5659722222222222 0.041015625 0.5659722222222222 0.03515625 0.5451388888888888 0.0234375 0.5347222222222222 0.00390625 0.5798611111111112 0 0.5972222222222222 0.005859375 0.6076388888888888
0 0.38671875 0.4201388888888889 0.41015625 0.4166666666666667 0.408203125 0.3993055555555556 0.380859375 0.3854166666666667 0.375 0.40625 0.38671875 0.4201388888888889
0 0.11328125 0.5243055555555556 0.125 0.5243055555555556 0.138671875 0.5138888888888888 0.138671875 0.5034722222222222 0.162109375 0.4930555555555556 0.15625 0.46875 0.111328125 0.4722222222222222 0.103515625 0.5 0.11328125 0.5243055555555556
0 0.73828125 0.6076388888888888 0.74609375 0.6076388888888888 0.755859375 0.5659722222222222 0.755859375 0.5347222222222222 0.736328125 0.5381944444444444 0.734375 0.59375 0.73828125 0.6076388888888888
0 0.796875 0.4027777777777778 0.810546875 0.3888888888888889 0.81640625 0.4027777777777778 0.830078125 0.4027777777777778 0.830078125 0.3680555555555556 0.810546875 0.3854166666666667 0.810546875 0.3576388888888889 0.798828125 0.3611111111111111 0.787109375 0.3993055555555556 0.796875 0.4027777777777778
0 0.416015625 0.4826388888888889 0.4296875 0.4965277777777778 0.427734375 0.46875 0.41796875 0.46875 0.41796875 0.4791666666666667 0.39453125 0.4722222222222222 0.38671875 0.4861111111111111 0.416015625 0.4826388888888889
0 0.111328125 0.4340277777777778 0.123046875 0.4340277777777778 0.12890625 0.4201388888888889 0.125 0.3888888888888889 0.1171875 0.375 0.103515625 0.375 0.099609375 0.40625 0.111328125 0.4340277777777778
0 0.591796875 0.4236111111111111 0.630859375 0.3923611111111111 0.619140625 0.3576388888888889 0.6015625 0.375 0.58203125 0.3715277777777778 0.580078125 0.40625 0.591796875 0.4236111111111111
0 0.84765625 0.40625 0.873046875 0.40625 0.875 0.375 0.892578125 0.3680555555555556 0.89453125 0.3472222222222222 0.87890625 0.34375 0.875 0.3576388888888889 0.861328125 0.3576388888888889 0.84375 0.3854166666666667 0.84765625 0.40625
0 0.63671875 0.5902777777777778 0.642578125 0.5902777777777778 0.654296875 0.5763888888888888 0.65625 0.5416666666666666 0.650390625 0.5173611111111112 0.638671875 0.5173611111111112 0.630859375 0.5590277777777778 0.63671875 0.5902777777777778
0 0.517578125 0.40625 0.5546875 0.3993055555555556 0.5546875 0.375 0.541015625 0.375 0.53515625 0.3576388888888889 0.517578125 0.3888888888888889 0.517578125 0.40625
0 0.734375 0.4826388888888889 0.736328125 0.4548611111111111 0.7109375 0.4305555555555556 0.705078125 0.4409722222222222 0.69921875 0.4930555555555556 0.734375 0.4826388888888889
0 0.75 0.3923611111111111 0.787109375 0.3888888888888889 0.787109375 0.3611111111111111 0.755859375 0.3576388888888889 0.748046875 0.3784722222222222 0.75 0.3923611111111111