0 0.4375 0.5902777777777778 0.4375 0.5 0.412109375 0.5034722222222222 0.412109375 0.5451388888888888 0.4375 0.5902777777777778
0 0.4609375 0.5625 0.47265625 0.5763888888888888 0.462890625 0.59375 0.486328125 0.5729166666666666 0.48828125 0.5347222222222222 0.47265625 0.5138888888888888 0.48828125 0.5034722222222222 0.474609375 0.5 0.4609375 0.53125 0.4609375 0.5625
0 0.267578125 0.2986111111111111 0.263671875 0.3055555555555556 0.26171875 0.3125 0.267578125 0.3055555555555556 0.269252232421875 0.3115079375 0.267578125 0.2986111111111111
0 0.2734375 0.34375 0.2705078125 0.3211805555555556 0.26171875 0.3368055555555556 0.2734375 0.34375
0 0.25 0.5763888888888888 0.255859375 0.5972222222222222 0.26171875 0.5972222222222222 0.26953125 0.5763888888888888 0.26953125 0.5277777777777778 0.255859375 0.5243055555555556 0.248046875 0.5277777777777778 0.25 0.5763888888888888
0 0.529296875 0.4930555555555556 0.53515625 0.4479166666666667 0.51953125 0.4479166666666667 0.51953125 0.4930555555555556 0.529296875 0.4930555555555556
0 0.056640625 0.3263888888888889 0.056640625 0.2951388888888889 0.046875 0.28125 0.046875 0.3194444444444444 0.056640625 0.3263888888888889
0 0.392578125 0.3263888888888889 0.392578125 0.2916666666666667 0.380859375 0.2951388888888889 0.380859375 0.3263888888888889 0.392578125 0.3263888888888889
0 0.416015625 0.2951388888888889 0.412109375 0.3125 0.4227505390625 0.32195881249999997 0.423828125 0.2951388888888889 0.416015625 0.2951388888888889
0 0.421875 0.34375 0.422236689453125 0.33474794097222227 0.412109375 0.34375 0.421875 0.34375
0 0.318359375 0.4340277777777778 0.32421875 0.4652777777777778 0.330078125 0.46875 0.3359375 0.4513888888888889 0.3359375 0.3888888888888889 0.33203125 0.375 0.32421875 0.3784722222222222 0.318359375 0.3888888888888889 0.318359375 0.4340277777777778
0 0.13671875 0.4097222222222222 0.150390625 0.4166666666666667 0.15625 0.40625 0.154296875 0.375 0.13671875 0.3576388888888889 0.130859375 0.3888888888888889 0.13671875 0.4097222222222222
0 0.34375 0.4930555555555556 0.3671875 0.4965277777777778 0.36328125 0.4513888888888889 0.349609375 0.4375 0.34375 0.4513888888888889 0.34375 0.4930555555555556
0 0.255859375 0.4201388888888889 0.2734375 0.4201388888888889 0.29296875 0.3888888888888889 0.29296875 0.375 0.255859375 0.3784722222222222 0.25 0.40625 0.255859375 0.4201388888888889
0 0.822265625 0.8993055555555556 0.84375 0.90625 0.841796875 0.9201388888888888 0.845703125 0.9131944444444444 0.85546875 0.9236111111111112 0.849609375 0.9340277777777778 0.85546875 0.9375 0.861328125 0.9305555555555556 0.892578125 0.9930555555555556 0.912109375 0.9861111111111112 0.912109375 0.9479166666666666 0.900390625 0.9236111111111112 0.904296875 0.90625 0.892578125 0.8715277777777778 0.892578125 0.8472222222222222 0.880859375 0.8402777777777778 0.861328125 0.8576388888888888 0.875 0.8993055555555556 0.865234375 0.9270833333333334 0.8359375 0.8819444444444444 0.8359375 0.8298611111111112 0.826171875 0.8125 0.8125 0.8090277777777778 0.810546875 0.875 0.822265625 0.8993055555555556
0 0 0.8472222222222222 0.01171875 0.8611111111111112 0.013671875 0.9027777777777778 0.0234375 0.90625 0.033203125 0.9444444444444444 0.04296875 0.9513888888888888 0.048828125 0.9166666666666666 0.037109375 0.8125 0.021484375 0.8263888888888888 0 0.8263888888888888 0 0.8472222222222222
0 0.935546875 0.4409722222222222 0.91796875 0.3993055555555556 0.8984375 0.4097222222222222 0.88671875 0.4305555555555556 0.88671875 0.4479166666666667 0.935546875 0.4409722222222222
0 0.537109375 0.7777777777777778 0.55078125 0.8159722222222222 0.5546875 0.875 0.5625 0.8854166666666666 0.568359375 0.8680555555555556 0.572265625 0.7951388888888888 0.56640625 0.7534722222222222 0.55078125 0.75 0.537109375 0.7604166666666666 0.537109375 0.7777777777777778
0 0.3359375 0.3298611111111111 0.34765625 0.34375 0.341796875 0.2951388888888889 0.3359375 0.3055555555555556 0.3359375 0.3298611111111111
0 0.29296875 0.2951388888888889 0.287109375 0.2847222222222222 0.2890625 0.3298611111111111 0.29296875 0.2951388888888889
0 0.91796875 0.28125 0.9140625 0.2604166666666667 0.89453125 0.2638888888888889 0.888671875 0.2777777777777778 0.91796875 0.28125
0 0.6875 0.9930555555555556 0.685546875 0.9618055555555556 0.662109375 0.9722222222222222 0.666015625 0.9965277777777778 0.6875 0.9930555555555556
0 0.6171875 0.96875 0.625 0.96875 0.625 0.9201388888888888 0.611328125 0.9166666666666666 0.609375 0.9513888888888888 0.6171875 0.96875
0 0.681640625 0.4340277777777778 0.716796875 0.4305555555555556 0.705078125 0.3888888888888889 0.69921875 0.4027777777777778 0.6875 0.3923611111111111 0.67578125 0.3993055555555556 0.673828125 0.4131944444444444 0.681640625 0.4340277777777778
0 0.322265625 0.34375 0.326171875 0.3229166666666667 0.318359375 0.3055555555555556 0.31640625 0.34375 0.322265625 0.34375
0 0.29296875 0.4340277777777778 0.3046875 0.4375 0.318359375 0.4201388888888889 0.318359375 0.3888888888888889 0.310546875 0.3888888888888889 0.310546875 0.375 0.287109375 0.3923611111111111 0.28125 0.4201388888888889 0.29296875 0.4340277777777778
0 0.375 0.2847222222222222 0.369140625 0.2986111111111111 0.375 0.2986111111111111 0.376953125 0.2638888888888889 0.3671875 0.2638888888888889 0.375 0.2847222222222222
0 0.24609375 0.3576388888888889 0.25 0.3263888888888889 0.23828125 0.3159722222222222 0.236328125 0.3576388888888889 0.24609375 0.3576388888888889
0 0.16796875 0.4027777777777778 0.205078125 0.3993055555555556 0.197265625 0.3680555555555556 0.1875 0.3680555555555556 0.1796875 0.3541666666666667 0.16796875 0.3576388888888889 0.162109375 0.3854166666666667 0.16796875 0.4027777777777778
0 0.95703125 0.9513888888888888 0.966796875 0.9965277777777778 0.998046875 0.9930555555555556 0.998046875 0.9305555555555556 0.96875 0.9166666666666666 0.97265625 0.9375 0.95703125 0.9513888888888888
0 0.13671875 0.9965277777777778 0.13671875 0.96875 0.099609375 0.9618055555555556 0.099609375 0.9965277777777778 0.13671875 0.9965277777777778
0 0.72265625 0.7152777777777778 0.716796875 0.7048611111111112 0.705078125 0.7083333333333334 0.705078125 0.7222222222222222 0.71875 0.7118055555555556 0.71875 0.7222222222222222 0.72265625 0.7152777777777778
0 0.71875 0.7222222222222222 0.71875 0.7291666666666666 0.705078125 0.75 0.724609375 0.7638888888888888 0.71875 0.7222222222222222
0 0.376953125 0.4097222222222222 0.37890625 0.3611111111111111 0.361328125 0.3576388888888889 0.34765625 0.3888888888888889 0.34765625 0.40625 0.376953125 0.4097222222222222
0 0.310546875 0.2743055555555556 0.3125 0.2465277777777778 0.3046875 0.2465277777777778 0.30078125 0.2604166666666667 0.310546875 0.2743055555555556
0 0.494140625 0.7291666666666666 0.498046875 0.6354166666666666 0.4921875 0.625 0.478515625 0.625 0.46875 0.6388888888888888 0.46875 0.6736111111111112 0.494140625 0.7291666666666666
0 0.505859375 0.8680555555555556 0.5234375 0.875 0.548828125 0.90625 0.560546875 0.9027777777777778 0.546875 0.8125 0.53515625 0.8125 0.525390625 0.8263888888888888 0.525390625 0.8402777777777778 0.517578125 0.84375 0.505859375 0.8263888888888888 0.505859375 0.7951388888888888 0.494140625 0.7986111111111112 0.494140625 0.8472222222222222 0.505859375 0.8680555555555556
0 0.6171875 0.5381944444444444 0.611328125 0.5486111111111112 0.623046875 0.53125 0.63671875 0.5277777777777778 0.6328125 0.4965277777777778 0.61328125 0.5 0.611328125 0.5277777777777778 0.6171875 0.5381944444444444
0 0.21875 0.9340277777777778 0.224609375 0.9027777777777778 0.21875 0.8993055555555556 0.2109375 0.90625 0.21875 0.9340277777777778
0 0.22265625 0.9583333333333334 0.244140625 0.9756944444444444 0.25 0.9965277777777778 0.267578125 0.9965277777777778 0.267578125 0.9513888888888888 0.26171875 0.9375 0.267578125 0.9027777777777778 0.26171875 0.875 0.234375 0.875 0.236328125 0.9201388888888888 0.22265625 0.9583333333333334
0 0.330078125 0.28125 0.326171875 0.25 0.322265625 0.28125 0.330078125 0.28125
0 0.66796875 0.7291666666666666 0.6796875 0.7326388888888888 0.6796875 0.71875 0.66796875 0.71875 0.66796875 0.7291666666666666
0 0.724609375 0.7638888888888888 0.71875 0.7291666666666666 0.72265625 0.7152777777777778 0.716796875 0.7048611111111112 0.705078125 0.7083333333333334 0.701171875 0.7465277777777778 0.724609375 0.7638888888888888