0 0.09765625 0.4201388888888889 0.09765625 0.3888888888888889 0.091796875 0.375 0.08203125 0.375 0.08203125 0.4166666666666667 0.09765625 0.4201388888888889
0 0.619140625 0.4340277777777778 0.63671875 0.4375 0.65625 0.4201388888888889 0.658203125 0.3888888888888889 0.630859375 0.3888888888888889 0.6171875 0.40625 0.619140625 0.4340277777777778
0 0.98046875 0.2916666666666667 0.986328125 0.28125 0.984375 0.2638888888888889 0.953125 0.2673611111111111 0.951171875 0.2847222222222222 0.98046875 0.2916666666666667
0 0.734375 0.4652777777777778 0.73828125 0.4826388888888889 0.7734375 0.4722222222222222 0.779296875 0.4548611111111111 0.779296875 0.4340277777777778 0.767578125 0.4097222222222222 0.73828125 0.4305555555555556 0.734375 0.40625 0.71875 0.4375 0.71875 0.4652777777777778 0.734375 0.4652777777777778
0 0.98828125 0.9305555555555556 0.986328125 0.9548611111111112 0.9921875 0.9618055555555556 0.998046875 0.9305555555555556 0.998046875 0.90625 0.9921875 0.90625 0.98046875 0.9097222222222222 0.98828125 0.9305555555555556
0 0.892578125 0.90625 0.8984375 0.9201388888888888 0.892578125 0.9305555555555556 0.89453125 0.9618055555555556 0.90625 0.9826388888888888 0.92578125 0.9930555555555556 0.9375 0.9791666666666666 0.9375 0.9548611111111112 0.94921875 0.9479166666666666 0.943359375 0.9097222222222222 0.8984375 0.875 0.892578125 0.875 0.892578125 0.90625
0 0.84765625 0.3993055555555556 0.873046875 0.3923611111111111 0.88671875 0.4027777777777778 0.892578125 0.3888888888888889 0.892578125 0.3472222222222222 0.880859375 0.3576388888888889 0.8671875 0.3368055555555556 0.853515625 0.3506944444444444 0.84375 0.375 0.84765625 0.3993055555555556
0 0.318359375 0.6736111111111112 0.318359375 0.6979166666666666 0.32421875 0.7048611111111112 0.318359375 0.7326388888888888 0.32421875 0.7465277777777778 0.341796875 0.71875 0.3359375 0.7013888888888888 0.341796875 0.6875 0.369140625 0.6840277777777778 0.375 0.7152777777777778 0.384765625 0.7152777777777778 0.392578125 0.7013888888888888 0.38671875 0.6736111111111112 0.392578125 0.625 0.38671875 0.6076388888888888 0.380859375 0.6076388888888888 0.365234375 0.6736111111111112 0.349609375 0.6319444444444444 0.349609375 0.6111111111111112 0.326171875 0.6388888888888888 0.330078125 0.65625 0.318359375 0.6736111111111112
0 0.42578125 0.5034722222222222 0.41796875 0.4930555555555556 0.423828125 0.4791666666666667 0.40625 0.5034722222222222 0.408203125 0.5451388888888888 0.42578125 0.5034722222222222
0 0.751953125 0.4722222222222222 0.76953125 0.4791666666666667 0.779296875 0.4618055555555556 0.779296875 0.4340277777777778 0.767578125 0.4097222222222222 0.73828125 0.4375 0.73828125 0.4826388888888889 0.751953125 0.4722222222222222
0 0.6171875 0.4826388888888889 0.6171875 0.4583333333333333 0.623046875 0.4479166666666667 0.611328125 0.4166666666666667 0.59375 0.4201388888888889 0.58203125 0.4409722222222222 0.58203125 0.4930555555555556 0.6171875 0.4826388888888889
0 0.8125 0.4652777777777778 0.8125 0.4409722222222222 0.8359375 0.40625 0.8125 0.40625 0.810546875 0.4201388888888889 0.80078125 0.4236111111111111 0.798828125 0.4618055555555556 0.8125 0.4652777777777778
0 0 0.5555555555555556 0.009765625 0.5625 0.01171875 0.5763888888888888 0.01953125 0.5763888888888888 0.029296875 0.5625 0.029296875 0.5486111111111112 0.0234375 0.53125 0.01171875 0.5277777777777778 0 0.5347222222222222 0 0.5555555555555556
0 0.154296875 0.4201388888888889 0.154296875 0.375 0.13671875 0.3715277777777778 0.134765625 0.4166666666666667 0.154296875 0.4201388888888889
0 0.890625 0.25 0.87890625 0.25 0.880859375 0.28125 0.892178623046875 0.2544191909722222 0.890625 0.25
0 0.203125 0.5034722222222222 0.228515625 0.4861111111111111 0.234375 0.4548611111111111 0.23046875 0.4375 0.224609375 0.4375 0.2109375 0.46875 0.17578125 0.4722222222222222 0.17578125 0.5034722222222222 0.203125 0.5034722222222222
0 0.072265625 0.5173611111111112 0.095703125 0.5 0.119140625 0.5104166666666666 0.130859375 0.5 0.125 0.46875 0.09375 0.4965277777777778 0.09375 0.4722222222222222 0.087890625 0.4618055555555556 0.076171875 0.4722222222222222 0.068359375 0.4965277777777778 0.072265625 0.5173611111111112
0 0.26171875 0.59375 0.2734375 0.6111111111111112 0.287109375 0.5833333333333334 0.298828125 0.5972222222222222 0.3046875 0.5902777777777778 0.291015625 0.5625 0.3046875 0.5625 0.3046875 0.5416666666666666 0.29296875 0.5451388888888888 0.2890625 0.5763888888888888 0.275390625 0.5902777777777778 0.26171875 0.5451388888888888 0.255859375 0.5451388888888888 0.236328125 0.5868055555555556 0.2421875 0.6180555555555556 0.26171875 0.59375
0 0.35546875 0.5243055555555556 0.36328125 0.5138888888888888 0.39453125 0.5104166666666666 0.392578125 0.4861111111111111 0.380859375 0.4930555555555556 0.37109375 0.46875 0.357421875 0.4756944444444444 0.349609375 0.5 0.35546875 0.5243055555555556
0 0.16796875 0.4027777777777778 0.19921875 0.3993055555555556 0.205078125 0.3888888888888889 0.205078125 0.375 0.1875 0.3576388888888889 0.16796875 0.3611111111111111 0.162109375 0.3854166666666667 0.16796875 0.4027777777777778
0 0.0546875 0.4166666666666667 0.0703125 0.4201388888888889 0.072265625 0.3888888888888889 0.0625 0.3784722222222222 0.0546875 0.3854166666666667 0.0546875 0.4166666666666667
0 0.224609375 0.5763888888888888 0.236328125 0.5763888888888888 0.255859375 0.5416666666666666 0.244140625 0.5034722222222222 0.224609375 0.5347222222222222 0.21875 0.5590277777777778 0.224609375 0.5763888888888888
0 0.119140625 0.4479166666666667 0.12890625 0.4652777777777778 0.146484375 0.4722222222222222 0.154296875 0.4618055555555556 0.154296875 0.4375 0.1484375 0.4236111111111111 0.13671875 0.4236111111111111 0.1171875 0.4340277777777778 0.119140625 0.4479166666666667
0 0.7109375 0.3888888888888889 0.728515625 0.3715277777777778 0.73046875 0.3541666666666667 0.716796875 0.34375 0.701171875 0.3680555555555556 0.69921875 0.3888888888888889 0.7109375 0.3888888888888889
0 0.625 0.4722222222222222 0.62890625 0.4965277777777778 0.642578125 0.4930555555555556 0.65625 0.4513888888888889 0.63671875 0.4375 0.634765625 0.4618055555555556 0.625 0.4722222222222222
0 0.94140625 0.3715277777777778 0.94921875 0.3368055555555556 0.923828125 0.3229166666666667 0.90625 0.34375 0.90625 0.3680555555555556 0.94140625 0.3715277777777778
0 0.580078125 0.5972222222222222 0.599609375 0.6284722222222222 0.611328125 0.6284722222222222 0.60546875 0.5659722222222222 0.5859375 0.5451388888888888 0.580078125 0.5451388888888888 0.580078125 0.5972222222222222
0 0.662109375 0.5243055555555556 0.673828125 0.5173611111111112 0.6796875 0.4722222222222222 0.654296875 0.4722222222222222 0.64453125 0.4826388888888889 0.642578125 0.5243055555555556 0.662109375 0.5243055555555556
0 0.1181640625 0.5225694444444444 0.001953125 0.010416666666666666
0 0.1171875 0.5729166666666666 0.1171875 0.5590277777777778 0.12890625 0.5729166666666666 0.13671875 0.5555555555555556 0.140625 0.5729166666666666 0.166015625 0.5798611111111112 0.173828125 0.5625 0.171875 0.5243055555555556 0.166015625 0.5138888888888888 0.140625 0.5486111111111112 0.11328125 0.5555555555555556 0.10546875 0.5729166666666666 0.1171875 0.5729166666666666
0 0.716796875 0.3888888888888889 0.70703125 0.40625 0.705078125 0.4340277777777778 0.712890625 0.4409722222222222 0.725898171875 0.41154100694444445 0.716796875 0.3888888888888889