0 0.8671875 0.3576388888888889 0.8671875 0.3680555555555556 0.927734375 0.3402777777777778 0.9296875 0.3298611111111111 0.912109375 0.3090277777777778 0.892578125 0.3055555555555556 0.873046875 0.3402777777777778 0.875 0.3611111111111111 0.8671875 0.3576388888888889
0 0.591796875 0.3888888888888889 0.60546875 0.40625 0.59765625 0.3576388888888889 0.59375 0.3680555555555556 0.576171875 0.3715277777777778 0.576171875 0.3854166666666667 0.591796875 0.3888888888888889
0 0.775390625 0.4375 0.775390625 0.375 0.736328125 0.3784722222222222 0.724609375 0.4340277777777778 0.775390625 0.4375
0 0.5546875 0.3784722222222222 0.548828125 0.3263888888888889 0.525390625 0.3402777777777778 0.53125 0.375 0.5546875 0.3784722222222222
0 0.44140625 0.3263888888888889 0.44921875 0.3263888888888889 0.447265625 0.2951388888888889 0.4375 0.2951388888888889 0.44140625 0.3263888888888889
0 0 0.3125 0.029296875 0.3090277777777778 0.029296875 0.2743055555555556 0.013671875 0.2638888888888889 0 0.2951388888888889 0 0.3125
0 0.32421875 0.40625 0.33203125 0.4201388888888889 0.34375 0.375 0.35546875 0.4097222222222222 0.36328125 0.40625 0.3671875 0.375 0.3359375 0.3715277777777778 0.32421875 0.3784722222222222 0.32421875 0.40625
0 0.154296875 0.2951388888888889 0.146484375 0.2708333333333333 0.13671875 0.2638888888888889 0.13671875 0.2986111111111111 0.154296875 0.2951388888888889
0 0.998046875 0.34375 0.998046875 0.3159722222222222 0.9921875 0.3055555555555556 0.97265625 0.3125 0.96875 0.34375 0.998046875 0.34375
0 0.421875 0.4513888888888889 0.443359375 0.4513888888888889 0.435546875 0.4201388888888889 0.42578125 0.4201388888888889 0.421875 0.40625 0.4140625 0.4097222222222222 0.41015625 0.4270833333333333 0.421875 0.4513888888888889
0 0.65234375 0.40625 0.662109375 0.4201388888888889 0.685546875 0.4236111111111111 0.693359375 0.4513888888888889 0.70703125 0.4444444444444444 0.70703125 0.40625 0.6875 0.3888888888888889 0.67578125 0.3854166666666667 0.654296875 0.3993055555555556 0.6484375 0.375 0.630859375 0.3888888888888889 0.625 0.4097222222222222 0.65234375 0.40625