0 0.36328125 0.5625 0.36328125 0.5763888888888888 0.375 0.6041666666666666 0.38671875 0.6111111111111112 0.392578125 0.6041666666666666 0.392578125 0.5555555555555556 0.384765625 0.5416666666666666 0.375 0.5416666666666666 0.373046875 0.5555555555555556 0.36328125 0.5625
0 0.361328125 0.6493055555555556 0.361328125 0.6631944444444444 0.349609375 0.6493055555555556 0.349609375 0.6909722222222222 0.35546875 0.6979166666666666 0.35546875 0.71875 0.380859375 0.7291666666666666 0.38671875 0.71875 0.380859375 0.6909722222222222 0.388671875 0.6736111111111112 0.375 0.6388888888888888 0.3671875 0.65625 0.361328125 0.6493055555555556
0 0.041015625 0.375 0.04296875 0.3263888888888889 0.03125 0.3263888888888889 0.03125 0.3611111111111111 0.041015625 0.375
0 0.423828125 0.4965277777777778 0.4375 0.5034722222222222 0.44140625 0.46875 0.431640625 0.4513888888888889 0.423828125 0.4652777777777778 0.423828125 0.4965277777777778
0 0.13671875 0.2847222222222222 0.1484375 0.2916666666666667 0.1484375 0.25 0.134765625 0.24305555555555555 0.130859375 0.2673611111111111 0.13671875 0.2847222222222222
0 0.724609375 0.7152777777777778 0.748046875 0.7013888888888888 0.76171875 0.75 0.7734375 0.7430555555555556 0.7734375 0.6979166666666666 0.763671875 0.6840277777777778 0.76171875 0.6597222222222222 0.748046875 0.6666666666666666 0.7421875 0.6840277777777778 0.732421875 0.6666666666666666 0.716796875 0.6701388888888888 0.7109375 0.6875 0.724609375 0.7152777777777778
0 0.486328125 0.5104166666666666 0.5 0.5590277777777778 0.509765625 0.5625 0.51171875 0.5763888888888888 0.517578125 0.5659722222222222 0.517578125 0.5 0.505859375 0.4965277777777778 0.498046875 0.5104166666666666 0.486328125 0.5104166666666666
0 0.810546875 0.9826388888888888 0.810546875 0.9548611111111112 0.822265625 0.9375 0.8125 0.9236111111111112 0.80078125 0.9236111111111112 0.798828125 0.9791666666666666 0.810546875 0.9826388888888888
0 0.90625 0.9652777777777778 0.90625 0.9930555555555556 0.97265625 0.9965277777777778 0.94921875 0.9548611111111112 0.939453125 0.8888888888888888 0.916015625 0.8993055555555556 0.91796875 0.9409722222222222 0.90625 0.9652777777777778
0 0.84765625 0.8888888888888888 0.8515625 0.8784722222222222 0.8671875 0.875 0.8671875 0.8576388888888888 0.853515625 0.8472222222222222 0.84375 0.8472222222222222 0.84765625 0.8888888888888888
0 0.10546875 0.2673611111111111 0.09765625 0.2326388888888889 0.0859375 0.2361111111111111 0.0859375 0.2743055555555556 0.10546875 0.2673611111111111
0 0.701171875 0.5451388888888888 0.724609375 0.5625 0.728515625 0.5 0.712890625 0.5 0.7109375 0.5138888888888888 0.69921875 0.5 0.693359375 0.5243055555555556 0.701171875 0.5451388888888888
0 0.880859375 0.7361111111111112 0.875 0.7604166666666666 0.8984375 0.7638888888888888 0.904296875 0.7534722222222222 0.91796875 0.7743055555555556 0.927734375 0.7743055555555556 0.935546875 0.7951388888888888 0.94921875 0.7951388888888888 0.95703125 0.78125 0.955078125 0.7222222222222222 0.943359375 0.6909722222222222 0.91796875 0.7013888888888888 0.921875 0.71875 0.912109375 0.7534722222222222 0.900390625 0.75 0.8984375 0.71875 0.892578125 0.7152777777777778 0.892578125 0.6736111111111112 0.88671875 0.6944444444444444 0.880859375 0.6736111111111112 0.873046875 0.7013888888888888 0.880859375 0.7361111111111112
0 0.61328125 0.5625 0.6171875 0.5555555555555556 0.60546875 0.5451388888888888 0.619140625 0.5243055555555556 0.6171875 0.4965277777777778 0.59375 0.5 0.59765625 0.5347222222222222 0.61328125 0.5625
0 0.068359375 0.375 0.080078125 0.4027777777777778 0.0859375 0.3923611111111111 0.080078125 0.3472222222222222 0.068359375 0.3472222222222222 0.068359375 0.375
0 0.236328125 0.5034722222222222 0.25390625 0.53125 0.25390625 0.4826388888888889 0.25 0.46875 0.2421875 0.46875 0.236328125 0.4722222222222222 0.236328125 0.5034722222222222
0 0.1171875 0.3993055555555556 0.125 0.3993055555555556 0.123046875 0.3576388888888889 0.111328125 0.3576388888888889 0.1171875 0.3993055555555556
0 0.400390625 0.5347222222222222 0.421875 0.5555555555555556 0.421875 0.4861111111111111 0.41015625 0.4826388888888889 0.412109375 0.4513888888888889 0.404296875 0.4548611111111111 0.41015625 0.46875 0.400390625 0.5347222222222222
0 0.560546875 0.5451388888888888 0.57421875 0.5451388888888888 0.57421875 0.5138888888888888 0.548828125 0.5 0.548828125 0.53125 0.560546875 0.5451388888888888
0 0.412109375 0.4513888888888889 0.412109375 0.40625 0.396484375 0.4131944444444444 0.3984375 0.4513888888888889 0.412109375 0.4513888888888889
0 0 0.7326388888888888 0.009765625 0.7326388888888888 0.0234375 0.7534722222222222 0.029296875 0.7465277777777778 0.0234375 0.71875 0.0234375 0.6597222222222222 0.005859375 0.65625 0 0.6597222222222222 0 0.7326388888888888
0 0.291015625 0.4305555555555556 0.296875 0.4201388888888889 0.296875 0.3854166666666667 0.28125 0.3680555555555556 0.28125 0.4201388888888889 0.291015625 0.4305555555555556
0 0.150390625 0.3680555555555556 0.162109375 0.3576388888888889 0.16015625 0.3125 0.154296875 0.2986111111111111 0.14453125 0.3055555555555556 0.142578125 0.3333333333333333 0.150390625 0.3680555555555556
0 0.771484375 0.6701388888888888 0.763671875 0.6701388888888888 0.76953125 0.6875 0.798828125 0.7048611111111112 0.8046875 0.6909722222222222 0.798828125 0.6354166666666666 0.79296875 0.6111111111111112 0.78125 0.6180555555555556 0.779296875 0.6493055555555556 0.771484375 0.6701388888888888
0 0.44140625 0.6701388888888888 0.44140625 0.6840277777777778 0.44921875 0.6875 0.458984375 0.6736111111111112 0.48046875 0.7118055555555556 0.486328125 0.7013888888888888 0.486328125 0.6666666666666666 0.48046875 0.65625 0.4609375 0.6701388888888888 0.451171875 0.6666666666666666 0.443359375 0.6388888888888888 0.435546875 0.6423611111111112 0.431640625 0.65625 0.44140625 0.6701388888888888
0 0.630859375 0.7326388888888888 0.642578125 0.7430555555555556 0.654296875 0.7361111111111112 0.662109375 0.7638888888888888 0.67578125 0.78125 0.69140625 0.78125 0.693359375 0.7361111111111112 0.685546875 0.7118055555555556 0.6640625 0.7222222222222222 0.654296875 0.7048611111111112 0.642578125 0.7013888888888888 0.63671875 0.7118055555555556 0.62890625 0.6979166666666666 0.625 0.71875 0.630859375 0.7326388888888888
0 0.26171875 0.7951388888888888 0.29296875 0.84375 0.298828125 0.8298611111111112 0.298828125 0.7951388888888888 0.29296875 0.78125 0.291015625 0.7326388888888888 0.26953125 0.7326388888888888 0.263671875 0.7430555555555556 0.267578125 0.7673611111111112 0.26171875 0.7951388888888888
0 0.34375 0.5277777777777778 0.35546875 0.53125 0.361328125 0.5138888888888888 0.359375 0.4722222222222222 0.337890625 0.4861111111111111 0.337890625 0.5138888888888888 0.34375 0.5277777777777778
0 0.306640625 0.5868055555555556 0.306640625 0.6041666666666666 0.318359375 0.6215277777777778 0.337890625 0.625 0.341796875 0.6076388888888888 0.3359375 0.5625 0.330078125 0.5486111111111112 0.318359375 0.5590277777777778 0.318359375 0.5868055555555556 0.306640625 0.5868055555555556
0 0.16796875 0.4027777777777778 0.19921875 0.4027777777777778 0.205078125 0.3923611111111111 0.193359375 0.3611111111111111 0.16796875 0.3576388888888889 0.162109375 0.3854166666666667 0.16796875 0.4027777777777778
0 0.185546875 0.5416666666666666 0.19921875 0.5451388888888888 0.19921875 0.4791666666666667 0.181640625 0.4722222222222222 0.173828125 0.5104166666666666 0.185546875 0.5416666666666666
0 0.26953125 0.5138888888888888 0.279296875 0.5243055555555556 0.287109375 0.46875 0.275390625 0.4375 0.263671875 0.4513888888888889 0.26171875 0.4826388888888889 0.26953125 0.5138888888888888
0 0.234375 0.6076388888888888 0.259765625 0.6180555555555556 0.25390625 0.5590277777777778 0.236328125 0.5659722222222222 0.23046875 0.5902777777777778 0.234375 0.6076388888888888
0 0.525390625 0.4236111111111111 0.513671875 0.4513888888888889 0.521484375 0.4548611111111111 0.53125 0.4097222222222222 0.529296875 0.3888888888888889 0.517578125 0.3888888888888889 0.51171875 0.4201388888888889 0.525390625 0.4236111111111111
0 0.625 0.5850694444444444 0.63671875 0.5868055555555556 0.625 0.6076388888888888 0.62890625 0.625 0.642578125 0.5972222222222222 0.63671875 0.5625 0.625 0.5625 0.625 0.5850694444444444
0 0.654296875 0.6076388888888888 0.666015625 0.5902777777777778 0.662109375 0.5763888888888888 0.671875 0.5590277777777778 0.65625 0.5798611111111112 0.6484375 0.6041666666666666 0.654296875 0.6076388888888888
0 0.330078125 0.40625 0.337890625 0.40625 0.341796875 0.3472222222222222 0.330078125 0.34375 0.326171875 0.3854166666666667 0.330078125 0.40625
0 0.150390625 0.5277777777777778 0.15625 0.5 0.150390625 0.4548611111111111 0.13671875 0.46875 0.138671875 0.5277777777777778 0.150390625 0.5277777777777778
0 0.119140625 0.5555555555555556 0.1328125 0.5625 0.134765625 0.5 0.1171875 0.5 0.11328125 0.5138888888888888 0.119140625 0.5555555555555556
0 0 0.9930555555555556 0.01171875 0.9965277777777778 0.0234375 0.9930555555555556 0.017578125 0.9583333333333334 0.01953125 0.9201388888888888 0.01171875 0.8888888888888888 0.0234375 0.84375 0.017578125 0.8368055555555556 0.01171875 0.8472222222222222 0 0.84375 0 0.9930555555555556
0 0.98046875 0.9027777777777778 0.998046875 0.9097222222222222 0.984375 0.8715277777777778 0.986328125 0.84375 0.94921875 0.7951388888888888 0.939453125 0.8020833333333334 0.9375 0.8576388888888888 0.98046875 0.9027777777777778
0 0.611328125 0.6493055555555556 0.609375 0.5729166666666666 0.60546875 0.5659722222222222 0.59375 0.5763888888888888 0.59375 0.6284722222222222 0.611328125 0.6493055555555556
0 0.541015625 0.6354166666666666 0.54296875 0.6493055555555556 0.5625 0.6701388888888888 0.580078125 0.6701388888888888 0.5859375 0.6875 0.59765625 0.6875 0.5859375 0.59375 0.576171875 0.59375 0.568359375 0.6076388888888888 0.5546875 0.59375 0.54296875 0.6041666666666666 0.55078125 0.6284722222222222 0.541015625 0.6354166666666666
0 0.33984375 0.75 0.359375 0.7743055555555556 0.3671875 0.7673611111111112 0.35546875 0.7048611111111112 0.357421875 0.6875 0.337890625 0.6840277777777778 0.34375 0.7118055555555556 0.330078125 0.7222222222222222 0.326171875 0.7465277777777778 0.33984375 0.75
0 0.61328125 0.9652777777777778 0.626953125 0.96875 0.642578125 0.9930555555555556 0.7109375 0.9930555555555556 0.681640625 0.9166666666666666 0.6796875 0.8958333333333334 0.6875 0.8784722222222222 0.681640625 0.8576388888888888 0.65625 0.84375 0.6328125 0.8888888888888888 0.6171875 0.8680555555555556 0.60546875 0.8680555555555556 0.599609375 0.9375 0.61328125 0.9652777777777778
0 0.46484375 0.4027777777777778 0.46875 0.3472222222222222 0.45703125 0.3472222222222222 0.45703125 0.3888888888888889 0.46484375 0.4027777777777778
0 0.68359375 0.6701388888888888 0.6875 0.7222222222222222 0.69921875 0.7430555555555556 0.705078125 0.7326388888888888 0.705078125 0.7048611111111112 0.69921875 0.6944444444444444 0.6875 0.6979166666666666 0.685546875 0.6840277777777778 0.685546875 0.6736111111111112 0.69921875 0.6701388888888888 0.693359375 0.6388888888888888 0.6796875 0.6423611111111112 0.67578125 0.65625 0.68359375 0.6701388888888888
0 0.181640625 0.7743055555555556 0.173828125 0.8125 0.19140625 0.8402777777777778 0.2109375 0.84375 0.22265625 0.875 0.23046875 0.875 0.23046875 0.7847222222222222 0.224609375 0.7534722222222222 0.212890625 0.75 0.185546875 0.7777777777777778 0.17578125 0.75 0.173828125 0.7638888888888888 0.181640625 0.7743055555555556
0 0.642578125 0.53125 0.64453125 0.5243055555555556 0.63671875 0.5173611111111112 0.64453125 0.5017361111111112 0.64453125 0.4791666666666667 0.630859375 0.4826388888888889 0.625 0.5104166666666666 0.642578125 0.53125
0 0.208984375 0.9895833333333334 0.25390625 0.9930555555555556 0.228515625 0.9479166666666666 0.224609375 0.8993055555555556 0.203125 0.8958333333333334 0.2109375 0.9548611111111112 0.208984375 0.9895833333333334
0 0.255859375 0.9409722222222222 0.26171875 0.9479166666666666 0.26171875 0.9930555555555556 0.296875 0.9930555555555556 0.296875 0.9548611111111112 0.28125 0.9201388888888888 0.28125 0.8784722222222222 0.275390625 0.8784722222222222 0.26171875 0.9097222222222222 0.26171875 0.9340277777777778 0.255859375 0.9409722222222222