0 0.4375 0.65625 0.44140625 0.6388888888888888 0.447265625 0.6388888888888888 0.44921875 0.65625 0.4609375 0.65625 0.462890625 0.6388888888888888 0.45703125 0.6284722222222222 0.44921875 0.6354166666666666 0.4375 0.6319444444444444 0.435546875 0.6180555555555556 0.4296875 0.6215277777777778 0.42578125 0.65625 0.4375 0.65625
0 0 0.3888888888888889 0.03125 0.3854166666666667 0.029296875 0.34375 0.01171875 0.3368055555555556 0 0.34375 0 0.3888888888888889
0 0.3359375 0.3611111111111111 0.341796875 0.3541666666666667 0.34375 0.3263888888888889 0.33203125 0.3125 0.330078125 0.3472222222222222 0.3359375 0.3611111111111111
0 0.880859375 0.28125 0.90625 0.28125 0.900390625 0.2534722222222222 0.884765625 0.2534722222222222 0.87890625 0.2638888888888889 0.880859375 0.28125
0 0.330078125 0.5104166666666666 0.33203125 0.4513888888888889 0.318359375 0.4513888888888889 0.318359375 0.5 0.330078125 0.5104166666666666
0 0.060546875 0.4826388888888889 0.04296875 0.5 0.048828125 0.5243055555555556 0.0625 0.4791666666666667 0.0625 0.4652777777777778 0.0546875 0.4618055555555556 0.04296875 0.46875 0.060546875 0.4826388888888889
0 0.021484375 0.6909722222222222 0.046875 0.71875 0.046875 0.6388888888888888 0.03515625 0.65625 0.01171875 0.6597222222222222 0.013671875 0.7013888888888888 0.021484375 0.6909722222222222
0 0.369140625 0.6354166666666666 0.375 0.625 0.373046875 0.59375 0.35546875 0.59375 0.349609375 0.5798611111111112 0.34765625 0.59375 0.369140625 0.6354166666666666
0 0.16796875 0.4027777777777778 0.19140625 0.4027777777777778 0.19921875 0.3854166666666667 0.197265625 0.3715277777777778 0.1796875 0.3576388888888889 0.16796875 0.3680555555555556 0.162109375 0.3854166666666667 0.16796875 0.4027777777777778
0 0.423828125 0.4513888888888889 0.4296875 0.4652777777777778 0.4375 0.4548611111111111 0.4375 0.4097222222222222 0.423828125 0.4097222222222222 0.423828125 0.4513888888888889
0 0.3046875 0.3298611111111111 0.31640625 0.3263888888888889 0.3125 0.3125 0.3046875 0.3125 0.3046875 0.3298611111111111
0 0.1484375 0.3402777777777778 0.1484375 0.2986111111111111 0.138671875 0.2951388888888889 0.138671875 0.3402777777777778 0.1484375 0.3402777777777778
0 0.099609375 0.3125 0.09765625 0.28125 0.0859375 0.2743055555555556 0.0859375 0.3159722222222222 0.099609375 0.3125
0 0.509765625 0.7152777777777778 0.517578125 0.7152777777777778 0.517578125 0.6701388888888888 0.505859375 0.6597222222222222 0.494140625 0.6701388888888888 0.4921875 0.6875 0.509765625 0.7152777777777778
0 0.529296875 0.7430555555555556 0.53515625 0.7534722222222222 0.54296875 0.7430555555555556 0.548828125 0.75 0.54296875 0.7743055555555556 0.556640625 0.8125 0.57421875 0.84375 0.583984375 0.84375 0.591796875 0.8263888888888888 0.591796875 0.7986111111111112 0.5859375 0.7916666666666666 0.5859375 0.7638888888888888 0.57421875 0.71875 0.568359375 0.7291666666666666 0.56640625 0.71875 0.5546875 0.75 0.5390625 0.7291666666666666 0.53515625 0.7048611111111112 0.525390625 0.7048611111111112 0.5234375 0.7256944444444444 0.529296875 0.7430555555555556
0 0.10546875 0.7152777777777778 0.1171875 0.6875 0.1171875 0.6493055555555556 0.111328125 0.6215277777777778 0.091796875 0.625 0.087890625 0.6597222222222222 0.10546875 0.7152777777777778
0 0.404296875 0.3784722222222222 0.412109375 0.3888888888888889 0.416015625 0.3715277777777778 0.41015625 0.3576388888888889 0.404296875 0.3576388888888889 0.404296875 0.3784722222222222
0 0.10546875 0.34375 0.1171875 0.34375 0.1171875 0.3125 0.111328125 0.2986111111111111 0.10546875 0.2986111111111111 0.10546875 0.34375
0 0.787109375 0.9513888888888888 0.78515625 0.9409722222222222 0.79296875 0.9305555555555556 0.779296875 0.875 0.748046875 0.875 0.744140625 0.9097222222222222 0.787109375 0.9513888888888888
0 0.73046875 0.8993055555555556 0.71875 0.8680555555555556 0.724609375 0.8576388888888888 0.71875 0.84375 0.70703125 0.84375 0.7109375 0.875 0.73046875 0.8993055555555556
0 0.806640625 0.4409722222222222 0.830078125 0.40625 0.82421875 0.3888888888888889 0.8125 0.3888888888888889 0.798828125 0.4097222222222222 0.79296875 0.4375 0.806640625 0.4409722222222222
0 0 0.6701388888888888 0.017578125 0.6076388888888888 0.017578125 0.5798611111111112 0.005859375 0.5763888888888888 0 0.5868055555555556 0 0.6701388888888888
0 0.25 0.3576388888888889 0.25390625 0.3263888888888889 0.2421875 0.3263888888888889 0.23828125 0.3402777777777778 0.25 0.3576388888888889
0 0.125 0.6388888888888888 0.13671875 0.6527777777777778 0.1484375 0.625 0.1484375 0.5798611111111112 0.142578125 0.5625 0.130859375 0.5625 0.125 0.5798611111111112 0.125 0.6388888888888888
0 0.611328125 0.7673611111111112 0.623046875 0.7638888888888888 0.6171875 0.6805555555555556 0.60546875 0.6736111111111112 0.59375 0.7013888888888888 0.591796875 0.75 0.611328125 0.7673611111111112
0 0.568359375 0.6979166666666666 0.58203125 0.7152777777777778 0.572265625 0.7013888888888888 0.580078125 0.6805555555555556 0.57421875 0.6701388888888888 0.568359375 0.6701388888888888 0.568359375 0.6979166666666666
0 0.267578125 0.3576388888888889 0.2734375 0.3680555555555556 0.279296875 0.3263888888888889 0.267578125 0.3263888888888889 0.267578125 0.3576388888888889
0 0.125 0.3993055555555556 0.142578125 0.3854166666666667 0.13671875 0.3576388888888889 0.119140625 0.3576388888888889 0.125 0.3993055555555556
0 0.080078125 0.5625 0.07421875 0.5138888888888888 0.06640625 0.5 0.0546875 0.5104166666666666 0.0546875 0.5763888888888888 0.080078125 0.5625
0 0.03125 0.9826388888888888 0.05078125 0.9930555555555556 0.044921875 0.9722222222222222 0.056640625 0.9340277777777778 0.060546875 0.8923611111111112 0.037109375 0.8888888888888888 0.029296875 0.9027777777777778 0.03125 0.9826388888888888
0 0.466796875 0.6597222222222222 0.48046875 0.6701388888888888 0.484375 0.6180555555555556 0.47265625 0.6111111111111112 0.466796875 0.625 0.466796875 0.6597222222222222
0 0.53125 0.6701388888888888 0.529296875 0.7013888888888888 0.55078125 0.6840277777777778 0.548828125 0.6527777777777778 0.537109375 0.6423611111111112 0.51953125 0.6597222222222222 0.53125 0.6701388888888888
0 0.41015625 0.5451388888888888 0.421875 0.5451388888888888 0.41796875 0.5034722222222222 0.423828125 0.4791666666666667 0.41796875 0.4722222222222222 0.40625 0.4826388888888889 0.41015625 0.5451388888888888
0 0.28515625 0.3125 0.291015625 0.3090277777777778 0.287109375 0.2777777777777778 0.28125 0.28125 0.28515625 0.3125
0 0.689453125 0.8229166666666666 0.693359375 0.84375 0.705078125 0.84375 0.705078125 0.7638888888888888 0.697265625 0.7361111111111112 0.673828125 0.7361111111111112 0.673828125 0.8125 0.689453125 0.8229166666666666
0 0.404296875 0.6875 0.41015625 0.6736111111111112 0.40625 0.6388888888888888 0.392578125 0.6388888888888888 0.38671875 0.6631944444444444 0.404296875 0.6875
0 0.0546875 0.3229166666666667 0.060546875 0.2951388888888889 0.05078125 0.28125 0.0390625 0.2847222222222222 0.03515625 0.3194444444444444 0.0546875 0.3229166666666667
0 0.625 0.8055555555555556 0.611328125 0.7951388888888888 0.60546875 0.8125 0.61328125 0.875 0.62890625 0.875 0.642578125 0.8923611111111112 0.662109375 0.8854166666666666 0.662109375 0.8645833333333334 0.673828125 0.84375 0.666015625 0.7951388888888888 0.642578125 0.8159722222222222 0.646484375 0.8229166666666666 0.640625 0.8298611111111112 0.630859375 0.8194444444444444 0.623046875 0.7743055555555556 0.611328125 0.7708333333333334 0.623046875 0.78125 0.625 0.8055555555555556
0 0.341796875 0.3229166666666667 0.34375 0.2847222222222222 0.33203125 0.2847222222222222 0.330078125 0.3125 0.341796875 0.3229166666666667
0 0.025390625 0.7951388888888888 0.041015625 0.78125 0.04296875 0.7604166666666666 0.037109375 0.75 0.01953125 0.75 0.01171875 0.7604166666666666 0.013671875 0.8541666666666666 0.025390625 0.7951388888888888
0 0.72265625 0.4513888888888889 0.72265625 0.4305555555555556 0.703125 0.4201388888888889 0.69921875 0.4375 0.72265625 0.4513888888888889
0 0.572265625 0.6284722222222222 0.580078125 0.6319444444444444 0.572265625 0.6458333333333334 0.57421875 0.65625 0.580078125 0.65625 0.58203125 0.6284722222222222 0.59765625 0.625 0.59765625 0.5763888888888888 0.5859375 0.5590277777777778 0.572265625 0.5625 0.572265625 0.6284722222222222
0 0.322265625 0.2986111111111111 0.32421875 0.2777777777777778 0.31640625 0.2638888888888889 0.3125 0.2916666666666667 0.322265625 0.2986111111111111
0 0.248046875 0.3611111111111111 0.255859375 0.3125 0.23828125 0.3090277777777778 0.236328125 0.3263888888888889 0.248046875 0.3611111111111111