0 0.919921875 0.28125 0.91796875 0.25 0.90625 0.25 0.8984375 0.2777777777777778 0.919921875 0.28125
0 0.16015625 0.4305555555555556 0.16796875 0.4201388888888889 0.166015625 0.3854166666666667 0.16015625 0.3680555555555556 0.150390625 0.375 0.1484375 0.4201388888888889 0.16015625 0.4305555555555556
0 0 0.4652777777777778 0.017578125 0.4513888888888889 0.0078125 0.3888888888888889 0 0.3888888888888889 0 0.4652777777777778
0 0.87890625 0.4305555555555556 0.8671875 0.4166666666666667 0.873046875 0.4340277777777778 0.921875 0.4305555555555556 0.921875 0.3993055555555556 0.89453125 0.40625 0.888671875 0.3854166666666667 0.880859375 0.3888888888888889 0.892578125 0.4270833333333333 0.87890625 0.4305555555555556
0 0.806640625 0.4409722222222222 0.830078125 0.4097222222222222 0.818359375 0.40625 0.8046875 0.4305555555555556 0.806640625 0.4409722222222222
0 0.01171875 0.4305555555555556 0.0234375 0.4409722222222222 0.03125 0.4201388888888889 0.01953125 0.375 0.01171875 0.3888888888888889 0.01171875 0.4305555555555556
0 0.978515625 0.4513888888888889 0.998046875 0.4479166666666667 0.998046875 0.40625 0.97265625 0.4340277777777778 0.96875 0.4409722222222222 0.978515625 0.4513888888888889
0 0 0.59375 0.03515625 0.6041666666666666 0.04296875 0.5902777777777778 0.037109375 0.5451388888888888 0.017578125 0.5486111111111112 0.013671875 0.5625 0 0.5659722222222222 0 0.59375
0 0.51171875 0.3159722222222222 0.505859375 0.2916666666666667 0.513671875 0.28125 0.505859375 0.2777777777777778 0.50390625 0.3090277777777778 0.51171875 0.3159722222222222
0 0.537109375 0.3229166666666667 0.548828125 0.3263888888888889 0.5546875 0.2951388888888889 0.548828125 0.28125 0.54296875 0.2847222222222222 0.537109375 0.2951388888888889 0.537109375 0.3229166666666667
0 0.78125 0.3888888888888889 0.79296875 0.3680555555555556 0.7890625 0.34375 0.767578125 0.34375 0.755859375 0.3576388888888889 0.755859375 0.3888888888888889 0.78125 0.3888888888888889
0 0.1015625 0.4409722222222222 0.103515625 0.4097222222222222 0.09765625 0.3854166666666667 0.091796875 0.375 0.080078125 0.375 0.076171875 0.3854166666666667 0.076171875 0.4340277777777778 0.1015625 0.4409722222222222
0 0.037109375 0.4409722222222222 0.068359375 0.4513888888888889 0.064453125 0.4027777777777778 0.0546875 0.3923611111111111 0.044921875 0.40625 0.037109375 0.3993055555555556 0.03125 0.40625 0.037109375 0.4409722222222222
0 0.5234375 0.4930555555555556 0.537109375 0.4826388888888889 0.56640625 0.4826388888888889 0.568359375 0.4479166666666667 0.56640625 0.4375 0.55078125 0.4513888888888889 0.53125 0.4375 0.51953125 0.46875 0.517578125 0.4826388888888889 0.5234375 0.4930555555555556
0 0.568359375 0.3229166666666667 0.57421875 0.2951388888888889 0.5625 0.2847222222222222 0.560546875 0.3090277777777778 0.568359375 0.3229166666666667
0 0.67578125 0.4409722222222222 0.67578125 0.4201388888888889 0.6640625 0.4236111111111111 0.6484375 0.3993055555555556 0.63671875 0.4131944444444444 0.630859375 0.4513888888888889 0.67578125 0.4409722222222222
0 0.1171875 0.4236111111111111 0.123046875 0.4340277777777778 0.142578125 0.4340277777777778 0.142578125 0.3888888888888889 0.130859375 0.375 0.1171875 0.3993055555555556 0.1171875 0.4236111111111111
0 0.08984375 0.7673611111111112 0.125 0.7256944444444444 0.150390625 0.7291666666666666 0.162109375 0.7048611111111112 0.15625 0.6805555555555556 0.16015625 0.65625 0.146484375 0.65625 0.1171875 0.7222222222222222 0.111328125 0.7152777777777778 0.111328125 0.6736111111111112 0.09765625 0.6701388888888888 0.07421875 0.7222222222222222 0.076171875 0.7673611111111112 0.08984375 0.7673611111111112