0 0.166015625 0.3715277777777778 0.16796875 0.3368055555555556 0.162109375 0.3263888888888889 0.150390625 0.3368055555555556 0.150390625 0.3715277777777778 0.166015625 0.3715277777777778
0 0.404296875 0.3611111111111111 0.40625 0.3229166666666667 0.39453125 0.3125 0.39453125 0.34375 0.404296875 0.3611111111111111
0 0.123046875 0.3541666666666667 0.1171875 0.3263888888888889 0.099609375 0.3229166666666667 0.095703125 0.3333333333333333 0.09765625 0.3680555555555556 0.123046875 0.3541666666666667
0 0.353515625 0.3402777777777778 0.34765625 0.3298611111111111 0.35546875 0.3055555555555556 0.34765625 0.2986111111111111 0.34375 0.3263888888888889 0.353515625 0.3402777777777778
0 0.84375 0.2743055555555556 0.849609375 0.2673611111111111 0.84765625 0.2465277777777778 0.830078125 0.25 0.826171875 0.2638888888888889 0.84375 0.2743055555555556
0 0.724609375 0.3541666666666667 0.736328125 0.34375 0.736328125 0.3263888888888889 0.728515625 0.3159722222222222 0.69921875 0.3159722222222222 0.693359375 0.3541666666666667 0.724609375 0.3541666666666667
0 0.236328125 0.2916666666666667 0.248046875 0.2951388888888889 0.2421875 0.2534722222222222 0.234375 0.2534722222222222 0.236328125 0.2916666666666667
0 0.1484375 0.9965277777777778 0.15625 0.9930555555555556 0.1484375 0.9861111111111112 0.1484375 0.9965277777777778
0 0.166015625 0.9930555555555556 0.2109375 0.9965277777777778 0.205078125 0.96875 0.1875 0.9375 0.162109375 0.9548611111111112 0.166015625 0.9930555555555556
0 0.07421875 0.4305555555555556 0.109375 0.4305555555555556 0.099609375 0.3923611111111111 0.0859375 0.40625 0.072265625 0.3993055555555556 0.068359375 0.4097222222222222 0.07421875 0.4305555555555556
0 0.28125 0.34375 0.29296875 0.34375 0.291015625 0.3125 0.28515625 0.3125 0.279296875 0.3229166666666667 0.28125 0.34375
0 0.123046875 0.5972222222222222 0.134765625 0.5798611111111112 0.130859375 0.5347222222222222 0.11328125 0.53125 0.111328125 0.5902777777777778 0.123046875 0.5972222222222222
0 0.251953125 0.2534722222222222 0.25 0.22916666666666666 0.244140625 0.22916666666666666 0.2421875 0.25 0.251953125 0.2534722222222222
0 0.24609375 0.5763888888888888 0.255859375 0.5625 0.255859375 0.5243055555555556 0.248046875 0.5104166666666666 0.23828125 0.5138888888888888 0.236328125 0.5694444444444444 0.24609375 0.5763888888888888
0 0.3046875 0.4826388888888889 0.306640625 0.4548611111111111 0.29296875 0.4409722222222222 0.291015625 0.4652777777777778 0.3046875 0.4826388888888889
0 0.767578125 0.4652777777777778 0.806640625 0.4618055555555556 0.8125 0.4409722222222222 0.8125 0.3888888888888889 0.8046875 0.375 0.767578125 0.40625 0.76171875 0.4375 0.767578125 0.4652777777777778
0 0.380859375 0.3333333333333333 0.369140625 0.34375 0.384765625 0.3541666666666667 0.380859375 0.3090277777777778 0.373046875 0.3090277777777778 0.369140625 0.3125 0.380859375 0.3333333333333333
0 0.4375 0.3958333333333333 0.42578125 0.4166666666666667 0.435546875 0.4305555555555556 0.44140625 0.3854166666666667 0.4375 0.375 0.4296875 0.3784722222222222 0.42578125 0.3854166666666667 0.4375 0.3958333333333333
0 0.03125 0.8090277777777778 0.037109375 0.8125 0.048828125 0.78125 0.048828125 0.7013888888888888 0.0234375 0.7013888888888888 0.01953125 0.7604166666666666 0.03125 0.8090277777777778
0 0.1484375 0.3576388888888889 0.16015625 0.3541666666666667 0.154296875 0.3680555555555556 0.16015625 0.3715277777777778 0.16796875 0.3576388888888889 0.166015625 0.3263888888888889 0.15625 0.3055555555555556 0.14453125 0.3090277777777778 0.13671875 0.3368055555555556 0.1484375 0.3576388888888889
0 0.07421875 0.3263888888888889 0.07421875 0.2916666666666667 0.056640625 0.2951388888888889 0.052734375 0.3055555555555556 0.0546875 0.3368055555555556 0.07421875 0.3263888888888889
0 0.1484375 0.7534722222222222 0.154296875 0.7534722222222222 0.162109375 0.7222222222222222 0.162109375 0.6597222222222222 0.142578125 0.65625 0.142578125 0.7291666666666666 0.1484375 0.7534722222222222
0 0.28125 0.5798611111111112 0.2734375 0.5868055555555556 0.2734375 0.6041666666666666 0.28125 0.6076388888888888 0.283203125 0.5763888888888888 0.298828125 0.5451388888888888 0.29296875 0.53125 0.28125 0.53125 0.275390625 0.5555555555555556 0.2734375 0.5694444444444444 0.28125 0.5798611111111112
0 0.3046875 0.65625 0.3046875 0.6111111111111112 0.287109375 0.6111111111111112 0.28515625 0.6493055555555556 0.3046875 0.65625
0 0.08203125 0.8263888888888888 0.09375 0.8541666666666666 0.10546875 0.8229166666666666 0.10546875 0.7326388888888888 0.08203125 0.7326388888888888 0.076171875 0.78125 0.08203125 0.8263888888888888
0 0.28125 0.34375 0.291015625 0.34375 0.296875 0.3263888888888889 0.291015625 0.2986111111111111 0.28125 0.3090277777777778 0.28125 0.34375
0 0.310546875 0.30972222222222223 0.318359375 0.2986111111111111 0.310546875 0.2986111111111111 0.310546875 0.30972222222222223
0 0.310546875 0.3333333333333333 0.318359375 0.3368055555555556 0.318359375 0.3177083333333333 0.310546875 0.31354166666666666 0.310546875 0.3333333333333333
0 0.3359375 0.3368055555555556 0.341796875 0.2951388888888889 0.3359375 0.28125 0.330078125 0.2847222222222222 0.326171875 0.3055555555555556 0.3359375 0.3368055555555556
0 0.080078125 0.6701388888888888 0.09765625 0.6423611111111112 0.09765625 0.6180555555555556 0.09375 0.59375 0.068359375 0.5902777777777778 0.0625 0.6215277777777778 0.080078125 0.6701388888888888
0 0.279296875 0.3576388888888889 0.279296875 0.3263888888888889 0.267578125 0.3125 0.263671875 0.3576388888888889 0.279296875 0.3576388888888889
0 0.154296875 0.5416666666666666 0.166015625 0.5 0.162109375 0.4861111111111111 0.14453125 0.4930555555555556 0.142578125 0.5243055555555556 0.154296875 0.5416666666666666
0 0.6484375 0.9930555555555556 0.654296875 0.9826388888888888 0.64453125 0.9097222222222222 0.625 0.9236111111111112 0.6171875 0.9409722222222222 0.61328125 0.9930555555555556 0.6484375 0.9930555555555556
0 0.185546875 0.5798611111111112 0.19921875 0.5555555555555556 0.19921875 0.53125 0.193359375 0.5138888888888888 0.17578125 0.5173611111111112 0.173828125 0.5520833333333334 0.185546875 0.5798611111111112
0 0.26953125 0.2986111111111111 0.259765625 0.3055555555555556 0.263671875 0.3159722222222222 0.2734375 0.3090277777777778 0.267578125 0.28125 0.259765625 0.28125 0.26953125 0.2986111111111111
0 0.216796875 0.6875 0.23046875 0.6527777777777778 0.23046875 0.625 0.224609375 0.5972222222222222 0.20703125 0.5972222222222222 0.20703125 0.6805555555555556 0.216796875 0.6875
0 0.13671875 0.4409722222222222 0.142578125 0.4305555555555556 0.14453125 0.3888888888888889 0.142578125 0.3784722222222222 0.130859375 0.3784722222222222 0.12890625 0.4340277777777778 0.13671875 0.4409722222222222
0 0 0.96875 0.017578125 0.9236111111111112 0.01171875 0.9131944444444444 0.01171875 0.8819444444444444 0.0234375 0.8576388888888888 0.0234375 0.8402777777777778 0.017578125 0.8368055555555556 0.015625 0.8645833333333334 0 0.8576388888888888 0 0.96875
0 0.537109375 0.4930555555555556 0.54296875 0.4826388888888889 0.54296875 0.4513888888888889 0.5390625 0.4375 0.53125 0.4375 0.529296875 0.46875 0.537109375 0.4930555555555556
0 0.228515625 0.2604166666666667 0.228515625 0.2361111111111111 0.22265625 0.22916666666666666 0.21875 0.2743055555555556 0.228515625 0.2604166666666667
0 0.048828125 0.3125 0.05078125 0.2847222222222222 0.037109375 0.28125 0.03515625 0.3125 0.048828125 0.3125
0 0.556640625 0.9861111111111112 0.55859375 0.9965277777777778 0.568359375 0.9965277777777778 0.556640625 0.9756944444444444 0.560546875 0.9618055555555556 0.55078125 0.96875 0.548828125 0.9965277777777778 0.556640625 0.9861111111111112
0 0.5986328125 0.9392361111111112 0.009765625 0.003472222222222222
0 0.634765625 0.9965277777777778 0.654296875 0.9826388888888888 0.6484375 0.9097222222222222 0.640625 0.90625 0.6171875 0.9375 0.611328125 0.9930555555555556 0.634765625 0.9965277777777778
0 0.59375 0.9166666666666666 0.59375 0.9027777777777778 0.58203125 0.8888888888888888 0.580078125 0.9027777777777778 0.59375 0.9166666666666666
0 0.359375 0.2951388888888889 0.361328125 0.2638888888888889 0.353515625 0.2673611111111111 0.349609375 0.2777777777777778 0.359375 0.2951388888888889
0 0.609375 0.2048611111111111 0.603515625 0.1909722222222222 0.599609375 0.21875 0.609375 0.2048611111111111
0 0.205078125 0.3993055555555556 0.197265625 0.3680555555555556 0.16796875 0.3576388888888889 0.1640625 0.4027777777777778 0.205078125 0.3993055555555556
0 0.75390625 0.3888888888888889 0.7734375 0.3888888888888889 0.78125 0.3576388888888889 0.7734375 0.3576388888888889 0.7734375 0.34375 0.765625 0.3368055555555556 0.755859375 0.3368055555555556 0.75 0.3784722222222222 0.75390625 0.3888888888888889