0 0.29296875 0.9965277777777778 0.283203125 0.9652777777777778 0.263671875 0.96875 0.26171875 0.9965277777777778 0.29296875 0.9965277777777778
0 0.193359375 0.7013888888888888 0.19921875 0.7013888888888888 0.197265625 0.6076388888888888 0.173828125 0.6180555555555556 0.16796875 0.6493055555555556 0.193359375 0.7013888888888888
0 0.349609375 0.8032395833333333 0.361328125 0.8055555555555556 0.365234375 0.8194444444444444 0.349609375 0.8252326388888889 0.3515625 0.8541666666666666 0.388671875 0.8993055555555556 0.404296875 0.90625 0.412109375 0.9305555555555556 0.41796875 0.9305555555555556 0.423828125 0.9097222222222222 0.412109375 0.8645833333333334 0.416015625 0.8402777777777778 0.41015625 0.8125 0.39453125 0.8055555555555556 0.380859375 0.8263888888888888 0.369140625 0.8263888888888888 0.361328125 0.78125 0.349609375 0.78125 0.349609375 0.8032395833333333
0 0.513671875 0.6388888888888888 0.5234375 0.6076388888888888 0.517578125 0.6006944444444444 0.51171875 0.5555555555555556 0.4921875 0.5729166666666666 0.48046875 0.6041666666666666 0.513671875 0.6388888888888888
0 0.724609375 0.8125 0.740234375 0.8125 0.787109375 0.8611111111111112 0.798828125 0.8541666666666666 0.79296875 0.8263888888888888 0.798828125 0.7986111111111112 0.78515625 0.7604166666666666 0.759765625 0.75 0.755859375 0.7708333333333334 0.748046875 0.7743055555555556 0.734375 0.7361111111111112 0.71875 0.7222222222222222 0.7109375 0.7743055555555556 0.724609375 0.8125
0 0.873046875 0.4236111111111111 0.87890625 0.4201388888888889 0.88671875 0.4479166666666667 0.923828125 0.4479166666666667 0.9296875 0.4375 0.921875 0.40625 0.900390625 0.4027777777777778 0.89453125 0.3888888888888889 0.87890625 0.4097222222222222 0.880859375 0.4166666666666667 0.873046875 0.4236111111111111
0 0.91796875 0.9652777777777778 0.931640625 0.9965277777777778 0.955078125 0.9930555555555556 0.9609375 0.9826388888888888 0.9609375 0.9618055555555556 0.947265625 0.9444444444444444 0.9375 0.9027777777777778 0.94140625 0.875 0.91796875 0.8611111111111112 0.91015625 0.8715277777777778 0.916015625 0.90625 0.90625 0.9201388888888888 0.888671875 0.9201388888888888 0.88671875 0.9513888888888888 0.91796875 0.9652777777777778
0 0.8359375 0.8611111111111112 0.8359375 0.8888888888888888 0.84375 0.9340277777777778 0.873046875 0.9513888888888888 0.8828125 0.9131944444444444 0.89453125 0.90625 0.892578125 0.8888888888888888 0.86328125 0.8611111111111112 0.85546875 0.8368055555555556 0.837890625 0.8368055555555556 0.841796875 0.8576388888888888 0.8359375 0.8611111111111112
0 0.111328125 0.3055555555555556 0.125 0.3055555555555556 0.125 0.2638888888888889 0.111328125 0.2673611111111111 0.10546875 0.2847222222222222 0.111328125 0.3055555555555556
0 0.716796875 0.7048611111111112 0.7265625 0.7013888888888888 0.728515625 0.6805555555555556 0.71875 0.6215277777777778 0.701171875 0.625 0.693359375 0.6076388888888888 0.67578125 0.5972222222222222 0.673828125 0.6527777777777778 0.716796875 0.7048611111111112
0 0.912109375 0.7326388888888888 0.921875 0.7604166666666666 0.9375 0.75 0.935546875 0.7013888888888888 0.92578125 0.65625 0.90625 0.6597222222222222 0.896484375 0.7013888888888888 0.888671875 0.6909722222222222 0.880859375 0.6423611111111112 0.8671875 0.6388888888888888 0.861328125 0.6631944444444444 0.8671875 0.7152777777777778 0.912109375 0.7326388888888888
0 0.005859375 0.4722222222222222 0.013671875 0.4930555555555556 0.029296875 0.5034722222222222 0.029296875 0.4548611111111111 0.01171875 0.4513888888888889 0.005859375 0.4548611111111111 0.005859375 0.4722222222222222
0 0.29296875 0.5173611111111112 0.302734375 0.5173611111111112 0.3046875 0.4479166666666667 0.291015625 0.4444444444444444 0.287109375 0.4930555555555556 0.29296875 0.5173611111111112
0 0.08203125 0.5138888888888888 0.09765625 0.5451388888888888 0.103515625 0.5451388888888888 0.103515625 0.46875 0.080078125 0.46875 0.08203125 0.5138888888888888
0 0.298828125 0.65625 0.3046875 0.625 0.296875 0.5798611111111112 0.2890625 0.5625 0.275390625 0.5763888888888888 0.275390625 0.6284722222222222 0.298828125 0.65625
0 0.375 0.5729166666666666 0.384765625 0.5798611111111112 0.392578125 0.5277777777777778 0.384765625 0.5 0.373046875 0.5138888888888888 0.3671875 0.5451388888888888 0.375 0.5729166666666666
0 0.263671875 0.5243055555555556 0.28125 0.5277777777777778 0.279296875 0.4861111111111111 0.2734375 0.4826388888888889 0.255859375 0.5 0.263671875 0.5243055555555556
0 0.1484375 0.3576388888888889 0.1484375 0.3263888888888889 0.134765625 0.3159722222222222 0.134765625 0.3576388888888889 0.1484375 0.3576388888888889
0 0.05078125 0.3541666666666667 0.0546875 0.3125 0.037109375 0.3090277777777778 0.037109375 0.3402777777777778 0.05078125 0.3541666666666667
0 0.94921875 0.84375 0.955078125 0.8541666666666666 0.955078125 0.8993055555555556 0.96875 0.9166666666666666 0.998046875 0.9201388888888888 0.998046875 0.84375 0.974609375 0.8125 0.955078125 0.8159722222222222 0.955078125 0.8368055555555556 0.94921875 0.84375
0 0.255859375 0.6840277777777778 0.248046875 0.7152777777777778 0.26171875 0.71875 0.28125 0.7430555555555556 0.279296875 0.6736111111111112 0.267578125 0.6527777777777778 0.25 0.6666666666666666 0.255859375 0.6701388888888888 0.255859375 0.6840277777777778
0 0.82421875 0.7048611111111112 0.814453125 0.6701388888888888 0.798828125 0.6736111111111112 0.810546875 0.6979166666666666 0.81640625 0.7326388888888888 0.85546875 0.7743055555555556 0.861328125 0.7638888888888888 0.861328125 0.7361111111111112 0.85546875 0.7256944444444444 0.859375 0.6875 0.8515625 0.6666666666666666 0.8359375 0.6527777777777778 0.8359375 0.6805555555555556 0.82421875 0.7048611111111112
0 0.537109375 0.8368055555555556 0.541015625 0.8680555555555556 0.5625 0.9166666666666666 0.572265625 0.9236111111111112 0.58203125 0.9097222222222222 0.580078125 0.8680555555555556 0.5625 0.8368055555555556 0.5625 0.8090277777777778 0.556640625 0.7986111111111112 0.54296875 0.8090277777777778 0.54296875 0.8298611111111112 0.537109375 0.8368055555555556
0 0.51171875 0.8993055555555556 0.517578125 0.8368055555555556 0.5234375 0.8263888888888888 0.505859375 0.7916666666666666 0.494140625 0.8090277777777778 0.498046875 0.8888888888888888 0.51171875 0.8993055555555556
0 0.548828125 0.7916666666666666 0.5625 0.8055555555555556 0.5625 0.8298611111111112 0.57421875 0.8576388888888888 0.5859375 0.8541666666666666 0.5859375 0.8298611111111112 0.56640625 0.75 0.548828125 0.7430555555555556 0.54296875 0.75 0.548828125 0.7916666666666666
0 0.51171875 0.7777777777777778 0.517578125 0.7326388888888888 0.509765625 0.7326388888888888 0.505859375 0.7743055555555556 0.51171875 0.7777777777777778
0 0.26171875 0.4375 0.267578125 0.40625 0.2578125 0.3854166666666667 0.25 0.3958333333333333 0.248046875 0.4236111111111111 0.26171875 0.4375
0 0.205078125 0.3993055555555556 0.197265625 0.3715277777777778 0.173828125 0.375 0.171875 0.3576388888888889 0.162109375 0.3993055555555556 0.205078125 0.3993055555555556
0 0.130859375 0.5347222222222222 0.162109375 0.5590277777777778 0.166015625 0.5104166666666666 0.1484375 0.4861111111111111 0.130859375 0.5104166666666666 0.130859375 0.5347222222222222
0 0.32421875 0.5416666666666666 0.341796875 0.5763888888888888 0.349609375 0.53125 0.34765625 0.5 0.33203125 0.5 0.32421875 0.5138888888888888 0.32421875 0.5416666666666666
0 0.109375 0.3888888888888889 0.111328125 0.3472222222222222 0.09765625 0.3402777777777778 0.09375 0.375 0.109375 0.3888888888888889
0 0.873046875 0.9930555555555556 0.8671875 0.9826388888888888 0.849609375 0.9826388888888888 0.84765625 0.9965277777777778 0.873046875 0.9930555555555556
0 0.810546875 0.9930555555555556 0.810546875 0.9791666666666666 0.796875 0.9513888888888888 0.763671875 0.9340277777777778 0.767578125 0.9965277777777778 0.810546875 0.9930555555555556
0 0.005859375 0.6666666666666666 0.00390625 0.6076388888888888 0 0.6736111111111112 0.005859375 0.6666666666666666
0 0.08203125 0.4479166666666667 0.0859375 0.3993055555555556 0.07421875 0.3923611111111111 0.07421875 0.4340277777777778 0.08203125 0.4479166666666667
0 0.23046875 0.5451388888888888 0.228515625 0.4965277777777778 0.201171875 0.5 0.203125 0.53125 0.23046875 0.5451388888888888
0 0.611328125 0.6666666666666666 0.63671875 0.6875 0.642578125 0.6666666666666666 0.63671875 0.6041666666666666 0.623046875 0.6076388888888888 0.623046875 0.6215277777777778 0.61328125 0.625 0.611328125 0.6076388888888888 0.599609375 0.5972222222222222 0.599609375 0.6701388888888888 0.611328125 0.6666666666666666
0 0.48046875 0.9930555555555556 0.4765625 0.9826388888888888 0.45703125 0.9861111111111112 0.455078125 0.9965277777777778 0.48046875 0.9930555555555556
0 0.421875 0.9930555555555556 0.416015625 0.9618055555555556 0.400390625 0.96875 0.39453125 0.9965277777777778 0.421875 0.9930555555555556
0 0.09765625 0.3263888888888889 0.10546875 0.3125 0.10546875 0.2951388888888889 0.09765625 0.28125 0.08203125 0.2916666666666667 0.08203125 0.3263888888888889 0.09765625 0.3263888888888889
0 0.37890625 0.4722222222222222 0.392578125 0.5243055555555556 0.39453125 0.5 0.38671875 0.4965277777777778 0.384765625 0.4826388888888889 0.392578125 0.46875 0.38671875 0.4409722222222222 0.373046875 0.4513888888888889 0.369140625 0.46875 0.37890625 0.4722222222222222
0 0.01953125 0.5798611111111112 0.01171875 0.59375 0.017578125 0.59375 0.029296875 0.5451388888888888 0.01953125 0.5138888888888888 0.005859375 0.5173611111111112 0.00390625 0.5625 0.01953125 0.5798611111111112
0 0.080078125 0.3055555555555556 0.07421875 0.28125 0.056640625 0.28125 0.0546875 0.3125 0.080078125 0.3055555555555556
0 0.013671875 0.9930555555555556 0.013671875 0.8715277777777778 0.001953125 0.8715277777777778 0 0.9930555555555556 0.013671875 0.9930555555555556
0 0.79296875 0.7743055555555556 0.818359375 0.8055555555555556 0.82421875 0.7951388888888888 0.82421875 0.7638888888888888 0.818359375 0.7569444444444444 0.810546875 0.7048611111111112 0.802734375 0.6875 0.791015625 0.6944444444444444 0.787109375 0.7326388888888888 0.79296875 0.7743055555555556
0 0.619140625 0.8402777777777778 0.63671875 0.8263888888888888 0.642578125 0.8541666666666666 0.65625 0.8680555555555556 0.666015625 0.8229166666666666 0.65625 0.7986111111111112 0.650390625 0.75 0.638671875 0.75 0.623046875 0.7743055555555556 0.623046875 0.7638888888888888 0.599609375 0.7326388888888888 0.59375 0.7951388888888888 0.619140625 0.8402777777777778
0 0.685546875 0.9236111111111112 0.673828125 0.9236111111111112 0.69140625 0.96875 0.681640625 0.9930555555555556 0.689453125 0.9791666666666666 0.697265625 0.9826388888888888 0.69921875 0.9965277777777778 0.7109375 0.9965277777777778 0.720703125 0.9791666666666666 0.71875 0.9756944444444444 0.70703125 0.9097222222222222 0.69140625 0.9097222222222222 0.685546875 0.9236111111111112
0 0.63671875 0.9305555555555556 0.6484375 0.9201388888888888 0.650390625 0.8888888888888888 0.62890625 0.8784722222222222 0.625 0.9236111111111112 0.63671875 0.9305555555555556
0 0.3984375 0.7118055555555556 0.3984375 0.7326388888888888 0.41015625 0.7569444444444444 0.4296875 0.7638888888888888 0.44921875 0.7951388888888888 0.4609375 0.7916666666666666 0.4609375 0.7534722222222222 0.451171875 0.7256944444444444 0.44921875 0.6875 0.41015625 0.7013888888888888 0.412109375 0.7118055555555556 0.3984375 0.7118055555555556
0 0.4296875 0.6423611111111112 0.458984375 0.6666666666666666 0.46875 0.6875 0.478515625 0.6701388888888888 0.478515625 0.6527777777777778 0.466796875 0.59375 0.455078125 0.5868055555555556 0.443359375 0.6041666666666666 0.447265625 0.6215277777777778 0.4296875 0.6423611111111112
0 0.486328125 0.9340277777777778 0.4921875 0.9479166666666666 0.48828125 0.9791666666666666 0.5 0.9930555555555556 0.5234375 0.9965277777777778 0.525390625 0.9826388888888888 0.533203125 0.9965277777777778 0.5390625 0.9826388888888888 0.54296875 0.9965277777777778 0.57421875 0.9930555555555556 0.560546875 0.9236111111111112 0.546875 0.9375 0.541015625 0.9722222222222222 0.525390625 0.9722222222222222 0.5234375 0.9513888888888888 0.51171875 0.9340277777777778 0.51171875 0.90625 0.4921875 0.8993055555555556 0.486328125 0.9027777777777778 0.486328125 0.9340277777777778
0 0.693359375 0.8368055555555556 0.69921875 0.8402777777777778 0.70703125 0.8263888888888888 0.705078125 0.78125 0.69140625 0.71875 0.677734375 0.7256944444444444 0.6796875 0.7534722222222222 0.662109375 0.78125 0.66015625 0.7986111111111112 0.693359375 0.8368055555555556
0 0.4609375 0.5798611111111112 0.4765625 0.59375 0.484375 0.5798611111111112 0.48046875 0.5451388888888888 0.474609375 0.5173611111111112 0.466796875 0.5173611111111112 0.4609375 0.5243055555555556 0.4609375 0.5798611111111112
0 0.125 0.7152777777777778 0.15625 0.7430555555555556 0.16015625 0.6805555555555556 0.150390625 0.65625 0.13671875 0.6527777777777778 0.125 0.6701388888888888 0.1171875 0.6597222222222222 0.111328125 0.6840277777777778 0.125 0.7152777777777778
0 0.546875 0.6701388888888888 0.556640625 0.6736111111111112 0.568359375 0.6979166666666666 0.57421875 0.6875 0.57421875 0.6111111111111112 0.56640625 0.5972222222222222 0.541015625 0.5902777777777778 0.537109375 0.6388888888888888 0.546875 0.6701388888888888
0 0.1962890625 0.9131944444444444 0.005859375 0.013888888888888888
0 0.19921875 0.8888888888888888 0.205078125 0.8923611111111112 0.20703125 0.9201388888888888 0.19921875 0.9236111111111112 0.19921875 0.9375 0.20703125 0.9375 0.23828125 0.9826388888888888 0.25 0.9826388888888888 0.25390625 0.9652777777777778 0.2421875 0.9166666666666666 0.236328125 0.8472222222222222 0.21875 0.84375 0.205078125 0.8611111111111112 0.205078125 0.8819444444444444 0.19921875 0.8888888888888888