0 0.048828125 0.4583333333333333 0.0546875 0.46875 0.0625 0.4652777777777778 0.0625 0.40625 0.048828125 0.4201388888888889 0.048828125 0.4583333333333333
0 0.0546875 0.75 0.06640625 0.8229166666666666 0.087890625 0.8611111111111112 0.09375 0.8576388888888888 0.099609375 0.8229166666666666 0.099609375 0.7673611111111112 0.08984375 0.7465277777777778 0.072265625 0.7604166666666666 0.0546875 0.75
0 0.05078125 0.71875 0.076171875 0.6805555555555556 0.07421875 0.6597222222222222 0.06640625 0.6597222222222222 0.048828125 0.6701388888888888 0.05078125 0.71875
0 0.2734375 0.8958333333333334 0.267578125 0.90625 0.28125 0.9791666666666666 0.29296875 0.9826388888888888 0.298828125 0.9965277777777778 0.32421875 0.9965277777777778 0.322265625 0.9097222222222222 0.3046875 0.8923611111111112 0.28515625 0.9201388888888888 0.2734375 0.8611111111111112 0.267578125 0.8715277777777778 0.2734375 0.8958333333333334
0 0.04296875 0.4513888888888889 0.048828125 0.4409722222222222 0.048828125 0.4027777777777778 0.037109375 0.3923611111111111 0.03125 0.40625 0.03125 0.4513888888888889 0.04296875 0.4513888888888889
0 0.337890625 0.5 0.349609375 0.5034722222222222 0.349609375 0.4548611111111111 0.33203125 0.4548611111111111 0.330078125 0.4826388888888889 0.337890625 0.5
0 0.75390625 0.9930555555555556 0.71875 0.96875 0.71875 0.9965277777777778 0.75390625 0.9930555555555556
0 0.861328125 0.9965277777777778 0.85546875 0.9409722222222222 0.841796875 0.9340277777777778 0.82421875 0.9375 0.8046875 0.9548611111111112 0.80078125 0.96875 0.80078125 0.9965277777777778 0.861328125 0.9965277777777778
0 0 0.5347222222222222 0.0234375 0.5243055555555556 0.029296875 0.5 0.009765625 0.4722222222222222 0 0.4722222222222222 0 0.5347222222222222
0 0.224609375 0.4652777777777778 0.224609375 0.4201388888888889 0.20703125 0.4236111111111111 0.20703125 0.4548611111111111 0.224609375 0.4652777777777778
0 0.19140625 0.4618055555555556 0.19140625 0.4236111111111111 0.17578125 0.4201388888888889 0.17578125 0.4618055555555556 0.19140625 0.4618055555555556
0 0.3671875 0.6076388888888888 0.369140625 0.5902777777777778 0.361328125 0.5729166666666666 0.373046875 0.5625 0.361328125 0.5 0.35546875 0.4965277777777778 0.349609375 0.53125 0.3671875 0.6076388888888888
0 0.642578125 0.84375 0.642578125 0.8541666666666666 0.65625 0.8576388888888888 0.654296875 0.875 0.66796875 0.8784722222222222 0.67578125 0.84375 0.662109375 0.8298611111111112 0.662109375 0.8472222222222222 0.642578125 0.84375
0 0.673828125 0.8888888888888888 0.6953125 0.90625 0.69921875 0.9305555555555556 0.712890625 0.9513888888888888 0.724609375 0.9479166666666666 0.73046875 0.9236111111111112 0.71875 0.8784722222222222 0.724609375 0.84375 0.705078125 0.8055555555555556 0.693359375 0.8125 0.6875 0.8298611111111112 0.685546875 0.8680555555555556 0.673828125 0.8888888888888888
0 0.111328125 0.3125 0.123046875 0.3125 0.138671875 0.2916666666666667 0.130859375 0.2673611111111111 0.1171875 0.2673611111111111 0.109375 0.28125 0.111328125 0.3125
0 0.244140625 0.46875 0.26171875 0.4548611111111111 0.26171875 0.4340277777777778 0.248046875 0.4201388888888889 0.2421875 0.4305555555555556 0.244140625 0.46875
0 0.017578125 0.7638888888888888 0.03515625 0.7847222222222222 0.041015625 0.78125 0.04296875 0.6805555555555556 0.009765625 0.6875 0.005859375 0.7361111111111112 0.017578125 0.7638888888888888
0 0.013671875 0.34375 0.0234375 0.3576388888888889 0.048828125 0.3576388888888889 0.048828125 0.3298611111111111 0.029296875 0.3229166666666667 0.013671875 0.3263888888888889 0.013671875 0.34375
0 0.9921875 0.875 0.998046875 0.8715277777777778 0.998046875 0.8541666666666666 0.974609375 0.8055555555555556 0.98046875 0.78125 0.966796875 0.7708333333333334 0.98046875 0.7569444444444444 0.978515625 0.75 0.990234375 0.7465277777777778 0.998046875 0.71875 0.974609375 0.7326388888888888 0.97265625 0.7604166666666666 0.96484375 0.7708333333333334 0.9375 0.7291666666666666 0.935546875 0.7152777777777778 0.916015625 0.7048611111111112 0.912109375 0.75 0.9921875 0.875
0 0.724609375 0.2326388888888889 0.724609375 0.2465277777777778 0.755859375 0.2604166666666667 0.755859375 0.2361111111111111 0.7421875 0.2326388888888889 0.734375 0.25 0.724609375 0.2326388888888889
0 0.4609375 0.8125 0.48046875 0.7743055555555556 0.48046875 0.7013888888888888 0.4765625 0.7152777777777778 0.447265625 0.7326388888888888 0.453125 0.7465277777777778 0.44140625 0.75 0.4375 0.7743055555555556 0.4609375 0.8125
0 0.224609375 0.8159722222222222 0.236328125 0.7951388888888888 0.234375 0.7326388888888888 0.23046875 0.7118055555555556 0.2109375 0.7152777777777778 0.20703125 0.7638888888888888 0.224609375 0.8159722222222222
0 0.060546875 0.3368055555555556 0.080078125 0.3298611111111111 0.07421875 0.2951388888888889 0.056640625 0.3055555555555556 0.0546875 0.3263888888888889 0.060546875 0.3368055555555556
0 0.296875 0.4340277777777778 0.29296875 0.3715277777777778 0.275390625 0.3715277777777778 0.28125 0.4340277777777778 0.296875 0.4340277777777778
0 0.10546875 0.75 0.119140625 0.7534722222222222 0.125 0.7777777777777778 0.1328125 0.7777777777777778 0.134765625 0.7048611111111112 0.12890625 0.6840277777777778 0.10546875 0.6875 0.099609375 0.71875 0.10546875 0.75
0 0.1328125 0.6579861111111112 0.00390625 0.003472222222222222
0 0.16015625 0.4027777777777778 0.19921875 0.3993055555555556 0.205078125 0.3888888888888889 0.1796875 0.3576388888888889 0.15625 0.3576388888888889 0.154296875 0.3888888888888889 0.16015625 0.4027777777777778
0 0.09375 0.4166666666666667 0.10546875 0.4166666666666667 0.11328125 0.40625 0.111328125 0.3680555555555556 0.091796875 0.3645833333333333 0.087890625 0.3854166666666667 0.09375 0.4166666666666667
0 0.03125 0.3055555555555556 0.05078125 0.3229166666666667 0.0546875 0.2951388888888889 0.04296875 0.2777777777777778 0.03125 0.2777777777777778 0.03125 0.3055555555555556
0 0.8046875 0.9965277777777778 0.861328125 0.9965277777777778 0.857421875 0.9375 0.830078125 0.9340277777777778 0.80078125 0.96875 0.798828125 0.9861111111111112 0.8046875 0.9965277777777778
0 0.541015625 0.7951388888888888 0.53125 0.8125 0.548828125 0.8368055555555556 0.548828125 0.8090277777777778 0.56640625 0.8055555555555556 0.580078125 0.7534722222222222 0.56640625 0.7361111111111112 0.5546875 0.7465277777777778 0.552734375 0.7638888888888888 0.541015625 0.7638888888888888 0.541015625 0.75 0.525390625 0.7604166666666666 0.525390625 0.7777777777777778 0.541015625 0.7951388888888888
0 0.31640625 0.7916666666666666 0.32421875 0.8125 0.31640625 0.8645833333333334 0.322265625 0.875 0.345703125 0.8784722222222222 0.349609375 0.84375 0.337890625 0.7986111111111112 0.330078125 0.7916666666666666 0.330078125 0.7743055555555556 0.32421875 0.7743055555555556 0.322265625 0.7951388888888888 0.31640625 0.7916666666666666
0 0.556640625 0.8888888888888888 0.63671875 0.9201388888888888 0.625 0.8888888888888888 0.623046875 0.8263888888888888 0.61328125 0.7951388888888888 0.59765625 0.78125 0.587890625 0.7951388888888888 0.568359375 0.7951388888888888 0.564453125 0.8090277777777778 0.55078125 0.8055555555555556 0.548828125 0.8715277777777778 0.556640625 0.8888888888888888
0 0.634765625 0.7986111111111112 0.638671875 0.78125 0.62890625 0.7604166666666666 0.634765625 0.7361111111111112 0.619140625 0.7013888888888888 0.609375 0.7013888888888888 0.599609375 0.7222222222222222 0.59375 0.7673611111111112 0.634765625 0.7986111111111112
0 0.455078125 0.8541666666666666 0.474609375 0.8784722222222222 0.474609375 0.8888888888888888 0.48046875 0.84375 0.46875 0.8090277777777778 0.4609375 0.8194444444444444 0.462890625 0.8368055555555556 0.455078125 0.8541666666666666
0 0.48828125 0.84375 0.486328125 0.875 0.4921875 0.8854166666666666 0.486328125 0.8888888888888888 0.486328125 0.9097222222222222 0.5 0.9340277777777778 0.51953125 0.90625 0.513671875 0.8819444444444444 0.513671875 0.8055555555555556 0.484375 0.8263888888888888 0.48046875 0.8298611111111112 0.48828125 0.84375
0 0.138671875 0.9930555555555556 0.15625 0.9965277777777778 0.15625 0.8854166666666666 0.1484375 0.84375 0.138671875 0.8368055555555556 0.14453125 0.8576388888888888 0.119140625 0.8854166666666666 0.115234375 0.9027777777777778 0.10546875 0.8888888888888888 0.10546875 0.9305555555555556 0.138671875 0.9930555555555556