0 0.921875 0.2777777777777778 0.91796875 0.25 0.896484375 0.2604166666666667 0.89453125 0.28125 0.921875 0.2777777777777778
0 0.087890625 0.3263888888888889 0.0859375 0.2951388888888889 0.068359375 0.2986111111111111 0.068359375 0.3298611111111111 0.087890625 0.3263888888888889
0 0.58203125 0.4618055555555556 0.56640625 0.4513888888888889 0.58203125 0.4305555555555556 0.580078125 0.4201388888888889 0.568359375 0.4479166666666667 0.556640625 0.4409722222222222 0.5546875 0.4166666666666667 0.548828125 0.4201388888888889 0.537109375 0.4652777777777778 0.58203125 0.4618055555555556
0 0.51171875 0.34375 0.53125 0.3402777777777778 0.53125 0.3229166666666667 0.5234375 0.3090277777777778 0.509765625 0.3125 0.505859375 0.3229166666666667 0.51171875 0.34375
0 0.546875 0.3229166666666667 0.5546875 0.3125 0.552734375 0.28125 0.54296875 0.28125 0.546875 0.3229166666666667
0 0.0859375 0.4340277777777778 0.091796875 0.4375 0.10546875 0.4201388888888889 0.095703125 0.375 0.0859375 0.375 0.0859375 0.4340277777777778
0 0.25390625 0.5277777777777778 0.279296875 0.5104166666666666 0.3046875 0.5138888888888888 0.30078125 0.46875 0.26171875 0.4652777777777778 0.251953125 0.4895833333333333 0.248046875 0.5138888888888888 0.25390625 0.5277777777777778
0 0.125 0.4201388888888889 0.13671875 0.4201388888888889 0.13671875 0.3715277777777778 0.119140625 0.3715277777777778 0.119140625 0.40625 0.125 0.4201388888888889
0 0.318359375 0.4826388888888889 0.330078125 0.46875 0.35546875 0.4652777777777778 0.359375 0.4548611111111111 0.345703125 0.4444444444444444 0.34765625 0.4236111111111111 0.33203125 0.4236111111111111 0.318359375 0.4375 0.3125 0.4618055555555556 0.318359375 0.4826388888888889
0 0.8984375 0.4166666666666667 0.921875 0.4097222222222222 0.923828125 0.3854166666666667 0.91796875 0.3715277777777778 0.8984375 0.3888888888888889 0.892578125 0.4027777777777778 0.8984375 0.4166666666666667
0 0.12890625 0.2986111111111111 0.126953125 0.2708333333333333 0.115234375 0.2708333333333333 0.111328125 0.2951388888888889 0.12890625 0.2986111111111111
0 0 0.5590277777777778 0.017578125 0.5625 0.0234375 0.5451388888888888 0.017578125 0.5138888888888888 0 0.5138888888888888 0 0.5590277777777778
0 0.38671875 0.6180555555555556 0.40625 0.6041666666666666 0.3984375 0.5798611111111112 0.41796875 0.5694444444444444 0.421875 0.6041666666666666 0.435546875 0.5625 0.4296875 0.5590277777777778 0.421875 0.5729166666666666 0.412109375 0.5625 0.388671875 0.5798611111111112 0.380859375 0.5659722222222222 0.375 0.6076388888888888 0.38671875 0.6180555555555556
0 0.5234375 0.5 0.53125 0.4722222222222222 0.529296875 0.4548611111111111 0.51953125 0.4548611111111111 0.513671875 0.46875 0.505859375 0.4479166666666667 0.4921875 0.46875 0.4921875 0.5138888888888888 0.5234375 0.5
0 0.037109375 0.53125 0.0703125 0.5138888888888888 0.09375 0.5243055555555556 0.099609375 0.5138888888888888 0.09765625 0.4861111111111111 0.083984375 0.4791666666666667 0.056640625 0.4791666666666667 0.03515625 0.5034722222222222 0.03125 0.5173611111111112 0.037109375 0.53125
0 0.138671875 0.5 0.154296875 0.5 0.162109375 0.4826388888888889 0.16796875 0.4965277777777778 0.193359375 0.4930555555555556 0.197265625 0.46875 0.185546875 0.4513888888888889 0.16796875 0.4722222222222222 0.142578125 0.4652777777777778 0.13671875 0.4791666666666667 0.138671875 0.5
0 0.025390625 0.4826388888888889 0.03515625 0.4965277777777778 0.064453125 0.4618055555555556 0.080078125 0.4791666666666667 0.09765625 0.4722222222222222 0.08203125 0.4375 0.07421875 0.4375 0.06640625 0.4583333333333333 0.046875 0.4409722222222222 0.037109375 0.4479166666666667 0.025390625 0.46875 0.025390625 0.4826388888888889
0 0.349609375 0.3229166666666667 0.365234375 0.3298611111111111 0.3671875 0.2951388888888889 0.35546875 0.2847222222222222 0.349609375 0.2951388888888889 0.349609375 0.3229166666666667
0 0.982421875 0.3784722222222222 0.986328125 0.3888888888888889 0.998046875 0.3888888888888889 0.998046875 0.3576388888888889 0.98828125 0.3611111111111111 0.974609375 0.3888888888888889 0.982421875 0.3784722222222222
0 0.125 0.4930555555555556 0.1484375 0.46875 0.1484375 0.4513888888888889 0.140625 0.4513888888888889 0.13671875 0.4375 0.125 0.4409722222222222 0.119140625 0.4548611111111111 0.1171875 0.4826388888888889 0.125 0.4930555555555556
0 0.36328125 0.4305555555555556 0.404296875 0.4340277777777778 0.400390625 0.3888888888888889 0.384765625 0.3854166666666667 0.380859375 0.375 0.37109375 0.3819444444444444 0.361328125 0.4027777777777778 0.36328125 0.4305555555555556
0 0.10546875 0.2743055555555556 0.099609375 0.25 0.08203125 0.2465277777777778 0.08203125 0.2777777777777778 0.10546875 0.2743055555555556
0 0.57421875 0.4027777777777778 0.58984375 0.4027777777777778 0.59765625 0.3854166666666667 0.59375 0.3680555555555556 0.5625 0.3784722222222222 0.57421875 0.4027777777777778