0 0.189453125 0.5451388888888888 0.19921875 0.5243055555555556 0.19921875 0.4826388888888889 0.17578125 0.4826388888888889 0.17578125 0.5347222222222222 0.189453125 0.5451388888888888
0 0.1484375 0.6180555555555556 0.171875 0.5972222222222222 0.166015625 0.5590277777777778 0.142578125 0.5590277777777778 0.138671875 0.5763888888888888 0.1484375 0.6180555555555556
0 0.193359375 0.8159722222222222 0.1875 0.84375 0.205078125 0.90625 0.21484375 0.90625 0.22265625 0.8576388888888888 0.21875 0.7847222222222222 0.193359375 0.78125 0.1875 0.7986111111111112 0.193359375 0.8159722222222222
0 0.349609375 0.3263888888888889 0.35546875 0.3368055555555556 0.361328125 0.3368055555555556 0.359375 0.2951388888888889 0.349609375 0.2951388888888889 0.349609375 0.3263888888888889
0 0.39453125 0.3229166666666667 0.3984375 0.2916666666666667 0.388671875 0.2847222222222222 0.38671875 0.3125 0.39453125 0.3229166666666667
0 0.255859375 0.25 0.25390625 0.2222222222222222 0.244140625 0.22916666666666666 0.2421875 0.2465277777777778 0.255859375 0.25
0 0.255859375 0.5034722222222222 0.267578125 0.4826388888888889 0.26953125 0.4409722222222222 0.25390625 0.4409722222222222 0.25 0.4826388888888889 0.255859375 0.5034722222222222
0 0.27734375 0.2361111111111111 0.26953125 0.2222222222222222 0.27578125 0.23777777777777778 0.27734375 0.2361111111111111
0 0.267578125 0.2465277777777778 0.279296875 0.2465277777777778 0.27578125 0.23777777777777778 0.267578125 0.2465277777777778
0 0.0859375 0.5902777777777778 0.109375 0.5486111111111112 0.10546875 0.5138888888888888 0.091796875 0.5 0.0859375 0.5069444444444444 0.080078125 0.5347222222222222 0.0859375 0.5902777777777778
0 0.22265625 0.6041666666666666 0.23046875 0.6041666666666666 0.234375 0.5451388888888888 0.212890625 0.5451388888888888 0.212890625 0.5798611111111112 0.22265625 0.6041666666666666
0 0.322265625 0.2986111111111111 0.326171875 0.2743055555555556 0.318359375 0.2638888888888889 0.31640625 0.2916666666666667 0.322265625 0.2986111111111111
0 0.255859375 0.4166666666666667 0.263671875 0.4166666666666667 0.26953125 0.4340277777777778 0.2734375 0.3993055555555556 0.26171875 0.3784722222222222 0.255859375 0.3888888888888889 0.255859375 0.4166666666666667
0 0.62890625 0.7847222222222222 0.625 0.8055555555555556 0.630859375 0.8368055555555556 0.642578125 0.8541666666666666 0.650390625 0.8472222222222222 0.673828125 0.8715277777777778 0.662109375 0.8576388888888888 0.673828125 0.84375 0.685546875 0.8541666666666666 0.70703125 0.8090277777777778 0.70703125 0.7847222222222222 0.6875 0.78125 0.673828125 0.7986111111111112 0.673828125 0.8211805555555556 0.66015625 0.8298611111111112 0.64453125 0.7916666666666666 0.650390625 0.75 0.634765625 0.7361111111111112 0.625 0.7430555555555556 0.619140625 0.7604166666666666 0.62890625 0.7847222222222222
0 0.228515625 0.2743055555555556 0.240234375 0.2777777777777778 0.2421875 0.2638888888888889 0.23046875 0.2465277777777778 0.224609375 0.2534722222222222 0.228515625 0.2743055555555556
0 0.337890625 0.4479166666666667 0.34375 0.3923611111111111 0.33203125 0.3888888888888889 0.330078125 0.4375 0.337890625 0.4479166666666667
0 0.041015625 0.3402777777777778 0.048828125 0.3263888888888889 0.048828125 0.3125 0.03515625 0.2986111111111111 0.025390625 0.3090277777777778 0.0234375 0.34375 0.041015625 0.3402777777777778
0 0.224609375 0.7743055555555556 0.236328125 0.75 0.234375 0.7013888888888888 0.2265625 0.6840277777777778 0.2109375 0.6875 0.205078125 0.7118055555555556 0.224609375 0.7743055555555556
0 0.369140625 0.6111111111111112 0.380859375 0.6215277777777778 0.38671875 0.6041666666666666 0.38671875 0.5486111111111112 0.36328125 0.5486111111111112 0.361328125 0.6180555555555556 0.369140625 0.6111111111111112
0 0.29296875 0.9965277777777778 0.3125 0.9930555555555556 0.31640625 0.9826388888888888 0.29296875 0.9236111111111112 0.287109375 0.9791666666666666 0.29296875 0.9965277777777778
0 0.32421875 0.9791666666666666 0.32421875 0.9930555555555556 0.361328125 0.9965277777777778 0.353515625 0.9201388888888888 0.3359375 0.9201388888888888 0.3203125 0.9409722222222222 0.3125 0.96875 0.32421875 0.9791666666666666
0 0.330078125 0.3402777777777778 0.33984375 0.3402777777777778 0.3359375 0.2986111111111111 0.326171875 0.2986111111111111 0.32421875 0.3263888888888889 0.330078125 0.3402777777777778
0 0.314453125 0.4375 0.31640625 0.4027777777777778 0.298828125 0.3993055555555556 0.298828125 0.4375 0.314453125 0.4375
0 0.134765625 0.3055555555555556 0.130859375 0.2673611111111111 0.119140625 0.2743055555555556 0.1171875 0.3090277777777778 0.134765625 0.3055555555555556
0 0.197265625 0.4027777777777778 0.205078125 0.3923611111111111 0.197265625 0.3680555555555556 0.16796875 0.3576388888888889 0.162109375 0.3993055555555556 0.197265625 0.4027777777777778
0 0 0.4375 0.005859375 0.4305555555555556 0.00390625 0.375 0 0.3715277777777778 0 0.4375
0 0.17578125 0.3263888888888889 0.1875 0.3263888888888889 0.1875 0.2916666666666667 0.1796875 0.2847222222222222 0.173828125 0.2951388888888889 0.17578125 0.3263888888888889
0 0.287109375 0.3229166666666667 0.294921875 0.3263888888888889 0.29296875 0.28125 0.287109375 0.28125 0.287109375 0.3229166666666667
0 0.337890625 0.3263888888888889 0.349609375 0.3229166666666667 0.349609375 0.2951388888888889 0.337890625 0.2951388888888889 0.337890625 0.3263888888888889
0 0.16796875 0.4826388888888889 0.16796875 0.4652777777777778 0.16015625 0.4513888888888889 0.14453125 0.4479166666666667 0.14453125 0.5 0.16796875 0.4826388888888889
0 0.037109375 0.9826388888888888 0.044921875 0.9826388888888888 0.056640625 0.9201388888888888 0.0546875 0.8923611111111112 0.060546875 0.8854166666666666 0.0546875 0.84375 0.037109375 0.8402777777777778 0.029296875 0.8506944444444444 0.029296875 0.9375 0.037109375 0.9826388888888888
0 0.435546875 0.5486111111111112 0.443359375 0.5486111111111112 0.455078125 0.5138888888888888 0.455078125 0.5034722222222222 0.439453125 0.5034722222222222 0.431640625 0.5243055555555556 0.435546875 0.5486111111111112
0 0.298828125 0.2847222222222222 0.30078125 0.2604166666666667 0.29296875 0.2534722222222222 0.291015625 0.2743055555555556 0.298828125 0.2847222222222222
0 0.34765625 0.4652777777777778 0.357421875 0.4652777777777778 0.36328125 0.4201388888888889 0.3515625 0.40625 0.34765625 0.4131944444444444 0.34375 0.4513888888888889 0.34765625 0.4652777777777778
0 0.412109375 0.3298611111111111 0.421875 0.3263888888888889 0.41796875 0.2986111111111111 0.412109375 0.2986111111111111 0.412109375 0.3298611111111111
0 0.369140625 0.3368055555555556 0.37890625 0.3368055555555556 0.37890625 0.3055555555555556 0.3671875 0.3055555555555556 0.369140625 0.3368055555555556
0 0.1484375 0.6388888888888888 0.154296875 0.6493055555555556 0.15625 0.7118055555555556 0.162109375 0.7326388888888888 0.169921875 0.7361111111111112 0.1796875 0.6875 0.1796875 0.6388888888888888 0.173828125 0.6111111111111112 0.15625 0.6076388888888888 0.1484375 0.6215277777777778 0.1484375 0.6388888888888888
0 0.716796875 0.3715277777777778 0.7109375 0.34375 0.6796875 0.3472222222222222 0.6796875 0.375 0.716796875 0.3715277777777778
0 0.154296875 0.9930555555555556 0.1875 0.9930555555555556 0.19140625 0.9236111111111112 0.185546875 0.8993055555555556 0.181640625 0.8888888888888888 0.166015625 0.8888888888888888 0.15625 0.9027777777777778 0.16015625 0.9340277777777778 0.154296875 0.9930555555555556
0 0.763671875 0.4340277777777778 0.78125 0.4375 0.787109375 0.3888888888888889 0.78125 0.375 0.76953125 0.3784722222222222 0.755859375 0.4201388888888889 0.763671875 0.4340277777777778