0 0.111328125 0.3263888888888889 0.109375 0.3020833333333333 0.09375 0.2951388888888889 0.091796875 0.3263888888888889 0.111328125 0.3263888888888889
0 0.412109375 0.6493055555555556 0.41796875 0.7291666666666666 0.423828125 0.7291666666666666 0.4296875 0.7048611111111112 0.4296875 0.6493055555555556 0.41796875 0.625 0.40625 0.6423611111111112 0.412109375 0.6493055555555556
0 0.986328125 0.9930555555555556 0.98046875 0.9826388888888888 0.96875 0.9861111111111112 0.9609375 0.9930555555555556 0.986328125 0.9930555555555556
0 0.9462890625 0.9878472222222222 0.005859375 0.010416666666666666
0 0.94921875 0.9201388888888888 0.958984375 0.9375 0.94921875 0.9479166666666666 0.955078125 0.9548611111111112 0.94921875 0.9618055555555556 0.98046875 0.9791666666666666 0.97265625 0.9340277777777778 0.966796875 0.9340277777777778 0.966796875 0.9166666666666666 0.95703125 0.90625 0.95703125 0.9166666666666666 0.94921875 0.9201388888888888
0 0.875 0.9791666666666666 0.90625 0.9930555555555556 0.923828125 0.9513888888888888 0.904296875 0.9305555555555556 0.892578125 0.8888888888888888 0.869140625 0.875 0.8671875 0.9652777777777778 0.875 0.9791666666666666
0 0.125 0.3090277777777778 0.12890625 0.2951388888888889 0.11328125 0.2777777777777778 0.111328125 0.3090277777777778 0.125 0.3090277777777778
0 0.25 0.6111111111111112 0.25 0.6423611111111112 0.26171875 0.6875 0.275390625 0.7118055555555556 0.28125 0.7013888888888888 0.28125 0.6423611111111112 0.26953125 0.6111111111111112 0.26171875 0.6215277777777778 0.25 0.6111111111111112
0 0.435546875 0.9930555555555556 0.4375 0.9791666666666666 0.42578125 0.9548611111111112 0.41796875 0.90625 0.404296875 0.9027777777777778 0.39453125 0.9166666666666666 0.38671875 0.9965277777777778 0.435546875 0.9930555555555556
0 0.130859375 0.5625 0.142578125 0.5625 0.1484375 0.53125 0.1484375 0.5138888888888888 0.13671875 0.4965277777777778 0.125 0.5 0.130859375 0.5625
0 0.228515625 0.5173611111111112 0.23828125 0.5173611111111112 0.2421875 0.4722222222222222 0.228515625 0.4652777777777778 0.224609375 0.5034722222222222 0.228515625 0.5173611111111112
0 0.173828125 0.5173611111111112 0.173828125 0.5625 0.19140625 0.5729166666666666 0.19921875 0.5486111111111112 0.193359375 0.5138888888888888 0.17578125 0.5138888888888888 0.171875 0.5 0.16796875 0.5104166666666666 0.173828125 0.5173611111111112
0 0.361328125 0.65625 0.361328125 0.6979166666666666 0.375 0.7013888888888888 0.384765625 0.65625 0.380859375 0.6215277777777778 0.375 0.6041666666666666 0.359375 0.6076388888888888 0.35546875 0.6388888888888888 0.361328125 0.65625
0 0.7265625 0.8854166666666666 0.748046875 0.9201388888888888 0.755859375 0.9166666666666666 0.755859375 0.9305555555555556 0.7734375 0.9340277777777778 0.78125 0.9618055555555556 0.791015625 0.96875 0.80078125 0.9340277777777778 0.78515625 0.8298611111111112 0.763671875 0.8402777777777778 0.767578125 0.90625 0.76171875 0.9097222222222222 0.75 0.84375 0.73828125 0.8159722222222222 0.71875 0.8090277777777778 0.716796875 0.8541666666666666 0.7265625 0.8854166666666666
0 0.474609375 0.7916666666666666 0.48046875 0.7986111111111112 0.474609375 0.8263888888888888 0.501953125 0.8263888888888888 0.50390625 0.7986111111111112 0.494140625 0.7604166666666666 0.4921875 0.71875 0.478515625 0.7152777777777778 0.47265625 0.71875 0.474609375 0.7916666666666666
0 0.1484375 0.3125 0.154296875 0.2951388888888889 0.146484375 0.2777777777777778 0.13671875 0.2777777777777778 0.13671875 0.3125 0.1484375 0.3125
0 0.224609375 0.4513888888888889 0.240234375 0.4548611111111111 0.244140625 0.40625 0.23046875 0.4027777777777778 0.224609375 0.4097222222222222 0.224609375 0.4513888888888889
0 0.05078125 0.34375 0.05078125 0.3125 0.025390625 0.3125 0.0234375 0.34375 0.05078125 0.34375
0 0.291015625 0.8784722222222222 0.287109375 0.8888888888888888 0.3046875 0.9305555555555556 0.3125 0.9305555555555556 0.310546875 0.8263888888888888 0.30078125 0.8090277777777778 0.287109375 0.8125 0.28125 0.8229166666666666 0.291015625 0.8784722222222222
0 0.8125 0.8576388888888888 0.80078125 0.8576388888888888 0.841796875 0.9166666666666666 0.85546875 0.9201388888888888 0.849609375 0.8298611111111112 0.8359375 0.7847222222222222 0.818359375 0.7951388888888888 0.8203125 0.8333333333333334 0.8125 0.8576388888888888
0 0.201171875 0.9166666666666666 0.21875 0.8993055555555556 0.228515625 0.875 0.21875 0.8125 0.19921875 0.8125 0.19140625 0.84375 0.185546875 0.84375 0.181640625 0.8888888888888888 0.201171875 0.9166666666666666
0 0.375 0.5104166666666666 0.380859375 0.5 0.380859375 0.4618055555555556 0.365234375 0.4583333333333333 0.36328125 0.4826388888888889 0.375 0.5104166666666666
0 0.150390625 0.6909722222222222 0.158203125 0.6909722222222222 0.173828125 0.65625 0.16796875 0.6284722222222222 0.171875 0.6111111111111112 0.15625 0.5972222222222222 0.1484375 0.6041666666666666 0.14453125 0.6701388888888888 0.150390625 0.6909722222222222
0 0.29296875 0.6041666666666666 0.30859375 0.6076388888888888 0.31640625 0.5972222222222222 0.310546875 0.5625 0.29296875 0.5625 0.29296875 0.6041666666666666
0 0.298828125 0.7118055555555556 0.29296875 0.7222222222222222 0.30078125 0.7743055555555556 0.31640625 0.7951388888888888 0.322265625 0.78125 0.32421875 0.7118055555555556 0.31640625 0.6736111111111112 0.306640625 0.6736111111111112 0.29296875 0.6979166666666666 0.298828125 0.7118055555555556
0 0.16796875 0.4027777777777778 0.197265625 0.4027777777777778 0.19921875 0.375 0.19140625 0.3611111111111111 0.16796875 0.3576388888888889 0.162109375 0.3854166666666667 0.16796875 0.4027777777777778
0 0.23046875 0.7951388888888888 0.244140625 0.8125 0.255859375 0.8125 0.25390625 0.7118055555555556 0.25 0.7048611111111112 0.228515625 0.71875 0.224609375 0.7604166666666666 0.23046875 0.7951388888888888
0 0.69140625 0.9965277777777778 0.724609375 0.9930555555555556 0.71875 0.96875 0.70703125 0.9722222222222222 0.6875 0.9826388888888888 0.69140625 0.9965277777777778
0 0.66796875 0.9930555555555556 0.662109375 0.9166666666666666 0.642578125 0.9236111111111112 0.630859375 0.9965277777777778 0.66796875 0.9930555555555556
0 0.69921875 0.8298611111111112 0.705078125 0.8159722222222222 0.69921875 0.7118055555555556 0.685546875 0.71875 0.677734375 0.7361111111111112 0.662109375 0.6875 0.65625 0.6875 0.650390625 0.7118055555555556 0.650390625 0.7465277777777778 0.69921875 0.8298611111111112
0 0.59765625 0.625 0.603515625 0.59375 0.599609375 0.5486111111111112 0.5859375 0.5451388888888888 0.57421875 0.5625 0.57421875 0.6076388888888888 0.59765625 0.625
0 0.14453125 0.3993055555555556 0.162109375 0.375 0.16015625 0.3576388888888889 0.150390625 0.3472222222222222 0.142578125 0.3472222222222222 0.14453125 0.3993055555555556
0 0.23046875 0.625 0.244140625 0.6284722222222222 0.25 0.5625 0.228515625 0.5625 0.224609375 0.6076388888888888 0.23046875 0.625
0 0.068359375 0.9548611111111112 0.068359375 0.9826388888888888 0.076171875 0.9965277777777778 0.09375 0.9930555555555556 0.09375 0.875 0.0625 0.8888888888888888 0.060546875 0.9375 0.068359375 0.9548611111111112
0 0.037109375 0.3055555555555556 0.056640625 0.3125 0.0546875 0.2847222222222222 0.04296875 0.2743055555555556 0.037109375 0.2777777777777778 0.037109375 0.3055555555555556
0 0.4375 0.6666666666666666 0.44921875 0.625 0.44921875 0.5868055555555556 0.44140625 0.5763888888888888 0.427734375 0.5902777777777778 0.4296875 0.65625 0.4375 0.6666666666666666
0 0.560546875 0.8229166666666666 0.56640625 0.8576388888888888 0.57421875 0.8680555555555556 0.580078125 0.8263888888888888 0.572265625 0.8125 0.560546875 0.8125 0.560546875 0.8229166666666666
0 0.576171875 0.8090277777777778 0.580078125 0.7951388888888888 0.57421875 0.7951388888888888 0.576171875 0.8090277777777778
0 0.537109375 0.8680555555555556 0.54296875 0.8472222222222222 0.53125 0.8090277777777778 0.53125 0.7847222222222222 0.51953125 0.8090277777777778 0.51953125 0.8576388888888888 0.537109375 0.8680555555555556
0 0.4140625 0.8645833333333334 0.423828125 0.8715277777777778 0.4296875 0.8472222222222222 0.421875 0.7604166666666666 0.41015625 0.75 0.3984375 0.7638888888888888 0.39453125 0.8055555555555556 0.4140625 0.8645833333333334
0 0.53515625 0.9791666666666666 0.546875 0.9791666666666666 0.55078125 0.9965277777777778 0.59765625 0.9930555555555556 0.599609375 0.96875 0.5859375 0.9340277777777778 0.587890625 0.90625 0.576171875 0.90625 0.552734375 0.9375 0.54296875 0.9201388888888888 0.541015625 0.875 0.525390625 0.875 0.525390625 0.9513888888888888 0.53515625 0.9791666666666666
0 0.6171875 0.7326388888888888 0.62890625 0.7326388888888888 0.638671875 0.6840277777777778 0.634765625 0.625 0.599609375 0.6388888888888888 0.603515625 0.7013888888888888 0.6171875 0.7326388888888888
0 0.4375 0.8854166666666666 0.44921875 0.9166666666666666 0.478515625 0.9375 0.48046875 0.9201388888888888 0.4921875 0.9027777777777778 0.4921875 0.8472222222222222 0.474609375 0.8368055555555556 0.45703125 0.8576388888888888 0.455078125 0.8298611111111112 0.443359375 0.8229166666666666 0.4375 0.8298611111111112 0.4375 0.8854166666666666
0 0.25 0.9479166666666666 0.25 0.9861111111111112 0.255859375 0.9965277777777778 0.275390625 0.9930555555555556 0.28125 0.9826388888888888 0.28125 0.9375 0.267578125 0.90625 0.255859375 0.9097222222222222 0.2421875 0.9236111111111112 0.25 0.9479166666666666
0 0.2265625 0.9305555555555556 0.2109375 0.9375 0.2109375 0.9826388888888888 0.234375 0.9965277777777778 0.236328125 0.9513888888888888 0.23046875 0.9444444444444444 0.22265625 0.8923611111111112 0.2109375 0.90625 0.2265625 0.9305555555555556
0 0.974609375 0.9236111111111112 0.974609375 0.9513888888888888 0.986328125 0.9791666666666666 0.998046875 0.9826388888888888 0.9921875 0.8888888888888888 0.9609375 0.8680555555555556 0.955078125 0.8888888888888888 0.974609375 0.9236111111111112