0 0.998046875 0.2951388888888889 0.998046875 0.2638888888888889 0.98046875 0.2638888888888889 0.974609375 0.2847222222222222 0.998046875 0.2951388888888889
0 0.166015625 0.3993055555555556 0.201171875 0.3993055555555556 0.201171875 0.3784722222222222 0.185546875 0.3576388888888889 0.16796875 0.3680555555555556 0.162109375 0.3854166666666667 0.166015625 0.3993055555555556
0 0.08984375 0.4201388888888889 0.099609375 0.4201388888888889 0.10546875 0.40625 0.099609375 0.3715277777777778 0.083984375 0.375 0.08203125 0.40625 0.08984375 0.4201388888888889
0 0.60546875 0.4027777777777778 0.603515625 0.3680555555555556 0.568359375 0.3784722222222222 0.568359375 0.4097222222222222 0.60546875 0.4027777777777778
0 0 0.4479166666666667 0.01171875 0.4513888888888889 0.01953125 0.4375 0.017578125 0.40625 0.005859375 0.3888888888888889 0 0.3923611111111111 0 0.4479166666666667
0 0.57421875 0.4722222222222222 0.576171875 0.4548611111111111 0.556640625 0.4791666666666667 0.560546875 0.4513888888888889 0.546875 0.4513888888888889 0.537109375 0.4652777777777778 0.53125 0.5 0.57421875 0.4722222222222222
0 0.259765625 0.5243055555555556 0.2734375 0.5138888888888888 0.279296875 0.4930555555555556 0.2890625 0.5138888888888888 0.30859375 0.5138888888888888 0.3125 0.4826388888888889 0.3046875 0.4618055555555556 0.291015625 0.4826388888888889 0.2734375 0.4826388888888889 0.275390625 0.4618055555555556 0.26953125 0.4618055555555556 0.267578125 0.4791666666666667 0.255859375 0.4965277777777778 0.25390625 0.5138888888888888 0.259765625 0.5243055555555556
0 0.818359375 0.3854166666666667 0.818359375 0.3576388888888889 0.806640625 0.3611111111111111 0.80078125 0.375 0.79296875 0.3680555555555556 0.7890625 0.34375 0.78125 0.34375 0.771484375 0.3645833333333333 0.7734375 0.3923611111111111 0.818359375 0.3854166666666667
0 0.07421875 0.4340277777777778 0.080078125 0.3993055555555556 0.07421875 0.375 0.064453125 0.3819444444444444 0.060546875 0.4201388888888889 0.07421875 0.4340277777777778
0 0.525390625 0.4722222222222222 0.5546875 0.4375 0.5546875 0.4236111111111111 0.53515625 0.4201388888888889 0.5234375 0.4513888888888889 0.525390625 0.4722222222222222
0 0.80078125 0.4618055555555556 0.818359375 0.4305555555555556 0.8125 0.4027777777777778 0.83203125 0.3993055555555556 0.826171875 0.3888888888888889 0.806640625 0.40625 0.798828125 0.4201388888888889 0.80078125 0.4618055555555556
0 0.455078125 0.4548611111111111 0.462890625 0.4652777777777778 0.46875 0.4513888888888889 0.46875 0.4201388888888889 0.45703125 0.4201388888888889 0.44921875 0.4375 0.443359375 0.4201388888888889 0.435546875 0.4201388888888889 0.42578125 0.4444444444444444 0.42578125 0.46875 0.455078125 0.4548611111111111
0 0.546875 0.5625 0.556640625 0.5486111111111112 0.57421875 0.5451388888888888 0.580078125 0.5138888888888888 0.56640625 0.4826388888888889 0.55078125 0.4826388888888889 0.541015625 0.5 0.537109375 0.5590277777777778 0.546875 0.5625