0 0.19921875 0.7326388888888888 0.2109375 0.7326388888888888 0.236328125 0.6979166666666666 0.267578125 0.7013888888888888 0.275390625 0.6701388888888888 0.2734375 0.6388888888888888 0.259765625 0.6388888888888888 0.236328125 0.6736111111111112 0.23046875 0.6666666666666666 0.228515625 0.6388888888888888 0.21875 0.6354166666666666 0.19921875 0.6875 0.193359375 0.7152777777777778 0.19921875 0.7326388888888888
0 0.216796875 0.5138888888888888 0.23046875 0.5104166666666666 0.2421875 0.4930555555555556 0.2421875 0.4722222222222222 0.232421875 0.4479166666666667 0.224609375 0.4479166666666667 0.212890625 0.46875 0.2109375 0.5034722222222222 0.216796875 0.5138888888888888
0 0.28515625 0.5 0.287109375 0.4895833333333333 0.287109375 0.46875 0.26953125 0.4722222222222222 0.26171875 0.4618055555555556 0.25 0.4652777777777778 0.244140625 0.4791666666666667 0.244140625 0.5173611111111112 0.28515625 0.5
0 0 0.6423611111111112 0.005859375 0.6527777777777778 0.02734375 0.6388888888888888 0.029296875 0.6215277777777778 0.04296875 0.6354166666666666 0.0625 0.6180555555555556 0.068359375 0.59375 0.0625 0.5590277777777778 0.048828125 0.5625 0.041015625 0.59375 0.0234375 0.59375 0.021484375 0.5659722222222222 0.013671875 0.5625 0.005859375 0.5902777777777778 0 0.6180555555555556 0 0.6423611111111112
0 0.06640625 0.3159722222222222 0.064453125 0.2847222222222222 0.048828125 0.2847222222222222 0.048828125 0.3125 0.06640625 0.3159722222222222
0 0.171875 0.5902777777777778 0.189453125 0.5659722222222222 0.2109375 0.5555555555555556 0.208984375 0.5138888888888888 0.19921875 0.5243055555555556 0.173828125 0.5138888888888888 0.16796875 0.5243055555555556 0.171875 0.5902777777777778
0 0.388671875 0.4861111111111111 0.40625 0.4965277777777778 0.412109375 0.4826388888888889 0.412109375 0.4409722222222222 0.400390625 0.4375 0.396484375 0.4513888888888889 0.37890625 0.4479166666666667 0.3671875 0.4652777777777778 0.3671875 0.5 0.388671875 0.4861111111111111
0 0.142578125 0.5625 0.138671875 0.5486111111111112 0.13671875 0.5763888888888888 0.142578125 0.5625
0 0.087890625 0.6180555555555556 0.09765625 0.6180555555555556 0.10546875 0.5972222222222222 0.130859375 0.5868055555555556 0.125 0.5451388888888888 0.099609375 0.5416666666666666 0.0859375 0.5659722222222222 0.08203125 0.6041666666666666 0.087890625 0.6180555555555556
0 0.16796875 0.4027777777777778 0.201171875 0.3993055555555556 0.193359375 0.3611111111111111 0.173828125 0.3576388888888889 0.16796875 0.3680555555555556 0.162109375 0.3888888888888889 0.16796875 0.4027777777777778
0 0.1171875 0.3263888888888889 0.138671875 0.3125 0.130859375 0.28125 0.1171875 0.2847222222222222 0.111328125 0.2951388888888889 0.1171875 0.3263888888888889
0 0.287109375 0.4479166666666667 0.29296875 0.4618055555555556 0.310546875 0.4618055555555556 0.31640625 0.4340277777777778 0.310546875 0.4166666666666667 0.296875 0.40625 0.287109375 0.4097222222222222 0.287109375 0.4479166666666667
0 0.19921875 0.46875 0.19921875 0.4513888888888889 0.181640625 0.4583333333333333 0.181640625 0.4722222222222222 0.19921875 0.46875
0 0.1640625 0.5 0.1796875 0.4791666666666667 0.173828125 0.4756944444444444 0.171875 0.4375 0.16015625 0.4513888888888889 0.15625 0.4930555555555556 0.1640625 0.5
0 0.138671875 0.4375 0.12890625 0.46875 0.12109375 0.46875 0.123046875 0.4791666666666667 0.13671875 0.4826388888888889 0.14453125 0.4722222222222222 0.138671875 0.4375
0 0.11328125 0.46875 0.10546875 0.4375 0.091796875 0.4618055555555556 0.087890625 0.5 0.107421875 0.5 0.12109375 0.46875 0.11328125 0.46875
0 0.01171875 0.5451388888888888 0.0234375 0.5277777777777778 0.0234375 0.5138888888888888 0.01171875 0.4826388888888889 0.00390625 0.4895833333333333 0 0.5451388888888888 0.01171875 0.5451388888888888
0 0.037109375 0.5347222222222222 0.0546875 0.53125 0.0625 0.4826388888888889 0.03515625 0.4861111111111111 0.03125 0.5138888888888888 0.037109375 0.5347222222222222
0 0 0.875 0.005859375 0.875 0.021484375 0.8368055555555556 0.029296875 0.8576388888888888 0.06640625 0.8194444444444444 0.0751953125 0.8263888888888888 0.076171875 0.8090277777777778 0.0859375 0.8263888888888888 0.09375 0.8090277777777778 0.09765625 0.7361111111111112 0.087890625 0.7326388888888888 0.06640625 0.7534722222222222 0.076171875 0.7847222222222222 0.06640625 0.8125 0.05078125 0.7951388888888888 0.0546875 0.7847222222222222 0.041015625 0.7916666666666666 0.017578125 0.75 0.005859375 0.7638888888888888 0.0234375 0.7638888888888888 0.025390625 0.7777777777777778 0.01171875 0.8090277777777778 0.005859375 0.7951388888888888 0 0.8125 0 0.875
0 0.525390625 0.4965277777777778 0.546875 0.4965277777777778 0.5625 0.4826388888888889 0.5625 0.4375 0.548828125 0.4513888888888889 0.5390625 0.4375 0.525390625 0.4479166666666667 0.51953125 0.4722222222222222 0.525390625 0.4965277777777778
0 0 0.2986111111111111 0.017578125 0.3055555555555556 0.01953125 0.28125 0.005859375 0.2604166666666667 0 0.2604166666666667 0 0.2986111111111111
0 0.568359375 0.4861111111111111 0.57421875 0.5 0.587890625 0.4791666666666667 0.59765625 0.4791666666666667 0.60546875 0.4513888888888889 0.5859375 0.4340277777777778 0.578125 0.4375 0.568359375 0.4513888888888889 0.568359375 0.4861111111111111
0 0.779296875 0.2673611111111111 0.779296875 0.2361111111111111 0.767578125 0.2361111111111111 0.76171875 0.2638888888888889 0.779296875 0.2673611111111111