0 0.44921875 0.3402777777777778 0.44921875 0.3090277777777778 0.42578125 0.3090277777777778 0.42578125 0.34375 0.44921875 0.3402777777777778
0 0.025390625 0.4201388888888889 0.04296875 0.4166666666666667 0.04296875 0.3854166666666667 0.033203125 0.3715277777777778 0.0234375 0.3715277777777778 0.025390625 0.4201388888888889
0 0.291015625 0.4618055555555556 0.29296875 0.4513888888888889 0.27734375 0.4201388888888889 0.263671875 0.4340277777777778 0.263671875 0.4826388888888889 0.291015625 0.4618055555555556
0 0.005859375 0.4479166666666667 0.0234375 0.4409722222222222 0.01953125 0.3923611111111111 0.00390625 0.3923611111111111 0 0.4375 0.005859375 0.4479166666666667
0 0.17578125 0.40625 0.205078125 0.3993055555555556 0.1953125 0.3680555555555556 0.173828125 0.3576388888888889 0.166015625 0.3715277777777778 0.162109375 0.3923611111111111 0.17578125 0.40625
0 0.28125 0.5277777777777778 0.330078125 0.5034722222222222 0.330078125 0.4791666666666667 0.32421875 0.46875 0.310546875 0.4791666666666667 0.29296875 0.4618055555555556 0.279296875 0.4826388888888889 0.275390625 0.5138888888888888 0.28125 0.5277777777777778
0 0.755859375 0.46875 0.76171875 0.4791666666666667 0.779296875 0.4826388888888889 0.7890625 0.46875 0.798828125 0.4791666666666667 0.810546875 0.46875 0.802734375 0.4027777777777778 0.787109375 0.3923611111111111 0.76171875 0.4201388888888889 0.755859375 0.4375 0.755859375 0.46875
0 0.46484375 0.4097222222222222 0.474609375 0.40625 0.46875 0.375 0.443359375 0.3680555555555556 0.4375 0.3888888888888889 0.46484375 0.4097222222222222
0 0.076171875 0.3125 0.09765625 0.3090277777777778 0.09375 0.28125 0.08203125 0.2777777777777778 0.07421875 0.2916666666666667 0.076171875 0.3125
0 0.01171875 0.53125 0.00390625 0.4861111111111111 0 0.5416666666666666 0.01171875 0.53125
0 0.853515625 0.40625 0.8671875 0.4340277777777778 0.888671875 0.4340277777777778 0.892578125 0.4097222222222222 0.884765625 0.3784722222222222 0.849609375 0.3784722222222222 0.84375 0.40625 0.853515625 0.40625
0 0.154296875 0.625 0.212890625 0.6041666666666666 0.228515625 0.5798611111111112 0.224609375 0.5347222222222222 0.20703125 0.5451388888888888 0.2109375 0.5555555555555556 0.19921875 0.5694444444444444 0.171875 0.5486111111111112 0.16015625 0.5729166666666666 0.150390625 0.6076388888888888 0.154296875 0.625
0 0.310546875 0.4305555555555556 0.330078125 0.4409722222222222 0.330078125 0.40625 0.318359375 0.40625 0.310546875 0.4097222222222222 0.310546875 0.4305555555555556
0 0.064453125 0.4826388888888889 0.10546875 0.4791666666666667 0.099609375 0.4409722222222222 0.0625 0.4409722222222222 0.048828125 0.4513888888888889 0.05078125 0.4965277777777778 0.064453125 0.4826388888888889
0 0.537109375 0.5034722222222222 0.548828125 0.4930555555555556 0.57421875 0.5 0.580078125 0.4826388888888889 0.580078125 0.4652777777777778 0.568359375 0.4548611111111111 0.560546875 0.4618055555555556 0.548828125 0.4479166666666667 0.537109375 0.4652777777777778 0.53125 0.4791666666666667 0.537109375 0.5034722222222222
0 0.97265625 0.3263888888888889 0.986328125 0.3263888888888889 0.9921875 0.3125 0.9921875 0.2916666666666667 0.962890625 0.2986111111111111 0.9609375 0.3090277777777778 0.97265625 0.3263888888888889
0 0.697265625 0.4826388888888889 0.7109375 0.4826388888888889 0.712890625 0.4722222222222222 0.734375 0.4826388888888889 0.755859375 0.46875 0.748046875 0.4201388888888889 0.736328125 0.4097222222222222 0.72265625 0.40625 0.705078125 0.4201388888888889 0.69921875 0.4375 0.693359375 0.4652777777777778 0.697265625 0.4826388888888889
0 0.466796875 0.4479166666666667 0.46875 0.4201388888888889 0.451171875 0.4201388888888889 0.44921875 0.4305555555555556 0.466796875 0.4479166666666667
0 0.4296875 0.4618055555555556 0.443359375 0.4375 0.435546875 0.4097222222222222 0.423828125 0.4166666666666667 0.41796875 0.4652777777777778 0.4296875 0.4618055555555556
0 0.423828125 0.5277777777777778 0.43359375 0.4965277777777778 0.443359375 0.5173611111111112 0.4609375 0.5104166666666666 0.4609375 0.4618055555555556 0.447265625 0.4965277777777778 0.431640625 0.4791666666666667 0.431640625 0.4652777777777778 0.41796875 0.4722222222222222 0.412109375 0.5277777777777778 0.423828125 0.5277777777777778
0 0.099609375 0.5555555555555556 0.10546875 0.5763888888888888 0.171875 0.5451388888888888 0.166015625 0.5138888888888888 0.1328125 0.5347222222222222 0.125 0.5243055555555556 0.125 0.5034722222222222 0.111328125 0.5034722222222222 0.111328125 0.5243055555555556 0.099609375 0.5555555555555556