0 0.08203125 0.3055555555555556 0.111328125 0.2951388888888889 0.10546875 0.2673611111111111 0.09375 0.2534722222222222 0.080078125 0.2638888888888889 0.076171875 0.2951388888888889 0.08203125 0.3055555555555556
0 0.35546875 0.2847222222222222 0.35546875 0.2638888888888889 0.349609375 0.2604166666666667 0.349609375 0.2916666666666667 0.35546875 0.2847222222222222
0 0.81640625 0.4375 0.830078125 0.3993055555555556 0.830078125 0.3784722222222222 0.81640625 0.375 0.8046875 0.3923611111111111 0.79296875 0.4340277777777778 0.81640625 0.4375
0 0.046875 0.3402777777777778 0.0390625 0.3263888888888889 0.048828125 0.3159722222222222 0.037109375 0.3263888888888889 0.029296875 0.3055555555555556 0.01953125 0.3125 0.01953125 0.3402777777777778 0.046875 0.3402777777777778
0 0.25390625 0.6388888888888888 0.26171875 0.6215277777777778 0.263671875 0.5625 0.2421875 0.5625 0.23828125 0.5972222222222222 0.25390625 0.6388888888888888
0 0.162109375 0.3993055555555556 0.224609375 0.4027777777777778 0.224609375 0.3715277777777778 0.2109375 0.3715277777777778 0.205078125 0.3576388888888889 0.19140625 0.3680555555555556 0.16796875 0.3611111111111111 0.15625 0.3784722222222222 0.162109375 0.3993055555555556
0 0.138671875 0.2743055555555556 0.142578125 0.2465277777777778 0.12890625 0.2361111111111111 0.125 0.2638888888888889 0.138671875 0.2743055555555556
0 0.931640625 0.4479166666666667 0.923828125 0.4201388888888889 0.923828125 0.3854166666666667 0.90625 0.3923611111111111 0.90625 0.4479166666666667 0.931640625 0.4479166666666667
0 0.88671875 0.2534722222222222 0.88671875 0.2326388888888889 0.869140625 0.24305555555555555 0.873046875 0.2604166666666667 0.88671875 0.2534722222222222
0 0.375 0.5902777777777778 0.38671875 0.6388888888888888 0.392578125 0.6388888888888888 0.3984375 0.5451388888888888 0.375 0.5555555555555556 0.375 0.5902777777777778
0 0.322265625 0.2847222222222222 0.32421875 0.2638888888888889 0.31640625 0.2534722222222222 0.3125 0.2743055555555556 0.322265625 0.2847222222222222
0 0.28125 0.4201388888888889 0.29296875 0.4027777777777778 0.29296875 0.3576388888888889 0.28515625 0.3541666666666667 0.279296875 0.3576388888888889 0.28125 0.4201388888888889
0 0.287109375 0.46875 0.302734375 0.4826388888888889 0.306640625 0.4340277777777778 0.29296875 0.4201388888888889 0.287109375 0.4201388888888889 0.287109375 0.46875
0 0.9921875 0.4652777777777778 0.998046875 0.40625 0.9765625 0.4305555555555556 0.974609375 0.4513888888888889 0.9921875 0.4652777777777778
0 0.38671875 0.2361111111111111 0.384765625 0.2048611111111111 0.380859375 0.21875 0.38671875 0.2361111111111111
0 0.1796875 0.6388888888888888 0.1875 0.7013888888888888 0.19921875 0.7326388888888888 0.2109375 0.6979166666666666 0.2109375 0.6527777777777778 0.19921875 0.6423611111111112 0.19140625 0.6493055555555556 0.1796875 0.6388888888888888
0 0.239583984375 0.75 0.21875 0.75 0.21875 0.7638888888888888 0.234375 0.7673611111111112 0.224609375 0.7951388888888888 0.224609375 0.8263888888888888 0.236328125 0.84375 0.23828125 0.8680555555555556 0.248046875 0.8472222222222222 0.255859375 0.7986111111111112 0.25 0.7777777777777778 0.25 0.7569444444444444 0.26171875 0.7465277777777778 0.26171875 0.7326388888888888 0.255859375 0.7326388888888888 0.248046875 0.7638888888888888 0.239583984375 0.75