0 0.23828125 0.4027777777777778 0.255859375 0.4201388888888889 0.255859375 0.3888888888888889 0.248046875 0.375 0.23828125 0.375 0.23828125 0.4027777777777778
0 0.59375 0.2048611111111111 0.5859375 0.1875 0.5859375 0.2152777777777778 0.59375 0.2048611111111111
0 0.11328125 0.3229166666666667 0.123046875 0.3090277777777778 0.123046875 0.2916666666666667 0.10546875 0.2847222222222222 0.099609375 0.3125 0.11328125 0.3229166666666667
0 0.580078125 0.4375 0.587890625 0.4201388888888889 0.587890625 0.3923611111111111 0.58203125 0.375 0.57421875 0.3784722222222222 0.572265625 0.4131944444444444 0.580078125 0.4375
0 0.3984375 0.3298611111111111 0.400390625 0.3125 0.388671875 0.2986111111111111 0.38671875 0.3298611111111111 0.3984375 0.3298611111111111
0 0.1640625 0.625 0.171875 0.6180555555555556 0.17578125 0.5520833333333334 0.158203125 0.5520833333333334 0.15625 0.625 0.1640625 0.625
0 0.787109375 0.4340277777777778 0.8125 0.4375 0.83203125 0.4027777777777778 0.830078125 0.3888888888888889 0.81640625 0.3784722222222222 0.798828125 0.3888888888888889 0.787109375 0.40625 0.787109375 0.4340277777777778
0 0.296875 0.3402777777777778 0.30078125 0.3125 0.298828125 0.2986111111111111 0.291015625 0.2986111111111111 0.287109375 0.3229166666666667 0.296875 0.3402777777777778
0 0.04296875 0.3368055555555556 0.048828125 0.3298611111111111 0.048828125 0.3055555555555556 0.04296875 0.2986111111111111 0.025390625 0.3055555555555556 0.025390625 0.3263888888888889 0.04296875 0.3368055555555556
0 0.15625 0.7465277777777778 0.16796875 0.7916666666666666 0.185546875 0.75 0.1796875 0.71875 0.185546875 0.6875 0.15625 0.6875 0.15625 0.7465277777777778
0 0.267578125 0.65625 0.275390625 0.6215277777777778 0.2734375 0.5659722222222222 0.255859375 0.5659722222222222 0.255859375 0.6388888888888888 0.267578125 0.65625
0 0.298828125 0.4756944444444444 0.3046875 0.4965277777777778 0.310546875 0.4965277777777778 0.31640625 0.4513888888888889 0.3125 0.4375 0.3046875 0.4375 0.298828125 0.4479166666666667 0.298828125 0.4756944444444444
0 0.26953125 0.34375 0.2734375 0.3229166666666667 0.267578125 0.2986111111111111 0.26171875 0.3020833333333333 0.26171875 0.34375 0.26953125 0.34375
0 0.23046875 0.4965277777777778 0.236328125 0.4965277777777778 0.2421875 0.4826388888888889 0.2421875 0.4375 0.228515625 0.4375 0.224609375 0.46875 0.23046875 0.4965277777777778
0 0.517578125 0.2951388888888889 0.5234375 0.2743055555555556 0.513671875 0.2673611111111111 0.51171875 0.2951388888888889 0.517578125 0.2951388888888889
0 0.318359375 0.9513888888888888 0.330078125 0.9513888888888888 0.32421875 0.9930555555555556 0.35546875 0.9965277777777778 0.35546875 0.9270833333333334 0.361328125 0.9027777777777778 0.330078125 0.90625 0.3125 0.9097222222222222 0.318359375 0.9513888888888888
0 0.306640625 0.3715277777777778 0.31640625 0.375 0.318359375 0.34375 0.3125 0.3368055555555556 0.306640625 0.3402777777777778 0.306640625 0.3715277777777778
0 0.28515625 0.2951388888888889 0.29296875 0.2951388888888889 0.29296875 0.2673611111111111 0.28515625 0.2638888888888889 0.28125 0.28125 0.28515625 0.2951388888888889
0 0.34765625 0.5555555555555556 0.35546875 0.5347222222222222 0.35546875 0.4965277777777778 0.349609375 0.4861111111111111 0.337890625 0.4965277777777778 0.337890625 0.53125 0.34765625 0.5555555555555556
0 0.16796875 0.4027777777777778 0.197265625 0.4027777777777778 0.205078125 0.3923611111111111 0.197265625 0.3680555555555556 0.16796875 0.3576388888888889 0.162109375 0.3854166666666667 0.16796875 0.4027777777777778
0 0.5859375 0.6840277777777778 0.609375 0.7291666666666666 0.611328125 0.6527777777777778 0.599609375 0.6388888888888888 0.5859375 0.6527777777777778 0.5859375 0.6840277777777778
0 0.53125 0.6215277777777778 0.53125 0.5972222222222222 0.51953125 0.5763888888888888 0.509765625 0.5902777777777778 0.494140625 0.5902777777777778 0.48046875 0.5763888888888888 0.48046875 0.6215277777777778 0.53125 0.6215277777777778
0 0.38671875 0.53125 0.392578125 0.5138888888888888 0.392578125 0.4722222222222222 0.37890625 0.4756944444444444 0.375 0.5104166666666666 0.38671875 0.53125
0 0.3984375 0.7604166666666666 0.41015625 0.78125 0.416015625 0.7465277777777778 0.40625 0.7222222222222222 0.40625 0.7430555555555556 0.3984375 0.7604166666666666
0 0.431640625 0.84375 0.439453125 0.8402777777777778 0.447265625 0.7118055555555556 0.443359375 0.7222222222222222 0.4375 0.71875 0.44140625 0.7361111111111112 0.4296875 0.7326388888888888 0.41796875 0.7743055555555556 0.41796875 0.8090277777777778 0.431640625 0.84375
0 0.486328125 0.9409722222222222 0.482421875 0.9895833333333334 0.5234375 0.9930555555555556 0.51171875 0.9618055555555556 0.517578125 0.9479166666666666 0.51171875 0.8802083333333334 0.50390625 0.875 0.51171875 0.8611111111111112 0.48828125 0.875 0.48046875 0.8923611111111112 0.486328125 0.9409722222222222
0 0.4609375 0.9791666666666666 0.474609375 0.96875 0.47265625 0.9340277777777778 0.4609375 0.90625 0.455078125 0.8472222222222222 0.44140625 0.8576388888888888 0.4375 0.9340277777777778 0.4609375 0.9791666666666666
0 0.359375 0.2534722222222222 0.361328125 0.2326388888888889 0.35546875 0.2326388888888889 0.359375 0.2534722222222222
0 0.58203125 0.46875 0.5859375 0.4826388888888889 0.59765625 0.4826388888888889 0.599609375 0.4305555555555556 0.5859375 0.4201388888888889 0.580078125 0.4375 0.58203125 0.46875
0 0.396484375 0.2986111111111111 0.3984375 0.2673611111111111 0.392578125 0.2673611111111111 0.388671875 0.2951388888888889 0.396484375 0.2986111111111111
0 0.775390625 0.2638888888888889 0.7734375 0.2326388888888889 0.76171875 0.2361111111111111 0.76171875 0.2638888888888889 0.775390625 0.2638888888888889
0 0.28125 0.4340277777777778 0.2890625 0.4340277777777778 0.29296875 0.3888888888888889 0.279296875 0.3923611111111111 0.275390625 0.4097222222222222 0.28125 0.4340277777777778