0 0.3359375 0.5763888888888888 0.34375 0.5034722222222222 0.322265625 0.5 0.318359375 0.5659722222222222 0.3359375 0.5763888888888888
0 0.349609375 0.3368055555555556 0.35546875 0.3368055555555556 0.361328125 0.3090277777777778 0.34765625 0.3055555555555556 0.34375 0.3090277777777778 0.349609375 0.3368055555555556
0 0.3671875 0.4027777777777778 0.373046875 0.3576388888888889 0.361328125 0.3472222222222222 0.35546875 0.3715277777777778 0.3671875 0.4027777777777778
0 0.505859375 0.3263888888888889 0.505859375 0.2986111111111111 0.494140625 0.2951388888888889 0.494140625 0.3263888888888889 0.505859375 0.3263888888888889
0 0.259765625 0.4930555555555556 0.26171875 0.4861111111111111 0.25 0.4756944444444444 0.26171875 0.4618055555555556 0.255859375 0.4513888888888889 0.244140625 0.4548611111111111 0.2421875 0.46875 0.259765625 0.4930555555555556
0 0.29296875 0.7638888888888888 0.26171875 0.7638888888888888 0.263671875 0.7743055555555556 0.2734375 0.7951388888888888 0.2890625 0.7986111111111112 0.29296875 0.8229166666666666 0.3046875 0.8298611111111112 0.306640625 0.7777777777777778 0.298828125 0.7638888888888888 0.306640625 0.75 0.294921875 0.7465277777777778 0.294921875 0.7361111111111112 0.306640625 0.7326388888888888 0.28125 0.7326388888888888 0.29296875 0.75 0.29296875 0.7638888888888888
0 0.16015625 0.2604166666666667 0.15625 0.2638888888888889 0.16796875 0.2777777777777778 0.166015625 0.2604166666666667 0.16015625 0.2604166666666667
0 0.15625 0.2916666666666667 0.169921875 0.2951388888888889 0.16796875 0.2777777777777778 0.15625 0.2916666666666667
0 0.099609375 0.34375 0.111328125 0.3402777777777778 0.111328125 0.3125 0.09765625 0.3125 0.09375 0.3263888888888889 0.099609375 0.34375
0 0.787109375 0.4340277777777778 0.810546875 0.4375 0.82421875 0.4166666666666667 0.810546875 0.375 0.78515625 0.4097222222222222 0.78125 0.4201388888888889 0.787109375 0.4340277777777778
0 0.423828125 0.3298611111111111 0.423828125 0.3159722222222222 0.416015625 0.3125 0.412109375 0.3402777777777778 0.423828125 0.3298611111111111
0 0.09375 0.7326388888888888 0.1015625 0.7638888888888888 0.1171875 0.6701388888888888 0.111328125 0.65625 0.099609375 0.65625 0.09375 0.6666666666666666 0.09375 0.7326388888888888
0 0.107421875 0.3298611111111111 0.111328125 0.3159722222222222 0.099609375 0.3263888888888889 0.107421875 0.3298611111111111
0 0.130859375 0.3263888888888889 0.142578125 0.3368055555555556 0.154296875 0.3298611111111111 0.1484375 0.2986111111111111 0.13671875 0.2951388888888889 0.12890625 0.3125 0.130859375 0.3263888888888889
0 0.076171875 0.3229166666666667 0.0859375 0.2916666666666667 0.08203125 0.28125 0.068359375 0.28125 0.06640625 0.3159722222222222 0.076171875 0.3229166666666667
0 0.23046875 0.5555555555555556 0.236328125 0.5763888888888888 0.25 0.5555555555555556 0.25 0.5 0.23828125 0.4965277777777778 0.23046875 0.5104166666666666 0.23046875 0.5555555555555556
0 0.369140625 0.6354166666666666 0.376953125 0.6388888888888888 0.384765625 0.5798611111111112 0.37890625 0.5590277777777778 0.361328125 0.5625 0.35546875 0.5902777777777778 0.369140625 0.6354166666666666
0 0.318359375 0.2673611111111111 0.318359375 0.24305555555555555 0.3125 0.24305555555555555 0.310546875 0.2569444444444444 0.318359375 0.2673611111111111
0 0.259765625 0.34375 0.2734375 0.34375 0.275390625 0.3229166666666667 0.267578125 0.3055555555555556 0.255859375 0.3125 0.259765625 0.34375
0 0.16796875 0.4027777777777778 0.19921875 0.3854166666666667 0.19921875 0.375 0.185546875 0.3611111111111111 0.16796875 0.3576388888888889 0.162109375 0.3854166666666667 0.16796875 0.4027777777777778
0 0.30078125 0.3472222222222222 0.3046875 0.3576388888888889 0.318359375 0.3576388888888889 0.322265625 0.3159722222222222 0.31640625 0.3055555555555556 0.3046875 0.3125 0.298828125 0.3263888888888889 0.30078125 0.3472222222222222
0 0.005859375 0.375 0.01171875 0.375 0.013671875 0.3576388888888889 0.009765625 0.3298611111111111 0 0.3298611111111111 0.005859375 0.375
0 0.23828125 0.40625 0.244140625 0.3888888888888889 0.2421875 0.3715277777777778 0.234375 0.3680555555555556 0.23046875 0.40625 0.23828125 0.40625
0 0.193359375 0.625 0.19921875 0.6180555555555556 0.19921875 0.5729166666666666 0.18359375 0.5729166666666666 0.181640625 0.6076388888888888 0.193359375 0.625
0 0.34375 0.28125 0.349609375 0.28125 0.349609375 0.2638888888888889 0.341796875 0.2638888888888889 0.34375 0.28125
0 0.193359375 0.4652777777777778 0.205078125 0.4236111111111111 0.19921875 0.40625 0.181640625 0.4097222222222222 0.181640625 0.4548611111111111 0.193359375 0.4652777777777778
0 0.16015625 0.5451388888888888 0.166015625 0.5347222222222222 0.166015625 0.4826388888888889 0.1484375 0.4791666666666667 0.1484375 0.5451388888888888 0.16015625 0.5451388888888888
0 0.380859375 0.3715277777777778 0.38671875 0.3611111111111111 0.384765625 0.3159722222222222 0.375 0.3263888888888889 0.380859375 0.3715277777777778
0 0.205078125 0.5555555555555556 0.2109375 0.5555555555555556 0.21875 0.5347222222222222 0.21875 0.5 0.201171875 0.5 0.19921875 0.53125 0.205078125 0.5555555555555556
0 0.34375 0.3576388888888889 0.341796875 0.3298611111111111 0.33203125 0.3298611111111111 0.330078125 0.3541666666666667 0.34375 0.3576388888888889
0 0.330078125 0.6527777777777778 0.32421875 0.65625 0.3359375 0.6909722222222222 0.33203125 0.7013888888888888 0.345703125 0.7013888888888888 0.36328125 0.7222222222222222 0.3671875 0.65625 0.353515625 0.6423611111111112 0.337890625 0.6701388888888888 0.330078125 0.6527777777777778
0 0.30859375 0.6180555555555556 0.318359375 0.625 0.318359375 0.5451388888888888 0.3046875 0.5486111111111112 0.30078125 0.59375 0.30859375 0.6180555555555556
0 0.029296875 0.3368055555555556 0.03125 0.2951388888888889 0.013671875 0.2847222222222222 0.01171875 0.3263888888888889 0.029296875 0.3368055555555556
0 0.423828125 0.7048611111111112 0.458984375 0.7326388888888888 0.4609375 0.6666666666666666 0.455078125 0.6527777777777778 0.435546875 0.6527777777777778 0.45703125 0.6215277777777778 0.421875 0.65625 0.41796875 0.6736111111111112 0.423828125 0.7048611111111112
0 0.474609375 0.5555555555555556 0.48046875 0.4930555555555556 0.466796875 0.4895833333333333 0.462890625 0.53125 0.474609375 0.5555555555555556
0 0.36328125 0.3263888888888889 0.373046875 0.3263888888888889 0.375 0.2951388888888889 0.361328125 0.2951388888888889 0.36328125 0.3263888888888889
0 0.1796875 0.7465277777777778 0.193359375 0.6701388888888888 0.1875 0.65625 0.171875 0.6597222222222222 0.16796875 0.71875 0.1796875 0.7465277777777778
0 0.53125 0.4305555555555556 0.53515625 0.3715277777777778 0.529296875 0.3611111111111111 0.51953125 0.375 0.51953125 0.4305555555555556 0.53125 0.4305555555555556
0 0.224609375 0.4930555555555556 0.234375 0.4826388888888889 0.23046875 0.4375 0.216796875 0.4375 0.224609375 0.4930555555555556
0 0.181640625 0.8819444444444444 0.173828125 0.8888888888888888 0.185546875 0.8923611111111112 0.1796875 0.8576388888888888 0.173828125 0.8576388888888888 0.181640625 0.8819444444444444
0 0.193359375 0.90625 0.2109375 0.9652777777777778 0.21875 0.96875 0.224609375 0.9513888888888888 0.228515625 0.875 0.22265625 0.8368055555555556 0.201171875 0.8298611111111112 0.193359375 0.84375 0.193359375 0.90625
0 0.29296875 0.3159722222222222 0.30859375 0.3125 0.310546875 0.2986111111111111 0.3046875 0.2951388888888889 0.29296875 0.2951388888888889 0.29296875 0.3159722222222222