0 0.271484375 0.6076388888888888 0.28125 0.5451388888888888 0.2734375 0.5173611111111112 0.26171875 0.5173611111111112 0.259765625 0.5729166666666666 0.271484375 0.6076388888888888
0 0.630859375 0.5347222222222222 0.6484375 0.5590277777777778 0.65625 0.5451388888888888 0.65625 0.4965277777777778 0.654296875 0.4826388888888889 0.642578125 0.4791666666666667 0.630859375 0.4826388888888889 0.630859375 0.5347222222222222
0 0.4453125 0.4236111111111111 0.44921875 0.3715277777777778 0.4375 0.3715277777777778 0.4375 0.4201388888888889 0.4453125 0.4236111111111111
0 0.017578125 0.4618055555555556 0.029296875 0.4722222222222222 0.03515625 0.4305555555555556 0.025390625 0.4201388888888889 0.017578125 0.4236111111111111 0.017578125 0.4618055555555556
0 0.236328125 0.4652777777777778 0.2421875 0.4652777777777778 0.244140625 0.4513888888888889 0.234375 0.4409722222222222 0.244140625 0.4201388888888889 0.2421875 0.4097222222222222 0.232421875 0.4097222222222222 0.23046875 0.4375 0.236328125 0.4652777777777778
0 0.72265625 0.8854166666666666 0.72265625 0.9027777777777778 0.736328125 0.9166666666666666 0.744140625 0.8854166666666666 0.736328125 0.8125 0.724609375 0.7847222222222222 0.7109375 0.8125 0.705078125 0.8506944444444444 0.72265625 0.8854166666666666
0 0.697265625 0.84375 0.6875 0.8368055555555556 0.693359375 0.8263888888888888 0.685546875 0.8090277777777778 0.685546875 0.7673611111111112 0.66796875 0.7638888888888888 0.666015625 0.8263888888888888 0.673828125 0.8541666666666666 0.697265625 0.8673245625 0.697265625 0.84375
0 0.474609375 0.6041666666666666 0.494140625 0.6180555555555556 0.5 0.6041666666666666 0.498046875 0.5347222222222222 0.48828125 0.53125 0.484375 0.5451388888888888 0.47265625 0.5451388888888888 0.46875 0.5625 0.474609375 0.6041666666666666
0 0.837890625 0.9201388888888888 0.88671875 0.96875 0.900390625 0.9965277777777778 0.921875 0.9930555555555556 0.921875 0.9548611111111112 0.912109375 0.9375 0.916015625 0.9027777777777778 0.904296875 0.8611111111111112 0.89453125 0.8472222222222222 0.87890625 0.8576388888888888 0.873046875 0.8854166666666666 0.859375 0.8993055555555556 0.84375 0.8506944444444444 0.84375 0.8263888888888888 0.82421875 0.8090277777777778 0.82421875 0.875 0.837890625 0.9201388888888888
0 0.330078125 0.6388888888888888 0.3359375 0.6388888888888888 0.34375 0.5659722222222222 0.322265625 0.5659722222222222 0.318359375 0.6076388888888888 0.330078125 0.6388888888888888
0 0.275390625 0.5138888888888888 0.28125 0.5034722222222222 0.28125 0.4722222222222222 0.26171875 0.46875 0.259765625 0.5138888888888888 0.275390625 0.5138888888888888
0 0.37890625 0.8229166666666666 0.392578125 0.84375 0.37890625 0.8506944444444444 0.380859375 0.875 0.38671875 0.8888888888888888 0.392578125 0.8784722222222222 0.40625 0.8854166666666666 0.40625 0.8993055555555556 0.421875 0.90625 0.42578125 0.9340277777777778 0.439453125 0.9375 0.443359375 0.8993055555555556 0.4375 0.8854166666666666 0.4375 0.8472222222222222 0.4296875 0.8333333333333334 0.4296875 0.8090277777777778 0.41796875 0.8090277777777778 0.41015625 0.8298611111111112 0.37890625 0.8229166666666666
0 0.119140625 0.6284722222222222 0.134765625 0.6666666666666666 0.13671875 0.6388888888888888 0.14453125 0.6284722222222222 0.138671875 0.5729166666666666 0.1171875 0.5729166666666666 0.119140625 0.6284722222222222
0 0.28125 0.65625 0.294921875 0.7013888888888888 0.3046875 0.6423611111111112 0.298828125 0.6180555555555556 0.287109375 0.6180555555555556 0.28125 0.625 0.28125 0.65625
0 0.392578125 0.6840277777777778 0.3984375 0.7291666666666666 0.40625 0.7291666666666666 0.412109375 0.7048611111111112 0.412109375 0.6423611111111112 0.40625 0.625 0.392578125 0.625 0.38671875 0.6354166666666666 0.384765625 0.6770833333333334 0.392578125 0.6840277777777778
0 0.162109375 0.4409722222222222 0.16796875 0.46875 0.177734375 0.46875 0.1796875 0.4201388888888889 0.171875 0.4097222222222222 0.162109375 0.4201388888888889 0.162109375 0.4409722222222222
0 0.08984375 0.4027777777777778 0.09375 0.3472222222222222 0.08203125 0.3472222222222222 0.080078125 0.3958333333333333 0.08984375 0.4027777777777778
0 0.91015625 0.8125 0.916015625 0.7638888888888888 0.91015625 0.7465277777777778 0.888671875 0.7361111111111112 0.88671875 0.7881944444444444 0.91015625 0.8125
0 0.849609375 0.8055555555555556 0.859375 0.7951388888888888 0.859375 0.7708333333333334 0.8671875 0.7638888888888888 0.861328125 0.7326388888888888 0.84765625 0.71875 0.837890625 0.7222222222222222 0.837890625 0.7916666666666666 0.849609375 0.8055555555555556
0 0.076171875 0.71875 0.099609375 0.7638888888888888 0.107421875 0.7638888888888888 0.1171875 0.7951388888888888 0.123046875 0.78125 0.11328125 0.78125 0.111328125 0.7708333333333334 0.125 0.75 0.123046875 0.7048611111111112 0.111328125 0.6840277777777778 0.09375 0.6875 0.09375 0.6979166666666666 0.076171875 0.71875
0 0.3125 0.5138888888888888 0.318359375 0.5 0.318359375 0.4652777777777778 0.310546875 0.4513888888888889 0.30078125 0.4513888888888889 0.298828125 0.5 0.3125 0.5138888888888888
0 0.125 0.4965277777777778 0.13671875 0.5 0.13671875 0.4340277777777778 0.123046875 0.4375 0.119140625 0.46875 0.125 0.4965277777777778
0 0.755859375 0.9930555555555556 0.79296875 0.9965277777777778 0.80859375 0.9826388888888888 0.8125 0.9965277777777778 0.84619140625 0.9965277777777778 0.849609375 0.9791666666666666 0.859375 0.9930555555555556 0.837890625 0.9375 0.82421875 0.9305555555555556 0.81640625 0.9513888888888888 0.810546875 0.9340277777777778 0.806640625 0.9375 0.8125 0.9756944444444444 0.79296875 0.9861111111111112 0.76953125 0.9340277777777778 0.7421875 0.9201388888888888 0.73828125 0.9409722222222222 0.755859375 0.9930555555555556
0 0.7734375 0.7534722222222222 0.7734375 0.7986111111111112 0.81640625 0.8229166666666666 0.8359375 0.7916666666666666 0.8359375 0.7534722222222222 0.818359375 0.7222222222222222 0.79296875 0.7604166666666666 0.78125 0.7395833333333334 0.7734375 0.7534722222222222
0 0.69140625 0.7465277777777778 0.69921875 0.7152777777777778 0.697265625 0.6597222222222222 0.673828125 0.6597222222222222 0.669921875 0.6875 0.658203125 0.6583333333333333 0.666015625 0.6805555555555556 0.6484375 0.6875 0.65625 0.7152777777777778 0.673828125 0.75 0.69140625 0.7465277777777778
0 0.009765625 0.5347222222222222 0.01171875 0.5138888888888888 0.00390625 0.4965277777777778 0 0.5486111111111112 0.009765625 0.5347222222222222
0 0.236328125 0.6527777777777778 0.25 0.6701388888888888 0.25 0.6875 0.255859375 0.6875 0.26171875 0.6111111111111112 0.255859375 0.59375 0.2421875 0.5972222222222222 0.236328125 0.6076388888888888 0.236328125 0.6527777777777778
0 0.505859375 0.5347222222222222 0.517578125 0.5416666666666666 0.5234375 0.53125 0.5234375 0.4791666666666667 0.51171875 0.4652777777777778 0.50390625 0.4791666666666667 0.5 0.5173611111111112 0.505859375 0.5347222222222222
0 0.021484375 0.453125 0.00390625 0.003472222222222222
0 0.046875 0.4930555555555556 0.0546875 0.4409722222222222 0.041015625 0.4409722222222222 0.037109375 0.4861111111111111 0.046875 0.4930555555555556
0 0.5859375 0.7048611111111112 0.603515625 0.6701388888888888 0.614917115234375 0.7045967291666666 0.634765625 0.7013888888888888 0.625 0.6666666666666666 0.62890625 0.625 0.6171875 0.6284722222222222 0.6015625 0.6597222222222222 0.580078125 0.65625 0.580078125 0.6701388888888888 0.5859375 0.7048611111111112
0 0.35546875 0.5659722222222222 0.361328125 0.6215277777777778 0.3671875 0.6284722222222222 0.375 0.6111111111111112 0.36328125 0.5972222222222222 0.37890625 0.5798611111111112 0.37890625 0.5486111111111112 0.373046875 0.53125 0.36328125 0.53125 0.35546875 0.5451388888888888 0.35546875 0.5659722222222222
0 0.90625 0.8506944444444444 0.90625 0.8715277777777778 0.916015625 0.8923611111111112 0.91796875 0.9375 0.94140625 0.9375 0.955078125 0.9027777777777778 0.98046875 0.90625 0.978515625 0.8784722222222222 0.958984375 0.8263888888888888 0.94921875 0.8263888888888888 0.939453125 0.84375 0.919921875 0.84375 0.912109375 0.8229166666666666 0.900390625 0.8298611111111112 0.896484375 0.8055555555555556 0.88671875 0.8055555555555556 0.90625 0.8506944444444444
0 0.3359375 0.4895833333333333 0.34375 0.5138888888888888 0.3515625 0.5138888888888888 0.35546875 0.4618055555555556 0.353515625 0.4513888888888889 0.341796875 0.4513888888888889 0.3359375 0.4548611111111111 0.3359375 0.4895833333333333
0 0.154296875 0.5625 0.166015625 0.5138888888888888 0.16015625 0.4861111111111111 0.14453125 0.4930555555555556 0.142578125 0.53125 0.154296875 0.5625
0 0.07421875 0.5451388888888888 0.068359375 0.4861111111111111 0.05078125 0.4965277777777778 0.060546875 0.5451388888888888 0.07421875 0.5451388888888888
0 0.0859375 0.9166666666666666 0.09375 0.9236111111111112 0.099609375 0.9618055555555556 0.107421875 0.9652777777777778 0.1171875 0.9375 0.111328125 0.8125 0.091796875 0.8159722222222222 0.080078125 0.8263888888888888 0.0859375 0.9166666666666666
0 0.5 0.6701388888888888 0.5 0.6875 0.513671875 0.71875 0.552734375 0.75 0.560546875 0.7326388888888888 0.5546875 0.6736111111111112 0.541015625 0.6354166666666666 0.53125 0.6388888888888888 0.513671875 0.6736111111111112 0.5 0.6701388888888888
0 0.943359375 0.8055555555555556 0.94921875 0.8090277777777778 0.94921875 0.8229166666666666 0.96875 0.8402777777777778 0.974609375 0.8680555555555556 0.98046875 0.8680555555555556 0.986328125 0.8576388888888888 0.986328125 0.8298611111111112 0.978515625 0.7847222222222222 0.958984375 0.75 0.943359375 0.7534722222222222 0.9375 0.7604166666666666 0.943359375 0.8055555555555556
0 0.71875 0.75 0.71875 0.7638888888888888 0.734375 0.7951388888888888 0.744140625 0.8541666666666666 0.755859375 0.8611111111111112 0.76171875 0.8541666666666666 0.763671875 0.7951388888888888 0.75390625 0.75 0.7421875 0.7361111111111112 0.732421875 0.75 0.71875 0.75
0 0.1796875 0.75 0.19140625 0.75 0.193359375 0.6423611111111112 0.1796875 0.6388888888888888 0.158203125 0.6631944444444444 0.15625 0.6840277777777778 0.1796875 0.75
0 0.349609375 0.8159722222222222 0.349609375 0.8541666666666666 0.36328125 0.8680555555555556 0.373046875 0.7638888888888888 0.3671875 0.7326388888888888 0.34765625 0.7361111111111112 0.34375 0.7986111111111112 0.349609375 0.8159722222222222
0 0.46875 0.8715277777777778 0.486328125 0.8784722222222222 0.505859375 0.84375 0.498046875 0.7743055555555556 0.48046875 0.78125 0.47265625 0.7986111111111112 0.4609375 0.7986111111111112 0.4609375 0.78125 0.443359375 0.7604166666666666 0.443359375 0.8402777777777778 0.46875 0.8715277777777778
0 0.44140625 0.7013888888888888 0.45703125 0.71875 0.4765625 0.7152777777777778 0.486328125 0.7291666666666666 0.46875 0.5972222222222222 0.44921875 0.6111111111111112 0.431640625 0.6527777777777778 0.4296875 0.6805555555555556 0.44140625 0.7013888888888888
0 0.560546875 0.6215277777777778 0.580078125 0.6354166666666666 0.5859375 0.6006944444444444 0.59765625 0.59375 0.591796875 0.5625 0.576171875 0.5625 0.5703125 0.5729166666666666 0.556640625 0.5659722222222222 0.5546875 0.5972222222222222 0.560546875 0.6215277777777778
0 0.57421875 0.7569444444444444 0.57421875 0.7777777777777778 0.568359375 0.7847222222222222 0.5859375 0.8229166666666666 0.599609375 0.8263888888888888 0.630859375 0.875 0.63671875 0.8368055555555556 0.62890625 0.7951388888888888 0.609375 0.78125 0.61328125 0.7673611111111112 0.625 0.7638888888888888 0.6171875 0.7604166666666666 0.59765625 0.7847222222222222 0.5859375 0.7638888888888888 0.580078125 0.7326388888888888 0.57421875 0.7361111111111112 0.583984375 0.7569444444444444 0.57421875 0.7569444444444444
0 0.736328125 0.7152777777777778 0.75390625 0.75 0.767578125 0.7465277777777778 0.759765625 0.65625 0.75390625 0.6423611111111112 0.73828125 0.65625 0.73046875 0.6701388888888888 0.736328125 0.7152777777777778
0 0.580078125 0.9930555555555556 0.56640625 0.9479166666666666 0.54296875 0.9236111111111112 0.537109375 0.9236111111111112 0.5234375 0.9548611111111112 0.517578125 0.9930555555555556 0.580078125 0.9930555555555556
0 0.48828125 0.9965277777777778 0.494140625 0.9826388888888888 0.498046875 0.9965277777777778 0.50390625 0.9930555555555556 0.4921875 0.9791666666666666 0.484375 0.9375 0.474609375 0.9201388888888888 0.458984375 0.9236111111111112 0.4609375 0.9930555555555556 0.48828125 0.9965277777777778
0 0.2109375 0.5763888888888888 0.224609375 0.5972222222222222 0.23046875 0.53125 0.21875 0.5277777777777778 0.2109375 0.53125 0.2109375 0.5763888888888888
0 0.19921875 0.7743055555555556 0.2109375 0.8125 0.224609375 0.8263888888888888 0.228515625 0.71875 0.205078125 0.71875 0.19921875 0.7222222222222222 0.19921875 0.7743055555555556
0 0.29296875 0.4305555555555556 0.298828125 0.4375 0.310546875 0.4236111111111111 0.3046875 0.3993055555555556 0.29296875 0.3993055555555556 0.29296875 0.4305555555555556