0 0.88671875 0.28125 0.88671875 0.25 0.865234375 0.2569444444444444 0.86328125 0.28125 0.88671875 0.28125
0 0.173828125 0.40625 0.1875 0.3680555555555556 0.16796875 0.3611111111111111 0.162109375 0.3923611111111111 0.173828125 0.40625
0 0.060546875 0.3263888888888889 0.0625 0.3125 0.0546875 0.2951388888888889 0.0390625 0.3020833333333333 0.037109375 0.3298611111111111 0.060546875 0.3263888888888889
0 0.2421875 0.3854166666666667 0.255859375 0.375 0.25390625 0.3576388888888889 0.23828125 0.3611111111111111 0.236328125 0.3784722222222222 0.2421875 0.3854166666666667
0 0.2578125 0.28125 0.25390625 0.2465277777777778 0.25 0.2777777777777778 0.2578125 0.28125
0 0.298828125 0.2777777777777778 0.3046875 0.2743055555555556 0.3046875 0.25 0.296875 0.25 0.298828125 0.2777777777777778
0 0.447265625 0.4409722222222222 0.4609375 0.4097222222222222 0.45703125 0.3923611111111111 0.443359375 0.4027777777777778 0.447265625 0.4409722222222222
0 0.134765625 0.3125 0.125 0.2986111111111111 0.13671875 0.2847222222222222 0.12890625 0.2743055555555556 0.1171875 0.2777777777777778 0.1171875 0.2916666666666667 0.134765625 0.3125
0 0.26953125 0.3402777777777778 0.26953125 0.3125 0.26171875 0.3125 0.259765625 0.3368055555555556 0.26953125 0.3402777777777778
0 0.21875 0.2743055555555556 0.234375 0.2743055555555556 0.228515625 0.25 0.21875 0.25 0.21875 0.2743055555555556
0 0.31640625 0.3819444444444444 0.322265625 0.3888888888888889 0.326171875 0.3576388888888889 0.31640625 0.3576388888888889 0.31640625 0.3819444444444444
0 0.068359375 0.2986111111111111 0.099609375 0.2951388888888889 0.0859375 0.2638888888888889 0.076171875 0.2638888888888889 0.068359375 0.2777777777777778 0.068359375 0.2986111111111111
0 0.4296875 0.53125 0.4375 0.5 0.4375 0.4513888888888889 0.423828125 0.4513888888888889 0.421875 0.4930555555555556 0.4296875 0.53125
0 0.1875 0.3125 0.185546875 0.28125 0.169921875 0.2881944444444444 0.16796875 0.3125 0.1875 0.3125
0 0.130859375 0.625 0.142578125 0.6840277777777778 0.15625 0.6493055555555556 0.15625 0.6215277777777778 0.154296875 0.59375 0.138671875 0.5868055555555556 0.130859375 0.5972222222222222 0.130859375 0.625
0 0.306640625 0.3368055555555556 0.3125 0.3090277777777778 0.3046875 0.2847222222222222 0.298828125 0.3125 0.306640625 0.3368055555555556
0 0.193359375 0.4652777777777778 0.19921875 0.4548611111111111 0.19921875 0.4201388888888889 0.173828125 0.4097222222222222 0.173828125 0.4652777777777778 0.193359375 0.4652777777777778
0 0.298828125 0.3680555555555556 0.3046875 0.3402777777777778 0.298828125 0.3229166666666667 0.291015625 0.3229166666666667 0.287109375 0.3368055555555556 0.298828125 0.3680555555555556
0 0.041015625 0.5069444444444444 0.048828125 0.5104166666666666 0.0625 0.46875 0.048828125 0.4409722222222222 0.041015625 0.4409722222222222 0.037109375 0.4826388888888889 0.041015625 0.5069444444444444
0 0.125 0.3263888888888889 0.125 0.2951388888888889 0.119140625 0.2951388888888889 0.1171875 0.28125 0.111328125 0.2847222222222222 0.10546875 0.3263888888888889 0.125 0.3263888888888889
0 0.068359375 0.90625 0.068359375 0.9479166666666666 0.08203125 0.9826388888888888 0.103515625 0.8472222222222222 0.099609375 0.8368055555555556 0.06640625 0.8333333333333334 0.0625 0.8888888888888888 0.068359375 0.90625
0 0.03125 0.3055555555555556 0.046875 0.2847222222222222 0.037109375 0.2743055555555556 0.03125 0.2777777777777778 0.03125 0.3055555555555556
0 0.91796875 0.2916666666666667 0.9296875 0.2916666666666667 0.9375 0.2743055555555556 0.9375 0.2638888888888889 0.927734375 0.2604166666666667 0.916015625 0.2673611111111111 0.912109375 0.28125 0.91796875 0.2916666666666667
0 0.267578125 0.28125 0.275390625 0.2916666666666667 0.279296875 0.2777777777777778 0.26953125 0.2534722222222222 0.275390625 0.2708333333333333 0.267578125 0.28125
0 0.962890625 0.2916666666666667 0.9609375 0.2673611111111111 0.94140625 0.2638888888888889 0.931640625 0.2951388888888889 0.962890625 0.2916666666666667
0 0.3984375 0.4409722222222222 0.404296875 0.4305555555555556 0.404296875 0.40625 0.388671875 0.4027777777777778 0.388671875 0.4375 0.3984375 0.4409722222222222
0 0.3359375 0.5243055555555556 0.3359375 0.46875 0.32421875 0.46875 0.32421875 0.5 0.3359375 0.5243055555555556
0 0.35546875 0.4201388888888889 0.36328125 0.40625 0.36328125 0.3784722222222222 0.35546875 0.3715277777777778 0.349609375 0.3784722222222222 0.35546875 0.4201388888888889
0 0.451171875 0.5902777777777778 0.474609375 0.625 0.46875 0.5902777777777778 0.478515625 0.5902777777777778 0.48046875 0.5798611111111112 0.474609375 0.5763888888888888 0.470703125 0.5868055555555556 0.451171875 0.5902777777777778
0 0.373046875 0.2916666666666667 0.373046875 0.2638888888888889 0.36328125 0.2638888888888889 0.3671875 0.2986111111111111 0.373046875 0.2916666666666667
0 0.0625 0.7222222222222222 0.0625 0.7465277777777778 0.08203125 0.75 0.0859375 0.6701388888888888 0.056640625 0.6701388888888888 0.0546875 0.7152777777777778 0.0625 0.7222222222222222
0 0.8359375 0.2847222222222222 0.837890625 0.2638888888888889 0.82421875 0.25 0.818359375 0.28125 0.8359375 0.2847222222222222
0 0.45703125 0.375 0.4609375 0.3541666666666667 0.455078125 0.3298611111111111 0.44921875 0.3333333333333333 0.447265625 0.375 0.45703125 0.375