0 0.353515625 0.9097222222222222 0.35546875 0.9305555555555556 0.349609375 0.9479166666666666 0.35546875 0.9652777777777778 0.37109375 0.9722222222222222 0.375 0.8784722222222222 0.3671875 0.8298611111111112 0.353515625 0.8263888888888888 0.34375 0.84375 0.337890625 0.8854166666666666 0.353515625 0.9097222222222222
0 0.0859375 0.5347222222222222 0.09765625 0.5347222222222222 0.09765625 0.4722222222222222 0.08203125 0.46875 0.080078125 0.5138888888888888 0.0859375 0.5347222222222222
0 0.0859375 0.4166666666666667 0.09375 0.4166666666666667 0.099609375 0.3715277777777778 0.0859375 0.3715277777777778 0.08203125 0.4027777777777778 0.0859375 0.4166666666666667
0 0.96875 0.2986111111111111 0.986328125 0.2986111111111111 0.9921875 0.2847222222222222 0.986328125 0.2638888888888889 0.962890625 0.2708333333333333 0.9609375 0.2847222222222222 0.96875 0.2986111111111111
0 0.5234375 0.7604166666666666 0.53515625 0.7777777777777778 0.54296875 0.7673611111111112 0.580078125 0.8090277777777778 0.57421875 0.7013888888888888 0.560546875 0.7013888888888888 0.548828125 0.7222222222222222 0.546875 0.7465277777777778 0.537109375 0.7291666666666666 0.537109375 0.6840277777777778 0.521484375 0.7048611111111112 0.517578125 0.7256944444444444 0.5234375 0.7604166666666666
0 0.29296875 0.9930555555555556 0.3125 0.9930555555555556 0.314453125 0.9826388888888888 0.32421875 0.9965277777777778 0.35546875 0.9930555555555556 0.35546875 0.9618055555555556 0.345703125 0.9201388888888888 0.3359375 0.9201388888888888 0.32421875 0.9513888888888888 0.326171875 0.9652777777777778 0.318359375 0.9722222222222222 0.302734375 0.9479166666666666 0.298828125 0.9027777777777778 0.2890625 0.90625 0.287109375 0.9791666666666666 0.29296875 0.9930555555555556
0 0.255859375 0.6493055555555556 0.27734375 0.6631944444444444 0.26171875 0.6909722222222222 0.26953125 0.7013888888888888 0.279296875 0.6666666666666666 0.279296875 0.6076388888888888 0.26171875 0.6041666666666666 0.255859375 0.6076388888888888 0.255859375 0.6493055555555556
0 0.150390625 0.6388888888888888 0.166015625 0.6076388888888888 0.166015625 0.59375 0.162109375 0.5625 0.14453125 0.5659722222222222 0.142578125 0.6319444444444444 0.150390625 0.6388888888888888
0 0.1796875 0.625 0.185546875 0.6284722222222222 0.19140625 0.6666666666666666 0.205078125 0.6076388888888888 0.201171875 0.5798611111111112 0.1875 0.5763888888888888 0.1796875 0.5902777777777778 0.1796875 0.625
0 0.3984375 0.7013888888888888 0.3984375 0.625 0.38671875 0.6111111111111112 0.375 0.6354166666666666 0.373046875 0.6944444444444444 0.3984375 0.7013888888888888
0 0.541015625 0.6284722222222222 0.5546875 0.625 0.548828125 0.5486111111111112 0.541015625 0.5451388888888888 0.525390625 0.5625 0.525390625 0.6111111111111112 0.541015625 0.6284722222222222
0 0.404296875 0.5138888888888888 0.404296875 0.4826388888888889 0.388671875 0.4722222222222222 0.38671875 0.5138888888888888 0.404296875 0.5138888888888888
0 0.1484375 0.28125 0.1484375 0.2604166666666667 0.142578125 0.25 0.1328125 0.2534722222222222 0.12890625 0.2777777777777778 0.1484375 0.28125
0 0.205078125 0.3993055555555556 0.19921875 0.375 0.16796875 0.3576388888888889 0.162109375 0.3993055555555556 0.205078125 0.3993055555555556
0 0.31640625 0.6875 0.3203125 0.6631944444444444 0.330078125 0.65625 0.330078125 0.625 0.310546875 0.6354166666666666 0.306640625 0.6736111111111112 0.31640625 0.6875
0 0.240234375 0.71875 0.244140625 0.7013888888888888 0.255859375 0.6979166666666666 0.25390625 0.6597222222222222 0.234375 0.6597222222222222 0.23046875 0.7048611111111112 0.240234375 0.71875
0 0.51953125 0.8576388888888888 0.537109375 0.875 0.54296875 0.8680555555555556 0.537109375 0.7847222222222222 0.51953125 0.7604166666666666 0.509765625 0.7673611111111112 0.505859375 0.78125 0.51953125 0.8576388888888888
0 0.04296875 0.7673611111111112 0.0546875 0.8020833333333334 0.048828125 0.8263888888888888 0.068359375 0.8680555555555556 0.076171875 0.8611111111111112 0.08203125 0.8888888888888888 0.09375 0.9027777777777778 0.09765625 0.8229166666666666 0.0859375 0.7638888888888888 0.072265625 0.75 0.0546875 0.7743055555555556 0.04296875 0.7673611111111112
0 0.275390625 0.5972222222222222 0.29296875 0.6076388888888888 0.29296875 0.5625 0.287109375 0.5416666666666666 0.2734375 0.5416666666666666 0.26953125 0.5729166666666666 0.275390625 0.5972222222222222
0 0.30078125 0.5902777777777778 0.318359375 0.5659722222222222 0.31640625 0.5104166666666666 0.306640625 0.5034722222222222 0.298828125 0.5104166666666666 0.30078125 0.5902777777777778
0 0.23046875 0.7986111111111112 0.234375 0.8125 0.25 0.8333333333333334 0.265625 0.8784722222222222 0.279296875 0.8888888888888888 0.275390625 0.7638888888888888 0.255859375 0.7673611111111112 0.248046875 0.78125 0.23828125 0.7743055555555556 0.236328125 0.7951388888888888 0.23046875 0.7986111111111112
0 0.3984375 0.6076388888888888 0.404296875 0.6041666666666666 0.40625 0.5451388888888888 0.400390625 0.53125 0.38671875 0.5451388888888888 0.38671875 0.5902777777777778 0.3984375 0.6076388888888888
0 0.099609375 0.4305555555555556 0.111328125 0.4479166666666667 0.1171875 0.40625 0.10546875 0.3923611111111111 0.099609375 0.4027777777777778 0.099609375 0.4305555555555556
0 0.599609375 0.6041666666666666 0.615234375 0.625 0.623046875 0.6076388888888888 0.623046875 0.5763888888888888 0.611328125 0.5590277777777778 0.599609375 0.5625 0.599609375 0.6041666666666666
0 0 0.6388888888888888 0.013671875 0.6180555555555556 0.01171875 0.5625 0 0.5625 0 0.6388888888888888
0 0.634765625 0.6076388888888888 0.65625 0.59375 0.654296875 0.5416666666666666 0.646484375 0.5243055555555556 0.63671875 0.53125 0.630859375 0.5798611111111112 0.634765625 0.6076388888888888
0 0.3125 0.7777777777777778 0.3095703125 0.7899305555555556 0.32421875 0.8055555555555556 0.3125 0.7430555555555556 0.3046875 0.7361111111111112 0.30078125 0.7743055555555556 0.3125 0.7777777777777778
0 0.337890625 0.7673611111111112 0.349609375 0.7743055555555556 0.34765625 0.7326388888888888 0.35546875 0.7048611111111112 0.34375 0.7361111111111112 0.330078125 0.7222222222222222 0.32421875 0.7291666666666666 0.326171875 0.78125 0.337890625 0.7673611111111112
0 0.04296875 0.65625 0.0546875 0.7013888888888888 0.06640625 0.7013888888888888 0.072265625 0.6423611111111112 0.068359375 0.6180555555555556 0.0546875 0.6180555555555556 0.04296875 0.625 0.04296875 0.65625
0 0.919921875 0.2916666666666667 0.91796875 0.2638888888888889 0.90625 0.2743055555555556 0.90625 0.2951388888888889 0.919921875 0.2916666666666667
0 0.44921875 0.6944444444444444 0.45703125 0.7152777777777778 0.47265625 0.7291666666666666 0.46875 0.6597222222222222 0.4609375 0.6388888888888888 0.44921875 0.6388888888888888 0.443359375 0.6493055555555556 0.44921875 0.6944444444444444
0 0.955078125 0.34375 0.974609375 0.3541666666666667 0.974609375 0.3298611111111111 0.966796875 0.3229166666666667 0.955078125 0.3263888888888889 0.955078125 0.34375
0 0.34375 0.625 0.35546875 0.6284722222222222 0.359375 0.5486111111111112 0.34765625 0.5451388888888888 0.337890625 0.5555555555555556 0.337890625 0.6076388888888888 0.34375 0.625
0 0.35546875 0.9201388888888888 0.349609375 0.9479166666666666 0.36328125 0.9722222222222222 0.375 0.96875 0.375 0.8784722222222222 0.3671875 0.8298611111111112 0.349609375 0.8263888888888888 0.3359375 0.8402777777777778 0.3203125 0.8229166666666666 0.330078125 0.8715277777777778 0.35546875 0.9201388888888888
0 0.3681640625 0.8107638888888888 0.001953125 0.003472222222222222
0 0.421875 0.75 0.453125 0.7638888888888888 0.46875 0.7465277777777778 0.46875 0.71875 0.4609375 0.71875 0.44921875 0.6944444444444444 0.447265625 0.6701388888888888 0.4296875 0.6875 0.427734375 0.71875 0.421875 0.7152777777777778 0.41015625 0.6597222222222222 0.400390625 0.6875 0.3984375 0.7152777777777778 0.421875 0.75
0 0.005859375 0.34375 0.02734375 0.3402777777777778 0.03515625 0.3263888888888889 0.017578125 0.2916666666666667 0.005859375 0.3125 0.005859375 0.34375
0 0.455078125 0.875 0.466796875 0.8680555555555556 0.4609375 0.8263888888888888 0.443359375 0.8263888888888888 0.455078125 0.875
0 0.46875 0.8888888888888888 0.50390625 0.90625 0.517578125 0.9340277777777778 0.525390625 0.9340277777777778 0.53125 0.9236111111111112 0.53125 0.8993055555555556 0.509765625 0.7986111111111112 0.48828125 0.8125 0.486328125 0.8576388888888888 0.46875 0.8888888888888888
0 0.162109375 0.8263888888888888 0.177734375 0.8506944444444444 0.181640625 0.875 0.208984375 0.90625 0.216796875 0.8715277777777778 0.205078125 0.8402777777777778 0.2109375 0.8263888888888888 0.205078125 0.7777777777777778 0.1875 0.78125 0.18359375 0.8125 0.173828125 0.8055555555555556 0.171875 0.7847222222222222 0.166015625 0.7881944444444444 0.16796875 0.8159722222222222 0.162109375 0.8263888888888888
0 0.56640625 0.6076388888888888 0.57421875 0.5902777777777778 0.57421875 0.5416666666666666 0.5546875 0.5416666666666666 0.5546875 0.6041666666666666 0.56640625 0.6076388888888888
0 0.79296875 0.4340277777777778 0.798828125 0.4375 0.8125 0.4375 0.830078125 0.4097222222222222 0.810546875 0.3888888888888889 0.798828125 0.4027777777777778 0.79296875 0.4166666666666667 0.79296875 0.4340277777777778
0 0.236328125 0.3159722222222222 0.251953125 0.3263888888888889 0.25390625 0.2951388888888889 0.25 0.28125 0.2421875 0.28125 0.236328125 0.2916666666666667 0.236328125 0.3159722222222222
0 0.111328125 0.9166666666666666 0.111328125 0.9340277777777778 0.125 0.9513888888888888 0.123046875 0.9791666666666666 0.16796875 0.9791666666666666 0.19140625 0.9513888888888888 0.193359375 0.9409722222222222 0.1796875 0.9236111111111112 0.181640625 0.90625 0.171875 0.8576388888888888 0.15625 0.8576388888888888 0.138671875 0.875 0.13671875 0.9166666666666666 0.111328125 0.9166666666666666
0 0.986328125 0.3576388888888889 0.998046875 0.3576388888888889 0.994140625 0.3263888888888889 0.986328125 0.3402777777777778 0.986328125 0.3576388888888889