0 0.0234375 0.46875 0.03125 0.4652777777777778 0.037109375 0.4340277777777778 0.0234375 0.4097222222222222 0.01171875 0.40625 0.01171875 0.4513888888888889 0.0234375 0.46875
0 0.14453125 0.4201388888888889 0.154296875 0.4166666666666667 0.15625 0.3784722222222222 0.140625 0.375 0.13671875 0.4027777777777778 0.14453125 0.4201388888888889
0 0.130859375 0.4201388888888889 0.12890625 0.3888888888888889 0.111328125 0.3784722222222222 0.109375 0.4201388888888889 0.130859375 0.4201388888888889
0 0 0.3368055555555556 0.01171875 0.3368055555555556 0.013671875 0.3125 0.0078125 0.3055555555555556 0 0.3055555555555556 0 0.3368055555555556
0 0.978515625 0.4513888888888889 0.98046875 0.4236111111111111 0.974609375 0.4236111111111111 0.966796875 0.4513888888888889 0.978515625 0.4513888888888889
0 0.93359375 0.4513888888888889 0.935546875 0.4375 0.92578125 0.4201388888888889 0.923828125 0.4479166666666667 0.93359375 0.4513888888888889
0 0 0.5451388888888888 0.009765625 0.5625 0 0.5763888888888888 0.0234375 0.5659722222222222 0.048828125 0.5729166666666666 0.0546875 0.5625 0.05078125 0.5208333333333334 0.037109375 0.5173611111111112 0.013671875 0.5451388888888888 0 0.5451388888888888
0 0.248046875 0.4930555555555556 0.267578125 0.4756944444444444 0.28125 0.4791666666666667 0.29296875 0.4513888888888889 0.287109375 0.4375 0.255859375 0.4375 0.26953125 0.4722222222222222 0.25390625 0.4826388888888889 0.2421875 0.4618055555555556 0.23828125 0.4791666666666667 0.248046875 0.4930555555555556
0 0.111328125 0.5451388888888888 0.125 0.5451388888888888 0.130859375 0.53125 0.16796875 0.53125 0.173828125 0.5138888888888888 0.171875 0.4965277777777778 0.1484375 0.5 0.146484375 0.5138888888888888 0.12890625 0.4930555555555556 0.1171875 0.5 0.111328125 0.5138888888888888 0.111328125 0.5451388888888888
0 0.701171875 0.3576388888888889 0.697265625 0.34375 0.697265625 0.3576388888888889 0.681640625 0.3680555555555556 0.677734375 0.3472222222222222 0.666015625 0.3784722222222222 0.701171875 0.3576388888888889
0 0.07421875 0.4201388888888889 0.09375 0.4375 0.09765625 0.4027777777777778 0.087890625 0.375 0.07421875 0.375 0.068359375 0.3784722222222222 0.07421875 0.4201388888888889
0 0.16796875 0.3993055555555556 0.19921875 0.4027777777777778 0.205078125 0.3923611111111111 0.185546875 0.3611111111111111 0.166015625 0.3611111111111111 0.162109375 0.3923611111111111 0.16796875 0.3993055555555556
0 0.06640625 0.4513888888888889 0.07421875 0.4375 0.068359375 0.40625 0.0625 0.3923611111111111 0.05078125 0.3923611111111111 0.048828125 0.4444444444444444 0.06640625 0.4513888888888889
0 0.998046875 0.2951388888888889 0.998046875 0.2673611111111111 0.9921875 0.2673611111111111 0.986328125 0.2951388888888889 0.998046875 0.2951388888888889
0 0.28125 0.5277777777777778 0.310546875 0.5138888888888888 0.3046875 0.5 0.3125 0.4930555555555556 0.32421875 0.5138888888888888 0.330078125 0.5 0.32421875 0.46875 0.3125 0.4861111111111111 0.302734375 0.4826388888888889 0.29296875 0.4618055555555556 0.28125 0.4826388888888889 0.275390625 0.5034722222222222 0.28125 0.5277777777777778
0 0.06640625 0.3159722222222222 0.06640625 0.2916666666666667 0.05078125 0.2847222222222222 0.05078125 0.3125 0.06640625 0.3159722222222222
0 0.41015625 0.5625 0.431640625 0.5277777777777778 0.4365234375 0.5451388888888888 0.44921875 0.5451388888888888 0.4609375 0.5173611111111112 0.443359375 0.5138888888888888 0.435546875 0.5347222222222222 0.4296875 0.5208333333333334 0.431640625 0.5034722222222222 0.41796875 0.5034722222222222 0.40625 0.5451388888888888 0.41015625 0.5625
0 0.013671875 0.75 0.037109375 0.7222222222222222 0.04296875 0.6944444444444444 0.052734375 0.71875 0.083984375 0.7152777777777778 0.09375 0.6979166666666666 0.087890625 0.6388888888888888 0.076171875 0.6423611111111112 0.048828125 0.6875 0.041015625 0.6840277777777778 0.04296875 0.6493055555555556 0.01953125 0.6527777777777778 0.005859375 0.6805555555555556 0 0.75 0.013671875 0.75
0 0.142578125 0.78125 0.1484375 0.7638888888888888 0.16015625 0.7638888888888888 0.1796875 0.7430555555555556 0.201171875 0.7430555555555556 0.2109375 0.7291666666666666 0.2109375 0.7013888888888888 0.216796875 0.6909722222222222 0.19921875 0.6701388888888888 0.169921875 0.7222222222222222 0.16015625 0.7222222222222222 0.16015625 0.7048611111111112 0.146484375 0.6875 0.130859375 0.7118055555555556 0.125 0.7743055555555556 0.142578125 0.78125