0 0.818359375 0.2951388888888889 0.84375 0.3055555555555556 0.84765625 0.28125 0.8359375 0.2604166666666667 0.81640625 0.2638888888888889 0.8125 0.28125 0.818359375 0.2951388888888889
0 0.44140625 0.5729166666666666 0.455078125 0.5486111111111112 0.474609375 0.5590277777777778 0.482421875 0.5520833333333334 0.486328125 0.5416666666666666 0.47265625 0.5138888888888888 0.486328125 0.5104166666666666 0.484375 0.5034722222222222 0.44921875 0.5034722222222222 0.435546875 0.5451388888888888 0.44140625 0.5729166666666666
0 0.689453125 0.4236111111111111 0.70703125 0.4236111111111111 0.716796875 0.4375 0.72265625 0.4201388888888889 0.72265625 0.4027777777777778 0.712890625 0.3888888888888889 0.6875 0.3888888888888889 0.67578125 0.40625 0.6796875 0.4375 0.689453125 0.4236111111111111
0 0.53515625 0.40625 0.537109375 0.4236111111111111 0.572265625 0.3993055555555556 0.572265625 0.3888888888888889 0.560546875 0.3784722222222222 0.548828125 0.375 0.54296875 0.3854166666666667 0.548828125 0.40625 0.53515625 0.40625
0 0.01171875 0.4479166666666667 0.0234375 0.4513888888888889 0.03125 0.4375 0.03125 0.4097222222222222 0.0234375 0.3888888888888889 0.01171875 0.3888888888888889 0.005859375 0.3993055555555556 0.01171875 0.4479166666666667
0 0.048828125 0.3090277777777778 0.068359375 0.3055555555555556 0.068359375 0.28125 0.0546875 0.2777777777777778 0.046875 0.28125 0.048828125 0.3090277777777778
0 0.82421875 0.4236111111111111 0.845703125 0.4131944444444444 0.861328125 0.4340277777777778 0.873046875 0.4340277777777778 0.875 0.3993055555555556 0.861328125 0.3993055555555556 0.849609375 0.4166666666666667 0.845703125 0.3923611111111111 0.8359375 0.3888888888888889 0.82421875 0.4097222222222222 0.82421875 0.4236111111111111
0 0.517578125 0.4965277777777778 0.521484375 0.4513888888888889 0.51171875 0.4513888888888889 0.50390625 0.4722222222222222 0.498046875 0.4409722222222222 0.486328125 0.4548611111111111 0.48046875 0.5 0.517578125 0.4965277777777778
0 0.908203125 0.3715277777777778 0.916015625 0.3576388888888889 0.916015625 0.34375 0.8984375 0.3298611111111111 0.888671875 0.3298611111111111 0.880859375 0.34375 0.875 0.375 0.908203125 0.3715277777777778
0 0.248046875 0.5798611111111112 0.26171875 0.5659722222222222 0.296875 0.5625 0.3046875 0.5416666666666666 0.298828125 0.5104166666666666 0.279296875 0.5347222222222222 0.267578125 0.53125 0.26171875 0.5138888888888888 0.263671875 0.5243055555555556 0.25390625 0.53125 0.244140625 0.5625 0.248046875 0.5798611111111112
0 0.06640625 0.6041666666666666 0.095703125 0.5798611111111112 0.1171875 0.5902777777777778 0.12890625 0.5729166666666666 0.12890625 0.5486111111111112 0.125 0.53125 0.109375 0.53125 0.0859375 0.5625 0.072265625 0.5277777777777778 0.052734375 0.5659722222222222 0.048828125 0.59375 0.06640625 0.6041666666666666
0 0.13671875 0.4305555555555556 0.142578125 0.4166666666666667 0.142578125 0.3854166666666667 0.13671875 0.3680555555555556 0.126953125 0.375 0.125 0.4201388888888889 0.13671875 0.4305555555555556
0 0.029296875 0.7291666666666666 0.013671875 0.7638888888888888 0.013671875 0.7777777777777778 0.025390625 0.7916666666666666 0.04296875 0.7638888888888888 0.05859375 0.7638888888888888 0.08203125 0.7430555555555556 0.103515625 0.7430555555555556 0.111328125 0.7291666666666666 0.11328125 0.6701388888888888 0.087890625 0.6875 0.06640625 0.7326388888888888 0.056640625 0.7326388888888888 0.048828125 0.71875 0.048828125 0.6701388888888888 0.03125 0.7013888888888888 0.025390625 0.7222222222222222 0.029296875 0.7291666666666666
0 0.88671875 0.2777777777777778 0.88671875 0.2534722222222222 0.86328125 0.2465277777777778 0.861328125 0.2777777777777778 0.88671875 0.2777777777777778
0 0.66015625 0.3888888888888889 0.671875 0.3784722222222222 0.6875 0.3854166666666667 0.693359375 0.375 0.689453125 0.34375 0.671875 0.3402777777777778 0.662109375 0.3541666666666667 0.65625 0.3715277777777778 0.66015625 0.3888888888888889
0 0.947265625 0.3541666666666667 0.94921875 0.2986111111111111 0.9375 0.2951388888888889 0.91796875 0.3229166666666667 0.916015625 0.34375 0.947265625 0.3541666666666667
0 0.578125 0.4201388888888889 0.580078125 0.4375 0.591796875 0.4375 0.59765625 0.4027777777777778 0.583984375 0.4097222222222222 0.57421875 0.3993055555555556 0.5625 0.4201388888888889 0.5625 0.4409722222222222 0.578125 0.4201388888888889
0 0.59375 0.5138888888888888 0.603515625 0.5277777777777778 0.611328125 0.4756944444444444 0.6171875 0.46875 0.60546875 0.4618055555555556 0.59375 0.4826388888888889 0.580078125 0.4722222222222222 0.568359375 0.5034722222222222 0.568359375 0.53125 0.59375 0.5138888888888888
0 0.673828125 0.4618055555555556 0.673828125 0.4305555555555556 0.650390625 0.4201388888888889 0.642578125 0.4375 0.638671875 0.4791666666666667 0.673828125 0.4618055555555556
0 0.5234375 0.3263888888888889 0.53125 0.2986111111111111 0.5234375 0.28125 0.515625 0.2847222222222222 0.51171875 0.3125 0.5234375 0.3263888888888889
0 0.7421875 0.375 0.7421875 0.3402777777777778 0.736328125 0.3298611111111111 0.71875 0.34375 0.71875 0.3715277777777778 0.7421875 0.375
0 0.173828125 0.4166666666666667 0.16796875 0.3611111111111111 0.150390625 0.3611111111111111 0.150390625 0.4027777777777778 0.173828125 0.4166666666666667