0 0.7734375 0.3993055555555556 0.787109375 0.40625 0.81640625 0.40625 0.82421875 0.375 0.822265625 0.3576388888888889 0.7734375 0.3576388888888889 0.767578125 0.3784722222222222 0.7734375 0.3993055555555556
0 0.173828125 0.6423611111111112 0.1875 0.6701388888888888 0.193359375 0.6597222222222222 0.197265625 0.59375 0.17578125 0.59375 0.1796875 0.6076388888888888 0.173828125 0.6423611111111112
0 0.615234375 0.4965277777777778 0.6171875 0.4618055555555556 0.611328125 0.4340277777777778 0.61328125 0.4513888888888889 0.599609375 0.4618055555555556 0.59765625 0.4826388888888889 0.615234375 0.4965277777777778
0 0.287109375 0.9618055555555556 0.302734375 0.9722222222222222 0.310546875 0.9965277777777778 0.32421875 0.9930555555555556 0.32421875 0.8888888888888888 0.310546875 0.8576388888888888 0.298828125 0.8611111111111112 0.2890625 0.8819444444444444 0.29296875 0.9479166666666666 0.287109375 0.9618055555555556
0 0.03125 0.4618055555555556 0.044921875 0.4722222222222222 0.048828125 0.4305555555555556 0.037109375 0.4236111111111111 0.03125 0.4340277777777778 0.03125 0.4618055555555556
0 0.376953125 0.4861111111111111 0.37890625 0.4375 0.361328125 0.4375 0.36328125 0.4791666666666667 0.376953125 0.4861111111111111
0 0.416015625 0.6041666666666666 0.412109375 0.6076388888888888 0.423828125 0.6284722222222222 0.423828125 0.5451388888888888 0.408203125 0.5520833333333334 0.40625 0.5763888888888888 0.416015625 0.6041666666666666
0 0.23046875 0.6701388888888888 0.23828125 0.6875 0.248046875 0.6875 0.25390625 0.6527777777777778 0.248046875 0.6180555555555556 0.23828125 0.6111111111111112 0.23046875 0.6215277777777778 0.23046875 0.6701388888888888
0 0.16015625 0.4409722222222222 0.16796875 0.4375 0.166015625 0.3993055555555556 0.154296875 0.3993055555555556 0.16015625 0.4409722222222222
0 0.51953125 0.5868055555555556 0.529296875 0.5729166666666666 0.53515625 0.5243055555555556 0.5234375 0.5138888888888888 0.51171875 0.53125 0.51171875 0.5763888888888888 0.51953125 0.5868055555555556
0 0.03125 0.6527777777777778 0.041015625 0.59375 0.03515625 0.5486111111111112 0.013671875 0.5486111111111112 0.01171875 0.59375 0.03125 0.6527777777777778
0 0.09375 0.7986111111111112 0.109375 0.7534722222222222 0.10546875 0.7326388888888888 0.099609375 0.7222222222222222 0.08203125 0.7222222222222222 0.07421875 0.7326388888888888 0.0703125 0.7881944444444444 0.09375 0.7986111111111112
0 0.26171875 0.6944444444444444 0.26953125 0.7222222222222222 0.28515625 0.6979166666666666 0.291015625 0.6701388888888888 0.28515625 0.65625 0.267578125 0.6597222222222222 0.26171875 0.6701388888888888 0.26171875 0.6944444444444444
0 0.3251953125 0.6371527777777778 0.001953125 0.003472222222222222
0 0.35546875 0.6736111111111112 0.359375 0.6666666666666666 0.345703125 0.6527777777777778 0.359375 0.6354166666666666 0.35546875 0.5972222222222222 0.34765625 0.59375 0.337890625 0.6076388888888888 0.3359375 0.6388888888888888 0.35546875 0.6736111111111112
0 0.0234375 0.7673611111111112 0.03125 0.7326388888888888 0.029296875 0.6597222222222222 0.00390625 0.6666666666666666 0 0.7152777777777778 0.0234375 0.7673611111111112
0 0.09765625 0.4479166666666667 0.10546875 0.40625 0.087890625 0.3993055555555556 0.0859375 0.4305555555555556 0.09765625 0.4479166666666667
0 0.9296875 0.7361111111111112 0.958984375 0.7638888888888888 0.98828125 0.8125 0.998046875 0.8090277777777778 0.974609375 0.75 0.935546875 0.7013888888888888 0.92578125 0.7013888888888888 0.9296875 0.7361111111111112
0 0.19921875 0.875 0.23828125 0.9340277777777778 0.244140625 0.9201388888888888 0.23828125 0.8784722222222222 0.2421875 0.8368055555555556 0.23046875 0.8125 0.212890625 0.8159722222222222 0.203125 0.8368055555555556 0.197265625 0.8298611111111112 0.193359375 0.8541666666666666 0.19921875 0.875
0 0.455078125 0.8680555555555556 0.44921875 0.9201388888888888 0.4609375 0.9375 0.4609375 0.9131944444444444 0.48046875 0.8819444444444444 0.48046875 0.84375 0.455078125 0.84375 0.44921875 0.8541666666666666 0.455078125 0.8680555555555556
0 0.486328125 0.8263888888888888 0.498046875 0.8263888888888888 0.505859375 0.8090277777777778 0.50390625 0.71875 0.494140625 0.7013888888888888 0.4765625 0.7118055555555556 0.46875 0.7013888888888888 0.46875 0.7673611111111112 0.486328125 0.8263888888888888
0 0.439453125 0.5590277777777778 0.44921875 0.5138888888888888 0.443359375 0.4826388888888889 0.431640625 0.4861111111111111 0.4296875 0.5416666666666666 0.439453125 0.5590277777777778
0 0.1171875 0.3888888888888889 0.125 0.40625 0.134765625 0.3854166666666667 0.12890625 0.3576388888888889 0.1171875 0.3576388888888889 0.1171875 0.3888888888888889
0 0.083984375 0.6145833333333334 0.09375 0.6215277777777778 0.103515625 0.59375 0.099609375 0.5486111111111112 0.076171875 0.5486111111111112 0.07421875 0.5833333333333334 0.083984375 0.6145833333333334
0 0.1640625 0.7847222222222222 0.16796875 0.71875 0.162109375 0.6909722222222222 0.13671875 0.6909722222222222 0.138671875 0.7604166666666666 0.1640625 0.7847222222222222
0 0.646484375 0.9722222222222222 0.6484375 0.9201388888888888 0.630859375 0.8888888888888888 0.625 0.9409722222222222 0.646484375 0.9722222222222222
0 0.66015625 0.9861111111111112 0.705078125 0.9965277777777778 0.705078125 0.9305555555555556 0.693359375 0.8888888888888888 0.6796875 0.8784722222222222 0.671875 0.9479166666666666 0.66015625 0.9861111111111112
0 0.630859375 0.8784722222222222 0.63671875 0.8784722222222222 0.638671875 0.8576388888888888 0.625 0.8576388888888888 0.630859375 0.8784722222222222
0 0.29296875 0.5625 0.306640625 0.5729166666666666 0.310546875 0.5173611111111112 0.298828125 0.5 0.29296875 0.5104166666666666 0.29296875 0.5625
0 0.13671875 0.4513888888888889 0.14453125 0.46875 0.15625 0.4722222222222222 0.15625 0.4201388888888889 0.1484375 0.4097222222222222 0.13671875 0.4236111111111111 0.13671875 0.4513888888888889
0 0.3359375 0.5451388888888888 0.34375 0.5451388888888888 0.34375 0.5243055555555556 0.35546875 0.5 0.35546875 0.46875 0.34765625 0.4548611111111111 0.330078125 0.4826388888888889 0.330078125 0.5243055555555556 0.3359375 0.5451388888888888
0 0.326171875 0.7638888888888888 0.33203125 0.7673611111111112 0.333984375 0.7395833333333334 0.345703125 0.7083333333333334 0.35546875 0.7013888888888888 0.345703125 0.6875 0.32421875 0.6875 0.322265625 0.7326388888888888 0.326171875 0.7638888888888888
0 0.1171875 0.5590277777777778 0.12890625 0.5590277777777778 0.130859375 0.5 0.11328125 0.4965277777777778 0.111328125 0.53125 0.1171875 0.5590277777777778
0 0.013671875 0.9513888888888888 0.017578125 0.9930555555555556 0.080078125 0.9965277777777778 0.07421875 0.9409722222222222 0.05078125 0.90625 0.04296875 0.9097222222222222 0.033203125 0.9375 0.013671875 0.9513888888888888
0 0.443359375 0.7013888888888888 0.455078125 0.7048611111111112 0.466796875 0.6701388888888888 0.4609375 0.6354166666666666 0.44921875 0.625 0.435546875 0.6388888888888888 0.435546875 0.6840277777777778 0.443359375 0.7013888888888888
0 0.568359375 0.4965277777777778 0.5859375 0.4930555555555556 0.583984375 0.4513888888888889 0.568359375 0.4513888888888889 0.568359375 0.4965277777777778
0 0.859375 0.3923611111111111 0.86328125 0.3680555555555556 0.876953125 0.3576388888888889 0.87890625 0.34375 0.8671875 0.3402777777777778 0.853515625 0.3576388888888889 0.84765625 0.3854166666666667 0.859375 0.3923611111111111
0 0.6484375 0.7951388888888888 0.6796875 0.8402777777777778 0.673828125 0.8263888888888888 0.6796875 0.8177083333333334 0.6796875 0.7951388888888888 0.673828125 0.7881944444444444 0.67578125 0.7638888888888888 0.66796875 0.7222222222222222 0.669102822265625 0.7188620069444445 0.64453125 0.7222222222222222 0.64453125 0.7430555555555556 0.650390625 0.75 0.64453125 0.7638888888888888 0.6484375 0.7951388888888888
0 0.5546875 0.9930555555555556 0.591796875 0.9930555555555556 0.5859375 0.9513888888888888 0.580078125 0.9479166666666666 0.5546875 0.9479166666666666 0.5546875 0.9930555555555556
0 0.529296875 0.8229166666666666 0.525390625 0.84375 0.53125 0.8541666666666666 0.54296875 0.8298611111111112 0.537109375 0.7986111111111112 0.5234375 0.7951388888888888 0.529296875 0.8229166666666666
0 0.56640625 0.8263888888888888 0.5625 0.8402777777777778 0.576171875 0.9027777777777778 0.587890625 0.9201388888888888 0.59375 0.9097222222222222 0.59375 0.8784722222222222 0.5859375 0.8645833333333334 0.5859375 0.8229166666666666 0.580078125 0.7951388888888888 0.56640625 0.7847222222222222 0.5546875 0.8020833333333334 0.56640625 0.8263888888888888
0 0.361328125 0.6215277777777778 0.37890625 0.625 0.376953125 0.5381944444444444 0.353515625 0.5451388888888888 0.349609375 0.5729166666666666 0.361328125 0.6215277777777778
0 0.224609375 0.3576388888888889 0.236328125 0.3680555555555556 0.23828125 0.3368055555555556 0.236328125 0.3229166666666667 0.23046875 0.3229166666666667 0.224609375 0.3263888888888889 0.224609375 0.3576388888888889
0 0.369140625 0.8715277777777778 0.412109375 0.9027777777777778 0.416015625 0.8784722222222222 0.40625 0.8506944444444444 0.41015625 0.8229166666666666 0.400390625 0.7847222222222222 0.392578125 0.78125 0.375 0.8055555555555556 0.380859375 0.84375 0.369140625 0.8715277777777778
0 0.474609375 0.6423611111111112 0.486328125 0.625 0.486328125 0.5972222222222222 0.462890625 0.59375 0.462890625 0.6388888888888888 0.474609375 0.6423611111111112
0 0.55859375 0.71875 0.560546875 0.6666666666666666 0.5546875 0.6284722222222222 0.5390625 0.6319444444444444 0.537109375 0.6979166666666666 0.55859375 0.71875
0 0.087890625 0.9652777777777778 0.10546875 0.9861111111111112 0.1171875 0.9826388888888888 0.1171875 0.8993055555555556 0.10546875 0.8715277777777778 0.0859375 0.8854166666666666 0.08203125 0.9305555555555556 0.087890625 0.9652777777777778
0 0.716796875 0.4652777777777778 0.72265625 0.4097222222222222 0.705078125 0.40625 0.701171875 0.4340277777777778 0.716796875 0.4652777777777778
0 0.1171875 0.8576388888888888 0.1171875 0.8923611111111112 0.125 0.9166666666666666 0.138671875 0.9166666666666666 0.1484375 0.9305555555555556 0.15625 0.8923611111111112 0.15625 0.84375 0.1484375 0.8298611111111112 0.1484375 0.8090277777777778 0.111328125 0.8263888888888888 0.109375 0.84375 0.1171875 0.8576388888888888