0 0.880859375 0.2604166666666667 0.88671875 0.2534722222222222 0.88671875 0.2326388888888889 0.875 0.2326388888888889 0.869140625 0.2534722222222222 0.880859375 0.2604166666666667
0 0.09765625 0.3055555555555556 0.099609375 0.28125 0.080078125 0.2743055555555556 0.076171875 0.3090277777777778 0.09765625 0.3055555555555556
0 0.283203125 0.2361111111111111 0.28125 0.21875 0.275390625 0.21875 0.2734375 0.2326388888888889 0.283203125 0.2361111111111111
0 0.310546875 0.34375 0.310546875 0.2951388888888889 0.298828125 0.2951388888888889 0.298828125 0.34375 0.310546875 0.34375
0 0.4375 0.3055555555555556 0.44140625 0.2743055555555556 0.431640625 0.2673611111111111 0.4296875 0.2951388888888889 0.4375 0.3055555555555556
0 0.130859375 0.2777777777777778 0.1484375 0.2638888888888889 0.142578125 0.24305555555555555 0.12890625 0.24305555555555555 0.130859375 0.2777777777777778
0 0.287109375 0.34375 0.287109375 0.3125 0.27734375 0.3055555555555556 0.2734375 0.3368055555555556 0.287109375 0.34375
0 0.025390625 0.4409722222222222 0.037109375 0.4479166666666667 0.04296875 0.4375 0.04296875 0.3993055555555556 0.029296875 0.3923611111111111 0.0234375 0.4027777777777778 0.025390625 0.4409722222222222
0 0.267578125 0.2465277777777778 0.267578125 0.2222222222222222 0.26171875 0.21875 0.26171875 0.2465277777777778 0.267578125 0.2465277777777778
0 0.3671875 0.3263888888888889 0.3671875 0.2951388888888889 0.359375 0.2986111111111111 0.35546875 0.3229166666666667 0.3671875 0.3263888888888889
0 0.85546875 0.2534722222222222 0.85546875 0.22916666666666666 0.837890625 0.2361111111111111 0.8359375 0.25 0.85546875 0.2534722222222222
0 0.1640625 0.3368055555555556 0.171875 0.3541666666666667 0.162109375 0.3298611111111111 0.154296875 0.3368055555555556 0.150390625 0.3541666666666667 0.1640625 0.3368055555555556
0 0.26953125 0.3541666666666667 0.2734375 0.3263888888888889 0.26171875 0.3125 0.255859375 0.34375 0.26953125 0.3541666666666667
0 0.1171875 0.3125 0.1171875 0.2847222222222222 0.10546875 0.28125 0.099609375 0.3125 0.1171875 0.3125
0 0.341796875 0.3368055555555556 0.34765625 0.3229166666666667 0.34765625 0.2916666666666667 0.34375 0.28125 0.333984375 0.2881944444444444 0.33203125 0.3298611111111111 0.341796875 0.3368055555555556
0 0.98046875 0.2673611111111111 0.998046875 0.2673611111111111 0.994140625 0.2326388888888889 0.98046875 0.25 0.98046875 0.2673611111111111
0 0.318359375 0.3298611111111111 0.330078125 0.34375 0.326171875 0.2986111111111111 0.318359375 0.3090277777777778 0.318359375 0.3298611111111111
0 0.625 0.2222222222222222 0.623046875 0.2013888888888889 0.61328125 0.20833333333333334 0.611328125 0.22916666666666666 0.625 0.2222222222222222