0 0.447265625 0.4722222222222222 0.474609375 0.4652777777777778 0.484375 0.4409722222222222 0.451171875 0.4201388888888889 0.443359375 0.4513888888888889 0.447265625 0.4722222222222222
0 0.142578125 0.4166666666666667 0.150390625 0.4027777777777778 0.150390625 0.375 0.14453125 0.3611111111111111 0.134765625 0.3611111111111111 0.130859375 0.4027777777777778 0.142578125 0.4166666666666667
0 0.88671875 0.3541666666666667 0.91796875 0.34375 0.912109375 0.3125 0.88671875 0.3125 0.875 0.3298611111111111 0.873046875 0.34375 0.88671875 0.3541666666666667
0 0.0546875 0.6180555555555556 0.0625 0.6076388888888888 0.060546875 0.5625 0.04296875 0.5625 0.02734375 0.5798611111111112 0.01953125 0.5763888888888888 0.01953125 0.5625 0.017578125 0.5729166666666666 0.00390625 0.5625 0.00390625 0.6111111111111112 0.0546875 0.6180555555555556
0 0.298828125 0.5763888888888888 0.298828125 0.5277777777777778 0.28125 0.53125 0.275390625 0.5486111111111112 0.267578125 0.5486111111111112 0.259765625 0.5243055555555556 0.25 0.53125 0.23828125 0.5868055555555556 0.298828125 0.5763888888888888
0 0.166015625 0.5486111111111112 0.185546875 0.53125 0.20703125 0.5347222222222222 0.216796875 0.5173611111111112 0.212890625 0.4861111111111111 0.201171875 0.4861111111111111 0.1875 0.5138888888888888 0.1796875 0.5104166666666666 0.177734375 0.4826388888888889 0.16796875 0.4861111111111111 0.15625 0.5451388888888888 0.166015625 0.5486111111111112
0 0.32421875 0.4548611111111111 0.34375 0.4375 0.34375 0.4201388888888889 0.33203125 0.4166666666666667 0.326171875 0.4270833333333333 0.318359375 0.4479166666666667 0.32421875 0.4548611111111111
0 0.0546875 0.5451388888888888 0.056640625 0.5590277777777778 0.06640625 0.5659722222222222 0.080078125 0.5486111111111112 0.111328125 0.5451388888888888 0.1171875 0.5555555555555556 0.12890625 0.5347222222222222 0.123046875 0.5 0.111328125 0.5 0.09765625 0.5243055555555556 0.08203125 0.5 0.068359375 0.5034722222222222 0.068359375 0.5243055555555556 0.0546875 0.5451388888888888
0 0.51953125 0.4166666666666667 0.53515625 0.3854166666666667 0.546875 0.4097222222222222 0.55078125 0.3784722222222222 0.54296875 0.3854166666666667 0.5234375 0.375 0.513671875 0.3958333333333333 0.51171875 0.4166666666666667 0.51953125 0.4166666666666667
0 0.166015625 0.3993055555555556 0.193359375 0.4027777777777778 0.205078125 0.3923611111111111 0.185546875 0.3611111111111111 0.16796875 0.3611111111111111 0.162109375 0.3854166666666667 0.166015625 0.3993055555555556
0 0.1171875 0.4340277777777778 0.1171875 0.3923611111111111 0.09765625 0.3923611111111111 0.09375 0.4340277777777778 0.1171875 0.4340277777777778
0 0 0.90625 0.01171875 0.9027777777777778 0.017578125 0.8854166666666666 0.017578125 0.8263888888888888 0.0234375 0.8125 0.017578125 0.8090277777777778 0 0.8125 0 0.90625
0 0.60546875 0.5 0.611328125 0.46875 0.62890625 0.5138888888888888 0.634765625 0.4618055555555556 0.62890625 0.4548611111111111 0.623046875 0.4652777777777778 0.609375 0.4652777777777778 0.60546875 0.4548611111111111 0.59375 0.4826388888888889 0.59375 0.5138888888888888 0.60546875 0.5
0 0.359375 0.46875 0.3671875 0.4791666666666667 0.375 0.46875 0.37109375 0.4305555555555556 0.35546875 0.4479166666666667 0.341796875 0.4375 0.330078125 0.4513888888888889 0.330078125 0.4826388888888889 0.359375 0.46875
0 0.474609375 0.5451388888888888 0.517578125 0.53125 0.5234375 0.5034722222222222 0.517578125 0.4826388888888889 0.51171875 0.4826388888888889 0.509765625 0.5 0.486328125 0.4861111111111111 0.474609375 0.5138888888888888 0.474609375 0.5451388888888888
0 0.6640625 0.3888888888888889 0.673828125 0.3611111111111111 0.671875 0.3472222222222222 0.65625 0.3611111111111111 0.650390625 0.34375 0.638671875 0.3576388888888889 0.63671875 0.3888888888888889 0.6640625 0.3888888888888889
0 0.21875 0.7291666666666666 0.234375 0.7013888888888888 0.279296875 0.6840277777777778 0.28515625 0.625 0.2734375 0.6215277777777778 0.248046875 0.6388888888888888 0.224609375 0.625 0.20703125 0.6701388888888888 0.205078125 0.7222222222222222 0.21875 0.7291666666666666