0 0.853515625 0.2777777777777778 0.873046875 0.2743055555555556 0.873046875 0.25 0.861328125 0.2465277777777778 0.849609375 0.2638888888888889 0.853515625 0.2777777777777778
0 0.03125 0.4513888888888889 0.041015625 0.4513888888888889 0.046875 0.4201388888888889 0.04296875 0.4027777777777778 0.025390625 0.4027777777777778 0.025390625 0.4375 0.03125 0.4513888888888889
0 0.474609375 0.59375 0.478515625 0.5902777777777778 0.4921875 0.6180555555555556 0.498046875 0.5972222222222222 0.494140625 0.5486111111111112 0.48046875 0.5486111111111112 0.478515625 0.5625 0.48046875 0.5798611111111112 0.474609375 0.59375
0 0.88671875 0.2916666666666667 0.904296875 0.2777777777777778 0.892578125 0.25 0.87890625 0.2604166666666667 0.875 0.28125 0.88671875 0.2916666666666667
0 0.763671875 0.2638888888888889 0.78515625 0.2604166666666667 0.78125 0.2361111111111111 0.76171875 0.2361111111111111 0.755859375 0.25 0.763671875 0.2638888888888889
0 0.349609375 0.6388888888888888 0.3671875 0.6527777777777778 0.375 0.6388888888888888 0.373046875 0.5902777777777778 0.361328125 0.5729166666666666 0.34765625 0.5763888888888888 0.349609375 0.6388888888888888
0 0.443359375 0.9965277777777778 0.431640625 0.9236111111111112 0.421875 0.9201388888888888 0.40625 0.9513888888888888 0.400390625 0.9965277777777778 0.443359375 0.9965277777777778
0 0.373046875 0.9756944444444444 0.373046875 0.9930555555555556 0.37890625 0.9930555555555556 0.3671875 0.9513888888888888 0.373046875 0.9409722222222222 0.3671875 0.9097222222222222 0.36328125 0.9722222222222222 0.373046875 0.9756944444444444
0 0.4365234375 0.90625 0.001953125 0.006944444444444444
0 0.35546875 0.4826388888888889 0.3671875 0.4340277777777778 0.361328125 0.4201388888888889 0.349609375 0.4236111111111111 0.349609375 0.4826388888888889 0.35546875 0.4826388888888889
0 0.076171875 0.7048611111111112 0.0859375 0.6736111111111112 0.0859375 0.6388888888888888 0.076171875 0.6111111111111112 0.060546875 0.625 0.056640625 0.6597222222222222 0.076171875 0.7048611111111112
0 0.443359375 0.6701388888888888 0.451171875 0.6909722222222222 0.458984375 0.6909722222222222 0.466796875 0.6666666666666666 0.4609375 0.6493055555555556 0.466796875 0.6076388888888888 0.4609375 0.59375 0.44921875 0.5972222222222222 0.443359375 0.6076388888888888 0.443359375 0.6701388888888888
0 0.025390625 0.7361111111111112 0.025390625 0.7916666666666666 0.041015625 0.8125 0.046875 0.8298611111111112 0.060546875 0.8055555555555556 0.0625 0.7638888888888888 0.05078125 0.7222222222222222 0.037109375 0.7222222222222222 0.025390625 0.7361111111111112
0 0.767578125 0.9965277777777778 0.759765625 0.9548611111111112 0.73828125 0.9201388888888888 0.728515625 0.9375 0.71875 0.9375 0.73046875 0.9965277777777778 0.767578125 0.9965277777777778
0 0.662109375 0.9340277777777778 0.6796875 0.9583333333333334 0.693359375 0.9965277777777778 0.69921875 0.9965277777777778 0.701171875 0.9826388888888888 0.685546875 0.9340277777777778 0.6875 0.90625 0.66796875 0.8888888888888888 0.662109375 0.8923611111111112 0.662109375 0.9340277777777778
0 0.0625 0.3784722222222222 0.0625 0.34375 0.048828125 0.3402777777777778 0.04296875 0.3888888888888889 0.0625 0.3784722222222222
0 0.861328125 0.90625 0.873046875 0.9513888888888888 0.880859375 0.96875 0.90625 0.9826388888888888 0.91015625 0.9513888888888888 0.88671875 0.9166666666666666 0.8828125 0.8784722222222222 0.8671875 0.8715277777777778 0.861328125 0.875 0.861328125 0.90625
0 0.96484375 0.9166666666666666 0.9375 0.9201388888888888 0.9375 0.9375 0.9453125 0.9375 0.94921875 0.9548611111111112 0.943359375 0.9930555555555556 0.984375 0.9965277777777778 0.998046875 0.9791666666666666 0.998046875 0.875 0.97265625 0.8680555555555556 0.97265625 0.9027777777777778 0.96484375 0.9166666666666666
0 0.345703125 0.8020833333333334 0.3515625 0.8333333333333334 0.359375 0.8368055555555556 0.361328125 0.8263888888888888 0.34765625 0.8090277777777778 0.3671875 0.7916666666666666 0.3671875 0.7222222222222222 0.375 0.7118055555555556 0.34375 0.71875 0.337890625 0.7395833333333334 0.328125 0.7361111111111112 0.33203125 0.7777777777777778 0.345703125 0.8020833333333334
0 0.4921875 0.7638888888888888 0.494140625 0.78125 0.50390625 0.78125 0.509765625 0.7152777777777778 0.505859375 0.6736111111111112 0.4921875 0.6701388888888888 0.48046875 0.6840277777777778 0.48046875 0.7638888888888888 0.4921875 0.7638888888888888
0 0.5546875 0.8298611111111112 0.556640625 0.8611111111111112 0.568359375 0.9027777777777778 0.57421875 0.9027777777777778 0.56640625 0.8854166666666666 0.57421875 0.8802083333333334 0.57421875 0.8576388888888888 0.5625 0.8229166666666666 0.5625 0.7847222222222222 0.546875 0.7881944444444444 0.54296875 0.7986111111111112 0.5546875 0.8298611111111112
0 0.5234375 0.7743055555555556 0.517578125 0.7638888888888888 0.513671875 0.78125 0.5234375 0.7743055555555556
0 0.447265625 0.4791666666666667 0.455078125 0.46875 0.45703125 0.4409722222222222 0.44140625 0.4409722222222222 0.4375 0.4618055555555556 0.447265625 0.4791666666666667
0 0.37890625 0.5590277777777778 0.376953125 0.5034722222222222 0.361328125 0.5 0.361328125 0.5451388888888888 0.37890625 0.5590277777777778
0 0.267578125 0.28125 0.267578125 0.2534722222222222 0.26171875 0.25 0.26171875 0.28125 0.267578125 0.28125
0 0.93359375 0.2638888888888889 0.94140625 0.2847222222222222 0.951171875 0.2777777777777778 0.947265625 0.2534722222222222 0.923828125 0.2673611111111111 0.923828125 0.2916666666666667 0.93359375 0.2638888888888889
0 0.26171875 0.625 0.2734375 0.5972222222222222 0.2734375 0.5451388888888888 0.255859375 0.5451388888888888 0.26171875 0.625
0 0.380859375 0.5173611111111112 0.38671875 0.5173611111111112 0.384765625 0.4513888888888889 0.373046875 0.4548611111111111 0.380859375 0.5173611111111112
0 0.798828125 0.4375 0.810546875 0.4375 0.8359375 0.4097222222222222 0.833984375 0.3993055555555556 0.81640625 0.3888888888888889 0.798828125 0.4027777777777778 0.79296875 0.4166666666666667 0.798828125 0.4375
0 0.125 0.375 0.111328125 0.3680555555555556 0.111328125 0.3993055555555556 0.125 0.375
0 0.5234375 0.7291666666666666 0.52734375 0.7152777777777778 0.537109375 0.7118055555555556 0.537109375 0.6597222222222222 0.533203125 0.6388888888888888 0.515625 0.6458333333333334 0.51171875 0.71875 0.5234375 0.7291666666666666
0 0.34375 0.4409722222222222 0.35546875 0.3888888888888889 0.34375 0.375 0.333984375 0.3819444444444444 0.33203125 0.4097222222222222 0.34375 0.4409722222222222
0 0.32421875 0.5277777777777778 0.330078125 0.5138888888888888 0.32421875 0.4826388888888889 0.3046875 0.4826388888888889 0.3046875 0.5277777777777778 0.32421875 0.5277777777777778
0 0.95703125 0.9930555555555556 0.986328125 0.9930555555555556 0.98828125 0.9791666666666666 0.998046875 0.9791666666666666 0.998046875 0.875 0.974609375 0.8611111111111112 0.96875 0.90625 0.95703125 0.9201388888888888 0.94921875 0.9479166666666666 0.95703125 0.9930555555555556
0 0.76171875 0.9444444444444444 0.76171875 0.96875 0.76953125 0.9930555555555556 0.78125 0.9930555555555556 0.787109375 0.9513888888888888 0.775390625 0.9375 0.76953125 0.90625 0.763671875 0.90625 0.767578125 0.9340277777777778 0.76171875 0.9444444444444444
0 0.826171875 0.9375 0.841796875 0.96875 0.837890625 0.9930555555555556 0.890625 0.9965277777777778 0.892578125 0.9826388888888888 0.904296875 0.9930555555555556 0.869140625 0.9444444444444444 0.853515625 0.8784722222222222 0.84375 0.8784722222222222 0.83203125 0.8993055555555556 0.8359375 0.9201388888888888 0.826171875 0.9375
0 0.615234375 0.8784722222222222 0.634765625 0.8541666666666666 0.63671875 0.7986111111111112 0.619140625 0.7951388888888888 0.60546875 0.8125 0.60546875 0.875 0.615234375 0.8784722222222222
0 0.58203125 0.7881944444444444 0.572265625 0.8090277777777778 0.57421875 0.8229166666666666 0.587890625 0.8541666666666666 0.59375 0.8541666666666666 0.59765625 0.84375 0.5859375 0.8229166666666666 0.5859375 0.7951388888888888 0.5703125 0.7604166666666666 0.568359375 0.78125 0.58203125 0.7881944444444444
0 0.685546875 0.9930555555555556 0.67578125 0.9618055555555556 0.66796875 0.9652777777777778 0.654296875 0.9513888888888888 0.64453125 0.9652777777777778 0.64453125 0.9965277777777778 0.685546875 0.9930555555555556
0 0.587890625 0.9965277777777778 0.611328125 0.9965277777777778 0.603515625 0.9305555555555556 0.5859375 0.9201388888888888 0.58203125 0.9826388888888888 0.587890625 0.9965277777777778
0 0.42578125 0.5277777777777778 0.431640625 0.5173611111111112 0.423828125 0.5069444444444444 0.435546875 0.4861111111111111 0.4296875 0.46875 0.421875 0.46875 0.416015625 0.4791666666666667 0.42578125 0.5277777777777778
0 0.41015625 0.7638888888888888 0.4296875 0.78125 0.455078125 0.8263888888888888 0.455078125 0.7326388888888888 0.44921875 0.7048611111111112 0.421875 0.7222222222222222 0.4140625 0.7152777777777778 0.412109375 0.6979166666666666 0.40625 0.71875 0.41015625 0.7638888888888888
0 0.130859375 0.2951388888888889 0.12890625 0.2673611111111111 0.119140625 0.2743055555555556 0.1171875 0.2951388888888889 0.130859375 0.2951388888888889
0 0.173828125 0.8125 0.193359375 0.84375 0.205078125 0.84375 0.22265625 0.8784722222222222 0.228515625 0.8680555555555556 0.228515625 0.84375 0.21875 0.75 0.197265625 0.7638888888888888 0.17578125 0.7534722222222222 0.1796875 0.7951388888888888 0.173828125 0.8125
0 0.837890625 0.2777777777777778 0.84375 0.2673611111111111 0.83984375 0.2465277777777778 0.82421875 0.2465277777777778 0.82421875 0.2777777777777778 0.837890625 0.2777777777777778
0 0.537109375 0.6354166666666666 0.537109375 0.65625 0.548828125 0.6701388888888888 0.548828125 0.6354166666666666 0.56640625 0.6076388888888888 0.5625 0.59375 0.53515625 0.5902777777777778 0.53125 0.6284722222222222 0.537109375 0.6354166666666666
0 0.5546875 0.9791666666666666 0.568359375 0.9826388888888888 0.57421875 0.9722222222222222 0.568359375 0.8923611111111112 0.556640625 0.8680555555555556 0.5546875 0.84375 0.537109375 0.8541666666666666 0.537109375 0.9409722222222222 0.5546875 0.9791666666666666
0 0.48828125 0.875 0.505859375 0.9166666666666666 0.5234375 0.9340277777777778 0.529296875 0.8923611111111112 0.513671875 0.8645833333333334 0.51171875 0.8159722222222222 0.5 0.8125 0.494140625 0.8263888888888888 0.498046875 0.8402777777777778 0.48828125 0.875
0 0.2421875 0.9791666666666666 0.25 0.9965277777777778 0.263671875 0.9965277777777778 0.267578125 0.9791666666666666 0.279296875 0.9826388888888888 0.27734375 0.9965277777777778 0.318359375 0.9930555555555556 0.310546875 0.9375 0.29296875 0.9409722222222222 0.279296875 0.96875 0.25390625 0.9409722222222222 0.248046875 0.9444444444444444 0.26171875 0.9618055555555556 0.2421875 0.9791666666666666
0 0.3134765625 0.921875 0.005859375 0.003472222222222222
0 0.32421875 0.2847222222222222 0.32421875 0.25 0.318359375 0.25 0.318359375 0.2916666666666667 0.32421875 0.2847222222222222
0 0.67578125 0.8888888888888888 0.685546875 0.8993055555555556 0.708984375 0.84375 0.724609375 0.8541666666666666 0.71875 0.8125 0.70703125 0.7986111111111112 0.693359375 0.7986111111111112 0.69921875 0.8194444444444444 0.67578125 0.8888888888888888
0 0.662109375 0.8680555555555556 0.66796875 0.8680555555555556 0.673828125 0.8472222222222222 0.66796875 0.8229166666666666 0.671875 0.7847222222222222 0.66796875 0.7743055555555556 0.65625 0.7777777777777778 0.6484375 0.8368055555555556 0.662109375 0.8680555555555556