0 0.59765625 0.3090277777777778 0.59765625 0.2777777777777778 0.58203125 0.2638888888888889 0.58203125 0.3055555555555556 0.59765625 0.3090277777777778
0 0.796875 0.4236111111111111 0.810546875 0.4340277777777778 0.830078125 0.4166666666666667 0.83203125 0.3923611111111111 0.8046875 0.3888888888888889 0.794921875 0.40625 0.78515625 0.3784722222222222 0.7890625 0.3993055555555556 0.78125 0.4236111111111111 0.767578125 0.4027777777777778 0.767578125 0.4305555555555556 0.796875 0.4236111111111111
0 0.998046875 0.40625 0.998046875 0.3298611111111111 0.96484375 0.3680555555555556 0.96875 0.3854166666666667 0.998046875 0.40625
0 0.1171875 0.5347222222222222 0.171875 0.5173611111111112 0.162109375 0.4722222222222222 0.1484375 0.4861111111111111 0.130859375 0.46875 0.11328125 0.4965277777777778 0.111328125 0.5277777777777778 0.1171875 0.5347222222222222
0 0.021484375 0.5486111111111112 0.06640625 0.5451388888888888 0.07421875 0.5277777777777778 0.0703125 0.4965277777777778 0.048828125 0.5 0.0390625 0.5173611111111112 0.017578125 0.5034722222222222 0.01171875 0.53125 0.021484375 0.5486111111111112
0 0.068359375 0.3055555555555556 0.0859375 0.3090277777777778 0.087890625 0.2847222222222222 0.07421875 0.2743055555555556 0.068359375 0.28125 0.068359375 0.3055555555555556
0 0.212890625 0.4548611111111111 0.25 0.4548611111111111 0.25 0.4201388888888889 0.232421875 0.40625 0.216796875 0.4097222222222222 0.2109375 0.4201388888888889 0.212890625 0.4548611111111111
0 0.07421875 0.4965277777777778 0.09765625 0.4826388888888889 0.11328125 0.4930555555555556 0.123046875 0.4618055555555556 0.1171875 0.4513888888888889 0.099609375 0.4618055555555556 0.072265625 0.4513888888888889 0.06640625 0.4618055555555556 0.056640625 0.4930555555555556 0.07421875 0.4965277777777778
0 0.7734375 0.3993055555555556 0.8046875 0.3576388888888889 0.791015625 0.3541666666666667 0.76953125 0.375 0.767578125 0.3993055555555556 0.7734375 0.3993055555555556
0 0.6328125 0.4548611111111111 0.64453125 0.4375 0.658203125 0.4409722222222222 0.666015625 0.4305555555555556 0.6484375 0.4097222222222222 0.638671875 0.4131944444444444 0.625 0.4513888888888889 0.6328125 0.4548611111111111
0 0.10546875 0.4201388888888889 0.11328125 0.4340277777777778 0.123046875 0.4340277777777778 0.12890625 0.4097222222222222 0.123046875 0.3784722222222222 0.1171875 0.375 0.10546875 0.3854166666666667 0.10546875 0.4201388888888889
0 0.845703125 0.2708333333333333 0.845703125 0.2465277777777778 0.833984375 0.2465277777777778 0.845703125 0.2708333333333333
0 0.826171875 0.2743055555555556 0.833984375 0.2465277777777778 0.826171875 0.2465277777777778 0.826171875 0.2743055555555556
0 0 0.5763888888888888 0.017578125 0.5763888888888888 0.01953125 0.5555555555555556 0.01171875 0.53125 0 0.53125 0 0.5763888888888888
0 0.955078125 0.2743055555555556 0.974609375 0.2951388888888889 0.98046875 0.2673611111111111 0.962890625 0.2604166666666667 0.955078125 0.2638888888888889 0.955078125 0.2743055555555556
0 0.6484375 0.4861111111111111 0.666015625 0.4965277777777778 0.671875 0.4513888888888889 0.666015625 0.4409722222222222 0.642578125 0.4409722222222222 0.630859375 0.4652777777777778 0.630859375 0.5 0.6484375 0.4861111111111111
0 0.66796875 0.4305555555555556 0.7109375 0.4166666666666667 0.7109375 0.3888888888888889 0.693359375 0.3923611111111111 0.6796875 0.3784722222222222 0.673828125 0.3888888888888889 0.662109375 0.4166666666666667 0.66796875 0.4305555555555556