0 0.8984375 0.2951388888888889 0.8984375 0.2638888888888889 0.87890625 0.2638888888888889 0.875 0.2847222222222222 0.8984375 0.2951388888888889
0 0.642578125 0.3715277777777778 0.6484375 0.3611111111111111 0.6484375 0.34375 0.6171875 0.34375 0.611328125 0.375 0.642578125 0.3715277777777778
0 0.861328125 0.375 0.861328125 0.3611111111111111 0.845703125 0.34375 0.82421875 0.3472222222222222 0.818359375 0.3888888888888889 0.861328125 0.375
0 0.4921875 0.4027777777777778 0.515625 0.3888888888888889 0.51953125 0.3993055555555556 0.525390625 0.3888888888888889 0.5234375 0.3611111111111111 0.51171875 0.3715277777777778 0.5 0.3611111111111111 0.505859375 0.3888888888888889 0.5 0.3923611111111111 0.48828125 0.3784722222222222 0.486328125 0.3923611111111111 0.4921875 0.4027777777777778
0 0.005859375 0.4236111111111111 0.015625 0.4583333333333333 0.029296875 0.4652777777777778 0.037109375 0.4548611111111111 0.037109375 0.4340277777777778 0.0234375 0.3854166666666667 0.005859375 0.3854166666666667 0.005859375 0.4236111111111111
0 0.392578125 0.4305555555555556 0.400390625 0.4097222222222222 0.3984375 0.3923611111111111 0.392578125 0.3923611111111111 0.380859375 0.40625 0.392578125 0.4305555555555556
0 0.361328125 0.4340277777777778 0.375 0.4201388888888889 0.375 0.3888888888888889 0.3671875 0.3923611111111111 0.359375 0.4097222222222222 0.361328125 0.4340277777777778
0 0.3125 0.4201388888888889 0.33203125 0.40625 0.34765625 0.4166666666666667 0.349609375 0.3854166666666667 0.318359375 0.375 0.306640625 0.40625 0.3125 0.4201388888888889
0 0.0625 0.3298611111111111 0.080078125 0.3263888888888889 0.07421875 0.2951388888888889 0.0546875 0.2951388888888889 0.05078125 0.3125 0.0625 0.3298611111111111
0 0.15625 0.2951388888888889 0.15625 0.2777777777777778 0.14453125 0.2673611111111111 0.13671875 0.2916666666666667 0.15625 0.2951388888888889
0 0.2734375 0.4826388888888889 0.287109375 0.46875 0.31640625 0.4722222222222222 0.32421875 0.4618055555555556 0.31640625 0.4201388888888889 0.306640625 0.4201388888888889 0.306640625 0.4340277777777778 0.296875 0.4479166666666667 0.28125 0.4236111111111111 0.26953125 0.4513888888888889 0.267578125 0.4722222222222222 0.2734375 0.4826388888888889
0 0.48046875 0.4930555555555556 0.47265625 0.4895833333333333 0.478515625 0.4965277777777778 0.5 0.4618055555555556 0.50390625 0.4791666666666667 0.51171875 0.4826388888888889 0.513671875 0.4479166666666667 0.51171875 0.4409722222222222 0.498046875 0.4618055555555556 0.4921875 0.4409722222222222 0.484375 0.4375 0.474609375 0.4618055555555556 0.482421875 0.4826388888888889 0.48046875 0.4930555555555556
0 0.046875 0.5138888888888888 0.048828125 0.5347222222222222 0.078125 0.53125 0.087890625 0.5138888888888888 0.103515625 0.5104166666666666 0.099609375 0.4618055555555556 0.09375 0.4513888888888889 0.0625 0.5138888888888888 0.04296875 0.4826388888888889 0.037109375 0.4826388888888889 0.03125 0.5034722222222222 0.03125 0.5173611111111112 0.046875 0.5138888888888888
0 0.166015625 0.4722222222222222 0.205078125 0.4652777777777778 0.2109375 0.4513888888888889 0.232421875 0.4513888888888889 0.234375 0.4201388888888889 0.2265625 0.40625 0.2109375 0.4166666666666667 0.205078125 0.4097222222222222 0.193359375 0.4375 0.1796875 0.4166666666666667 0.162109375 0.4409722222222222 0.16015625 0.4652777777777778 0.166015625 0.4722222222222222
0 0.81640625 0.3715277777777778 0.82421875 0.3263888888888889 0.8125 0.3229166666666667 0.798828125 0.3368055555555556 0.80078125 0.3680555555555556 0.81640625 0.3715277777777778
0 0.07421875 0.4166666666666667 0.0859375 0.4375 0.09375 0.4375 0.099609375 0.4201388888888889 0.08984375 0.375 0.072265625 0.375 0.07421875 0.4166666666666667
0 0.14453125 0.4618055555555556 0.140625 0.4340277777777778 0.119140625 0.4479166666666667 0.109375 0.4340277777777778 0.095703125 0.4444444444444444 0.10546875 0.46875 0.14453125 0.4618055555555556
0 0.568359375 0.3888888888888889 0.572265625 0.40625 0.59375 0.3923611111111111 0.599609375 0.3993055555555556 0.60546875 0.3888888888888889 0.603515625 0.3680555555555556 0.580078125 0.3645833333333333 0.580078125 0.3923611111111111 0.568359375 0.3888888888888889
0 0.8984375 0.4375 0.90625 0.4201388888888889 0.904296875 0.3923611111111111 0.8671875 0.3784722222222222 0.861328125 0.4201388888888889 0.8984375 0.4375
0 0.142578125 0.4201388888888889 0.15625 0.4166666666666667 0.15625 0.375 0.138671875 0.375 0.13671875 0.4027777777777778 0.142578125 0.4201388888888889
0 0.849609375 0.2638888888888889 0.01171875 0.027777777777777776
0 0.9921875 0.4618055555555556 0.998046875 0.4305555555555556 0.98828125 0.4131944444444444 0.998046875 0.4097222222222222 0.998046875 0.3888888888888889 0.98828125 0.3923611111111111 0.986328125 0.4375 0.9921875 0.4618055555555556
0 0.005859375 0.5416666666666666 0.009765625 0.5659722222222222 0.046875 0.5590277777777778 0.048828125 0.5138888888888888 0.03125 0.5034722222222222 0.021484375 0.53125 0.005859375 0.5416666666666666
0 0.9296875 0.2951388888888889 0.9462890625 0.2986111111111111 0.94921875 0.2777777777777778 0.9609375 0.2951388888888889 0.958984375 0.28125 0.935546875 0.2638888888888889 0.92578125 0.2777777777777778 0.9296875 0.2951388888888889
0 0.017578125 0.3298611111111111 0.04296875 0.3263888888888889 0.04296875 0.3090277777777778 0.029296875 0.2847222222222222 0.017578125 0.2951388888888889 0.017578125 0.3298611111111111
0 0.67578125 0.8402777777777778 0.68359375 0.84375 0.693359375 0.78125 0.693359375 0.7361111111111112 0.67578125 0.7291666666666666 0.662109375 0.7430555555555556 0.662109375 0.7847222222222222 0.67578125 0.8402777777777778
0 0.5546875 0.3229166666666667 0.5625 0.3090277777777778 0.5625 0.2916666666666667 0.560546875 0.28125 0.55078125 0.28125 0.548828125 0.3159722222222222 0.5546875 0.3229166666666667
0 0.76953125 0.46875 0.779296875 0.4826388888888889 0.79296875 0.4409722222222222 0.767578125 0.4236111111111111 0.755859375 0.4375 0.75 0.4861111111111111 0.76953125 0.46875
0 0.84375 0.2743055555555556 0.841796875 0.25 0.822265625 0.25 0.818359375 0.2743055555555556 0.84375 0.2743055555555556