0 0.458984375 0.4548611111111111 0.47265625 0.4652777777777778 0.478515625 0.4479166666666667 0.474609375 0.4305555555555556 0.45703125 0.4340277777777778 0.44921875 0.4097222222222222 0.4375 0.4409722222222222 0.4375 0.4618055555555556 0.458984375 0.4548611111111111
0 0.462890625 0.3854166666666667 0.474609375 0.4236111111111111 0.4921875 0.4375 0.5 0.4201388888888889 0.5 0.3993055555555556 0.486328125 0.375 0.462890625 0.375 0.462890625 0.3854166666666667
0 0.04296875 0.4375 0.060546875 0.4375 0.0625 0.4097222222222222 0.0546875 0.3888888888888889 0.041015625 0.3993055555555556 0.037109375 0.4236111111111111 0.04296875 0.4375
0 0.08203125 0.4166666666666667 0.10546875 0.4201388888888889 0.09765625 0.3680555555555556 0.087890625 0.3680555555555556 0.08203125 0.3715277777777778 0.08203125 0.4166666666666667
0 0.56640625 0.4201388888888889 0.59765625 0.4166666666666667 0.599609375 0.3854166666666667 0.58984375 0.375 0.599609375 0.3611111111111111 0.59375 0.3576388888888889 0.583984375 0.3854166666666667 0.57421875 0.3611111111111111 0.5625 0.375 0.56640625 0.4201388888888889
0 0 0.4236111111111111 0.01171875 0.4479166666666667 0.0234375 0.4479166666666667 0.03125 0.4305555555555556 0.013671875 0.3923611111111111 0 0.4097222222222222 0 0.4236111111111111
0 0.0546875 0.3229166666666667 0.06640625 0.2986111111111111 0.060546875 0.28125 0.037109375 0.2847222222222222 0.03515625 0.3263888888888889 0.0546875 0.3229166666666667
0 0.4921875 0.4513888888888889 0.4921875 0.46875 0.498046875 0.4722222222222222 0.5078125 0.4548611111111111 0.51953125 0.4548611111111111 0.529296875 0.46875 0.53125 0.4201388888888889 0.505859375 0.4166666666666667 0.50390625 0.4375 0.4921875 0.4513888888888889
0 0.810546875 0.4375 0.818359375 0.4166666666666667 0.8125 0.3888888888888889 0.80078125 0.3993055555555556 0.791015625 0.3784722222222222 0.78125 0.3888888888888889 0.7734375 0.4305555555555556 0.810546875 0.4375
0 0.412109375 0.5451388888888888 0.416015625 0.5729166666666666 0.431640625 0.5486111111111112 0.44921875 0.5451388888888888 0.45703125 0.5173611111111112 0.455078125 0.5 0.439453125 0.5173611111111112 0.4296875 0.4965277777777778 0.421875 0.5069444444444444 0.421875 0.5277777777777778 0.412109375 0.5451388888888888
0 0.0625 0.4097222222222222 0.068359375 0.4236111111111111 0.080078125 0.4236111111111111 0.08203125 0.3680555555555556 0.068359375 0.3680555555555556 0.0625 0.3784722222222222 0.0625 0.4097222222222222
0 0.072265625 0.3298611111111111 0.08984375 0.3402777777777778 0.0859375 0.3055555555555556 0.068359375 0.2951388888888889 0.068359375 0.3368055555555556 0.072265625 0.3298611111111111
0 0.3125 0.4965277777777778 0.3203125 0.4965277777777778 0.33203125 0.4618055555555556 0.353515625 0.4791666666666667 0.359375 0.46875 0.35546875 0.4375 0.34765625 0.4375 0.34375 0.4548611111111111 0.330078125 0.4548611111111111 0.326171875 0.4305555555555556 0.318359375 0.4375 0.306640625 0.46875 0.3125 0.4965277777777778
0 0.1171875 0.5763888888888888 0.125 0.5798611111111112 0.150390625 0.5486111111111112 0.15625 0.5625 0.16015625 0.5416666666666666 0.1689453125 0.5590277777777778 0.1796875 0.5590277777777778 0.185546875 0.5451388888888888 0.181640625 0.5138888888888888 0.16796875 0.5138888888888888 0.15625 0.5451388888888888 0.1484375 0.5451388888888888 0.140625 0.5138888888888888 0.125 0.53125 0.1171875 0.5625 0.1171875 0.5763888888888888
0 0.75390625 0.4201388888888889 0.759765625 0.4097222222222222 0.771484375 0.4201388888888889 0.78515625 0.3715277777777778 0.75390625 0.3715277777777778 0.744140625 0.3888888888888889 0.7421875 0.4166666666666667 0.75390625 0.4201388888888889
0 0.138671875 0.375 0.14453125 0.4027777777777778 0.154296875 0.4027777777777778 0.15625 0.3576388888888889 0.1484375 0.3541666666666667 0.138671875 0.3576388888888889 0.138671875 0.375
0 0.181640625 0.5 0.2109375 0.5 0.216796875 0.4826388888888889 0.20703125 0.4618055555555556 0.1875 0.4791666666666667 0.171875 0.4513888888888889 0.16796875 0.4722222222222222 0.181640625 0.5
0 0.650390625 0.4375 0.66796875 0.4375 0.6796875 0.4513888888888889 0.69140625 0.4340277777777778 0.697265625 0.4097222222222222 0.69140625 0.3784722222222222 0.65625 0.3888888888888889 0.6484375 0.4201388888888889 0.650390625 0.4375
0 0.111328125 0.4131944444444444 0.12890625 0.4166666666666667 0.134765625 0.3888888888888889 0.126953125 0.3680555555555556 0.119140625 0.3680555555555556 0.111328125 0.3715277777777778 0.111328125 0.4131944444444444
0 0.998046875 0.3888888888888889 0.998046875 0.3576388888888889 0.98828125 0.3645833333333333 0.986328125 0.3888888888888889 0.998046875 0.3888888888888889
0 0.716796875 0.4861111111111111 0.71875 0.4201388888888889 0.697265625 0.4201388888888889 0.69140625 0.4375 0.69140625 0.4826388888888889 0.716796875 0.4861111111111111
0 0.15625 0.2951388888888889 0.15625 0.2777777777777778 0.142578125 0.2673611111111111 0.13671875 0.2916666666666667 0.15625 0.2951388888888889
0 0.7421875 0.40625 0.75 0.3854166666666667 0.7421875 0.3472222222222222 0.724609375 0.3576388888888889 0.724609375 0.4027777777777778 0.7421875 0.40625
0 0.625 0.4305555555555556 0.642578125 0.4236111111111111 0.6484375 0.40625 0.646484375 0.3819444444444444 0.6171875 0.375 0.60546875 0.4201388888888889 0.625 0.4305555555555556
0 0.19921875 0.4027777777777778 0.205078125 0.3923611111111111 0.193359375 0.3611111111111111 0.16796875 0.3611111111111111 0.162109375 0.3993055555555556 0.19921875 0.4027777777777778
0 0.134765625 0.7152777777777778 0.162109375 0.6805555555555556 0.1640625 0.6909722222222222 0.177734375 0.6875 0.19921875 0.6701388888888888 0.1875 0.6666666666666666 0.181981947265625 0.64377696875 0.171875 0.6493055555555556 0.142578125 0.6215277777777778 0.130859375 0.6423611111111112 0.130859375 0.6597222222222222 0.119140625 0.6875 0.125 0.7152777777777778 0.134765625 0.7152777777777778