0 0.154296875 0.2951388888888889 0.169921875 0.2951388888888889 0.1640625 0.2708333333333333 0.15625 0.2673611111111111 0.150390625 0.2847222222222222 0.154296875 0.2951388888888889
0 0.15625 0.6701388888888888 0.162109375 0.6701388888888888 0.166015625 0.6076388888888888 0.16015625 0.5868055555555556 0.14453125 0.5902777777777778 0.14453125 0.6354166666666666 0.15625 0.6701388888888888
0 0.255859375 0.25 0.263671875 0.25 0.263671875 0.2326388888888889 0.255859375 0.2326388888888889 0.255859375 0.25
0 0.306640625 0.3576388888888889 0.3125 0.3576388888888889 0.3125 0.3125 0.3046875 0.3125 0.306640625 0.3576388888888889
0 0.923828125 0.9930555555555556 0.916015625 0.96875 0.880859375 0.9479166666666666 0.875 0.9652777777777778 0.869140625 0.9479166666666666 0.873046875 0.9965277777777778 0.923828125 0.9930555555555556
0 0.966796875 0.9722222222222222 0.966796875 0.9930555555555556 0.998046875 0.9965277777777778 0.986328125 0.9652777777777778 0.986328125 0.9375 0.98046875 0.9375 0.98046875 0.9618055555555556 0.966796875 0.9722222222222222
0 0.265625 0.4652777777777778 0.267578125 0.40625 0.255859375 0.4027777777777778 0.255859375 0.4548611111111111 0.265625 0.4652777777777778
0 0.068359375 0.4166666666666667 0.068359375 0.3611111111111111 0.0546875 0.3576388888888889 0.0546875 0.40625 0.068359375 0.4166666666666667
0 0.09375 0.5486111111111112 0.107421875 0.5798611111111112 0.111328125 0.5243055555555556 0.099609375 0.5138888888888888 0.09375 0.5243055555555556 0.09375 0.5486111111111112
0 0.234375 0.2673611111111111 0.236328125 0.2465277777777778 0.228515625 0.24305555555555555 0.224609375 0.2638888888888889 0.234375 0.2673611111111111
0 0.35546875 0.3298611111111111 0.35546875 0.2951388888888889 0.349609375 0.2951388888888889 0.34765625 0.3229166666666667 0.35546875 0.3298611111111111
0 0.310546875 0.2777777777777778 0.3125 0.25 0.3046875 0.25 0.310546875 0.2777777777777778
0 0.130859375 0.3159722222222222 0.1484375 0.3125 0.14453125 0.28125 0.130859375 0.28125 0.130859375 0.3159722222222222
0 0.056640625 0.6701388888888888 0.068359375 0.7048611111111112 0.07421875 0.7048611111111112 0.08203125 0.6388888888888888 0.076171875 0.6076388888888888 0.08203125 0.59375 0.072265625 0.6111111111111112 0.0625 0.6111111111111112 0.0546875 0.6215277777777778 0.056640625 0.6701388888888888
0 0.287109375 0.3368055555555556 0.296875 0.3090277777777778 0.29296875 0.2986111111111111 0.28515625 0.3055555555555556 0.28125 0.3298611111111111 0.287109375 0.3368055555555556
0 0.193359375 0.7465277777777778 0.20703125 0.7951388888888888 0.212890625 0.78125 0.201171875 0.7673611111111112 0.216796875 0.7465277777777778 0.216796875 0.6805555555555556 0.193359375 0.6805555555555556 0.193359375 0.7465277777777778
0 0.3359375 0.6875 0.341796875 0.6666666666666666 0.33203125 0.6527777777777778 0.349609375 0.625 0.349609375 0.6076388888888888 0.341796875 0.5729166666666666 0.326171875 0.5763888888888888 0.32421875 0.6076388888888888 0.3359375 0.6875
0 0.21875 0.6388888888888888 0.224609375 0.5555555555555556 0.2109375 0.5486111111111112 0.20703125 0.5590277777777778 0.205078125 0.6041666666666666 0.21875 0.6388888888888888
0 0.287109375 0.3888888888888889 0.29296875 0.3888888888888889 0.296875 0.3472222222222222 0.28515625 0.3368055555555556 0.28125 0.3576388888888889 0.287109375 0.3888888888888889
0 0.28515625 0.625 0.28125 0.6111111111111112 0.291015625 0.5902777777777778 0.29296875 0.5590277777777778 0.287109375 0.5416666666666666 0.2734375 0.5451388888888888 0.26953125 0.5798611111111112 0.28515625 0.625
0 0.16796875 0.4027777777777778 0.197265625 0.4027777777777778 0.205078125 0.3923611111111111 0.19921875 0.375 0.16796875 0.3576388888888889 0.162109375 0.3854166666666667 0.16796875 0.4027777777777778
0 0.1484375 0.5347222222222222 0.162109375 0.5625 0.166015625 0.5347222222222222 0.162109375 0.5034722222222222 0.15625 0.5034722222222222 0.1484375 0.5104166666666666 0.1484375 0.5347222222222222
0 0.392578125 0.2152777777777778 0.3984375 0.2048611111111111 0.392578125 0.1909722222222222 0.392578125 0.2152777777777778
0 0.26171875 0.4027777777777778 0.267578125 0.3715277777777778 0.255859375 0.3680555555555556 0.25390625 0.3993055555555556 0.26171875 0.4027777777777778
0 0.060546875 0.5451388888888888 0.072265625 0.5451388888888888 0.07421875 0.4826388888888889 0.0546875 0.4826388888888889 0.048828125 0.5104166666666666 0.060546875 0.5451388888888888
0 0.0859375 0.9097222222222222 0.07421875 0.9444444444444444 0.080078125 0.9548611111111112 0.08203125 0.9930555555555556 0.09765625 0.9965277777777778 0.10546875 0.9861111111111112 0.109375 0.9305555555555556 0.103515625 0.8958333333333334 0.109375 0.8854166666666666 0.099609375 0.8611111111111112 0.08203125 0.8611111111111112 0.080078125 0.8715277777777778 0.080078125 0.8993055555555556 0.0859375 0.9097222222222222
0 0 0.3368055555555556 0.01171875 0.3472222222222222 0.017578125 0.3402777777777778 0.017578125 0.3125 0.005859375 0.2951388888888889 0 0.2951388888888889 0 0.3368055555555556
0 0.375 0.3888888888888889 0.375 0.3472222222222222 0.365234375 0.3506944444444444 0.36328125 0.3854166666666667 0.375 0.3888888888888889
0 0.29296875 0.2951388888888889 0.30078125 0.2916666666666667 0.298828125 0.2638888888888889 0.29296875 0.2673611111111111 0.29296875 0.2951388888888889
0 0.375 0.7361111111111112 0.3671875 0.75 0.373046875 0.7534722222222222 0.38671875 0.7152777777777778 0.392578125 0.6701388888888888 0.38671875 0.65625 0.369140625 0.6736111111111112 0.3671875 0.7256944444444444 0.375 0.7361111111111112
0 0.330078125 0.2916666666666667 0.3359375 0.2638888888888889 0.326171875 0.2638888888888889 0.330078125 0.2916666666666667
0 0.255859375 0.2638888888888889 0.255859375 0.24305555555555555 0.248046875 0.2326388888888889 0.244140625 0.2604166666666667 0.255859375 0.2638888888888889
0 0.1171875 0.3263888888888889 0.111328125 0.2951388888888889 0.083984375 0.3020833333333333 0.08203125 0.3263888888888889 0.1171875 0.3263888888888889
0 0.375 0.875 0.375 0.8888888888888888 0.384765625 0.8993055555555556 0.37890625 0.90625 0.384765625 0.9201388888888888 0.40625 0.9027777777777778 0.423828125 0.90625 0.423828125 0.8611111111111112 0.416015625 0.84375 0.400390625 0.8472222222222222 0.384765625 0.875 0.375 0.875
0 0.35546875 0.24305555555555555 0.359375 0.21875 0.353515625 0.21875 0.35546875 0.24305555555555555
0 0.416015625 0.7152777777777778 0.42578125 0.7361111111111112 0.4296875 0.6527777777777778 0.423828125 0.6388888888888888 0.41015625 0.6527777777777778 0.40625 0.7118055555555556 0.416015625 0.7152777777777778
0 0.38671875 0.21875 0.380859375 0.2048611111111111 0.380859375 0.22916666666666666 0.38671875 0.21875
0 0.380859375 0.34375 0.38671875 0.3541666666666667 0.38671875 0.3125 0.380859375 0.3125 0.380859375 0.34375
0 0.31640625 0.9513888888888888 0.3125 0.9826388888888888 0.31640625 0.9930555555555556 0.353515625 0.9965277777777778 0.35546875 0.8888888888888888 0.318359375 0.9027777777777778 0.322265625 0.9479166666666666 0.31640625 0.9513888888888888
0 0.41015625 0.21180555555555555 0.412109375 0.1909722222222222 0.40625 0.1909722222222222 0.41015625 0.21180555555555555
0 0.224609375 0.84375 0.23046875 0.8576388888888888 0.23046875 0.8888888888888888 0.244140625 0.9236111111111112 0.255859375 0.8263888888888888 0.25 0.7916666666666666 0.234375 0.7916666666666666 0.224609375 0.7951388888888888 0.224609375 0.84375
0 0.275390625 0.25 0.275390625 0.2326388888888889 0.26953125 0.22916666666666666 0.267578125 0.25 0.275390625 0.25