0 0.587890625 0.3055555555555556 0.603515625 0.3125 0.60546875 0.28125 0.591796875 0.2638888888888889 0.5859375 0.2743055555555556 0.587890625 0.3055555555555556
0 0.392578125 0.4791666666666667 0.412109375 0.4479166666666667 0.4140625 0.46875 0.431640625 0.4618055555555556 0.4296875 0.4305555555555556 0.40625 0.4375 0.40625 0.4236111111111111 0.3984375 0.4236111111111111 0.388671875 0.4513888888888889 0.38671875 0.46875 0.392578125 0.4791666666666667
0 0.54296875 0.3993055555555556 0.548828125 0.3888888888888889 0.56640625 0.3888888888888889 0.568359375 0.4027777777777778 0.572265625 0.3993055555555556 0.572265625 0.3576388888888889 0.55078125 0.3541666666666667 0.54296875 0.3680555555555556 0.537109375 0.3854166666666667 0.54296875 0.3993055555555556
0 0 0.65625 0.009765625 0.65625 0.013671875 0.6388888888888888 0.013671875 0.5972222222222222 0.005859375 0.5902777777777778 0 0.59375 0 0.65625
0 0.912109375 0.4027777777777778 0.943359375 0.3680555555555556 0.939453125 0.3576388888888889 0.92578125 0.3854166666666667 0.923828125 0.3576388888888889 0.90625 0.3888888888888889 0.912109375 0.4027777777777778
0 0.080078125 0.6805555555555556 0.080078125 0.7048611111111112 0.087890625 0.7152777777777778 0.10546875 0.7013888888888888 0.119140625 0.65625 0.125 0.65625 0.126953125 0.6840277777777778 0.13671875 0.6736111111111112 0.1484375 0.6840277777777778 0.162109375 0.6666666666666666 0.162109375 0.625 0.15625 0.6111111111111112 0.1484375 0.6111111111111112 0.138671875 0.6354166666666666 0.1171875 0.6527777777777778 0.1171875 0.625 0.099609375 0.625 0.09765625 0.65625 0.080078125 0.6805555555555556
0 0.037109375 0.4375 0.03515625 0.3888888888888889 0.03125 0.375 0.01953125 0.375 0.01953125 0.4375 0.037109375 0.4375
0 0.79296875 0.4236111111111111 0.79296875 0.4375 0.814453125 0.4340277777777778 0.83203125 0.40625 0.8125 0.3888888888888889 0.810546875 0.4027777777777778 0.79296875 0.4236111111111111
0 0.111328125 0.4027777777777778 0.130859375 0.40625 0.12890625 0.375 0.1171875 0.3611111111111111 0.111328125 0.3680555555555556 0.111328125 0.4027777777777778
0 0.91796875 0.4479166666666667 0.935546875 0.4479166666666667 0.923828125 0.40625 0.916015625 0.4027777777777778 0.912109375 0.4201388888888889 0.91796875 0.4479166666666667
0 0.099609375 0.4201388888888889 0.10546875 0.4097222222222222 0.10546875 0.3784722222222222 0.099609375 0.3611111111111111 0.087890625 0.3611111111111111 0.087890625 0.4166666666666667 0.099609375 0.4201388888888889
0 0.06640625 0.4305555555555556 0.06640625 0.3993055555555556 0.05078125 0.3854166666666667 0.05078125 0.4305555555555556 0.06640625 0.4305555555555556
0 0.54296875 0.4965277777777778 0.55078125 0.4826388888888889 0.580078125 0.4861111111111111 0.5859375 0.4479166666666667 0.55078125 0.4479166666666667 0.541015625 0.46875 0.537109375 0.4861111111111111 0.54296875 0.4965277777777778
0 0.732421875 0.4409722222222222 0.73828125 0.4305555555555556 0.73828125 0.4027777777777778 0.716796875 0.4097222222222222 0.7109375 0.3888888888888889 0.705078125 0.3888888888888889 0.693359375 0.4201388888888889 0.693359375 0.4409722222222222 0.732421875 0.4409722222222222
0 0.16796875 0.4027777777777778 0.19140625 0.40625 0.205078125 0.3923611111111111 0.185546875 0.3611111111111111 0.16796875 0.3611111111111111 0.162109375 0.3854166666666667 0.16796875 0.4027777777777778