0 0.875 0.3923611111111111 0.8984375 0.4027777777777778 0.904296875 0.3888888888888889 0.904296875 0.3715277777777778 0.890625 0.34375 0.87890625 0.34375 0.8671875 0.3611111111111111 0.861328125 0.4027777777777778 0.875 0.3923611111111111
0 0.3671875 0.71875 0.392578125 0.71875 0.39453125 0.6527777777777778 0.388671875 0.6284722222222222 0.359375 0.6388888888888888 0.35546875 0.6666666666666666 0.3671875 0.71875
0 0.1484375 0.6875 0.16796875 0.6875 0.17578125 0.6979166666666666 0.1796875 0.6493055555555556 0.171875 0.6284722222222222 0.162109375 0.625 0.150390625 0.6388888888888888 0.14453125 0.6527777777777778 0.1484375 0.6875
0 0.5 0.5590277777777778 0.505859375 0.5277777777777778 0.50390625 0.4791666666666667 0.482421875 0.4895833333333333 0.48046875 0.53125 0.5 0.5590277777777778
0 0.03125 0.3784722222222222 0.03125 0.3402777777777778 0.013671875 0.3402777777777778 0.01171875 0.3819444444444444 0.03125 0.3784722222222222
0 0.09375 0.4375 0.1015625 0.4375 0.10546875 0.3888888888888889 0.087890625 0.3784722222222222 0.0859375 0.4166666666666667 0.09375 0.4375
0 0.04296875 0.4479166666666667 0.052734375 0.4548611111111111 0.060546875 0.4479166666666667 0.060546875 0.4201388888888889 0.0546875 0.3993055555555556 0.04296875 0.4027777777777778 0.037109375 0.4201388888888889 0.04296875 0.4479166666666667
0 0.9609375 0.2916666666666667 0.98046875 0.2916666666666667 0.986328125 0.2777777777777778 0.986328125 0.2638888888888889 0.974609375 0.2534722222222222 0.95703125 0.2638888888888889 0.955078125 0.28125 0.9609375 0.2916666666666667
0 0.07421875 0.3576388888888889 0.080078125 0.3576388888888889 0.0859375 0.3298611111111111 0.080078125 0.3090277777777778 0.0625 0.3125 0.060546875 0.3263888888888889 0.07421875 0.3576388888888889
0 0.40625 0.5798611111111112 0.41796875 0.6041666666666666 0.41796875 0.5173611111111112 0.400390625 0.5277777777777778 0.39453125 0.5486111111111112 0.39453125 0.5763888888888888 0.40625 0.5798611111111112
0 0.263671875 0.59375 0.26171875 0.6111111111111112 0.283203125 0.6423611111111112 0.28515625 0.6180555555555556 0.2734375 0.5902777777777778 0.2734375 0.5625 0.26171875 0.5659722222222222 0.255859375 0.5729166666666666 0.263671875 0.59375
0 0.330078125 0.9618055555555556 0.330078125 0.9930555555555556 0.3466796875 0.9965277777777778 0.34765625 0.9826388888888888 0.357421875 0.9965277777777778 0.35546875 0.9826388888888888 0.341796875 0.9791666666666666 0.330078125 0.9618055555555556
0 0.328125 0.9444444444444444 0.353515625 0.96875 0.34375 0.9201388888888888 0.330078125 0.9097222222222222 0.32421875 0.9305555555555556 0.328125 0.9444444444444444
0 0.279296875 0.9722222222222222 0.279296875 0.9930555555555556 0.287109375 0.9826388888888888 0.296875 0.9930555555555556 0.298828125 0.9305555555555556 0.287109375 0.9131944444444444 0.287109375 0.8784722222222222 0.26953125 0.8784722222222222 0.263671875 0.9479166666666666 0.279296875 0.9722222222222222
0 0.009765625 0.5 0.00390625 0.4409722222222222 0 0.5034722222222222 0.009765625 0.5
0 0.09375 0.6701388888888888 0.099609375 0.6979166666666666 0.1171875 0.71875 0.123046875 0.7118055555555556 0.123046875 0.65625 0.111328125 0.625 0.099609375 0.625 0.09375 0.6354166666666666 0.09375 0.6701388888888888
0 0.330078125 0.7465277777777778 0.3359375 0.7361111111111112 0.3359375 0.6736111111111112 0.32421875 0.6423611111111112 0.3125 0.6527777777777778 0.30078125 0.7013888888888888 0.330078125 0.7465277777777778
0 0.767578125 0.7013888888888888 0.802734375 0.7222222222222222 0.8125 0.7465277777777778 0.822265625 0.75 0.826171875 0.71875 0.818359375 0.6423611111111112 0.806640625 0.6388888888888888 0.798828125 0.6631944444444444 0.78515625 0.6736111111111112 0.775390625 0.6388888888888888 0.763671875 0.6354166666666666 0.759765625 0.6701388888888888 0.767578125 0.7013888888888888
0 0.53125 0.5868055555555556 0.53125 0.625 0.54296875 0.6284722222222222 0.53515625 0.6458333333333334 0.548828125 0.6215277777777778 0.5546875 0.6284722222222222 0.5546875 0.6527777777777778 0.56640625 0.6597222222222222 0.5625 0.5763888888888888 0.548828125 0.5763888888888888 0.5390625 0.6076388888888888 0.53125 0.5868055555555556
0 0.06640625 0.7465277777777778 0.06640625 0.6597222222222222 0.05859375 0.6388888888888888 0.03515625 0.6527777777777778 0.03515625 0.71875 0.06640625 0.7465277777777778
0 0.2109375 0.5 0.205078125 0.4340277777777778 0.19140625 0.4375 0.19140625 0.4895833333333333 0.2109375 0.5
0 0.13671875 0.4201388888888889 0.146484375 0.4513888888888889 0.150390625 0.4375 0.15625 0.4409722222222222 0.15625 0.4097222222222222 0.142578125 0.3993055555555556 0.13671875 0.4027777777777778 0.13671875 0.4201388888888889
0 0.0625 0.3888888888888889 0.068359375 0.3784722222222222 0.068359375 0.3472222222222222 0.060546875 0.3263888888888889 0.0546875 0.3298611111111111 0.05078125 0.3715277777777778 0.0625 0.3888888888888889
0 0.888671875 0.6597222222222222 0.880859375 0.7048611111111112 0.908203125 0.7708333333333334 0.927734375 0.78125 0.931640625 0.7951388888888888 0.9609375 0.8229166666666666 0.96484375 0.8159722222222222 0.98046875 0.8541666666666666 0.998046875 0.84375 0.9921875 0.7638888888888888 0.98046875 0.7465277777777778 0.98046875 0.7326388888888888 0.939453125 0.7465277777777778 0.935546875 0.71875 0.896484375 0.6770833333333334 0.896484375 0.6284722222222222 0.880859375 0.625 0.880859375 0.6527777777777778 0.888671875 0.6597222222222222
0 0.779296875 0.6180555555555556 0.78515625 0.5868055555555556 0.7734375 0.5902777777777778 0.76953125 0.6076388888888888 0.779296875 0.6180555555555556
0 0.80078125 0.625 0.818359375 0.6388888888888888 0.818359375 0.5798611111111112 0.8046875 0.5798611111111112 0.798828125 0.5868055555555556 0.80078125 0.625
0 0.259765625 0.6736111111111112 0.259765625 0.5972222222222222 0.23828125 0.5972222222222222 0.23828125 0.65625 0.259765625 0.6736111111111112
0 0.40625 0.9201388888888888 0.4375 0.9826388888888888 0.4609375 0.9791666666666666 0.466796875 0.9930555555555556 0.48828125 0.9930555555555556 0.486328125 0.9583333333333334 0.474609375 0.9409722222222222 0.478515625 0.9201388888888888 0.47265625 0.875 0.451171875 0.8888888888888888 0.443359375 0.9305555555555556 0.4375 0.9340277777777778 0.423828125 0.8923611111111112 0.421875 0.8576388888888888 0.412109375 0.8576388888888888 0.412109375 0.9097222222222222 0.40625 0.9201388888888888
0 0.525390625 0.7118055555555556 0.533203125 0.7430555555555556 0.541015625 0.75 0.54296875 0.7361111111111112 0.548828125 0.7604166666666666 0.55859375 0.7638888888888888 0.57421875 0.7951388888888888 0.580078125 0.7847222222222222 0.580078125 0.75 0.57421875 0.7430555555555556 0.57421875 0.7048611111111112 0.568359375 0.6979166666666666 0.572265625 0.6875 0.546875 0.6909722222222222 0.537109375 0.6666666666666666 0.529296875 0.6736111111111112 0.541015625 0.6875 0.525390625 0.7118055555555556
0 0.267578125 0.4375 0.2734375 0.3993055555555556 0.267578125 0.3784722222222222 0.26171875 0.3784722222222222 0.255859375 0.40625 0.267578125 0.4375
0 0.2890625 0.4097222222222222 0.29296875 0.3680555555555556 0.287109375 0.3576388888888889 0.279296875 0.3645833333333333 0.275390625 0.3888888888888889 0.2890625 0.4097222222222222
0 0.12890625 0.4826388888888889 0.13671875 0.4861111111111111 0.142578125 0.4375 0.12890625 0.4305555555555556 0.119140625 0.4375 0.12890625 0.4826388888888889
0 0.705078125 0.8923611111111112 0.72265625 0.9097222222222222 0.73828125 0.9479166666666666 0.75390625 0.9513888888888888 0.759765625 0.9166666666666666 0.748046875 0.8576388888888888 0.736328125 0.8263888888888888 0.724609375 0.8263888888888888 0.716796875 0.8402777777777778 0.716796875 0.8680555555555556 0.705078125 0.8923611111111112
0 0.673828125 0.875 0.6875 0.8888888888888888 0.69921875 0.8611111111111112 0.693359375 0.8229166666666666 0.697265625 0.8125 0.6875 0.7847222222222222 0.6796875 0.78125 0.673828125 0.7986111111111112 0.66796875 0.84375 0.673828125 0.875
0 0.716796875 0.6180555555555556 0.759765625 0.6666666666666666 0.76171875 0.6076388888888888 0.75390625 0.5763888888888888 0.73828125 0.5798611111111112 0.736328125 0.6076388888888888 0.728515625 0.6111111111111112 0.720703125 0.5659722222222222 0.712890625 0.5659722222222222 0.7109375 0.59375 0.716796875 0.6180555555555556
0 0.10546875 0.5034722222222222 0.11328125 0.5243055555555556 0.123046875 0.5243055555555556 0.123046875 0.4548611111111111 0.111328125 0.4513888888888889 0.10546875 0.4618055555555556 0.10546875 0.5034722222222222
0 0.21875 0.7326388888888888 0.224609375 0.7326388888888888 0.224609375 0.6388888888888888 0.20703125 0.6388888888888888 0.205078125 0.7013888888888888 0.21875 0.7326388888888888
0 0.447265625 0.5138888888888888 0.44140625 0.5034722222222222 0.44921875 0.49073958333333334 0.44921875 0.4513888888888889 0.43359375 0.4583333333333333 0.431640625 0.4965277777777778 0.447265625 0.5138888888888888
0 0.32421875 0.4791666666666667 0.33203125 0.4618055555555556 0.33203125 0.4375 0.318359375 0.4201388888888889 0.3125 0.4513888888888889 0.32421875 0.4791666666666667
0 0.16796875 0.5486111111111112 0.16796875 0.5729166666666666 0.1796875 0.5763888888888888 0.1796875 0.5138888888888888 0.173828125 0.5 0.162109375 0.5 0.15625 0.5138888888888888 0.16796875 0.5486111111111112
0 0.068359375 0.5243055555555556 0.068359375 0.5347222222222222 0.111328125 0.59375 0.10546875 0.5590277777777778 0.109375 0.5416666666666666 0.099609375 0.5104166666666666 0.0859375 0.53125 0.068359375 0.5243055555555556
0 0.05078125 0.9375 0.072265625 0.9722222222222222 0.076171875 0.9930555555555556 0.0859375 0.9930555555555556 0.09375 0.9791666666666666 0.091796875 0.9513888888888888 0.1015625 0.9444444444444444 0.10546875 0.9097222222222222 0.09375 0.875 0.068359375 0.8888888888888888 0.0546875 0.8715277777777778 0.0546875 0.8541666666666666 0.048828125 0.8611111111111112 0.0546875 0.9201388888888888 0.05078125 0.9375
0 0.0986328125 0.8489583333333334 0.001953125 0.010416666666666666
0 0.736328125 0.7951388888888888 0.736328125 0.7743055555555556 0.7265625 0.7604166666666666 0.724609375 0.7777777777777778 0.736328125 0.7951388888888888
0 0.75390625 0.7673611111111112 0.75390625 0.78125 0.7421875 0.7951388888888888 0.748046875 0.8263888888888888 0.7734375 0.8680555555555556 0.787109375 0.8680555555555556 0.79296875 0.8368055555555556 0.78125 0.8090277777777778 0.779296875 0.78125 0.76953125 0.7673611111111112 0.7734375 0.75 0.744140625 0.7534722222222222 0.744140625 0.7638888888888888 0.75390625 0.7673611111111112
0 0.619140625 0.7534722222222222 0.630859375 0.7534722222222222 0.640625 0.7916666666666666 0.6484375 0.7951388888888888 0.65625 0.7847222222222222 0.65625 0.75 0.64453125 0.7083333333333334 0.6484375 0.6701388888888888 0.642578125 0.6840277777777778 0.623046875 0.6909722222222222 0.62890625 0.7291666666666666 0.619140625 0.7534722222222222
0 0.603515625 0.75 0.611328125 0.75 0.6171875 0.7048611111111112 0.60546875 0.6875 0.60546875 0.6701388888888888 0.599609375 0.6805555555555556 0.59375 0.71875 0.603515625 0.75
0 0.322265625 0.5625 0.326171875 0.5729166666666666 0.33203125 0.53125 0.326171875 0.5 0.3125 0.5 0.310546875 0.5138888888888888 0.30078125 0.5104166666666666 0.3046875 0.5659722222222222 0.322265625 0.5625
0 0.1484375 0.28125 0.1484375 0.2604166666666667 0.130859375 0.25 0.12890625 0.2777777777777778 0.1484375 0.28125
0 0.349609375 0.9027777777777778 0.337890625 0.8194444444444444 0.341796875 0.8090277777777778 0.3359375 0.7951388888888888 0.32421875 0.7951388888888888 0.31640625 0.8090277777777778 0.318359375 0.8472222222222222 0.34219412109375 0.9093691145833334 0.349609375 0.9027777777777778
0 0.416015625 0.7152777777777778 0.423828125 0.7326388888888888 0.4375 0.75 0.45703125 0.7465277777777778 0.46875 0.7673611111111112 0.484375 0.7604166666666666 0.466796875 0.6701388888888888 0.451171875 0.6701388888888888 0.4453125 0.6909722222222222 0.4375 0.6909722222222222 0.4296875 0.6597222222222222 0.41796875 0.6701388888888888 0.421875 0.6805555555555556 0.416015625 0.7152777777777778
0 0.40234375 0.4201388888888889 0.404296875 0.3611111111111111 0.39453125 0.3576388888888889 0.392578125 0.4166666666666667 0.40234375 0.4201388888888889
0 0.6796875 0.7013888888888888 0.70703125 0.7291666666666666 0.71875 0.7291666666666666 0.736328125 0.6840277777777778 0.728515625 0.6493055555555556 0.712890625 0.6493055555555556 0.708984375 0.6666666666666666 0.69921875 0.6666666666666666 0.6875 0.6388888888888888 0.67578125 0.6631944444444444 0.673828125 0.6840277777777778 0.6796875 0.7013888888888888
0 0.23046875 0.5555555555555556 0.25390625 0.5173611111111112 0.25 0.4965277777777778 0.220703125 0.4965277777777778 0.21875 0.53125 0.23046875 0.5555555555555556
0 0.162109375 0.8559027777777778 0.162109375 0.875 0.17578125 0.90625 0.1875 0.9097222222222222 0.173828125 0.8715277777777778 0.1796875 0.84375 0.146484375 0.8090277777777778 0.173828125 0.8472222222222222 0.162109375 0.8559027777777778
0 0.1875 0.8263888888888888 0.1875 0.875 0.197265625 0.9201388888888888 0.20703125 0.9236111111111112 0.21875 0.9479166666666666 0.232421875 0.9513888888888888 0.236328125 0.9097222222222222 0.224609375 0.8506944444444444 0.22265625 0.7847222222222222 0.22265625 0.8055555555555556 0.1875 0.8263888888888888
0 0.16796875 0.3854166666666667 0.16796875 0.3993055555555556 0.18359375 0.3888888888888889 0.19140625 0.4027777777777778 0.205078125 0.3993055555555556 0.201171875 0.375 0.19140625 0.3611111111111111 0.169921875 0.3611111111111111 0.162109375 0.3888888888888889 0.16796875 0.3854166666666667
0 0.259765625 0.7604166666666666 0.259765625 0.7743055555555556 0.27734375 0.7777777777777778 0.28125 0.71875 0.29296875 0.6944444444444444 0.287109375 0.6875 0.26953125 0.7152777777777778 0.26171875 0.6875 0.25390625 0.6840277777777778 0.25 0.7465277777777778 0.259765625 0.7604166666666666