0 0.423828125 0.6493055555555556 0.4375 0.6145833333333334 0.4375 0.5625 0.42578125 0.5625 0.41796875 0.5763888888888888 0.423828125 0.6493055555555556
0 0.125 0.4027777777777778 0.130859375 0.4027777777777778 0.134765625 0.3854166666666667 0.130859375 0.3576388888888889 0.119140625 0.3576388888888889 0.125 0.4027777777777778
0 0.517578125 0.5138888888888888 0.529296875 0.5173611111111112 0.53515625 0.46875 0.53125 0.4548611111111111 0.5234375 0.4548611111111111 0.517578125 0.4652777777777778 0.517578125 0.5138888888888888
0 0.375 0.7013888888888888 0.392578125 0.75 0.3984375 0.7291666666666666 0.400390625 0.6597222222222222 0.380859375 0.65625 0.375 0.6666666666666666 0.375 0.7013888888888888
0 0.3671875 0.4166666666666667 0.37890625 0.4375 0.384765625 0.3888888888888889 0.375 0.3784722222222222 0.3671875 0.3923611111111111 0.3671875 0.4166666666666667
0 0.900390625 0.2777777777777778 0.8984375 0.2534722222222222 0.87890625 0.2534722222222222 0.873046875 0.28125 0.900390625 0.2777777777777778
0 0.71875 0.9965277777777778 0.767578125 0.9965277777777778 0.775390625 0.9826388888888888 0.759765625 0.9201388888888888 0.751953125 0.9166666666666666 0.73046875 0.9236111111111112 0.73046875 0.9548611111111112 0.712890625 0.9618055555555556 0.7109375 0.9826388888888888 0.71875 0.9965277777777778
0 0.41796875 0.9513888888888888 0.431640625 0.9930555555555556 0.451171875 0.9861111111111112 0.474609375 0.9965277777777778 0.486328125 0.9791666666666666 0.478515625 0.9409722222222222 0.466796875 0.9201388888888888 0.443359375 0.9479166666666666 0.42578125 0.9201388888888888 0.4296875 0.9305555555555556 0.41796875 0.9513888888888888
0 0.0859375 0.5138888888888888 0.099609375 0.53125 0.10546875 0.5138888888888888 0.103515625 0.4826388888888889 0.091796875 0.4791666666666667 0.0859375 0.4826388888888889 0.0859375 0.5138888888888888
0 0.287109375 0.5763888888888888 0.30078125 0.6041666666666666 0.3046875 0.53125 0.29296875 0.5347222222222222 0.287109375 0.5451388888888888 0.287109375 0.5763888888888888
0 0.1328125 0.5590277777777778 0.138671875 0.53125 0.13671875 0.4861111111111111 0.125 0.4826388888888889 0.119140625 0.5104166666666666 0.1328125 0.5590277777777778
0 0.10546875 0.4930555555555556 0.11328125 0.4548611111111111 0.109375 0.4340277777777778 0.09765625 0.4375 0.10546875 0.4930555555555556
0 0.19921875 0.5763888888888888 0.205078125 0.5659722222222222 0.205078125 0.5243055555555556 0.19921875 0.5138888888888888 0.1875 0.5173611111111112 0.1875 0.5625 0.19921875 0.5763888888888888
0 0.13671875 0.3125 0.15625 0.3125 0.15625 0.2951388888888889 0.142578125 0.28125 0.13671875 0.2847222222222222 0.13671875 0.3125
0 0.158203125 0.7326388888888888 0.166015625 0.6493055555555556 0.16015625 0.6354166666666666 0.14453125 0.6388888888888888 0.150390625 0.7326388888888888 0.158203125 0.7326388888888888
0 0.048828125 0.34375 0.060546875 0.3680555555555556 0.0625 0.3263888888888889 0.0546875 0.3263888888888889 0.048828125 0.3298611111111111 0.048828125 0.34375
0 0.998046875 0.9826388888888888 0.994140625 0.96875 0.9921875 0.9826388888888888 0.998046875 0.9826388888888888
0 0.974609375 0.9652777777777778 0.98828125 0.96875 0.98046875 0.9513888888888888 0.966796875 0.9375 0.974609375 0.9652777777777778
0 0.904296875 0.9166666666666666 0.91015625 0.9236111111111112 0.91015625 0.9479166666666666 0.92578125 0.9548611111111112 0.94140625 0.9236111111111112 0.9375 0.9097222222222222 0.943359375 0.8888888888888888 0.912109375 0.875 0.912109375 0.8993055555555556 0.904296875 0.9166666666666666
0 0.32421875 0.6701388888888888 0.337890625 0.6701388888888888 0.34765625 0.7013888888888888 0.353515625 0.7013888888888888 0.34375 0.6805555555555556 0.35546875 0.6701388888888888 0.34375 0.6111111111111112 0.32421875 0.6111111111111112 0.32421875 0.6701388888888888
0 0.447265625 0.7777777777777778 0.447265625 0.8090277777777778 0.4375 0.8055555555555556 0.455078125 0.8298611111111112 0.455078125 0.84375 0.46875 0.8715277777777778 0.478515625 0.8715277777777778 0.48046875 0.78125 0.474609375 0.7708333333333334 0.48046875 0.7465277777777778 0.474609375 0.7604166666666666 0.45703125 0.75 0.451171875 0.7638888888888888 0.443359375 0.7638888888888888 0.435546875 0.7465277777777778 0.431640625 0.7604166666666666 0.447265625 0.7777777777777778
0 0.525390625 0.8055555555555556 0.529296875 0.7986111111111112 0.517578125 0.7847222222222222 0.529296875 0.7743055555555556 0.5234375 0.7569444444444444 0.529296875 0.7361111111111112 0.5234375 0.6979166666666666 0.50390625 0.7013888888888888 0.5 0.75 0.525390625 0.8055555555555556
0 0.3046875 0.5034722222222222 0.3046875 0.46875 0.291015625 0.4652777777777778 0.287109375 0.4965277777777778 0.3046875 0.5034722222222222
0 0.318359375 0.4340277777777778 0.322265625 0.3923611111111111 0.31640625 0.3854166666666667 0.306640625 0.3993055555555556 0.3046875 0.4201388888888889 0.318359375 0.4340277777777778
0 0.3671875 0.4861111111111111 0.361328125 0.4756944444444444 0.3671875 0.4375 0.35546875 0.4375 0.35546875 0.46875 0.3671875 0.4861111111111111
0 0.5390625 0.6111111111111112 0.55078125 0.5798611111111112 0.53515625 0.5798611111111112 0.53515625 0.5590277777777778 0.55078125 0.5486111111111112 0.53125 0.5486111111111112 0.53125 0.6111111111111112 0.5390625 0.6111111111111112
0 0.255859375 0.5 0.26171875 0.5 0.267578125 0.46875 0.25390625 0.4513888888888889 0.267578125 0.4375 0.25390625 0.4340277777777778 0.25 0.4479166666666667 0.255859375 0.5
0 0.26953125 0.6875 0.279296875 0.6875 0.28515625 0.6701388888888888 0.28515625 0.625 0.2734375 0.6111111111111112 0.263671875 0.6215277777777778 0.26171875 0.6631944444444444 0.26953125 0.6875
0 0.576171875 0.6736111111111112 0.580078125 0.6875 0.59765625 0.7013888888888888 0.599609375 0.6076388888888888 0.580078125 0.6076388888888888 0.58203125 0.65625 0.576171875 0.6736111111111112
0 0.349609375 0.5659722222222222 0.35546875 0.5659722222222222 0.361328125 0.5138888888888888 0.349609375 0.5034722222222222 0.34375 0.53125 0.349609375 0.5659722222222222
0 0.361328125 0.8125 0.35546875 0.8402777777777778 0.3671875 0.84375 0.373046875 0.8715277777777778 0.380859375 0.875 0.369140625 0.8472222222222222 0.384765625 0.84375 0.38671875 0.78125 0.375 0.7534722222222222 0.3671875 0.7569444444444444 0.35546875 0.78125 0.361328125 0.8125
0 0.79296875 0.9513888888888888 0.79296875 0.96875 0.81640625 0.9826388888888888 0.822265625 0.9965277777777778 0.859375 0.9965277777777778 0.85546875 0.9548611111111112 0.8359375 0.9305555555555556 0.8359375 0.9027777777777778 0.822265625 0.8576388888888888 0.8125 0.8715277777777778 0.8125 0.90625 0.79296875 0.9513888888888888
0 0.767578125 0.9166666666666666 0.767578125 0.9340277777777778 0.787109375 0.9375 0.791015625 0.9097222222222222 0.76953125 0.8576388888888888 0.76171875 0.84375 0.7421875 0.8368055555555556 0.7421875 0.8645833333333334 0.767578125 0.9166666666666666
0 0.16796875 0.4027777777777778 0.197265625 0.4027777777777778 0.205078125 0.3923611111111111 0.197265625 0.3715277777777778 0.16796875 0.3576388888888889 0.162109375 0.3854166666666667 0.16796875 0.4027777777777778
0 0.361328125 0.6111111111111112 0.361328125 0.6423611111111112 0.3671875 0.6423611111111112 0.37890625 0.59375 0.3671875 0.5659722222222222 0.359375 0.5763888888888888 0.35546875 0.5972222222222222 0.361328125 0.6111111111111112
0 0.376953125 0.5034722222222222 0.384765625 0.4618055555555556 0.37890625 0.4409722222222222 0.369140625 0.4548611111111111 0.3671875 0.4930555555555556 0.376953125 0.5034722222222222
0 0.103515625 0.8854166666666666 0.126953125 0.9375 0.134765625 0.8576388888888888 0.12890625 0.8125 0.1171875 0.8055555555555556 0.103515625 0.8125 0.103515625 0.8854166666666666
0 0.919921875 0.9965277777777778 0.923828125 0.9548611111111112 0.892578125 0.9513888888888888 0.880859375 0.9722222222222222 0.87890625 0.9965277777777778 0.919921875 0.9965277777777778
0 0.462890625 0.625 0.47265625 0.625 0.478515625 0.59375 0.474609375 0.5486111111111112 0.45703125 0.5486111111111112 0.45703125 0.6076388888888888 0.462890625 0.625
0 0.38671875 0.5868055555555556 0.396484375 0.59375 0.3984375 0.5104166666666666 0.384765625 0.5138888888888888 0.380859375 0.5451388888888888 0.38671875 0.5868055555555556
0 0.41796875 0.5625 0.439453125 0.5659722222222222 0.435546875 0.5173611111111112 0.423828125 0.5173611111111112 0.41796875 0.5243055555555556 0.41796875 0.5625
0 0.009765625 0.3472222222222222 0.03125 0.34375 0.03515625 0.3263888888888889 0.01953125 0.2986111111111111 0.005859375 0.3159722222222222 0.00390625 0.3368055555555556 0.009765625 0.3472222222222222
0 0.505859375 0.53125 0.51171875 0.5243055555555556 0.51171875 0.4861111111111111 0.5 0.4826388888888889 0.494140625 0.5 0.505859375 0.53125
0 0.5546875 0.7743055555555556 0.54296875 0.7743055555555556 0.556640625 0.7847222222222222 0.548828125 0.8298611111111112 0.60546875 0.8993055555555556 0.611328125 0.8888888888888888 0.60546875 0.8125 0.61328125 0.7916666666666666 0.607421875 0.7673611111111112 0.587890625 0.7638888888888888 0.56640625 0.7847222222222222 0.55859375 0.7777777777777778 0.548828125 0.7361111111111112 0.54296875 0.7430555555555556 0.5546875 0.7743055555555556
0 0.62109375 0.7708333333333334 0.61328125 0.8090277777777778 0.6484375 0.8576388888888888 0.666015625 0.8611111111111112 0.66796875 0.7951388888888888 0.65625 0.75 0.642578125 0.75 0.625 0.7673611111111112 0.61328125 0.71875 0.60546875 0.71875 0.599609375 0.7534722222222222 0.62109375 0.7708333333333334
0 0.421875 0.3854166666666667 0.41796875 0.3888888888888889 0.42890625 0.4083333333333333 0.431640625 0.3888888888888889 0.421875 0.3854166666666667
0 0.42578125 0.4305555555555556 0.428571427734375 0.4107142847222222 0.41796875 0.4201388888888889 0.42578125 0.4305555555555556
0 0.646484375 0.53125 0.6484375 0.4791666666666667 0.630859375 0.4722222222222222 0.630859375 0.5034722222222222 0.646484375 0.53125
0 0.267578125 0.5381944444444444 0.279296875 0.5590277777777778 0.28515625 0.5034722222222222 0.2734375 0.4965277777777778 0.267578125 0.5 0.267578125 0.5381944444444444
0 0.23828125 0.7465277777777778 0.255859375 0.7638888888888888 0.259765625 0.6875 0.25390625 0.6597222222222222 0.234375 0.6666666666666666 0.23046875 0.71875 0.23828125 0.7465277777777778
0 0.904296875 0.9166666666666666 0.91015625 0.9236111111111112 0.91015625 0.9479166666666666 0.92578125 0.9548611111111112 0.94140625 0.9201388888888888 0.9375 0.9097222222222222 0.943359375 0.8888888888888888 0.923828125 0.875 0.91015625 0.8819444444444444 0.912109375 0.9027777777777778 0.904296875 0.9166666666666666