0 0.275390625 0.3298611111111111 0.287109375 0.34375 0.287109375 0.3125 0.28125 0.3055555555555556 0.275390625 0.3090277777777778 0.275390625 0.3298611111111111
0 0.029296875 0.3125 0.029296875 0.2951388888888889 0.017578125 0.2777777777777778 0.013671875 0.3090277777777778 0.029296875 0.3125
0 0.37890625 0.2743055555555556 0.37890625 0.25 0.373046875 0.25 0.369140625 0.2673611111111111 0.37890625 0.2743055555555556
0 0.50390625 0.3229166666666667 0.505859375 0.28125 0.498046875 0.2847222222222222 0.494140625 0.3125 0.50390625 0.3229166666666667
0 0.154296875 0.3888888888888889 0.162109375 0.3888888888888889 0.173828125 0.3541666666666667 0.16015625 0.3263888888888889 0.1484375 0.3472222222222222 0.154296875 0.3888888888888889
0 0.310546875 0.3263888888888889 0.3125 0.2916666666666667 0.306640625 0.2847222222222222 0.3046875 0.3194444444444444 0.310546875 0.3263888888888889
0 0.810546875 0.4652777777777778 0.806640625 0.4236111111111111 0.794921875 0.4305555555555556 0.7890625 0.4201388888888889 0.775390625 0.4201388888888889 0.76953125 0.4722222222222222 0.810546875 0.4652777777777778
0 0.25 0.24305555555555555 0.263671875 0.25 0.2578125 0.21875 0.25 0.21875 0.25 0.24305555555555555
0 0.767578125 0.46875 0.76953125 0.4305555555555556 0.763671875 0.4201388888888889 0.744140625 0.4375 0.744140625 0.46875 0.767578125 0.46875
0 0.3203125 0.28125 0.32421875 0.25 0.31640625 0.25 0.3125 0.2638888888888889 0.3203125 0.28125
0 0.15625 0.4513888888888889 0.15625 0.4236111111111111 0.1484375 0.4201388888888889 0.142578125 0.4340277777777778 0.125 0.4097222222222222 0.10546875 0.4201388888888889 0.10546875 0.4652777777777778 0.15625 0.4513888888888889
0 0.236328125 0.2743055555555556 0.234375 0.25 0.224609375 0.24305555555555555 0.224609375 0.2743055555555556 0.236328125 0.2743055555555556
0 0.337890625 0.3993055555555556 0.361328125 0.4201388888888889 0.3515625 0.3993055555555556 0.36328125 0.3888888888888889 0.361328125 0.3611111111111111 0.34765625 0.375 0.341796875 0.3611111111111111 0.33203125 0.3680555555555556 0.326171875 0.4027777777777778 0.337890625 0.3993055555555556
0 0.29296875 0.2743055555555556 0.2978515625 0.2829861111111111 0.298828125 0.2673611111111111 0.29296875 0.2743055555555556
0 0.296875 0.2986111111111111 0.297607421875 0.2868923611111111 0.29296875 0.2951388888888889 0.296875 0.2986111111111111
0 0.275390625 0.4236111111111111 0.310546875 0.4201388888888889 0.31640625 0.40625 0.310546875 0.3784722222222222 0.298828125 0.3888888888888889 0.28125 0.3854166666666667 0.2734375 0.40625 0.275390625 0.4236111111111111
0 0.373046875 0.28125 0.36328125 0.28125 0.3671875 0.3229166666666667 0.373046875 0.28125
0 0.16796875 0.3993055555555556 0.205078125 0.3923611111111111 0.19140625 0.3576388888888889 0.16796875 0.3611111111111111 0.162109375 0.3854166666666667 0.16796875 0.3993055555555556
0 0.10546875 0.4201388888888889 0.10546875 0.4375 0.12890625 0.4166666666666667 0.12890625 0.3993055555555556 0.142578125 0.3958333333333333 0.15625 0.4236111111111111 0.15625 0.4097222222222222 0.14453125 0.3888888888888889 0.125 0.3854166666666667 0.11328125 0.3993055555555556 0.119140625 0.4166666666666667 0.10546875 0.4201388888888889
0 0.728515625 0.5034722222222222 0.728515625 0.4513888888888889 0.716796875 0.4513888888888889 0.712890625 0.4618055555555556 0.7109375 0.4861111111111111 0.728515625 0.5034722222222222
0 0.392578125 0.34375 0.392578125 0.3125 0.380859375 0.2951388888888889 0.37890625 0.3298611111111111 0.392578125 0.34375
0 0.34375 0.5 0.35546875 0.5034722222222222 0.37109375 0.53125 0.373046875 0.5138888888888888 0.359375 0.4965277777777778 0.369140625 0.4861111111111111 0.349609375 0.4861111111111111 0.353515625 0.4965277777777778 0.34375 0.5
0 0.46875 0.24305555555555555 0.462890625 0.21875 0.4609375 0.2326388888888889 0.46875 0.24305555555555555
0 0.267578125 0.9930555555555556 0.2734375 0.9826388888888888 0.28125 0.9965277777777778 0.3125 0.9965277777777778 0.3125 0.9236111111111112 0.322265625 0.9097222222222222 0.287109375 0.9201388888888888 0.26953125 0.9583333333333334 0.267578125 0.9375 0.26171875 0.9340277777777778 0.255859375 0.96875 0.267578125 0.9930555555555556