0 0.080078125 0.3368055555555556 0.09375 0.3472222222222222 0.09765625 0.3159722222222222 0.087890625 0.3055555555555556 0.080078125 0.3125 0.080078125 0.3368055555555556
0 0 0.34375 0.017578125 0.3402777777777778 0.017578125 0.3125 0.009765625 0.3090277777777778 0 0.3090277777777778 0 0.34375
0 0.748046875 0.4513888888888889 0.78515625 0.4479166666666667 0.791015625 0.4340277777777778 0.791015625 0.4201388888888889 0.775390625 0.4166666666666667 0.763671875 0.3923611111111111 0.74609375 0.4270833333333333 0.7421875 0.4409722222222222 0.748046875 0.4513888888888889
0 0.05078125 0.4166666666666667 0.0625 0.375 0.046875 0.3611111111111111 0.04296875 0.3993055555555556 0.05078125 0.4166666666666667
0 0.025390625 0.4305555555555556 0.029296875 0.3854166666666667 0.01171875 0.3854166666666667 0.017578125 0.4305555555555556 0.025390625 0.4305555555555556
0 0.166015625 0.4722222222222222 0.16796875 0.4826388888888889 0.17578125 0.4930555555555556 0.20703125 0.4965277777777778 0.212890625 0.46875 0.201171875 0.4375 0.193359375 0.4375 0.193359375 0.4583333333333333 0.166015625 0.4722222222222222
0 0.109375 0.4166666666666667 0.1171875 0.4166666666666667 0.123046875 0.3854166666666667 0.1171875 0.3611111111111111 0.103515625 0.3576388888888889 0.099609375 0.3923611111111111 0.109375 0.4166666666666667
0 0.126953125 0.3055555555555556 0.14453125 0.3125 0.150390625 0.2951388888888889 0.1484375 0.2673611111111111 0.130859375 0.2673611111111111 0.125 0.2777777777777778 0.126953125 0.3055555555555556
0 0.048828125 0.3368055555555556 0.048828125 0.3090277777777778 0.03125 0.3090277777777778 0.03125 0.34375 0.048828125 0.3368055555555556
0 0.37890625 0.53125 0.380859375 0.5 0.3671875 0.5 0.359375 0.5451388888888888 0.37890625 0.53125
0 0.341796875 0.5590277777777778 0.353515625 0.5416666666666666 0.349609375 0.5034722222222222 0.361328125 0.4826388888888889 0.34765625 0.4826388888888889 0.337890625 0.5 0.33203125 0.5486111111111112 0.341796875 0.5590277777777778
0 0.65625 0.4826388888888889 0.662109375 0.4930555555555556 0.67578125 0.4791666666666667 0.6953125 0.4826388888888889 0.69921875 0.4375 0.681640625 0.4375 0.6796875 0.4236111111111111 0.66796875 0.4201388888888889 0.66796875 0.4479166666666667 0.65625 0.4826388888888889
0 0.0546875 0.4513888888888889 0.068359375 0.4618055555555556 0.080078125 0.4513888888888889 0.080078125 0.4409722222222222 0.07421875 0.4340277777777778 0.068359375 0.3888888888888889 0.060546875 0.3923611111111111 0.0546875 0.40625 0.0546875 0.4513888888888889
0 0.099609375 0.3263888888888889 0.115234375 0.3263888888888889 0.111328125 0.2847222222222222 0.099609375 0.2847222222222222 0.09375 0.3125 0.099609375 0.3263888888888889
0 0.974609375 0.2673611111111111 0.99609375 0.2777777777777778 0.986328125 0.2986111111111111 0.998046875 0.2951388888888889 0.998046875 0.2638888888888889 0.986328125 0.2534722222222222 0.966796875 0.2743055555555556 0.966796875 0.2951388888888889 0.974609375 0.2673611111111111
0 0.86328125 0.40625 0.873046875 0.4166666666666667 0.875 0.375 0.861328125 0.375 0.853515625 0.3576388888888889 0.837890625 0.375 0.830078125 0.40625 0.86328125 0.40625
0 0.080078125 0.4166666666666667 0.0859375 0.4305555555555556 0.09765625 0.4340277777777778 0.09765625 0.3784722222222222 0.0859375 0.375 0.080078125 0.3854166666666667 0.080078125 0.4166666666666667
0 0.275390625 0.34375 0.2890625 0.34375 0.291015625 0.3159722222222222 0.28125 0.3055555555555556 0.275390625 0.3125 0.275390625 0.34375
0 0.88671875 0.4479166666666667 0.931640625 0.4479166666666667 0.916015625 0.3923611111111111 0.88671875 0.4097222222222222 0.88671875 0.4479166666666667
0 0.01171875 0.5486111111111112 0.01953125 0.5347222222222222 0.017578125 0.5 0.001953125 0.5034722222222222 0 0.5451388888888888 0.01171875 0.5486111111111112
0 0.474609375 0.3229166666666667 0.484375 0.3263888888888889 0.486328125 0.2951388888888889 0.48046875 0.2847222222222222 0.474609375 0.2951388888888889 0.474609375 0.3229166666666667
0 0.9296875 0.375 0.962890625 0.375 0.955078125 0.3263888888888889 0.931640625 0.3402777777777778 0.92578125 0.3576388888888889 0.9296875 0.375
0 0.5859375 0.4375 0.599609375 0.4375 0.611328125 0.4131944444444444 0.6171875 0.4375 0.625 0.4375 0.62890625 0.4236111111111111 0.6171875 0.4027777777777778 0.625 0.3888888888888889 0.609375 0.4131944444444444 0.591796875 0.3784722222222222 0.58203125 0.3923611111111111 0.580078125 0.4201388888888889 0.5859375 0.4375
0 0.080078125 0.2777777777777778 0.099609375 0.2777777777777778 0.10546875 0.2673611111111111 0.10546875 0.25 0.091796875 0.2326388888888889 0.068359375 0.2465277777777778 0.06640625 0.2604166666666667 0.080078125 0.2777777777777778
0 0.884765625 0.3055555555555556 0.884765625 0.28125 0.861328125 0.28125 0.861328125 0.3125 0.884765625 0.3055555555555556
0 0.173828125 0.4027777777777778 0.189453125 0.40625 0.205078125 0.3923611111111111 0.197265625 0.3680555555555556 0.16796875 0.3576388888888889 0.162109375 0.3888888888888889 0.173828125 0.4027777777777778
0 0.11328125 0.5277777777777778 0.142578125 0.5104166666666666 0.16796875 0.5138888888888888 0.171875 0.5034722222222222 0.162109375 0.4722222222222222 0.142578125 0.4861111111111111 0.13671875 0.4861111111111111 0.1328125 0.46875 0.12109375 0.4756944444444444 0.109375 0.5034722222222222 0.11328125 0.5277777777777778