0 0.8671875 0.28125 0.88671875 0.28125 0.888671875 0.2534722222222222 0.875 0.25 0.8671875 0.2638888888888889 0.8671875 0.28125
0 0.12890625 0.40625 0.123046875 0.3611111111111111 0.11328125 0.3611111111111111 0.111328125 0.4027777777777778 0.12890625 0.40625
0 0.119140625 0.5416666666666666 0.134765625 0.5451388888888888 0.13671875 0.5138888888888888 0.130859375 0.4861111111111111 0.1171875 0.4826388888888889 0.11328125 0.5 0.119140625 0.5416666666666666
0 0.56640625 0.40625 0.572265625 0.3854166666666667 0.568359375 0.3680555555555556 0.556640625 0.3715277777777778 0.556640625 0.3993055555555556 0.56640625 0.40625
0 0.01171875 0.4548611111111111 0.021484375 0.4548611111111111 0.0234375 0.40625 0.009765625 0.4027777777777778 0.005859375 0.4340277777777778 0.01171875 0.4548611111111111
0 0.255859375 0.4652777777777778 0.26171875 0.4652777777777778 0.267578125 0.4236111111111111 0.25390625 0.4201388888888889 0.25 0.4409722222222222 0.255859375 0.4652777777777778
0 0.22265625 0.90625 0.21875 0.875 0.2109375 0.8819444444444444 0.22265625 0.90625
0 0.23046875 0.8680555555555556 0.2421875 0.8888888888888888 0.236328125 0.9097222222222222 0.25 0.9409722222222222 0.255859375 0.9826388888888888 0.263671875 0.9826388888888888 0.267578125 0.9513888888888888 0.26171875 0.9340277777777778 0.259765625 0.8784722222222222 0.267578125 0.8159722222222222 0.26171875 0.8194444444444444 0.26171875 0.8333333333333334 0.236328125 0.84375 0.23046875 0.8541666666666666 0.23046875 0.8680555555555556
0 0.19140625 0.5138888888888888 0.19140625 0.4513888888888889 0.1796875 0.4513888888888889 0.1796875 0.5069444444444444 0.19140625 0.5138888888888888
0 0.076171875 0.5138888888888888 0.08203125 0.5 0.07421875 0.4548611111111111 0.060546875 0.4618055555555556 0.056640625 0.5104166666666666 0.076171875 0.5138888888888888
0 0.21875 0.59375 0.23046875 0.6423611111111112 0.236328125 0.6388888888888888 0.2421875 0.6041666666666666 0.236328125 0.5625 0.21875 0.5625 0.21875 0.59375
0 0.048828125 0.4652777777777778 0.048828125 0.40625 0.037109375 0.40625 0.037109375 0.4548611111111111 0.048828125 0.4652777777777778
0 0.6953125 0.5451388888888888 0.705078125 0.46875 0.697265625 0.4618055555555556 0.6875 0.4722222222222222 0.685546875 0.5243055555555556 0.6953125 0.5451388888888888
0 0.41015625 0.3854166666666667 0.412109375 0.34375 0.404296875 0.34375 0.400390625 0.3715277777777778 0.41015625 0.3854166666666667
0 0 0.7743055555555556 0.013671875 0.8125 0.01953125 0.8125 0.025390625 0.7777777777777778 0.0234375 0.71875 0.017578125 0.7048611111111112 0.005859375 0.7013888888888888 0 0.7048611111111112 0 0.7743055555555556
0 0.205078125 0.3993055555555556 0.205078125 0.3854166666666667 0.193359375 0.3680555555555556 0.16796875 0.3611111111111111 0.162109375 0.3993055555555556 0.205078125 0.3993055555555556
0 0.818359375 0.2673611111111111 0.837890625 0.2743055555555556 0.841796875 0.2465277777777778 0.826171875 0.24305555555555555 0.818359375 0.25 0.818359375 0.2673611111111111
0 0.431640625 0.8055555555555556 0.435546875 0.7986111111111112 0.423828125 0.78125 0.4375 0.7638888888888888 0.435546875 0.7013888888888888 0.41796875 0.7013888888888888 0.412109375 0.7534722222222222 0.431640625 0.8055555555555556
0 0.150390625 0.40625 0.13671875 0.4305555555555556 0.1484375 0.4409722222222222 0.154296875 0.3888888888888889 0.138671875 0.3923611111111111 0.13671875 0.3993055555555556 0.150390625 0.40625
0 0.30078125 0.4861111111111111 0.306640625 0.4409722222222222 0.30078125 0.4201388888888889 0.294921875 0.4270833333333333 0.29296875 0.4722222222222222 0.30078125 0.4861111111111111
0 0.322265625 0.5625 0.32421875 0.5104166666666666 0.31640625 0.5 0.306640625 0.5034722222222222 0.3125 0.5555555555555556 0.322265625 0.5625
0 0.763671875 0.3576388888888889 0.775390625 0.3263888888888889 0.755859375 0.3298611111111111 0.75390625 0.3541666666666667 0.763671875 0.3576388888888889
0 0.59375 0.9965277777777778 0.619140625 0.9930555555555556 0.619140625 0.9826388888888888 0.611328125 0.9791666666666666 0.587890625 0.9861111111111112 0.5859375 0.9930555555555556 0.59375 0.9965277777777778
0 0.57421875 0.9965277777777778 0.568359375 0.9305555555555556 0.560546875 0.9201388888888888 0.55078125 0.9236111111111112 0.55078125 0.9930555555555556 0.57421875 0.9965277777777778
0 0.08203125 0.3993055555555556 0.09375 0.3923611111111111 0.09765625 0.3611111111111111 0.080078125 0.3541666666666667 0.076171875 0.375 0.08203125 0.3993055555555556
0 0.162109375 0.5347222222222222 0.1796875 0.5659722222222222 0.173828125 0.5520833333333334 0.181640625 0.5347222222222222 0.1796875 0.5 0.16796875 0.4930555555555556 0.162109375 0.5 0.162109375 0.5347222222222222
0 0.642578125 0.46875 0.64453125 0.4097222222222222 0.634765625 0.40625 0.630859375 0.4652777777777778 0.642578125 0.46875
0 0.0234375 0.5381944444444444 0.033203125 0.5451388888888888 0.021484375 0.5243055555555556 0.037109375 0.5104166666666666 0.037109375 0.4722222222222222 0.017578125 0.46875 0.013671875 0.5104166666666666 0.0234375 0.5381944444444444
0 0.072265625 0.9236111111111112 0.076171875 0.9791666666666666 0.08203125 0.9930555555555556 0.09765625 0.9930555555555556 0.09765625 0.875 0.068359375 0.8784722222222222 0.0625 0.9027777777777778 0.072265625 0.9236111111111112
0 0.048828125 0.3125 0.048828125 0.28125 0.037109375 0.28125 0.03515625 0.3090277777777778 0.048828125 0.3125
0 0.59375 0.4340277777777778 0.599609375 0.375 0.5859375 0.3819444444444444 0.58203125 0.40625 0.59375 0.4340277777777778
0 0.9296875 0.3263888888888889 0.94921875 0.3368055555555556 0.95703125 0.3090277777777778 0.947265625 0.3055555555555556 0.9296875 0.3090277777777778 0.9296875 0.3263888888888889
0 0.337890625 0.4791666666666667 0.34375 0.46875 0.34375 0.4201388888888889 0.330078125 0.4201388888888889 0.326171875 0.4375 0.337890625 0.4791666666666667
0 0.36328125 0.4097222222222222 0.3671875 0.375 0.359375 0.3715277777777778 0.35546875 0.4027777777777778 0.36328125 0.4097222222222222
0 0.3125 0.7326388888888888 0.318359375 0.6493055555555556 0.3125 0.6354166666666666 0.30078125 0.6354166666666666 0.298828125 0.6875 0.3125 0.7326388888888888
0 0.36328125 0.5277777777777778 0.369140625 0.53125 0.375 0.5243055555555556 0.37890625 0.4826388888888889 0.373046875 0.4618055555555556 0.361328125 0.4652777777777778 0.35546875 0.4826388888888889 0.36328125 0.5277777777777778
0 0 0.2986111111111111 0.017578125 0.3055555555555556 0.0234375 0.2916666666666667 0.017578125 0.2638888888888889 0.009765625 0.2638888888888889 0.005859375 0.25 0 0.25 0 0.2986111111111111
0 0.66796875 0.4305555555555556 0.671875 0.3854166666666667 0.66796875 0.3715277777777778 0.654296875 0.3819444444444444 0.650390625 0.4236111111111111 0.66796875 0.4305555555555556
0 0.625 0.3854166666666667 0.62890625 0.34375 0.619140625 0.3368055555555556 0.6171875 0.3819444444444444 0.625 0.3854166666666667