0 0.837890625 0.2638888888888889 0.8359375 0.25 0.82421875 0.2465277777777778 0.82421875 0.2673611111111111 0.837890625 0.2638888888888889
0 0.37890625 0.5034722222222222 0.384765625 0.4618055555555556 0.380859375 0.4513888888888889 0.369140625 0.4513888888888889 0.369140625 0.5 0.37890625 0.5034722222222222
0 0.31640625 0.625 0.32421875 0.6284722222222222 0.330078125 0.6076388888888888 0.330078125 0.5451388888888888 0.3125 0.5486111111111112 0.3125 0.6041666666666666 0.31640625 0.625
0 0.060546875 0.5277777777777778 0.068359375 0.5138888888888888 0.068359375 0.46875 0.048828125 0.46875 0.048828125 0.5138888888888888 0.060546875 0.5277777777777778
0 0.173828125 0.78125 0.193359375 0.8055555555555556 0.19921875 0.7951388888888888 0.193359375 0.7118055555555556 0.171875 0.71875 0.16796875 0.75 0.173828125 0.78125
0 0.236328125 0.59375 0.236328125 0.6319444444444444 0.25 0.6388888888888888 0.259765625 0.6180555555555556 0.259765625 0.5902777777777778 0.25390625 0.5729166666666666 0.2421875 0.5763888888888888 0.2421875 0.5902777777777778 0.236328125 0.59375
0 0.693359375 0.9513888888888888 0.70703125 0.9513888888888888 0.71875 0.9965277777777778 0.7421875 0.9965277777777778 0.744140625 0.9652777777777778 0.736328125 0.9340277777777778 0.7421875 0.9097222222222222 0.716796875 0.8888888888888888 0.716796875 0.8576388888888888 0.693359375 0.8854166666666666 0.6875 0.9375 0.693359375 0.9513888888888888
0 0.67578125 0.9375 0.6796875 0.8888888888888888 0.671875 0.8472222222222222 0.66015625 0.8402777777777778 0.650390625 0.8576388888888888 0.64453125 0.90625 0.67578125 0.9375
0 0.134765625 0.3229166666666667 0.14453125 0.3229166666666667 0.1484375 0.2951388888888889 0.142578125 0.28125 0.130859375 0.28125 0.12890625 0.3090277777777778 0.134765625 0.3229166666666667
0 0.26953125 0.53125 0.275390625 0.5034722222222222 0.2734375 0.4722222222222222 0.263671875 0.46875 0.26171875 0.5138888888888888 0.26953125 0.53125
0 0.9375 0.7638888888888888 0.939453125 0.7743055555555556 0.974609375 0.8090277777777778 0.978515625 0.7847222222222222 0.955078125 0.7534722222222222 0.943359375 0.75 0.947265625 0.7604166666666666 0.9375 0.7638888888888888
0 0.912109375 0.75 0.892578125 0.7222222222222222 0.892578125 0.75 0.912109375 0.75
0 0.298828125 0.84375 0.3125 0.875 0.318359375 0.9305555555555556 0.333984375 0.9375 0.3359375 0.84375 0.330078125 0.8125 0.306640625 0.8125 0.298828125 0.8263888888888888 0.298828125 0.84375
0 0.275390625 0.7048611111111112 0.28125 0.7048611111111112 0.2734375 0.6909722222222222 0.28125 0.6805555555555556 0.28125 0.65625 0.265625 0.6527777777777778 0.26171875 0.6736111111111112 0.275390625 0.7048611111111112
0 0.431640625 0.9930555555555556 0.455078125 0.9965277777777778 0.447265625 0.9479166666666666 0.44921875 0.9201388888888888 0.4375 0.8888888888888888 0.4375 0.8680555555555556 0.41796875 0.875 0.41796875 0.9513888888888888 0.431640625 0.9930555555555556
0 0.380859375 0.84375 0.392578125 0.8611111111111112 0.392578125 0.84375 0.380859375 0.84375
0 0.38671875 0.9201388888888888 0.392578125 0.9201388888888888 0.392578125 0.8611111111111112 0.388671875 0.8715277777777778 0.380859375 0.8663194444444444 0.380859375 0.9166666666666666 0.38671875 0.9201388888888888
0 0.5 0.8229166666666666 0.478515625 0.8263888888888888 0.486328125 0.8472222222222222 0.486328125 0.875 0.51171875 0.8888888888888888 0.53125 0.9201388888888888 0.544921875 0.9201388888888888 0.546875 0.8888888888888888 0.53515625 0.8159722222222222 0.529296875 0.7951388888888888 0.517578125 0.7986111111111112 0.509765625 0.84375 0.5 0.8229166666666666
0 0.263671875 0.8229166666666666 0.267578125 0.7986111111111112 0.279296875 0.7847222222222222 0.2734375 0.7604166666666666 0.275390625 0.7291666666666666 0.2734375 0.71875 0.25 0.7222222222222222 0.25 0.7951388888888888 0.263671875 0.8229166666666666
0 0.35546875 0.6215277777777778 0.36328125 0.625 0.36328125 0.5625 0.34765625 0.5590277777777778 0.34375 0.5902777777777778 0.35546875 0.6215277777777778
0 0.359375 0.7326388888888888 0.361328125 0.6597222222222222 0.337890625 0.65625 0.3359375 0.6840277777777778 0.359375 0.7326388888888888
0 0.44921875 0.2743055555555556 0.455078125 0.28125 0.4609375 0.2777777777777778 0.458984375 0.25 0.44921875 0.25 0.44921875 0.2743055555555556
0 0.16796875 0.4027777777777778 0.19140625 0.4027777777777778 0.201171875 0.3854166666666667 0.1953125 0.3680555555555556 0.16796875 0.3576388888888889 0.162109375 0.3854166666666667 0.16796875 0.4027777777777778
0 0.35546875 0.5138888888888888 0.361328125 0.5277777777777778 0.3671875 0.5243055555555556 0.36328125 0.46875 0.353515625 0.46875 0.35546875 0.5138888888888888
0 0.796875 0.4409722222222222 0.810546875 0.4375 0.826171875 0.40625 0.82421875 0.3888888888888889 0.8046875 0.3923611111111111 0.79296875 0.4236111111111111 0.796875 0.4409722222222222
0 0.21875 0.5902777777777778 0.23046875 0.5347222222222222 0.2265625 0.5138888888888888 0.2109375 0.5173611111111112 0.20703125 0.5555555555555556 0.21875 0.5902777777777778
0 0.30078125 0.7013888888888888 0.310546875 0.7048611111111112 0.3125 0.625 0.3046875 0.6111111111111112 0.29296875 0.6180555555555556 0.29296875 0.6736111111111112 0.30078125 0.7013888888888888
0 0.59375 0.8368055555555556 0.60546875 0.8680555555555556 0.6171875 0.8784722222222222 0.6171875 0.75 0.59765625 0.75 0.591796875 0.7534722222222222 0.59375 0.8368055555555556
0 0.8675 0.9527777777777777 0.86328125 0.9340277777777778 0.8671875 0.9201388888888888 0.857421875 0.90625 0.84375 0.90625 0.8359375 0.9097222222222222 0.837890625 0.9340277777777778 0.85546875 0.9375 0.8675 0.9527777777777777
0 0.875 0.9861111111111112 0.8684375 0.9569444444444445 0.86328125 0.9722222222222222 0.875 0.9861111111111112
0 0.791015625 0.9722222222222222 0.791015625 0.9965277777777778 0.810546875 0.9965277777777778 0.814453125 0.9826388888888888 0.82421875 0.9930555555555556 0.82421875 0.9618055555555556 0.8125 0.9652777777777778 0.810546875 0.875 0.791015625 0.8611111111111112 0.787109375 0.8784722222222222 0.78125 0.9409722222222222 0.791015625 0.9722222222222222
0 0.19140625 0.4826388888888889 0.19921875 0.4791666666666667 0.20703125 0.4409722222222222 0.205078125 0.4201388888888889 0.193359375 0.4201388888888889 0.1875 0.4305555555555556 0.19140625 0.4826388888888889
0 0.1875 0.9930555555555556 0.193359375 0.9930555555555556 0.197265625 0.9826388888888888 0.1875 0.9861111111111112 0.181640625 0.9722222222222222 0.181640625 0.9618055555555556 0.19921875 0.9479166666666666 0.193359375 0.8472222222222222 0.181640625 0.8402777777777778 0.162109375 0.8611111111111112 0.162109375 0.9236111111111112 0.1875 0.9930555555555556
0 0.048828125 0.3229166666666667 0.056640625 0.3229166666666667 0.060546875 0.3125 0.0546875 0.28125 0.046875 0.2847222222222222 0.04296875 0.2986111111111111 0.048828125 0.3229166666666667
0 0.474609375 0.71875 0.466796875 0.7048611111111112 0.478515625 0.6875 0.478515625 0.6388888888888888 0.474609375 0.6215277777777778 0.45703125 0.6284722222222222 0.44921875 0.6805555555555556 0.474609375 0.71875
0 0.3984375 0.6493055555555556 0.40625 0.625 0.40625 0.5625 0.388671875 0.5625 0.38671875 0.6180555555555556 0.3984375 0.6493055555555556
0 0.33984375 0.4826388888888889 0.34765625 0.46875 0.349609375 0.4375 0.34375 0.4236111111111111 0.33203125 0.4305555555555556 0.330078125 0.46875 0.33984375 0.4826388888888889
0 0.9375 0.2951388888888889 0.9609375 0.2951388888888889 0.9609375 0.2638888888888889 0.94140625 0.2638888888888889 0.931640625 0.28125 0.9375 0.2951388888888889
0 0.23046875 0.3263888888888889 0.234375 0.2986111111111111 0.224609375 0.2916666666666667 0.224609375 0.3263888888888889 0.23046875 0.3263888888888889
0 0.341796875 0.8541666666666666 0.353515625 0.8541666666666666 0.359375 0.8854166666666666 0.359375 0.7638888888888888 0.349609375 0.7534722222222222 0.33203125 0.7743055555555556 0.330078125 0.8229166666666666 0.341796875 0.8541666666666666
0 0.4296875 0.75 0.435546875 0.7430555555555556 0.4375 0.7013888888888888 0.41796875 0.6909722222222222 0.41796875 0.7222222222222222 0.4296875 0.75
0 0.09375 0.3263888888888889 0.09765625 0.2986111111111111 0.080078125 0.2986111111111111 0.07421875 0.3263888888888889 0.09375 0.3263888888888889
0 0.431640625 0.6875 0.4375 0.6875 0.443359375 0.6666666666666666 0.44140625 0.6076388888888888 0.43359375 0.5902777777777778 0.421875 0.6076388888888888 0.41796875 0.6388888888888888 0.431640625 0.6875
0 0.548828125 0.96875 0.560546875 0.9826388888888888 0.560546875 0.9375 0.548828125 0.9236111111111112 0.54296875 0.9340277777777778 0.548828125 0.96875
0 0.572265625 0.9861111111111112 0.57421875 0.9965277777777778 0.5849609375 0.9965277777777778 0.587890625 0.9791666666666666 0.595703125 0.9965277777777778 0.623046875 0.9930555555555556 0.62890625 0.96875 0.6171875 0.9444444444444444 0.619140625 0.9027777777777778 0.61328125 0.8993055555555556 0.615234375 0.9166666666666666 0.59375 0.9375 0.58984375 0.9652777777777778 0.57421875 0.9618055555555556 0.58203125 0.9722222222222222 0.572265625 0.9861111111111112
0 0.54296875 0.8125 0.5546875 0.8159722222222222 0.560546875 0.8090277777777778 0.5546875 0.7222222222222222 0.548828125 0.7013888888888888 0.533203125 0.7152777777777778 0.53515625 0.7881944444444444 0.54296875 0.8125
0 0.763671875 0.2638888888888889 0.779296875 0.2534722222222222 0.775390625 0.2361111111111111 0.76171875 0.2361111111111111 0.763671875 0.2638888888888889
0 0.28125 0.5868055555555556 0.287109375 0.5868055555555556 0.298828125 0.5555555555555556 0.298828125 0.5416666666666666 0.287109375 0.53125 0.28125 0.5347222222222222 0.28125 0.5868055555555556
0 0.26171875 0.8784722222222222 0.25390625 0.8888888888888888 0.26953125 0.90625 0.25390625 0.9201388888888888 0.255859375 0.9340277777777778 0.275390625 0.9826388888888888 0.29296875 0.9965277777777778 0.310546875 0.9930555555555556 0.310546875 0.9618055555555556 0.3046875 0.9479166666666666 0.310546875 0.9097222222222222 0.30078125 0.8923611111111112 0.3046875 0.8784722222222222 0.263671875 0.8819444444444444 0.255859375 0.84375 0.25390625 0.8611111111111112 0.26171875 0.8784722222222222
0 0.662109375 0.8298611111111112 0.66796875 0.8368055555555556 0.673828125 0.8368055555555556 0.6796875 0.8125 0.6796875 0.7986111111111112 0.673828125 0.7951388888888888 0.662109375 0.7951388888888888 0.662109375 0.8298611111111112
0 0.6875 0.7673611111111112 0.69140625 0.7604166666666666 0.685546875 0.75 0.681640625 0.7604166666666666 0.6875 0.7673611111111112
0 0.71875 0.7847222222222222 0.712890625 0.8055555555555556 0.72265625 0.8472222222222222 0.71875 0.8854166666666666 0.744140625 0.90625 0.75 0.8888888888888888 0.75 0.8402777777777778 0.73828125 0.8055555555555556 0.744140625 0.75 0.7421875 0.7361111111111112 0.736328125 0.7361111111111112 0.736328125 0.78125 0.71875 0.7847222222222222