0 0.830078125 0.2638888888888889 0.828125 0.2465277777777778 0.8125 0.24305555555555555 0.810546875 0.2638888888888889 0.830078125 0.2638888888888889
0 0.361328125 0.4930555555555556 0.3671875 0.4375 0.35546875 0.4375 0.353515625 0.4756944444444444 0.361328125 0.4930555555555556
0 0.287109375 0.34375 0.291015625 0.3125 0.28515625 0.3125 0.28125 0.3402777777777778 0.287109375 0.34375
0 0.353515625 0.8194444444444444 0.34375 0.84375 0.380859375 0.9236111111111112 0.38671875 0.9166666666666666 0.38671875 0.8055555555555556 0.380859375 0.7951388888888888 0.36328125 0.7951388888888888 0.35546875 0.8159722222222222 0.345703125 0.8055555555555556 0.34765625 0.7916666666666666 0.34375 0.8159722222222222 0.353515625 0.8194444444444444
0 0.119140625 0.3125 0.138671875 0.3090277777777778 0.13671875 0.28125 0.12890625 0.2743055555555556 0.1171875 0.2743055555555556 0.119140625 0.3125
0 0.380859375 0.2777777777777778 0.384765625 0.25 0.375 0.25 0.380859375 0.2777777777777778
0 0.248046875 0.2604166666666667 0.244140625 0.2361111111111111 0.236328125 0.2326388888888889 0.236328125 0.2638888888888889 0.248046875 0.2604166666666667
0 0.375 0.40625 0.375 0.375 0.36328125 0.375 0.36328125 0.40625 0.375 0.40625
0 0.26171875 0.2638888888888889 0.259765625 0.2361111111111111 0.25390625 0.2361111111111111 0.25 0.2638888888888889 0.26171875 0.2638888888888889
0 0.4921875 0.3125 0.498046875 0.3055555555555556 0.49609375 0.28125 0.486328125 0.28125 0.4921875 0.3125
0 0.06640625 0.3368055555555556 0.07421875 0.3263888888888889 0.07421875 0.3055555555555556 0.0546875 0.2847222222222222 0.05078125 0.3298611111111111 0.06640625 0.3368055555555556
0 0.30078125 0.3784722222222222 0.3046875 0.3576388888888889 0.29296875 0.3402777777777778 0.29296875 0.3784722222222222 0.30078125 0.3784722222222222
0 0.30078125 0.2951388888888889 0.296875 0.2638888888888889 0.29296875 0.2847222222222222 0.30078125 0.2951388888888889
0 0.8046875 0.7916666666666666 0.8125 0.8125 0.8359375 0.8368055555555556 0.84375 0.8159722222222222 0.85546875 0.84375 0.87890625 0.8541666666666666 0.880859375 0.8298611111111112 0.8671875 0.7534722222222222 0.849609375 0.7534722222222222 0.84765625 0.8055555555555556 0.8359375 0.8090277777777778 0.82421875 0.7604166666666666 0.82421875 0.7326388888888888 0.810546875 0.71875 0.8046875 0.7222222222222222 0.8046875 0.7916666666666666
0 0.341796875 0.34375 0.34765625 0.3402777777777778 0.34765625 0.3125 0.337890625 0.3125 0.341796875 0.34375
0 0.318359375 0.3229166666666667 0.3125 0.3055555555555556 0.318359375 0.3020833333333333 0.318359375 0.28125 0.310546875 0.2847222222222222 0.306640625 0.2951388888888889 0.318359375 0.3229166666666667
0 0.326171875 0.6111111111111112 0.34765625 0.65625 0.349609375 0.5659722222222222 0.3359375 0.5659722222222222 0.326171875 0.5763888888888888 0.326171875 0.6111111111111112
0 0.40625 0.5763888888888888 0.412109375 0.5763888888888888 0.416015625 0.5138888888888888 0.412109375 0.4965277777777778 0.3984375 0.5 0.39453125 0.5451388888888888 0.40625 0.5763888888888888
0 0.2734375 0.5138888888888888 0.28125 0.4930555555555556 0.28125 0.4652777777777778 0.279296875 0.4513888888888889 0.26953125 0.4479166666666667 0.267578125 0.4965277777777778 0.2734375 0.5138888888888888
0 0.369140625 0.3402777777777778 0.375 0.3333333333333333 0.373046875 0.3055555555555556 0.3671875 0.3055555555555556 0.369140625 0.3402777777777778
0 0.162109375 0.3125 0.16015625 0.2847222222222222 0.14453125 0.2777777777777778 0.142578125 0.3125 0.162109375 0.3125
0 0.28125 0.4166666666666667 0.29296875 0.4305555555555556 0.29296875 0.3854166666666667 0.287109375 0.3854166666666667 0.28125 0.3888888888888889 0.28125 0.4166666666666667
0 0.330078125 0.4618055555555556 0.3359375 0.4201388888888889 0.32421875 0.4097222222222222 0.318359375 0.4305555555555556 0.330078125 0.4618055555555556
0 0.33203125 0.3993055555555556 0.33203125 0.3576388888888889 0.318359375 0.3611111111111111 0.318359375 0.3888888888888889 0.33203125 0.3993055555555556
0 0.349609375 0.2951388888888889 0.349609375 0.2743055555555556 0.34375 0.2743055555555556 0.341796875 0.2951388888888889 0.349609375 0.2951388888888889
0 0.23828125 0.3298611111111111 0.2421875 0.2951388888888889 0.234375 0.2951388888888889 0.23828125 0.3298611111111111
0 0.166015625 0.4027777777777778 0.197265625 0.4027777777777778 0.205078125 0.3923611111111111 0.19140625 0.3576388888888889 0.16796875 0.3611111111111111 0.162109375 0.3854166666666667 0.166015625 0.4027777777777778
0 0.267578125 0.8090277777777778 0.26953125 0.7465277777777778 0.267578125 0.7326388888888888 0.25 0.7326388888888888 0.244140625 0.75 0.25 0.8611111111111112 0.267578125 0.8090277777777778
0 0.998046875 0.9930555555555556 0.998046875 0.9027777777777778 0.978515625 0.90625 0.966796875 0.9236111111111112 0.962890625 0.9479166666666666 0.998046875 0.9930555555555556
0 0.3828125 0.4409722222222222 0.38671875 0.4027777777777778 0.37890625 0.3993055555555556 0.375 0.4305555555555556 0.3828125 0.4409722222222222
0 0.40625 0.9965277777777778 0.466796875 0.9930555555555556 0.455078125 0.9409722222222222 0.431640625 0.96875 0.4296875 0.9479166666666666 0.404296875 0.9513888888888888 0.400390625 0.9722222222222222 0.40625 0.9965277777777778
0 0.470703125 0.9253472222222222 0.00390625 0.010416666666666666
0 0.353515625 0.2326388888888889 0.35791015625 0.24305555555555555 0.359375 0.2326388888888889 0.353515625 0.2326388888888889
0 0.35546875 0.2604166666666667 0.359375 0.2465277777777778 0.35791015625 0.24305555555555555 0.35546875 0.2604166666666667
0 0.34765625 0.4097222222222222 0.35546875 0.3888888888888889 0.353515625 0.375 0.34375 0.375 0.34765625 0.4097222222222222
0 0.486328125 0.8611111111111112 0.474609375 0.8611111111111112 0.474609375 0.8715277777777778 0.48828125 0.90625 0.509765625 0.9270833333333334 0.517578125 0.9652777777777778 0.52734375 0.9722222222222222 0.53125 0.90625 0.525390625 0.8923611111111112 0.53125 0.8715277777777778 0.517578125 0.8263888888888888 0.5 0.8263888888888888 0.50390625 0.875 0.486328125 0.8611111111111112
0 0.431640625 0.6354166666666666 0.4453125 0.6701388888888888 0.451171875 0.59375 0.4375 0.59375 0.4375 0.6284722222222222 0.431640625 0.6354166666666666
0 0.451171875 0.2951388888888889 0.455078125 0.2777777777777778 0.44921875 0.2638888888888889 0.443359375 0.28125 0.451171875 0.2951388888888889
0 0.73046875 0.3472222222222222 0.755859375 0.3472222222222222 0.759765625 0.3159722222222222 0.734375 0.3159722222222222 0.728515625 0.3298611111111111 0.73046875 0.3472222222222222
0 0.630859375 0.3611111111111111 0.642578125 0.3715277777777778 0.642578125 0.3263888888888889 0.63671875 0.3263888888888889 0.630859375 0.3298611111111111 0.630859375 0.3611111111111111
0 0.3984375 0.7013888888888888 0.3984375 0.71875 0.412109375 0.7222222222222222 0.412109375 0.75 0.4296875 0.7777777777777778 0.4375 0.7465277777777778 0.4375 0.6875 0.435546875 0.6701388888888888 0.41796875 0.6701388888888888 0.41015625 0.6979166666666666 0.3984375 0.7013888888888888
0 0.84765625 0.2916666666666667 0.8671875 0.2916666666666667 0.869140625 0.2673611111111111 0.849609375 0.2604166666666667 0.84375 0.2777777777777778 0.84765625 0.2916666666666667
0 0.3515625 0.5625 0.341796875 0.5486111111111112 0.353515625 0.5347222222222222 0.3515625 0.5173611111111112 0.333984375 0.5173611111111112 0.33203125 0.5451388888888888 0.3515625 0.5625