0 0.8671875 0.4305555555555556 0.91015625 0.4375 0.916015625 0.4201388888888889 0.912109375 0.3888888888888889 0.90234375 0.3819444444444444 0.8984375 0.3576388888888889 0.884765625 0.3472222222222222 0.8671875 0.3576388888888889 0.869140625 0.375 0.861328125 0.3923611111111111 0.859375 0.4166666666666667 0.8671875 0.4305555555555556
0 0.080078125 0.4201388888888889 0.09375 0.4201388888888889 0.099609375 0.4097222222222222 0.09765625 0.375 0.09375 0.3611111111111111 0.076171875 0.3541666666666667 0.07421875 0.40625 0.080078125 0.4201388888888889
0 0.080078125 0.3263888888888889 0.095703125 0.3263888888888889 0.091796875 0.2847222222222222 0.0859375 0.28125 0.080078125 0.2916666666666667 0.080078125 0.3263888888888889
0 0 0.4340277777777778 0.005859375 0.4479166666666667 0.017578125 0.4513888888888889 0.0234375 0.4236111111111111 0.01171875 0.3923611111111111 0 0.3923611111111111 0 0.4340277777777778
0 0.761068359375 0.9965277777777778 0.763671875 0.9791666666666666 0.7734375 0.9965277777777778 0.779296875 0.9930555555555556 0.759765625 0.96875 0.73828125 0.9826388888888888 0.736328125 0.9965277777777778 0.761068359375 0.9965277777777778
0 0.693359375 0.9965277777777778 0.71875 0.9930555555555556 0.71875 0.9201388888888888 0.712890625 0.9097222222222222 0.705078125 0.9131944444444444 0.705078125 0.9722222222222222 0.693359375 0.9965277777777778
0 0.017578125 0.3263888888888889 0.0234375 0.2951388888888889 0.017578125 0.2847222222222222 0.01171875 0.2916666666666667 0.009765625 0.3229166666666667 0.017578125 0.3263888888888889
0 0.8671875 0.4305555555555556 0.91015625 0.4375 0.916015625 0.4201388888888889 0.912109375 0.3888888888888889 0.888671875 0.3888888888888889 0.873046875 0.375 0.861328125 0.3958333333333333 0.859375 0.4166666666666667 0.8671875 0.4305555555555556
0 0.8046875 0.2673611111111111 0.818359375 0.2743055555555556 0.82421875 0.25 0.8125 0.2465277777777778 0.8046875 0.25 0.8046875 0.2673611111111111
0 0.44921875 0.3402777777777778 0.447265625 0.3055555555555556 0.42578125 0.3090277777777778 0.42578125 0.34375 0.44921875 0.3402777777777778
0 0.00390625 0.7430555555555556 0.0234375 0.7222222222222222 0.0234375 0.6805555555555556 0.013671875 0.65625 0 0.65625 0.00390625 0.7430555555555556
0 0.068359375 0.71875 0.087890625 0.6875 0.080078125 0.6423611111111112 0.05078125 0.65625 0.044921875 0.6736111111111112 0.037109375 0.7222222222222222 0.068359375 0.71875
0 0.1171875 0.53125 0.119140625 0.5555555555555556 0.12890625 0.5555555555555556 0.140625 0.5277777777777778 0.1484375 0.5451388888888888 0.1640625 0.5347222222222222 0.1796875 0.5416666666666666 0.185546875 0.5277777777777778 0.185546875 0.5034722222222222 0.166015625 0.4965277777777778 0.14453125 0.53125 0.138671875 0.5069444444444444 0.142578125 0.4861111111111111 0.130859375 0.4826388888888889 0.125 0.5277777777777778 0.1171875 0.53125
0 0.205078125 0.3993055555555556 0.193359375 0.3611111111111111 0.16796875 0.3576388888888889 0.16796875 0.3993055555555556 0.205078125 0.3993055555555556
0 0.11328125 0.4166666666666667 0.123046875 0.4027777777777778 0.1171875 0.3611111111111111 0.099609375 0.3576388888888889 0.099609375 0.4166666666666667 0.11328125 0.4166666666666667
0 0.76171875 0.4375 0.76171875 0.3923611111111111 0.748046875 0.3888888888888889 0.7421875 0.375 0.73046875 0.375 0.724609375 0.3888888888888889 0.71875 0.4340277777777778 0.76171875 0.4375
0 0.0546875 0.4166666666666667 0.068359375 0.4305555555555556 0.080078125 0.4166666666666667 0.072265625 0.3715277777777778 0.060546875 0.3611111111111111 0.0546875 0.3680555555555556 0.0546875 0.4166666666666667
0 0.625 0.4479166666666667 0.638671875 0.4305555555555556 0.65625 0.4409722222222222 0.666015625 0.4340277777777778 0.66015625 0.3993055555555556 0.642578125 0.40625 0.634765625 0.3888888888888889 0.625 0.3888888888888889 0.61328125 0.4201388888888889 0.625 0.4479166666666667
0 0.998046875 0.3576388888888889 0.998046875 0.3090277777777778 0.984375 0.3159722222222222 0.974609375 0.3541666666666667 0.998046875 0.3576388888888889
0 0.048828125 0.3263888888888889 0.044921875 0.2847222222222222 0.03515625 0.2881944444444444 0.03125 0.3229166666666667 0.048828125 0.3263888888888889
0 0.787109375 0.4479166666666667 0.796875 0.4513888888888889 0.818359375 0.4340277777777778 0.818359375 0.40625 0.798828125 0.3854166666666667 0.787109375 0.3888888888888889 0.779296875 0.40625 0.775390625 0.4305555555555556 0.787109375 0.4479166666666667