0 0.251953125 0.7361111111111112 0.2890625 0.7013888888888888 0.3046875 0.6979166666666666 0.306640625 0.6527777777777778 0.298828125 0.6388888888888888 0.29296875 0.6805555555555556 0.279296875 0.6840277777777778 0.265625 0.6666666666666666 0.267578125 0.6527777777777778 0.255859375 0.6423611111111112 0.251953125 0.6631944444444444 0.2421875 0.6736111111111112 0.23828125 0.7326388888888888 0.251953125 0.7361111111111112
0 0.8408203125 0.9583333333333334 0.005859375 0.006944444444444444
0 0.7734375 0.9930555555555556 0.818359375 0.9965277777777778 0.826171875 0.9791666666666666 0.8359375 0.9965277777777778 0.876953125 0.9965277777777778 0.876953125 0.9861111111111112 0.88671875 0.9930555555555556 0.884765625 0.9826388888888888 0.892578125 0.9826388888888888 0.873046875 0.9791666666666666 0.873046875 0.9548611111111112 0.861328125 0.9409722222222222 0.849609375 0.9513888888888888 0.84765625 0.96875 0.818359375 0.96875 0.802734375 0.9444444444444444 0.79296875 0.9097222222222222 0.7734375 0.90625 0.76953125 0.9166666666666666 0.767578125 0.9756944444444444 0.7734375 0.9930555555555556
0 0.162109375 0.4722222222222222 0.173828125 0.4930555555555556 0.205078125 0.4791666666666667 0.216796875 0.4618055555555556 0.205078125 0.4201388888888889 0.19921875 0.4201388888888889 0.1953125 0.4375 0.16796875 0.4375 0.16796875 0.4618055555555556 0.162109375 0.4722222222222222
0 0.244140625 0.4930555555555556 0.279296875 0.4965277777777778 0.26953125 0.4513888888888889 0.25390625 0.4409722222222222 0.24609375 0.4583333333333333 0.23828125 0.4791666666666667 0.244140625 0.4930555555555556
0 0 0.5590277777777778 0.01171875 0.5590277777777778 0.017578125 0.5451388888888888 0.017578125 0.5138888888888888 0.009765625 0.5 0 0.5 0 0.5590277777777778
0 0.333984375 0.6076388888888888 0.380859375 0.5729166666666666 0.380859375 0.5451388888888888 0.359375 0.5625 0.35546875 0.5416666666666666 0.34375 0.53125 0.3359375 0.5520833333333334 0.330078125 0.5833333333333334 0.333984375 0.6076388888888888
0 0.068359375 0.6527777777777778 0.087890625 0.625 0.099609375 0.625 0.119140625 0.5798611111111112 0.12890625 0.5763888888888888 0.130859375 0.5486111111111112 0.11328125 0.5555555555555556 0.09765625 0.6076388888888888 0.0859375 0.5902777777777778 0.091796875 0.5798611111111112 0.0859375 0.5625 0.072265625 0.5590277777777778 0.056640625 0.6111111111111112 0.056640625 0.6388888888888888 0.068359375 0.6527777777777778
0 0.37890625 0.6597222222222222 0.384765625 0.6701388888888888 0.4375 0.6354166666666666 0.4375 0.59375 0.4296875 0.5763888888888888 0.4140625 0.6215277777777778 0.40625 0.6180555555555556 0.40625 0.5972222222222222 0.39453125 0.5798611111111112 0.37890625 0.6076388888888888 0.37890625 0.6597222222222222
0 0.04296875 0.3298611111111111 0.0546875 0.3298611111111111 0.0625 0.3159722222222222 0.0625 0.3055555555555556 0.048828125 0.2916666666666667 0.04296875 0.2986111111111111 0.04296875 0.3298611111111111
0 0.6875 0.4340277777777778 0.69140625 0.4027777777777778 0.685546875 0.3888888888888889 0.662109375 0.3888888888888889 0.65625 0.4027777777777778 0.654296875 0.4375 0.6875 0.4340277777777778
0 0.0703125 0.8402777777777778 0.0859375 0.8125 0.099609375 0.8125 0.142578125 0.7777777777777778 0.1484375 0.7638888888888888 0.1484375 0.7048611111111112 0.130859375 0.7013888888888888 0.12890625 0.7222222222222222 0.1015625 0.78125 0.09375 0.7222222222222222 0.080078125 0.7222222222222222 0.0625 0.75 0.056640625 0.78125 0.0546875 0.8298611111111112 0.0703125 0.8402777777777778