0 0.921875 0.2916666666666667 0.9375 0.2916666666666667 0.943359375 0.28125 0.94140625 0.2638888888888889 0.9140625 0.2673611111111111 0.912109375 0.28125 0.921875 0.2916666666666667
0 0.091796875 0.5763888888888888 0.09375 0.59375 0.1171875 0.6076388888888888 0.111328125 0.5451388888888888 0.09375 0.5451388888888888 0.09375 0.5729166666666666 0.0859375 0.5763888888888888 0.076171875 0.5590277777777778 0.08203125 0.59375 0.091796875 0.5763888888888888
0 0.42578125 0.3854166666666667 0.4296875 0.34375 0.421875 0.34375 0.41796875 0.3611111111111111 0.42578125 0.3854166666666667
0 0.5234375 0.3888888888888889 0.5234375 0.34375 0.513671875 0.34375 0.513671875 0.3784722222222222 0.5234375 0.3888888888888889
0 0.46875 0.40625 0.4765625 0.40625 0.48046875 0.3576388888888889 0.466796875 0.3611111111111111 0.462890625 0.375 0.46875 0.40625
0 0.861328125 0.2743055555555556 0.859375 0.2534722222222222 0.84375 0.25 0.8359375 0.2777777777777778 0.861328125 0.2743055555555556
0 0.013671875 0.5902777777777778 0.029296875 0.6354166666666666 0.046875 0.6493055555555556 0.048828125 0.6215277777777778 0.037109375 0.5659722222222222 0.0234375 0.5625 0.01171875 0.5763888888888888 0.013671875 0.5902777777777778
0 0.1171875 0.5451388888888888 0.13671875 0.5763888888888888 0.13671875 0.4826388888888889 0.125 0.46875 0.1171875 0.4826388888888889 0.1171875 0.5451388888888888
0 0.69921875 0.5798611111111112 0.71875 0.6076388888888888 0.728515625 0.6076388888888888 0.736328125 0.5625 0.734375 0.53125 0.705078125 0.5347222222222222 0.69921875 0.5451388888888888 0.69921875 0.5798611111111112
0 0.396484375 0.4097222222222222 0.404296875 0.3715277777777778 0.400390625 0.3576388888888889 0.390625 0.3576388888888889 0.38671875 0.375 0.396484375 0.4097222222222222
0 0.03125 0.6909722222222222 0.03515625 0.6666666666666666 0.025390625 0.6284722222222222 0.017578125 0.6180555555555556 0.00390625 0.625 0 0.6701388888888888 0.03125 0.6909722222222222
0 0.193359375 0.4652777777777778 0.19921875 0.4652777777777778 0.2109375 0.4340277777777778 0.2109375 0.4201388888888889 0.197265625 0.4236111111111111 0.19140625 0.4375 0.193359375 0.4652777777777778
0 0.369140625 0.46875 0.376953125 0.4826388888888889 0.37890625 0.4409722222222222 0.361328125 0.4375 0.361328125 0.4722222222222222 0.369140625 0.46875
0 0.375 0.6076388888888888 0.41015625 0.625 0.41015625 0.5625 0.400390625 0.5486111111111112 0.384765625 0.5625 0.375 0.5555555555555556 0.369140625 0.5659722222222222 0.375 0.6076388888888888
0 0.23046875 0.5451388888888888 0.228515625 0.4826388888888889 0.21875 0.4791666666666667 0.20703125 0.4965277777777778 0.20703125 0.53125 0.23046875 0.5451388888888888
0 0.3359375 0.6701388888888888 0.34375 0.6840277777777778 0.337890625 0.7013888888888888 0.341796875 0.7118055555555556 0.357421875 0.6875 0.375 0.6909722222222222 0.384765625 0.7152777777777778 0.39453125 0.7118055555555556 0.3984375 0.6875 0.38671875 0.6631944444444444 0.380859375 0.625 0.369140625 0.625 0.36328125 0.6701388888888888 0.341796875 0.6354166666666666 0.3359375 0.6423611111111112 0.3359375 0.6701388888888888
0 0.34375 0.40625 0.34375 0.3541666666666667 0.33203125 0.3576388888888889 0.330078125 0.4027777777777778 0.34375 0.40625
0 0.4921875 0.3888888888888889 0.5 0.3888888888888889 0.50390625 0.3472222222222222 0.4921875 0.34375 0.48828125 0.3715277777777778 0.4921875 0.3888888888888889
0 0.3125 0.4513888888888889 0.326171875 0.4479166666666667 0.32421875 0.40625 0.3046875 0.40625 0.3125 0.4513888888888889
0 0.79296875 0.40625 0.8359375 0.4027777777777778 0.82421875 0.3576388888888889 0.80078125 0.3611111111111111 0.79296875 0.3784722222222222 0.79296875 0.40625
0 0.09375 0.4930555555555556 0.09375 0.4340277777777778 0.080078125 0.4375 0.080078125 0.4930555555555556 0.09375 0.4930555555555556
0 0.150390625 0.5173611111111112 0.162109375 0.5034722222222222 0.162109375 0.4618055555555556 0.15625 0.4513888888888889 0.1484375 0.4548611111111111 0.142578125 0.4965277777777778 0.150390625 0.5173611111111112
0 0.162109375 0.5868055555555556 0.16015625 0.6180555555555556 0.1796875 0.6284722222222222 0.1796875 0.5625 0.16796875 0.5555555555555556 0.15625 0.5763888888888888 0.162109375 0.5868055555555556
0 0.283203125 0.3888888888888889 0.28125 0.3472222222222222 0.267578125 0.3576388888888889 0.267578125 0.3854166666666667 0.283203125 0.3888888888888889
0 0.052734375 0.7430555555555556 0.07421875 0.7673611111111112 0.09375 0.7673611111111112 0.099609375 0.78125 0.111328125 0.7847222222222222 0.10546875 0.7465277777777778 0.109375 0.7152777777777778 0.099609375 0.6909722222222222 0.0625 0.6909722222222222 0.048828125 0.71875 0.052734375 0.7430555555555556
0 0.875 0.2916666666666667 0.89453125 0.2951388888888889 0.900390625 0.2673611111111111 0.880859375 0.2638888888888889 0.875 0.2673611111111111 0.875 0.2916666666666667
0 0.54296875 0.4652777777777778 0.5546875 0.46875 0.5546875 0.4166666666666667 0.541015625 0.4201388888888889 0.537109375 0.4479166666666667 0.54296875 0.4652777777777778
0 0.431640625 0.4201388888888889 0.443359375 0.4305555555555556 0.44921875 0.3680555555555556 0.4375 0.3611111111111111 0.431640625 0.375 0.431640625 0.4201388888888889
0 0.599609375 0.7291666666666666 0.634765625 0.75 0.642578125 0.7743055555555556 0.65234375 0.7708333333333334 0.65625 0.7361111111111112 0.642578125 0.6597222222222222 0.634765625 0.6597222222222222 0.626953125 0.6875 0.61328125 0.6875 0.609375 0.65625 0.60546875 0.6666666666666666 0.59765625 0.6597222222222222 0.59375 0.7118055555555556 0.599609375 0.7291666666666666
0 0.6494140625 0.6510416666666666 0.001953125 0.003472222222222222
0 0.62109375 0.4409722222222222 0.625 0.3923611111111111 0.611328125 0.3888888888888889 0.609375 0.4270833333333333 0.62109375 0.4409722222222222
0 0.75 0.3576388888888889 0.779296875 0.3541666666666667 0.779296875 0.3263888888888889 0.755859375 0.3263888888888889 0.748046875 0.3402777777777778 0.75 0.3576388888888889
0 0.576171875 0.3888888888888889 0.580078125 0.34375 0.572265625 0.3472222222222222 0.568359375 0.3854166666666667 0.576171875 0.3888888888888889
0 0.1875 0.6875 0.1875 0.7152777777777778 0.193359375 0.7326388888888888 0.228515625 0.7638888888888888 0.2421875 0.7638888888888888 0.236328125 0.6909722222222222 0.228515625 0.6736111111111112 0.21875 0.6666666666666666 0.2109375 0.6979166666666666 0.201171875 0.7013888888888888 0.189453125 0.6597222222222222 0.193359375 0.6875 0.1875 0.6875