0 0.12890625 0.3993055555555556 0.1484375 0.4027777777777778 0.142578125 0.3611111111111111 0.12109375 0.3645833333333333 0.119140625 0.375 0.12890625 0.3993055555555556
0 0.029296875 0.4166666666666667 0.04296875 0.4166666666666667 0.041015625 0.3784722222222222 0.0234375 0.3715277777777778 0.0234375 0.40625 0.029296875 0.4166666666666667
0 0 0.4375 0.005859375 0.4479166666666667 0.0234375 0.4479166666666667 0.01953125 0.3923611111111111 0 0.3923611111111111 0 0.4375
0 0.16796875 0.3993055555555556 0.205078125 0.3993055555555556 0.205078125 0.3854166666666667 0.193359375 0.3680555555555556 0.16796875 0.3611111111111111 0.162109375 0.3888888888888889 0.16796875 0.3993055555555556
0 0 0.5451388888888888 0.03515625 0.5347222222222222 0.04296875 0.5451388888888888 0.052734375 0.5416666666666666 0.056640625 0.5173611111111112 0.05078125 0.4930555555555556 0.017578125 0.5104166666666666 0.005859375 0.4861111111111111 0 0.4861111111111111 0 0.5451388888888888
0 0.73046875 0.4375 0.73046875 0.3923611111111111 0.7109375 0.4027777777777778 0.701171875 0.3888888888888889 0.6953125 0.3993055555555556 0.6875 0.4375 0.73046875 0.4375
0 0.5625 0.40625 0.599609375 0.40625 0.599609375 0.375 0.58203125 0.3854166666666667 0.580078125 0.3611111111111111 0.5703125 0.3611111111111111 0.560546875 0.3888888888888889 0.5625 0.40625
0 0.84765625 0.40625 0.849609375 0.3888888888888889 0.84765625 0.3784722222222222 0.8359375 0.3888888888888889 0.810546875 0.3888888888888889 0.810546875 0.4236111111111111 0.84765625 0.40625
0 0.1875 0.6076388888888888 0.220703125 0.6006944444444444 0.22265625 0.5798611111111112 0.212890625 0.5486111111111112 0.205078125 0.5451388888888888 0.1875 0.5659722222222222 0.1875 0.6076388888888888
0 0.255859375 0.59375 0.255859375 0.5347222222222222 0.244140625 0.5347222222222222 0.23046875 0.5555555555555556 0.23046875 0.5902777777777778 0.255859375 0.59375
0 0.07421875 0.4201388888888889 0.06640625 0.3715277777777778 0.0546875 0.375 0.052734375 0.4166666666666667 0.07421875 0.4201388888888889
0 0.11328125 0.4166666666666667 0.123046875 0.4027777777777778 0.1171875 0.3611111111111111 0.103515625 0.3576388888888889 0.099609375 0.40625 0.11328125 0.4166666666666667
0 0.07421875 0.40625 0.080078125 0.4166666666666667 0.09765625 0.4166666666666667 0.099609375 0.3784722222222222 0.0859375 0.3576388888888889 0.07421875 0.3611111111111111 0.07421875 0.40625
0 0 0.6284722222222222 0.021484375 0.625 0.03515625 0.6354166666666666 0.04296875 0.6215277777777778 0.0390625 0.5729166666666666 0.005859375 0.5798611111111112 0 0.5868055555555556 0 0.6284722222222222
0 0.513671875 0.4513888888888889 0.537109375 0.4166666666666667 0.55078125 0.4479166666666667 0.55078125 0.40625 0.5390625 0.4166666666666667 0.529296875 0.3993055555555556 0.51953125 0.4027777777777778 0.51171875 0.4305555555555556 0.513671875 0.4513888888888889
0 0.619140625 0.5 0.6328125 0.5 0.64453125 0.5138888888888888 0.66015625 0.4930555555555556 0.662109375 0.4375 0.640625 0.4513888888888889 0.630859375 0.4340277777777778 0.623046875 0.4548611111111111 0.6171875 0.4756944444444444 0.619140625 0.5
0 0.35546875 0.5659722222222222 0.35546875 0.59375 0.408203125 0.5729166666666666 0.412109375 0.5277777777777778 0.384765625 0.5416666666666666 0.37890625 0.5243055555555556 0.3671875 0.5277777777777778 0.3671875 0.5486111111111112 0.35546875 0.5659722222222222
0 0.01171875 0.3159722222222222 0.025390625 0.3125 0.021484375 0.28125 0.01171875 0.28125 0.01171875 0.3159722222222222
0 0.5625 0.5 0.56640625 0.53125 0.59375 0.5451388888888888 0.60546875 0.4861111111111111 0.59375 0.4861111111111111 0.58984375 0.4965277777777778 0.580078125 0.4548611111111111 0.568359375 0.4722222222222222 0.568359375 0.4930555555555556 0.5625 0.5
0 0.61328125 0.4513888888888889 0.626953125 0.4409722222222222 0.634765625 0.4201388888888889 0.634765625 0.4097222222222222 0.599609375 0.4027777777777778 0.59765625 0.4201388888888889 0.61328125 0.4513888888888889
0 0.091796875 0.8090277777777778 0.11328125 0.7847222222222222 0.16796875 0.7638888888888888 0.173828125 0.7534722222222222 0.1796875 0.6875 0.15625 0.6909722222222222 0.140625 0.7222222222222222 0.123046875 0.71875 0.123046875 0.6909722222222222 0.11328125 0.6875 0.099609375 0.7013888888888888 0.099609375 0.7152777777777778 0.08203125 0.7430555555555556 0.080078125 0.8090277777777778 0.091796875 0.8090277777777778