0 0.330078125 0.84375 0.349609375 0.8888888888888888 0.35546875 0.8923611111111112 0.36328125 0.8784722222222222 0.375 0.8854166666666666 0.375 0.8090277777777778 0.34765625 0.8125 0.330078125 0.8263888888888888 0.330078125 0.84375
0 0.19921875 0.3993055555555556 0.19921875 0.375 0.16796875 0.3576388888888889 0.162109375 0.3993055555555556 0.19921875 0.3993055555555556
0 0.41796875 0.4375 0.423828125 0.40625 0.408203125 0.4027777777777778 0.40625 0.4305555555555556 0.41796875 0.4375
0 0.42578125 0.3854166666666667 0.421875 0.3541666666666667 0.41796875 0.375 0.42578125 0.3854166666666667
0 0.150390625 0.3472222222222222 0.162109375 0.3576388888888889 0.16796875 0.3263888888888889 0.15625 0.3159722222222222 0.150390625 0.3229166666666667 0.150390625 0.3472222222222222
0 0.517578125 0.8020833333333334 0.525390625 0.8298611111111112 0.54296875 0.8402777777777778 0.54296875 0.8055555555555556 0.55859375 0.7951388888888888 0.568359375 0.8125 0.572265625 0.8402777777777778 0.58203125 0.84375 0.5859375 0.8263888888888888 0.572265625 0.7743055555555556 0.5625 0.7673611111111112 0.541015625 0.7986111111111112 0.529296875 0.7708333333333334 0.529296875 0.75 0.517578125 0.75 0.517578125 0.8020833333333334
0 0.45703125 0.5590277777777778 0.462890625 0.5555555555555556 0.47265625 0.4930555555555556 0.4609375 0.4965277777777778 0.451171875 0.5 0.45703125 0.5590277777777778
0 0.6171875 0.9548611111111112 0.6171875 0.9930555555555556 0.642578125 0.9930555555555556 0.66015625 0.9791666666666666 0.6796875 0.9930555555555556 0.6796875 0.9722222222222222 0.69140625 0.9548611111111112 0.685546875 0.90625 0.65625 0.90625 0.666015625 0.9305555555555556 0.650390625 0.9618055555555556 0.6484375 0.9409722222222222 0.63671875 0.9340277777777778 0.6328125 0.9513888888888888 0.625 0.9513888888888888 0.61328125 0.90625 0.60546875 0.9375 0.6171875 0.9548611111111112
0 0.45703125 0.9618055555555556 0.45703125 0.9930555555555556 0.4921875 0.9930555555555556 0.484375 0.9618055555555556 0.486328125 0.9375 0.45703125 0.9375 0.451171875 0.9479166666666666 0.45703125 0.9618055555555556
0 0.439453125 0.9513888888888888 0.4296875 0.9513888888888888 0.44140625 0.9548611111111112 0.435546875 0.9826388888888888 0.4375 0.9965277777777778 0.4453125 0.9965277777777778 0.44921875 0.96875 0.44140625 0.9479166666666666 0.4375 0.8888888888888888 0.431640625 0.8923611111111112 0.4296875 0.9270833333333334 0.439453125 0.9513888888888888
0 0.53125 0.4305555555555556 0.54296875 0.4548611111111111 0.53515625 0.4340277777777778 0.54296875 0.4322916666666667 0.54296875 0.4097222222222222 0.537109375 0.40625 0.53125 0.4097222222222222 0.53125 0.4305555555555556
0 0.123046875 0.5972222222222222 0.13671875 0.5763888888888888 0.13671875 0.5625 0.125 0.5243055555555556 0.11328125 0.5277777777777778 0.11328125 0.5868055555555556 0.123046875 0.5972222222222222
0 0.177734375 0.5833333333333334 0.173828125 0.5972222222222222 0.19140625 0.5625 0.19140625 0.5486111111111112 0.1875 0.53125 0.171875 0.5243055555555556 0.16796875 0.5729166666666666 0.177734375 0.5833333333333334
0 0.224609375 0.4930555555555556 0.2421875 0.4826388888888889 0.236328125 0.4513888888888889 0.22265625 0.4375 0.21875 0.4791666666666667 0.224609375 0.4930555555555556
0 0.412109375 0.6493055555555556 0.41796875 0.6666666666666666 0.4296875 0.6875 0.4375 0.6701388888888888 0.431640625 0.6388888888888888 0.416015625 0.6388888888888888 0.412109375 0.6493055555555556
0 0.44921875 0.6875 0.44921875 0.6736111111111112 0.4609375 0.6527777777777778 0.4609375 0.6319444444444444 0.46875 0.625 0.44921875 0.625 0.443359375 0.6666666666666666 0.44921875 0.6875
0 0.234375 0.2673611111111111 0.2421875 0.2673611111111111 0.236328125 0.2361111111111111 0.23046875 0.2534722222222222 0.234375 0.2673611111111111
0 0.341796875 0.3090277777777778 0.34765625 0.3055555555555556 0.34765625 0.28125 0.3359375 0.2777777777777778 0.341796875 0.3090277777777778
0 0.3125 0.4201388888888889 0.322265625 0.4479166666666667 0.326171875 0.4305555555555556 0.314453125 0.4201388888888889 0.326171875 0.40625 0.318359375 0.3888888888888889 0.3125 0.3923611111111111 0.3125 0.4201388888888889
0 0.5625 0.9409722222222222 0.54296875 0.96875 0.56640625 0.9930555555555556 0.609375 0.9965277777777778 0.599609375 0.9097222222222222 0.58984375 0.8854166666666666 0.572265625 0.8888888888888888 0.5625 0.9166666666666666 0.5625 0.9409722222222222
0 0.51171875 0.8854166666666666 0.517578125 0.9027777777777778 0.51171875 0.9201388888888888 0.525390625 0.9513888888888888 0.53515625 0.9548611111111112 0.546875 0.9305555555555556 0.541015625 0.8680555555555556 0.529296875 0.8472222222222222 0.517578125 0.8506944444444444 0.517578125 0.875 0.51171875 0.8854166666666666
0 0.25 0.4201388888888889 0.25 0.3784722222222222 0.23828125 0.3680555555555556 0.234375 0.40625 0.25 0.4201388888888889
0 0.39453125 0.8263888888888888 0.40625 0.8784722222222222 0.416015625 0.8923611111111112 0.435546875 0.8888888888888888 0.443359375 0.875 0.44921875 0.8229166666666666 0.4453125 0.8090277777777778 0.421875 0.8125 0.41796875 0.8263888888888888 0.39453125 0.8263888888888888
0 0.46484375 0.7586805555555556 0.0078125 0.010416666666666666
0 0.45703125 0.8298611111111112 0.501953125 0.8923611111111112 0.50390625 0.75 0.48828125 0.7430555555555556 0.478515625 0.7638888888888888 0.4609375 0.7743055555555556 0.455078125 0.7847222222222222 0.45703125 0.8298611111111112
0 0.31640625 0.3263888888888889 0.31640625 0.3125 0.306640625 0.3055555555555556 0.3046875 0.3263888888888889 0.31640625 0.3263888888888889
0 0.412109375 0.7361111111111112 0.400390625 0.75 0.404296875 0.7638888888888888 0.416015625 0.7291666666666666 0.431640625 0.7326388888888888 0.423828125 0.7013888888888888 0.400390625 0.7013888888888888 0.3984375 0.7152777777777778 0.412109375 0.7361111111111112
0 0.2109375 0.4791666666666667 0.21875 0.46875 0.21875 0.4201388888888889 0.20703125 0.4201388888888889 0.205078125 0.46875 0.2109375 0.4791666666666667
0 0.205078125 0.6701388888888888 0.216796875 0.7013888888888888 0.23046875 0.6875 0.23046875 0.6423611111111112 0.224609375 0.625 0.2109375 0.6284722222222222 0.205078125 0.6388888888888888 0.205078125 0.6701388888888888
0 0.34765625 0.4027777777777778 0.359375 0.4027777777777778 0.359375 0.375 0.349609375 0.3715277777777778 0.34375 0.375 0.34765625 0.4027777777777778
0 0.07421875 0.7326388888888888 0.080078125 0.7430555555555556 0.111328125 0.7465277777777778 0.10546875 0.7048611111111112 0.091796875 0.7048611111111112 0.07421875 0.71875 0.07421875 0.7326388888888888
0 0.2734375 0.40625 0.279296875 0.40625 0.28125 0.3576388888888889 0.26953125 0.3541666666666667 0.26953125 0.3888888888888889 0.2734375 0.40625
0 0.26953125 0.5104166666666666 0.28125 0.5 0.28125 0.4513888888888889 0.267578125 0.4513888888888889 0.26953125 0.5104166666666666
0 0.296875 0.3159722222222222 0.3046875 0.3090277777777778 0.30078125 0.2847222222222222 0.29296875 0.2847222222222222 0.296875 0.3159722222222222
0 0.091796875 0.875 0.087890625 0.8993055555555556 0.099609375 0.9652777777777778 0.111328125 0.9861111111111112 0.123046875 0.9548611111111112 0.123046875 0.875 0.1171875 0.8715277777777778 0.1171875 0.8472222222222222 0.099609375 0.8472222222222222 0.0859375 0.8576388888888888 0.091796875 0.875
0 0.84765625 0.28125 0.845703125 0.2604166666666667 0.826171875 0.2534722222222222 0.82421875 0.28125 0.84765625 0.28125
0 0.412109375 0.5173611111111112 0.41796875 0.5138888888888888 0.41796875 0.46875 0.40625 0.4652777777777778 0.404296875 0.5104166666666666 0.412109375 0.5173611111111112
0 0.3046875 0.2361111111111111 0.3125 0.2326388888888889 0.310546875 0.2152777777777778 0.3046875 0.21875 0.3046875 0.2361111111111111
0 0.4296875 0.5277777777777778 0.44140625 0.5451388888888888 0.44921875 0.5416666666666666 0.44921875 0.4826388888888889 0.44140625 0.4722222222222222 0.431640625 0.5 0.435546875 0.5138888888888888 0.4296875 0.5277777777777778
0 0.4921875 0.6805555555555556 0.494140625 0.5972222222222222 0.48046875 0.5972222222222222 0.48046875 0.6527777777777778 0.4921875 0.6805555555555556
0 0.181640625 0.8263888888888888 0.189453125 0.8298611111111112 0.205078125 0.7916666666666666 0.2109375 0.7465277777777778 0.1953125 0.7152777777777778 0.1796875 0.7222222222222222 0.17578125 0.7638888888888888 0.181640625 0.8263888888888888
0 0.888671875 0.2777777777777778 0.88671875 0.2534722222222222 0.865234375 0.2638888888888889 0.8671875 0.28125 0.888671875 0.2777777777777778
0 0.21875 0.875 0.2421875 0.9201388888888888 0.25 0.8784722222222222 0.25 0.7951388888888888 0.244140625 0.7847222222222222 0.23046875 0.7847222222222222 0.21875 0.7951388888888888 0.21875 0.875