0 0.875 0.28125 0.892578125 0.28125 0.892578125 0.25 0.87890625 0.25 0.873046875 0.2638888888888889 0.875 0.28125
0 0.38671875 0.4965277777777778 0.392578125 0.4826388888888889 0.392578125 0.4513888888888889 0.38671875 0.4409722222222222 0.373046875 0.4722222222222222 0.361328125 0.4722222222222222 0.35546875 0.4548611111111111 0.34765625 0.4652777777777778 0.34375 0.5138888888888888 0.38671875 0.4965277777777778
0 0.69921875 0.4861111111111111 0.69140625 0.4340277777777778 0.681640625 0.4375 0.67578125 0.4548611111111111 0.67578125 0.4965277777777778 0.69921875 0.4861111111111111
0 0.46875 0.5659722222222222 0.478515625 0.5833333333333334 0.474609375 0.59375 0.4609375 0.59375 0.47265625 0.6006944444444444 0.462890625 0.625 0.51171875 0.5625 0.5234375 0.5763888888888888 0.517578125 0.5659722222222222 0.5234375 0.5590277777777778 0.50390625 0.5243055555555556 0.48046875 0.5173611111111112 0.474609375 0.53125 0.474609375 0.5555555555555556 0.46875 0.5659722222222222
0 0.0234375 0.5868055555555556 0.056640625 0.5763888888888888 0.06640625 0.5555555555555556 0.0625 0.53125 0.025390625 0.53125 0.01953125 0.5486111111111112 0.017578125 0.5763888888888888 0.0234375 0.5868055555555556
0 0.330078125 0.5451388888888888 0.32421875 0.53125 0.310546875 0.53125 0.310546875 0.5416666666666666 0.330078125 0.5451388888888888
0 0.267578125 0.5868055555555556 0.298828125 0.5625 0.287109375 0.5416666666666666 0.287109375 0.5138888888888888 0.271484375 0.5347222222222222 0.26171875 0.5590277777777778 0.267578125 0.5868055555555556
0 0.400390625 0.4722222222222222 0.4296875 0.46875 0.435546875 0.4409722222222222 0.4296875 0.4236111111111111 0.41015625 0.4444444444444444 0.3984375 0.4375 0.39453125 0.4479166666666667 0.400390625 0.4722222222222222
0 0.5 0.4618055555555556 0.5234375 0.4548611111111111 0.541015625 0.4236111111111111 0.517578125 0.4097222222222222 0.5 0.4409722222222222 0.5 0.4618055555555556
0 0.0244140625 0.5381944444444444 0.001953125 0.006944444444444444
0 0 0.5763888888888888 0.01953125 0.5763888888888888 0.013671875 0.5138888888888888 0 0.5277777777777778 0 0.5763888888888888
0 0.998046875 0.4375 0.998046875 0.3854166666666667 0.986328125 0.3854166666666667 0.984375 0.4270833333333333 0.998046875 0.4375
0 0.38671875 0.7222222222222222 0.42578125 0.6909722222222222 0.431640625 0.7013888888888888 0.44140625 0.6979166666666666 0.44921875 0.6736111111111112 0.44921875 0.6215277777777778 0.4375 0.6076388888888888 0.423828125 0.6388888888888888 0.400390625 0.6284722222222222 0.392578125 0.6423611111111112 0.392578125 0.6666666666666666 0.380859375 0.6840277777777778 0.37890625 0.7083333333333334 0.38671875 0.7222222222222222
0 0.458984375 0.6909722222222222 0.470703125 0.6909722222222222 0.4765625 0.6736111111111112 0.486328125 0.6805555555555556 0.517578125 0.6666666666666666 0.5234375 0.6423611111111112 0.513671875 0.6215277777777778 0.50390625 0.6388888888888888 0.494140625 0.6388888888888888 0.486328125 0.6111111111111112 0.474609375 0.5972222222222222 0.462890625 0.6354166666666666 0.455078125 0.6631944444444444 0.458984375 0.6909722222222222
0 0.330078125 0.4201388888888889 0.337890625 0.4201388888888889 0.341796875 0.40625 0.337890625 0.3888888888888889 0.33203125 0.3888888888888889 0.32421875 0.4027777777777778 0.330078125 0.4201388888888889
0 0.318359375 0.4166666666666667 0.31640625 0.3888888888888889 0.3046875 0.3854166666666667 0.298828125 0.3958333333333333 0.298828125 0.4340277777777778 0.318359375 0.4166666666666667
0 0.1796875 0.4652777777777778 0.22265625 0.4618055555555556 0.22265625 0.4375 0.20703125 0.4236111111111111 0.19921875 0.4340277777777778 0.173828125 0.4305555555555556 0.16796875 0.4479166666666667 0.1796875 0.4652777777777778
0 0.14453125 0.5555555555555556 0.154296875 0.5555555555555556 0.166015625 0.5347222222222222 0.177734375 0.53125 0.1875 0.5416666666666666 0.193359375 0.53125 0.193359375 0.4930555555555556 0.16796875 0.5138888888888888 0.162109375 0.4861111111111111 0.15625 0.4861111111111111 0.138671875 0.53125 0.14453125 0.5555555555555556
0 0.220703125 0.53125 0.234375 0.5034722222222222 0.23046875 0.46875 0.212890625 0.4826388888888889 0.205078125 0.5208333333333334 0.220703125 0.53125
0 0.3671875 0.4166666666666667 0.392578125 0.4305555555555556 0.392578125 0.4027777777777778 0.37890625 0.4201388888888889 0.373046875 0.4166666666666667 0.37890625 0.3993055555555556 0.37109375 0.3888888888888889 0.349609375 0.4166666666666667 0.349609375 0.4409722222222222 0.3671875 0.4166666666666667
0 0 0.7534722222222222 0.021484375 0.75 0.046875 0.7291666666666666 0.07421875 0.7291666666666666 0.08203125 0.7118055555555556 0.076171875 0.6701388888888888 0.056640625 0.6979166666666666 0.052734375 0.71875 0.03125 0.7326388888888888 0.017578125 0.6805555555555556 0 0.6701388888888888 0 0.7534722222222222
0 0.755859375 0.4861111111111111 0.748046875 0.4305555555555556 0.73828125 0.4236111111111111 0.73046875 0.4479166666666667 0.73046875 0.4930555555555556 0.755859375 0.4861111111111111
0 0.2734375 0.6701388888888888 0.330078125 0.6527777777777778 0.34375 0.625 0.337890625 0.5972222222222222 0.341796875 0.5763888888888888 0.33203125 0.5486111111111112 0.326171875 0.5520833333333334 0.32421875 0.5902777777777778 0.310546875 0.6215277777777778 0.298828125 0.625 0.30078125 0.5972222222222222 0.287109375 0.5868055555555556 0.279296875 0.6284722222222222 0.26953125 0.6388888888888888 0.267578125 0.65625 0.2734375 0.6701388888888888
0 0.44921875 0.4826388888888889 0.45703125 0.4722222222222222 0.48828125 0.46875 0.494140625 0.4513888888888889 0.48828125 0.4375 0.45703125 0.4236111111111111 0.443359375 0.4548611111111111 0.44921875 0.4826388888888889
0 0.4609375 0.4027777777777778 0.466796875 0.3923611111111111 0.466796875 0.3680555555555556 0.4609375 0.3576388888888889 0.4375 0.3541666666666667 0.4296875 0.40625 0.4609375 0.4027777777777778
0 0.60546875 0.46875 0.611328125 0.4930555555555556 0.630859375 0.4791666666666667 0.65625 0.4826388888888889 0.65625 0.4513888888888889 0.638671875 0.4618055555555556 0.630859375 0.4375 0.6171875 0.4375 0.6171875 0.4513888888888889 0.60546875 0.46875
0 0.498046875 0.375 0.53125 0.3680555555555556 0.53125 0.34375 0.521484375 0.3263888888888889 0.51171875 0.3263888888888889 0.5 0.34375 0.494140625 0.3576388888888889 0.498046875 0.375
0 0.072265625 0.59375 0.0859375 0.59375 0.07421875 0.5347222222222222 0.06640625 0.5416666666666666 0.0625 0.5763888888888888 0.072265625 0.59375
0 0.123046875 0.5902777777777778 0.125 0.53125 0.111328125 0.5347222222222222 0.095703125 0.5555555555555556 0.09375 0.59375 0.123046875 0.5902777777777778
0 0.267578125 0.5868055555555556 0.287109375 0.5763888888888888 0.29296875 0.5625 0.28515625 0.5138888888888888 0.271484375 0.5347222222222222 0.26171875 0.5590277777777778 0.267578125 0.5868055555555556