0 0.21875 0.6076388888888888 0.23046875 0.6388888888888888 0.236328125 0.5625 0.224609375 0.5590277777777778 0.21875 0.5659722222222222 0.21875 0.6076388888888888
0 0.462890625 0.2986111111111111 0.46875 0.2986111111111111 0.46875 0.2743055555555556 0.4609375 0.2743055555555556 0.462890625 0.2986111111111111
0 0.380859375 0.2743055555555556 0.37890625 0.25 0.375 0.2743055555555556 0.380859375 0.2743055555555556
0 0.697265625 0.3680555555555556 0.705078125 0.3576388888888889 0.724609375 0.3680555555555556 0.73046875 0.3576388888888889 0.73046875 0.3298611111111111 0.705078125 0.3263888888888889 0.693359375 0.3472222222222222 0.697265625 0.3680555555555556
0 0.341796875 0.8854166666666666 0.32421875 0.8715277777777778 0.326171875 0.8888888888888888 0.330078125 0.8819444444444444 0.341796875 0.8923611111111112 0.337890625 0.9201388888888888 0.326171875 0.9236111111111112 0.337890625 0.9375 0.35546875 0.9861111111111112 0.3671875 0.9965277777777778 0.373046875 0.9930555555555556 0.369140625 0.9479166666666666 0.375 0.9166666666666666 0.3671875 0.875 0.375 0.8576388888888888 0.359375 0.8576388888888888 0.34375 0.8680555555555556 0.341796875 0.8854166666666666
0 0.330078125 0.8298611111111112 0.32421875 0.8229166666666666 0.322265625 0.8541666666666666 0.330078125 0.8298611111111112
0 0.09765625 0.3576388888888889 0.099609375 0.3263888888888889 0.087890625 0.3125 0.080078125 0.3159722222222222 0.076171875 0.3541666666666667 0.09765625 0.3576388888888889
0 0.298828125 0.5625 0.3046875 0.5416666666666666 0.3046875 0.4965277777777778 0.29296875 0.4930555555555556 0.287109375 0.5277777777777778 0.298828125 0.5625
0 0.318359375 0.4513888888888889 0.31640625 0.4409722222222222 0.32421875 0.4409722222222222 0.32421875 0.3923611111111111 0.31640625 0.3923611111111111 0.3125 0.4375 0.318359375 0.4513888888888889
0 0.263671875 0.3229166666666667 0.26953125 0.3125 0.267578125 0.28125 0.26171875 0.28125 0.263671875 0.3229166666666667
0 0.314453125 0.3402777777777778 0.31640625 0.3125 0.306640625 0.2986111111111111 0.3046875 0.3263888888888889 0.314453125 0.3402777777777778
0 0.34765625 0.2951388888888889 0.349609375 0.2743055555555556 0.34375 0.2638888888888889 0.341796875 0.2881944444444444 0.34765625 0.2951388888888889
0 0.291015625 0.34375 0.298828125 0.34375 0.296875 0.3125 0.287109375 0.3125 0.291015625 0.34375
0 0.3359375 0.3263888888888889 0.3359375 0.2916666666666667 0.326171875 0.2916666666666667 0.326171875 0.3229166666666667 0.3359375 0.3263888888888889
0 0.259765625 0.4861111111111111 0.26171875 0.4236111111111111 0.25390625 0.4236111111111111 0.25 0.4652777777777778 0.259765625 0.4861111111111111
0 0.205078125 0.3993055555555556 0.197265625 0.3715277777777778 0.16796875 0.3576388888888889 0.162109375 0.3993055555555556 0.205078125 0.3993055555555556
0 0.193359375 0.8541666666666666 0.205078125 0.8715277777777778 0.205078125 0.8888888888888888 0.2109375 0.8888888888888888 0.21875 0.8402777777777778 0.21875 0.7638888888888888 0.212890625 0.7534722222222222 0.193359375 0.7638888888888888 0.1875 0.8263888888888888 0.193359375 0.8541666666666666
0 0.353515625 0.2534722222222222 0.359375 0.2465277777777778 0.35546875 0.22916666666666666 0.349609375 0.22916666666666666 0.353515625 0.2534722222222222
0 0.3046875 0.7256944444444444 0.3125 0.75 0.322265625 0.7534722222222222 0.32421875 0.6493055555555556 0.318359375 0.6423611111111112 0.306640625 0.6527777777777778 0.30078125 0.6736111111111112 0.3046875 0.7256944444444444
0 0.48046875 0.9965277777777778 0.48046875 0.9513888888888888 0.474609375 0.9618055555555556 0.439453125 0.96875 0.431640625 0.9444444444444444 0.431640625 0.9166666666666666 0.423828125 0.9166666666666666 0.423828125 0.9930555555555556 0.48046875 0.9965277777777778
0 0.3896484375 0.22569444444444445 0.005859375 0.013888888888888888
0 0.78515625 0.375 0.78515625 0.34375 0.767578125 0.3263888888888889 0.755859375 0.3402777777777778 0.75 0.375 0.78515625 0.375