0 0.236328125 0.5989583333333334 0.2421875 0.6041666666666666 0.236328125 0.6180555555555556 0.248046875 0.59375 0.26171875 0.6076388888888888 0.259765625 0.5763888888888888 0.25 0.5868055555555556 0.23828125 0.5763888888888888 0.244140625 0.5868055555555556 0.236328125 0.5989583333333334
0 0.568359375 0.3055555555555556 0.572265625 0.2777777777777778 0.56640625 0.2777777777777778 0.5625 0.2986111111111111 0.568359375 0.3055555555555556
0 0.34375 0.7013888888888888 0.34765625 0.7118055555555556 0.353515625 0.7013888888888888 0.361328125 0.7118055555555556 0.3671875 0.7013888888888888 0.3671875 0.65625 0.361328125 0.6388888888888888 0.349609375 0.6388888888888888 0.34375 0.6423611111111112 0.34375 0.7013888888888888
0 0.388671875 0.34375 0.3984375 0.3680555555555556 0.400390625 0.3541666666666667 0.392578125 0.3472222222222222 0.400390625 0.3263888888888889 0.39453125 0.3159722222222222 0.388671875 0.3229166666666667 0.388671875 0.34375
0 0.82421875 0.2743055555555556 0.826171875 0.25 0.810546875 0.2465277777777778 0.806640625 0.2673611111111111 0.82421875 0.2743055555555556
0 0.380859375 0.4513888888888889 0.392578125 0.4548611111111111 0.3984375 0.4479166666666667 0.3984375 0.4201388888888889 0.388671875 0.40625 0.380859375 0.4201388888888889 0.380859375 0.4513888888888889
0 0.73046875 0.3472222222222222 0.76171875 0.3402777777777778 0.76171875 0.3125 0.734375 0.3159722222222222 0.728515625 0.3298611111111111 0.73046875 0.3472222222222222
0 0.296875 0.6076388888888888 0.296875 0.5798611111111112 0.28515625 0.5555555555555556 0.291015625 0.5347222222222222 0.28125 0.5590277777777778 0.28515625 0.6388888888888888 0.296875 0.6076388888888888
0 0.279296875 0.3125 0.279296875 0.2916666666666667 0.26953125 0.28125 0.26953125 0.3090277777777778 0.279296875 0.3125
0 0.33984375 0.9965277777777778 0.34765625 0.9826388888888888 0.349609375 0.9965277777777778 0.392578125 0.9965277777777778 0.38671875 0.9513888888888888 0.369140625 0.9548611111111112 0.359375 0.9826388888888888 0.345703125 0.96875 0.330078125 0.96875 0.330078125 0.9965277777777778 0.33984375 0.9965277777777778
0 0.025390625 0.3541666666666667 0.05078125 0.3541666666666667 0.056640625 0.34375 0.052734375 0.3229166666666667 0.041015625 0.3263888888888889 0.03125 0.3159722222222222 0.025390625 0.3263888888888889 0.025390625 0.3541666666666667
0 0.337890625 0.2673611111111111 0.34375 0.2673611111111111 0.341796875 0.2326388888888889 0.3359375 0.24305555555555555 0.337890625 0.2673611111111111
0 0.234375 0.5138888888888888 0.234375 0.46875 0.22265625 0.4618055555555556 0.22265625 0.5416666666666666 0.234375 0.5138888888888888
0 0.349609375 0.5868055555555556 0.365234375 0.5972222222222222 0.3671875 0.5486111111111112 0.35546875 0.5451388888888888 0.349609375 0.5486111111111112 0.349609375 0.5868055555555556
0 0.4296875 0.4652777777777778 0.4375 0.4513888888888889 0.435546875 0.4236111111111111 0.421875 0.4201388888888889 0.41796875 0.4479166666666667 0.4296875 0.4652777777777778
0 0.353515625 0.2673611111111111 0.353515625 0.25 0.34765625 0.2465277777777778 0.34375 0.2638888888888889 0.353515625 0.2673611111111111
0 0.41015625 0.4375 0.41796875 0.4340277777777778 0.41796875 0.3888888888888889 0.40625 0.3888888888888889 0.41015625 0.4375
0 0.171875 0.3125 0.171875 0.2847222222222222 0.162109375 0.2638888888888889 0.15625 0.2777777777777778 0.154296875 0.3125 0.171875 0.3125
0 0.025390625 0.9097222222222222 0.04296875 0.96875 0.052734375 0.96875 0.06640625 0.9097222222222222 0.0625 0.8298611111111112 0.048828125 0.84375 0.029296875 0.84375 0.03125 0.8854166666666666 0.025390625 0.9097222222222222
0 0.26171875 0.8125 0.267578125 0.90625 0.279296875 0.9027777777777778 0.279296875 0.8923611111111112 0.29296875 0.8611111111111112 0.29296875 0.8055555555555556 0.287109375 0.7951388888888888 0.267578125 0.7986111111111112 0.26171875 0.8125
0 0.099609375 0.8368055555555556 0.130859375 0.8541666666666666 0.13671875 0.8472222222222222 0.130859375 0.78125 0.125 0.7673611111111112 0.10546875 0.7673611111111112 0.099609375 0.78125 0.099609375 0.8368055555555556
0 0.37890625 0.3090277777777778 0.380859375 0.28125 0.375 0.2743055555555556 0.373046875 0.2951388888888889 0.37890625 0.3090277777777778
0 0.09375 0.3159722222222222 0.1171875 0.3159722222222222 0.111328125 0.2847222222222222 0.10546875 0.2847222222222222 0.09375 0.2951388888888889 0.09375 0.3159722222222222
0 0.205078125 0.3993055555555556 0.205078125 0.3854166666666667 0.193359375 0.3680555555555556 0.16796875 0.3576388888888889 0.162109375 0.3993055555555556 0.205078125 0.3993055555555556
0 0.23828125 0.6979166666666666 0.25390625 0.7534722222222222 0.26171875 0.71875 0.26171875 0.6493055555555556 0.244140625 0.6388888888888888 0.23828125 0.65625 0.23828125 0.6979166666666666
0 0.384765625 0.4097222222222222 0.392578125 0.4027777777777778 0.392578125 0.3715277777777778 0.380859375 0.3715277777777778 0.37890625 0.3993055555555556 0.384765625 0.4097222222222222
0 0.48046875 0.2743055555555556 0.484375 0.2465277777777778 0.478515625 0.2465277777777778 0.474609375 0.2638888888888889 0.48046875 0.2743055555555556
0 0.263671875 0.4513888888888889 0.26953125 0.4409722222222222 0.26953125 0.4166666666666667 0.2578125 0.40625 0.255859375 0.4340277777777778 0.263671875 0.4513888888888889
0 0.09375 0.9965277777777778 0.138671875 0.9965277777777778 0.130859375 0.9479166666666666 0.134765625 0.9375 0.099609375 0.9479166666666666 0.087890625 0.96875 0.09375 0.9965277777777778
0 0.42578125 0.5243055555555556 0.4375 0.53125 0.4296875 0.5451388888888888 0.435546875 0.5486111111111112 0.443359375 0.5 0.4375 0.4722222222222222 0.4296875 0.4722222222222222 0.423828125 0.4826388888888889 0.42578125 0.5243055555555556
0 0.380859375 0.5347222222222222 0.38671875 0.5347222222222222 0.392578125 0.4652777777777778 0.380859375 0.4513888888888889 0.375 0.5 0.380859375 0.5347222222222222
0 0.640625 0.59375 0.6484375 0.5625 0.6484375 0.5277777777777778 0.638671875 0.5034722222222222 0.630859375 0.5034722222222222 0.625 0.5659722222222222 0.640625 0.59375
0 0.419921875 0.5763888888888888 0.421875 0.5347222222222222 0.404296875 0.53125 0.400390625 0.5659722222222222 0.419921875 0.5763888888888888
0 0.3671875 0.4791666666666667 0.373046875 0.46875 0.375 0.4305555555555556 0.361328125 0.4305555555555556 0.359375 0.4618055555555556 0.3671875 0.4791666666666667
0 0.34375 0.8298611111111112 0.3515625 0.8263888888888888 0.359375 0.8541666666666666 0.3671875 0.8576388888888888 0.373046875 0.8298611111111112 0.3671875 0.7916666666666666 0.375 0.7673611111111112 0.3671875 0.7881944444444444 0.35546875 0.7638888888888888 0.349609375 0.7673611111111112 0.34375 0.7743055555555556 0.34375 0.8298611111111112
0 0.091796875 0.3229166666666667 0.091796875 0.28125 0.076171875 0.2916666666666667 0.068359375 0.2847222222222222 0.068359375 0.3229166666666667 0.091796875 0.3229166666666667
0 0.4375 0.3229166666666667 0.44140625 0.2951388888888889 0.431640625 0.2916666666666667 0.4296875 0.3194444444444444 0.4375 0.3229166666666667
0 0.412109375 0.75 0.412109375 0.7743055555555556 0.423828125 0.7673611111111112 0.4375 0.7326388888888888 0.435546875 0.6875 0.41796875 0.6875 0.416015625 0.7048611111111112 0.41796875 0.7430555555555556 0.412109375 0.75
0 0.392578125 0.3263888888888889 0.3984375 0.3055555555555556 0.392578125 0.2916666666666667 0.38671875 0.2916666666666667 0.392578125 0.3263888888888889
0 0.470703125 0.4965277777777778 0.474609375 0.5138888888888888 0.48828125 0.5138888888888888 0.486328125 0.4930555555555556 0.474609375 0.4861111111111111 0.4609375 0.5138888888888888 0.470703125 0.4965277777777778
0 0.447265625 0.25 0.44921875 0.2222222222222222 0.443359375 0.21875 0.44140625 0.2465277777777778 0.447265625 0.25
0 0.162109375 0.7951388888888888 0.173828125 0.8298611111111112 0.185546875 0.7951388888888888 0.19140625 0.7465277777777778 0.1875 0.71875 0.16796875 0.71875 0.162109375 0.7326388888888888 0.162109375 0.7951388888888888
0 0.287109375 0.5173611111111112 0.291015625 0.4652777777777778 0.287109375 0.4513888888888889 0.275390625 0.4548611111111111 0.275390625 0.5 0.287109375 0.5173611111111112
0 0.36328125 0.22916666666666666 0.359375 0.21180555555555555 0.35546875 0.22916666666666666 0.36328125 0.22916666666666666
0 0.224609375 0.9965277777777778 0.259765625 0.9930555555555556 0.259765625 0.9513888888888888 0.25390625 0.9409722222222222 0.23828125 0.9375 0.22265625 0.9513888888888888 0.21875 0.96875 0.224609375 0.9965277777777778