0 0.91796875 0.28125 0.912109375 0.25 0.89453125 0.2534722222222222 0.892578125 0.28125 0.91796875 0.28125
0 0.330078125 0.5625 0.34375 0.5486111111111112 0.3671875 0.5451388888888888 0.375 0.5277777777777778 0.373046875 0.4861111111111111 0.349609375 0.5 0.345703125 0.53125 0.326171875 0.53125 0.32421875 0.5520833333333334 0.330078125 0.5625
0 0.529296875 0.3263888888888889 0.53125 0.2951388888888889 0.51953125 0.2847222222222222 0.517578125 0.3263888888888889 0.529296875 0.3263888888888889
0 0.76953125 0.3888888888888889 0.779296875 0.3923611111111111 0.787109375 0.375 0.796875 0.375 0.80078125 0.3923611111111111 0.81640625 0.3854166666666667 0.810546875 0.3611111111111111 0.78515625 0.3715277777777778 0.787109375 0.3541666666666667 0.78125 0.3576388888888889 0.76953125 0.375 0.76953125 0.3888888888888889
0 0.291015625 0.375 0.310546875 0.375 0.306640625 0.3298611111111111 0.29296875 0.3263888888888889 0.287109375 0.3298611111111111 0.291015625 0.375
0 0.056640625 0.40625 0.0625 0.4201388888888889 0.078125 0.4201388888888889 0.076171875 0.3923611111111111 0.060546875 0.3784722222222222 0.07421875 0.3611111111111111 0.0625 0.3611111111111111 0.056640625 0.3715277777777778 0.056640625 0.40625
0 0.130859375 0.28125 0.1484375 0.28125 0.1484375 0.2534722222222222 0.134765625 0.2361111111111111 0.12890625 0.2465277777777778 0.130859375 0.28125
0 0.005859375 0.4513888888888889 0.0234375 0.4479166666666667 0.017578125 0.3923611111111111 0 0.3993055555555556 0.005859375 0.4513888888888889
0 0.255859375 0.375 0.26171875 0.3888888888888889 0.279296875 0.3888888888888889 0.28125 0.3576388888888889 0.271484375 0.3402777777777778 0.26171875 0.3402777777777778 0.255859375 0.34375 0.255859375 0.375
0 0.95703125 0.3402777777777778 0.966796875 0.3541666666666667 0.986328125 0.3541666666666667 0.98828125 0.3298611111111111 0.966796875 0.3159722222222222 0.95703125 0.3263888888888889 0.95703125 0.3402777777777778
0 0.412109375 0.5243055555555556 0.44140625 0.5173611111111112 0.443359375 0.4930555555555556 0.43359375 0.4861111111111111 0.443359375 0.4722222222222222 0.41796875 0.46875 0.412109375 0.4826388888888889 0.412109375 0.5243055555555556
0 0.31640625 0.4201388888888889 0.33203125 0.4305555555555556 0.330078125 0.3715277777777778 0.31640625 0.375 0.3125 0.40625 0.31640625 0.4201388888888889
0 0.197265625 0.4027777777777778 0.205078125 0.3923611111111111 0.19921875 0.3715277777777778 0.16796875 0.3576388888888889 0.16796875 0.3993055555555556 0.197265625 0.4027777777777778
0 0.12890625 0.4097222222222222 0.142578125 0.4027777777777778 0.13671875 0.3576388888888889 0.125 0.3576388888888889 0.12890625 0.4097222222222222
0 0.03125 0.4201388888888889 0.041015625 0.4375 0.0546875 0.4375 0.060546875 0.4201388888888889 0.0546875 0.40625 0.056640625 0.3784722222222222 0.04296875 0.3715277777777778 0.03125 0.3923611111111111 0.03125 0.4201388888888889
0 0.091796875 0.3125 0.09765625 0.2847222222222222 0.076171875 0.2777777777777778 0.076171875 0.3125 0.091796875 0.3125
0 0.443359375 0.5868055555555556 0.462890625 0.5486111111111112 0.48046875 0.5590277777777778 0.484375 0.5034722222222222 0.48046875 0.4930555555555556 0.470703125 0.5138888888888888 0.462890625 0.5138888888888888 0.4609375 0.4930555555555556 0.44921875 0.4861111111111111 0.44140625 0.53125 0.443359375 0.5868055555555556
0 0.173828125 0.6493055555555556 0.193359375 0.6354166666666666 0.193359375 0.6145833333333334 0.185546875 0.6076388888888888 0.193359375 0.59375 0.171875 0.6111111111111112 0.16796875 0.6388888888888888 0.173828125 0.6493055555555556
0 0.125 0.6736111111111112 0.15625 0.65625 0.16015625 0.6423611111111112 0.150390625 0.6215277777777778 0.154296875 0.59375 0.142578125 0.59375 0.119140625 0.6493055555555556 0.1171875 0.6631944444444444 0.125 0.6736111111111112