0 0.423828125 0.6875 0.435546875 0.6979166666666666 0.443359375 0.6180555555555556 0.44140625 0.6076388888888888 0.419921875 0.6145833333333334 0.41796875 0.6597222222222222 0.423828125 0.6875
0 0.19921875 0.4375 0.19921875 0.46875 0.205078125 0.46875 0.212890625 0.4236111111111111 0.2109375 0.40625 0.19921875 0.4097222222222222 0.193359375 0.4305555555555556 0.19921875 0.4375
0 0.052734375 0.3715277777777778 0.068359375 0.3576388888888889 0.060546875 0.3263888888888889 0.04296875 0.3263888888888889 0.037109375 0.3680555555555556 0.052734375 0.3715277777777778
0 0.71875 0.25 0.71484375 0.22916666666666666 0.693359375 0.22916666666666666 0.693359375 0.25 0.71875 0.25
0 0.1484375 0.2951388888888889 0.150390625 0.2673611111111111 0.134765625 0.2604166666666667 0.134765625 0.2951388888888889 0.1484375 0.2951388888888889
0 0.4140625 0.625 0.412109375 0.6076388888888888 0.421875 0.5763888888888888 0.40625 0.5590277777777778 0.421875 0.5451388888888888 0.41796875 0.5347222222222222 0.40625 0.5347222222222222 0.404296875 0.5763888888888888 0.4140625 0.625
0 0.505859375 0.8854166666666666 0.517578125 0.8888888888888888 0.53515625 0.8402777777777778 0.546875 0.84375 0.55078125 0.875 0.556640625 0.8715277777777778 0.548828125 0.8541666666666666 0.556640625 0.84375 0.548828125 0.8055555555555556 0.53515625 0.8090277777777778 0.51953125 0.8298611111111112 0.50390625 0.7986111111111112 0.48828125 0.8125 0.505859375 0.8854166666666666
0 0.416015625 0.9826388888888888 0.4365234375 0.9965277777777778 0.443359375 0.9791666666666666 0.447265625 0.9965277777777778 0.455078125 0.9965277777777778 0.4609375 0.96875 0.45703125 0.9548611111111112 0.44921875 0.9861111111111112 0.44140625 0.96875 0.44140625 0.9409722222222222 0.423828125 0.9756944444444444 0.404296875 0.9583333333333334 0.41015625 0.9722222222222222 0.3984375 0.9930555555555556 0.40625 0.9965277777777778 0.416015625 0.9826388888888888
0 0.466796875 0.9375 0.462890625 0.9340277777777778 0.4609375 0.9409722222222222 0.466796875 0.9375
0 0.404296875 0.9513888888888888 0.404296875 0.9097222222222222 0.41015625 0.9027777777777778 0.392578125 0.9027777777777778 0.392578125 0.9375 0.404296875 0.9513888888888888
0 0.25390625 0.4722222222222222 0.26171875 0.4375 0.255859375 0.4201388888888889 0.2421875 0.4201388888888889 0.2421875 0.4652777777777778 0.25390625 0.4722222222222222
0 0.099609375 0.5104166666666666 0.10546875 0.5 0.09375 0.4826388888888889 0.10546875 0.4756944444444444 0.10546875 0.4513888888888889 0.099609375 0.4375 0.087890625 0.4375 0.087890625 0.46875 0.099609375 0.5104166666666666
0 0.37890625 0.6041666666666666 0.39453125 0.65625 0.3984375 0.5659722222222222 0.38671875 0.5659722222222222 0.37890625 0.5763888888888888 0.37890625 0.6041666666666666
0 0.119140625 0.3784722222222222 0.123046875 0.3576388888888889 0.1171875 0.3402777777777778 0.109375 0.3402777777777778 0.10546875 0.3472222222222222 0.119140625 0.3784722222222222
0 0.66015625 0.7326388888888888 0.689453125 0.7013888888888888 0.697265625 0.7152777777777778 0.7109375 0.7048611111111112 0.724609375 0.7118055555555556 0.724609375 0.7013888888888888 0.71484375 0.7048611111111112 0.716796875 0.6840277777777778 0.7109375 0.6736111111111112 0.67578125 0.7118055555555556 0.66796875 0.6979166666666666 0.66796875 0.65625 0.65625 0.6701388888888888 0.650390625 0.6979166666666666 0.66015625 0.7326388888888888
0 0.314453125 0.2986111111111111 0.31640625 0.2743055555555556 0.306640625 0.2743055555555556 0.3046875 0.2951388888888889 0.314453125 0.2986111111111111
0 0.09375 0.7951388888888888 0.09375 0.8159722222222222 0.1015625 0.8159722222222222 0.111328125 0.7777777777777778 0.10546875 0.7048611111111112 0.08203125 0.7152777777777778 0.08203125 0.78125 0.09375 0.7951388888888888
0 0.5625 0.8263888888888888 0.5625 0.8368055555555556 0.59375 0.9027777777777778 0.60546875 0.90625 0.609375 0.8055555555555556 0.599609375 0.78125 0.58203125 0.78125 0.57421875 0.7951388888888888 0.5703125 0.8402777777777778 0.5625 0.8263888888888888
0 0.2421875 0.3819444444444444 0.259765625 0.3888888888888889 0.259765625 0.3576388888888889 0.248046875 0.3541666666666667 0.2421875 0.3576388888888889 0.2421875 0.3819444444444444
0 0.361328125 0.5625 0.373046875 0.59375 0.375 0.5763888888888888 0.369140625 0.5659722222222222 0.37890625 0.5243055555555556 0.3671875 0.5243055555555556 0.361328125 0.5277777777777778 0.361328125 0.5625
0 0 0.3541666666666667 0.013671875 0.3541666666666667 0.01953125 0.3298611111111111 0.005859375 0.3125 0 0.3229166666666667 0 0.3541666666666667
0 0.21875 0.84375 0.22265625 0.8680555555555556 0.236328125 0.8888888888888888 0.25 0.7986111111111112 0.2421875 0.7708333333333334 0.248046875 0.7638888888888888 0.236328125 0.7534722222222222 0.224609375 0.7604166666666666 0.21875 0.7673611111111112 0.21875 0.84375
0 0.81640625 0.2743055555555556 0.818359375 0.25 0.798828125 0.25 0.798828125 0.2743055555555556 0.81640625 0.2743055555555556
0 0.224609375 0.5243055555555556 0.23046875 0.5243055555555556 0.236328125 0.4548611111111111 0.22265625 0.4479166666666667 0.21875 0.5 0.224609375 0.5243055555555556
0 0.404296875 0.8888888888888888 0.41015625 0.8715277777777778 0.4296875 0.9027777777777778 0.44140625 0.8888888888888888 0.443359375 0.8576388888888888 0.4296875 0.8263888888888888 0.412109375 0.84375 0.392578125 0.8298611111111112 0.3828125 0.8506944444444444 0.392578125 0.8888888888888888 0.404296875 0.8888888888888888
0 0.455078125 0.75 0.47265625 0.78125 0.484375 0.78125 0.484375 0.6840277777777778 0.478515625 0.6597222222222222 0.46875 0.65625 0.46484375 0.6805555555555556 0.451171875 0.6875 0.44921875 0.7222222222222222 0.455078125 0.75
0 0.330078125 0.3576388888888889 0.3359375 0.3541666666666667 0.33203125 0.3125 0.32421875 0.3263888888888889 0.330078125 0.3576388888888889
0 0.2265625 0.6701388888888888 0.236328125 0.5972222222222222 0.228515625 0.5763888888888888 0.212890625 0.5798611111111112 0.21875 0.6701388888888888 0.2265625 0.6701388888888888
0 0.03125 0.3680555555555556 0.041015625 0.3576388888888889 0.04296875 0.3298611111111111 0.0234375 0.3159722222222222 0.017578125 0.3576388888888889 0.03125 0.3680555555555556
0 0.12890625 0.3229166666666667 0.130859375 0.28125 0.11328125 0.2847222222222222 0.111328125 0.3125 0.12890625 0.3229166666666667
0 0.505859375 0.9548611111111112 0.51171875 0.9930555555555556 0.58203125 0.9930555555555556 0.572265625 0.9375 0.560546875 0.9375 0.55078125 0.9513888888888888 0.548828125 0.9375 0.546875 0.9652777777777778 0.541015625 0.9652777777777778 0.5234375 0.9201388888888888 0.51171875 0.9270833333333334 0.51171875 0.9479166666666666 0.505859375 0.9548611111111112
0 0.1484375 0.3576388888888889 0.15625 0.375 0.166015625 0.3715277777777778 0.16015625 0.3263888888888889 0.1484375 0.3263888888888889 0.1484375 0.3576388888888889
0 0.2421875 0.5902777777777778 0.25 0.59375 0.259765625 0.5347222222222222 0.255859375 0.5138888888888888 0.23828125 0.5104166666666666 0.236328125 0.5555555555555556 0.2421875 0.5902777777777778
0 0.4296875 0.5138888888888888 0.44140625 0.4861111111111111 0.4375 0.4513888888888889 0.423828125 0.4513888888888889 0.4296875 0.5138888888888888
0 0.296875 0.3541666666666667 0.3046875 0.34375 0.302734375 0.3263888888888889 0.29296875 0.3263888888888889 0.296875 0.3541666666666667
0 0.26171875 0.40625 0.271484375 0.4097222222222222 0.28125 0.3680555555555556 0.267578125 0.3611111111111111 0.26171875 0.3715277777777778 0.26171875 0.40625
0 0.09375 0.3680555555555556 0.099609375 0.3576388888888889 0.09765625 0.3368055555555556 0.087890625 0.3263888888888889 0.072265625 0.3298611111111111 0.068359375 0.3680555555555556 0.09375 0.3680555555555556
0 0.85546875 0.28125 0.859375 0.25 0.84375 0.25 0.841796875 0.28125 0.85546875 0.28125
0 0.46875 0.6493055555555556 0.486328125 0.6736111111111112 0.486328125 0.59375 0.466796875 0.5972222222222222 0.462890625 0.6180555555555556 0.46875 0.6493055555555556
0 0 0.9930555555555556 0.03515625 0.9930555555555556 0.03515625 0.90625 0.02734375 0.90625 0.0234375 0.875 0.005859375 0.8854166666666666 0 0.90625 0 0.9930555555555556
0 0.28125 0.3090277777777778 0.287109375 0.3090277777777778 0.283203125 0.2708333333333333 0.279296875 0.2916666666666667 0.28125 0.3090277777777778
0 0.998046875 0.3055555555555556 0.998046875 0.2743055555555556 0.98046875 0.28125 0.98046875 0.3055555555555556 0.998046875 0.3055555555555556
0 0.544921875 0.6875 0.529296875 0.6840277777777778 0.529296875 0.6701388888888888 0.5234375 0.6701388888888888 0.5234375 0.6875 0.5390625 0.6944444444444444 0.5234375 0.71875 0.5390625 0.7291666666666666 0.548828125 0.7534722222222222 0.5546875 0.75 0.56640625 0.7013888888888888 0.564453125 0.6701388888888888 0.548828125 0.6701388888888888 0.544921875 0.6875
0 0.35546875 0.4027777777777778 0.361328125 0.3680555555555556 0.359375 0.3576388888888889 0.349609375 0.3576388888888889 0.34765625 0.3888888888888889 0.35546875 0.4027777777777778
0 0.392578125 0.5 0.3984375 0.4930555555555556 0.3984375 0.4305555555555556 0.380859375 0.4201388888888889 0.37890625 0.4791666666666667 0.392578125 0.5
0 0.32421875 0.9201388888888888 0.330078125 0.9201388888888888 0.330078125 0.9097222222222222 0.32421875 0.9097222222222222 0.32421875 0.9201388888888888
0 0.330078125 0.9027777777777778 0.3359375 0.8888888888888888 0.341796875 0.90625 0.349609375 0.90625 0.36328125 0.8645833333333334 0.361328125 0.8263888888888888 0.349609375 0.8159722222222222 0.35546875 0.8055555555555556 0.32421875 0.8125 0.3125 0.8263888888888888 0.318359375 0.8993055555555556 0.330078125 0.9027777777777778
0 0.39453125 0.7534722222222222 0.4140625 0.75 0.41796875 0.7673611111111112 0.423828125 0.7673611111111112 0.4296875 0.7534722222222222 0.423828125 0.71875 0.39453125 0.71875 0.39453125 0.7534722222222222
0 0.498046875 0.4097222222222222 0.494140625 0.3784722222222222 0.484375 0.375 0.48046875 0.4027777777777778 0.498046875 0.4097222222222222
0 0.568359375 0.6527777777777778 0.568359375 0.6701388888888888 0.5859375 0.7152777777777778 0.611328125 0.7465277777777778 0.619140625 0.7326388888888888 0.619140625 0.6736111111111112 0.609375 0.6527777777777778 0.59375 0.6493055555555556 0.58984375 0.6597222222222222 0.568359375 0.6527777777777778
0 0.171875 0.9930555555555556 0.171875 0.9513888888888888 0.162109375 0.9097222222222222 0.142578125 0.9097222222222222 0.130859375 0.9305555555555556 0.134765625 0.9930555555555556 0.171875 0.9930555555555556
0 0.6875 0.59375 0.69921875 0.5902777777777778 0.69921875 0.5486111111111112 0.7109375 0.5347222222222222 0.708984375 0.5208333333333334 0.671875 0.5173611111111112 0.66796875 0.5347222222222222 0.6875 0.59375
0 0.7890625 0.3958333333333333 0.00390625 0.006944444444444444