0 0.150390625 0.4097222222222222 0.16015625 0.3923611111111111 0.150390625 0.3576388888888889 0.140625 0.3541666666666667 0.13671875 0.3993055555555556 0.150390625 0.4097222222222222
0 0.8671875 0.4305555555555556 0.912109375 0.4305555555555556 0.912109375 0.4027777777777778 0.873046875 0.3888888888888889 0.861328125 0.4166666666666667 0.8671875 0.4305555555555556
0 0.0546875 0.3125 0.068359375 0.3159722222222222 0.07421875 0.2986111111111111 0.060546875 0.2743055555555556 0.0546875 0.2777777777777778 0.0546875 0.3125
0 0.009765625 0.5277777777777778 0.037109375 0.5416666666666666 0.04296875 0.53125 0.04296875 0.5 0.037109375 0.4965277777777778 0.025390625 0.4965277777777778 0.01171875 0.5138888888888888 0 0.5347222222222222 0.009765625 0.5277777777777778
0 0.7109375 0.3854166666666667 0.7109375 0.34375 0.6875 0.34375 0.6796875 0.3611111111111111 0.6796875 0.3888888888888889 0.7109375 0.3854166666666667
0 0.55078125 0.4618055555555556 0.564453125 0.4548611111111111 0.57421875 0.4305555555555556 0.5859375 0.4548611111111111 0.599609375 0.4479166666666667 0.595703125 0.4201388888888889 0.587890625 0.4201388888888889 0.583984375 0.4340277777777778 0.5625 0.4097222222222222 0.548828125 0.4409722222222222 0.55078125 0.4618055555555556
0 0.06640625 0.4513888888888889 0.072265625 0.4201388888888889 0.068359375 0.3888888888888889 0.05078125 0.3854166666666667 0.05078125 0.4340277777777778 0.06640625 0.4513888888888889
0 0.171875 0.3993055555555556 0.19921875 0.4027777777777778 0.205078125 0.3923611111111111 0.193359375 0.3611111111111111 0.16796875 0.3576388888888889 0.166015625 0.3854166666666667 0.171875 0.3993055555555556
0 0.1484375 0.5104166666666666 0.166015625 0.4861111111111111 0.177734375 0.5 0.197265625 0.5 0.201171875 0.4861111111111111 0.1953125 0.4513888888888889 0.181640625 0.4513888888888889 0.173828125 0.46875 0.16015625 0.4513888888888889 0.162109375 0.4791666666666667 0.1484375 0.46875 0.142578125 0.4895833333333333 0.1484375 0.5104166666666666
0 0.998046875 0.4340277777777778 0.998046875 0.4114583333333333 0.986328125 0.4097222222222222 0.998046875 0.3888888888888889 0.98828125 0.3923611111111111 0.9765625 0.4270833333333333 0.974609375 0.4479166666666667 0.998046875 0.4340277777777778
0 0.76171875 0.3888888888888889 0.787109375 0.3888888888888889 0.79296875 0.3472222222222222 0.76171875 0.3402777777777778 0.75 0.3784722222222222 0.76171875 0.3888888888888889