0 0.912109375 0.28125 0.91015625 0.2534722222222222 0.89453125 0.2534722222222222 0.88671875 0.2777777777777778 0.912109375 0.28125
0 0.060546875 0.3402777777777778 0.068359375 0.3090277777777778 0.06640625 0.2916666666666667 0.046875 0.2986111111111111 0.04296875 0.3298611111111111 0.060546875 0.3402777777777778
0 0 0.34375 0.021484375 0.3402777777777778 0.017578125 0.3125 0 0.3125 0 0.34375
0 0.306640625 0.2673611111111111 0.310546875 0.25 0.3046875 0.24305555555555555 0.30078125 0.2638888888888889 0.306640625 0.2673611111111111
0 0.26171875 0.2951388888888889 0.2734375 0.3055555555555556 0.2734375 0.28125 0.267578125 0.2743055555555556 0.26171875 0.2777777777777778 0.26171875 0.2951388888888889
0 0.32421875 0.6527777777777778 0.33203125 0.6076388888888888 0.330078125 0.5659722222222222 0.3125 0.5625 0.310546875 0.625 0.32421875 0.6527777777777778
0 0.466796875 0.5486111111111112 0.474609375 0.5277777777777778 0.474609375 0.5 0.46875 0.4861111111111111 0.45703125 0.4861111111111111 0.45703125 0.5451388888888888 0.466796875 0.5486111111111112
0 0.037109375 0.8854166666666666 0.05078125 0.9166666666666666 0.0625 0.9201388888888888 0.068359375 0.8923611111111112 0.068359375 0.7951388888888888 0.0625 0.78125 0.04296875 0.7847222222222222 0.03515625 0.8125 0.037109375 0.8854166666666666
0 0.3046875 0.5868055555555556 0.310546875 0.5173611111111112 0.298828125 0.5173611111111112 0.296875 0.5625 0.3046875 0.5868055555555556
0 0.1484375 0.2916666666666667 0.1484375 0.2638888888888889 0.13671875 0.2638888888888889 0.134765625 0.2951388888888889 0.1484375 0.2916666666666667
0 0.1484375 0.375 0.15625 0.3888888888888889 0.16796875 0.3576388888888889 0.166015625 0.3298611111111111 0.15625 0.3298611111111111 0.1484375 0.3368055555555556 0.1484375 0.375
0 0.255859375 0.375 0.26171875 0.3784722222222222 0.267578125 0.3472222222222222 0.255859375 0.3472222222222222 0.255859375 0.375
0 0.291015625 0.3090277777777778 0.298828125 0.3055555555555556 0.296875 0.2777777777777778 0.287109375 0.2777777777777778 0.291015625 0.3090277777777778
0 0.34765625 0.6076388888888888 0.35546875 0.5277777777777778 0.349609375 0.5138888888888888 0.337890625 0.5277777777777778 0.3359375 0.5763888888888888 0.34765625 0.6076388888888888
0 0.1171875 0.3368055555555556 0.111328125 0.2986111111111111 0.09375 0.2986111111111111 0.09375 0.3368055555555556 0.1171875 0.3368055555555556
0 0.076171875 0.3680555555555556 0.080078125 0.3576388888888889 0.06640625 0.3368055555555556 0.080078125 0.3263888888888889 0.06640625 0.3125 0.0625 0.34375 0.076171875 0.3680555555555556
0 0.44140625 0.4791666666666667 0.443359375 0.4930555555555556 0.455078125 0.5104166666666666 0.45703125 0.5416666666666666 0.466796875 0.5451388888888888 0.474609375 0.5277777777777778 0.474609375 0.4965277777777778 0.46875 0.4826388888888889 0.455078125 0.4826388888888889 0.44921875 0.4548611111111111 0.443359375 0.4548611111111111 0.451171875 0.4756944444444444 0.44140625 0.4791666666666667
0 0.544921875 0.7951388888888888 0.5546875 0.7951388888888888 0.5546875 0.6875 0.54296875 0.6875 0.533203125 0.7048611111111112 0.51953125 0.7013888888888888 0.51953125 0.7465277777777778 0.544921875 0.7951388888888888
0 0.423828125 0.3368055555555556 0.4296875 0.3402777777777778 0.435546875 0.3263888888888889 0.4296875 0.3055555555555556 0.423828125 0.3055555555555556 0.423828125 0.3368055555555556
0 0.853515625 0.2743055555555556 0.8515625 0.2465277777777778 0.83203125 0.25 0.83203125 0.2743055555555556 0.853515625 0.2743055555555556
0 0.28515625 0.5138888888888888 0.291015625 0.5 0.291015625 0.4618055555555556 0.279296875 0.4513888888888889 0.2734375 0.4826388888888889 0.28515625 0.5138888888888888