0 0.20703125 0.8680555555555556 0.212890625 0.90625 0.236328125 0.9548611111111112 0.244140625 0.8993055555555556 0.23828125 0.8506944444444444 0.2421875 0.8229166666666666 0.224609375 0.8229166666666666 0.205078125 0.8298611111111112 0.20703125 0.8680555555555556
0 0.23046875 0.5451388888888888 0.2421875 0.5277777777777778 0.2421875 0.4930555555555556 0.236328125 0.4861111111111111 0.224609375 0.4930555555555556 0.23046875 0.5451388888888888
0 0.173828125 0.78125 0.1796875 0.78125 0.19140625 0.7361111111111112 0.193359375 0.6909722222222222 0.16796875 0.6840277777777778 0.16796875 0.75 0.173828125 0.78125
0 0.53125 0.7152777777777778 0.53125 0.6875 0.54296875 0.6666666666666666 0.54296875 0.625 0.529296875 0.6111111111111112 0.51953125 0.6354166666666666 0.517578125 0.7083333333333334 0.53125 0.7152777777777778
0 0.13671875 0.4201388888888889 0.14453125 0.4375 0.154296875 0.4236111111111111 0.150390625 0.3888888888888889 0.13671875 0.3888888888888889 0.13671875 0.4201388888888889
0 0.681640625 0.7916666666666666 0.673828125 0.78125 0.671875 0.7916666666666666 0.681640625 0.7916666666666666
0 0.69921875 0.8159722222222222 0.693359375 0.84375 0.71875 0.9027777777777778 0.734375 0.9027777777777778 0.736328125 0.8680555555555556 0.724609375 0.8368055555555556 0.72265625 0.7986111111111112 0.712890625 0.78125 0.697265625 0.78125 0.693359375 0.7986111111111112 0.69921875 0.8159722222222222
0 0.318359375 0.6006944444444444 0.330078125 0.6284722222222222 0.333984375 0.6736111111111112 0.341796875 0.6666666666666666 0.34375 0.59375 0.3359375 0.5763888888888888 0.318359375 0.5798611111111112 0.3125 0.6041666666666666 0.318359375 0.6006944444444444
0 0.841796875 0.9930555555555556 0.8359375 0.9513888888888888 0.80078125 0.9479166666666666 0.80078125 0.9930555555555556 0.841796875 0.9930555555555556
0 0.86328125 0.9930555555555556 0.904296875 0.9930555555555556 0.892578125 0.9652777777777778 0.89453125 0.9375 0.875 0.9305555555555556 0.8671875 0.9409722222222222 0.875 0.9618055555555556 0.86328125 0.9930555555555556
0 0.630859375 0.5659722222222222 0.6484375 0.5173611111111112 0.63671875 0.4861111111111111 0.623046875 0.4861111111111111 0.619140625 0.5486111111111112 0.630859375 0.5659722222222222
0 0.517578125 0.8715277777777778 0.53515625 0.8993055555555556 0.54296875 0.8923611111111112 0.541015625 0.84375 0.529296875 0.8194444444444444 0.53125 0.78125 0.5234375 0.7847222222222222 0.513671875 0.8125 0.51171875 0.8541666666666666 0.517578125 0.8715277777777778
0 0.560546875 0.4618055555555556 0.5546875 0.4409722222222222 0.5390625 0.4444444444444444 0.537109375 0.46875 0.54543585546875 0.4901315798611111 0.54296875 0.4791666666666667 0.560546875 0.4618055555555556
0 0.556640625 0.5 0.548095703125 0.4969618055555556 0.5546875 0.5138888888888888 0.556640625 0.5
0 0.3046875 0.6076388888888888 0.3125 0.5902777777777778 0.31640625 0.5486111111111112 0.310546875 0.53125 0.29296875 0.53125 0.29296875 0.5972222222222222 0.3046875 0.6076388888888888
0 0.1796875 0.625 0.1796875 0.5972222222222222 0.166015625 0.59375 0.16015625 0.6111111111111112 0.16015625 0.6527777777777778 0.1796875 0.625
0 0.37890625 0.6701388888888888 0.380859375 0.7013888888888888 0.40625 0.7430555555555556 0.412109375 0.7326388888888888 0.412109375 0.6493055555555556 0.40625 0.6388888888888888 0.384765625 0.6458333333333334 0.38671875 0.6666666666666666 0.37890625 0.6701388888888888
0 0.87890625 0.90625 0.880859375 0.875 0.857421875 0.8784722222222222 0.861328125 0.9027777777777778 0.87890625 0.90625
0 0.798828125 0.9340277777777778 0.8359375 0.9409722222222222 0.841796875 0.9097222222222222 0.818359375 0.875 0.818359375 0.84375 0.80078125 0.8402777777777778 0.787109375 0.875 0.798828125 0.9340277777777778
0 0.01171875 0.6180555555555556 0.017578125 0.6180555555555556 0.03125 0.5729166666666666 0.0234375 0.5451388888888888 0.01171875 0.5451388888888888 0.009765625 0.59375 0.01171875 0.6180555555555556
0 0.546875 0.625 0.568359375 0.6701388888888888 0.57421875 0.65625 0.57421875 0.59375 0.556640625 0.5902777777777778 0.546875 0.6076388888888888 0.546875 0.625
0 0.728515625 0.8333333333333334 0.736328125 0.8541666666666666 0.75390625 0.8611111111111112 0.759765625 0.8298611111111112 0.744140625 0.7569444444444444 0.748046875 0.7465277777777778 0.736328125 0.7291666666666666 0.720703125 0.7430555555555556 0.716796875 0.7638888888888888 0.728515625 0.8333333333333334
0 0.09765625 0.7430555555555556 0.109375 0.7326388888888888 0.111328125 0.71875 0.10546875 0.6597222222222222 0.109375 0.6423611111111112 0.087890625 0.6388888888888888 0.08203125 0.6493055555555556 0.0859375 0.7152777777777778 0.09765625 0.7430555555555556
0 0.287109375 0.5104166666666666 0.296875 0.4826388888888889 0.296875 0.4618055555555556 0.29296875 0.4513888888888889 0.275390625 0.4618055555555556 0.275390625 0.5 0.287109375 0.5104166666666666
0 0.337890625 0.5868055555555556 0.34765625 0.59375 0.349609375 0.53125 0.33203125 0.5277777777777778 0.330078125 0.5590277777777778 0.337890625 0.5868055555555556
0 0.037109375 0.3680555555555556 0.04296875 0.3576388888888889 0.037109375 0.3298611111111111 0.017578125 0.3298611111111111 0.01171875 0.3715277777777778 0.037109375 0.3680555555555556
0 0.306640625 0.7326388888888888 0.31640625 0.7326388888888888 0.326171875 0.75 0.330078125 0.6666666666666666 0.326171875 0.65625 0.310546875 0.65625 0.3046875 0.6666666666666666 0.306640625 0.7326388888888888
0 0.46875 0.75 0.4921875 0.7951388888888888 0.513671875 0.8125 0.51953125 0.7673611111111112 0.51171875 0.7013888888888888 0.505859375 0.6909722222222222 0.494140625 0.6909722222222222 0.4921875 0.7013888888888888 0.474609375 0.6979166666666666 0.474609375 0.7430555555555556 0.46875 0.75
0 0.255859375 0.6701388888888888 0.26953125 0.7152777777777778 0.279296875 0.6423611111111112 0.2734375 0.6215277777777778 0.263671875 0.6215277777777778 0.255859375 0.6284722222222222 0.255859375 0.6701388888888888
0 0.478515625 0.9513888888888888 0.4921875 0.9826388888888888 0.498046875 0.9548611111111112 0.4921875 0.9201388888888888 0.466796875 0.9236111111111112 0.4609375 0.9513888888888888 0.478515625 0.9513888888888888
0 0.4296875 0.9791666666666666 0.443359375 0.9826388888888888 0.447265625 0.9375 0.44140625 0.9340277777777778 0.435546875 0.8888888888888888 0.423828125 0.8784722222222222 0.421875 0.9618055555555556 0.4296875 0.9791666666666666
0 0.099609375 0.84375 0.0859375 0.84375 0.09375 0.8506944444444444 0.087890625 0.875 0.111328125 0.9097222222222222 0.130859375 0.8993055555555556 0.130859375 0.8784722222222222 0.138671875 0.8680555555555556 0.130859375 0.8055555555555556 0.111328125 0.8125 0.099609375 0.8298611111111112 0.099609375 0.84375
0 0.41015625 0.5763888888888888 0.423828125 0.5763888888888888 0.4296875 0.5138888888888888 0.423828125 0.5 0.40625 0.5138888888888888 0.40625 0.5659722222222222 0.41015625 0.5763888888888888
0 0.099609375 0.5451388888888888 0.109375 0.5243055555555556 0.111328125 0.5 0.10546875 0.4826388888888889 0.091796875 0.4861111111111111 0.0859375 0.5138888888888888 0.099609375 0.5451388888888888
0 0.19921875 0.6041666666666666 0.2109375 0.625 0.21875 0.5972222222222222 0.21875 0.5555555555555556 0.216796875 0.5451388888888888 0.19921875 0.5451388888888888 0.193359375 0.5555555555555556 0.19921875 0.6041666666666666
0 0.361328125 0.5625 0.375 0.5763888888888888 0.375 0.5138888888888888 0.359375 0.5104166666666666 0.35546875 0.5173611111111112 0.361328125 0.5625
0 0.3359375 0.8923611111111112 0.337890625 0.9201388888888888 0.349609375 0.9409722222222222 0.349609375 0.96875 0.361328125 0.9930555555555556 0.376953125 0.9965277777777778 0.380859375 0.875 0.35546875 0.875 0.349609375 0.8888888888888888 0.3359375 0.8923611111111112
0 0.54296875 0.3159722222222222 0.546875 0.28125 0.537109375 0.2777777777777778 0.537109375 0.3125 0.54296875 0.3159722222222222
0 0.037109375 0.5868055555555556 0.05078125 0.6423611111111112 0.0625 0.6215277777777778 0.060546875 0.5590277777777778 0.04296875 0.5590277777777778 0.037109375 0.5659722222222222 0.037109375 0.5868055555555556
0 0.998046875 0.9930555555555556 0.998046875 0.96875 0.986328125 0.96875 0.978515625 0.9930555555555556 0.998046875 0.9930555555555556
0 0.966796875 0.9930555555555556 0.947265625 0.9513888888888888 0.94140625 0.9201388888888888 0.91796875 0.9097222222222222 0.91015625 0.9930555555555556 0.966796875 0.9930555555555556
0 0.462890625 0.6076388888888888 0.478515625 0.625 0.466796875 0.6354166666666666 0.47265625 0.65625 0.48828125 0.59375 0.486328125 0.5763888888888888 0.47265625 0.5763888888888888 0.462890625 0.59375 0.462890625 0.6076388888888888
0 0.134765625 0.9826388888888888 0.1396484375 0.9965277777777778 0.171875 0.9965277777777778 0.16015625 0.9548611111111112 0.154296875 0.96875 0.12890625 0.9826388888888888 0.12890625 0.9965277777777778 0.134765625 0.9826388888888888
0 0.1748046875 0.953125 0.001953125 0.003472222222222222
0 0.869140625 0.4305555555555556 0.88671875 0.4409722222222222 0.904296875 0.4305555555555556 0.90625 0.3993055555555556 0.875 0.4201388888888889 0.873046875 0.3888888888888889 0.861328125 0.4097222222222222 0.869140625 0.4305555555555556
0 0.609375 0.7048611111111112 0.609375 0.71875 0.59375 0.7083333333333334 0.59765625 0.7465277777777778 0.625 0.7743055555555556 0.6484375 0.7673611111111112 0.6484375 0.7118055555555556 0.62890625 0.6909722222222222 0.611328125 0.7048611111111112 0.59765625 0.6736111111111112 0.59375 0.6840277777777778 0.609375 0.7048611111111112
0 0.634765625 0.8611111111111112 0.630859375 0.90625 0.642578125 0.9236111111111112 0.642578125 0.9375 0.662109375 0.9618055555555556 0.68359375 0.9652777777777778 0.693359375 0.9965277777777778 0.708984375 0.9965277777777778 0.712890625 0.9548611111111112 0.69921875 0.9131944444444444 0.693359375 0.84375 0.6796875 0.84375 0.662109375 0.8611111111111112 0.66015625 0.8784722222222222 0.650390625 0.8784722222222222 0.642578125 0.8541666666666666 0.642578125 0.8263888888888888 0.625 0.8159722222222222 0.623046875 0.8368055555555556 0.634765625 0.8611111111111112
0 0.4375 0.6736111111111112 0.4453125 0.6736111111111112 0.455078125 0.65625 0.455078125 0.5902777777777778 0.451171875 0.5729166666666666 0.435546875 0.5763888888888888 0.431640625 0.5902777777777778 0.431640625 0.65625 0.4375 0.6736111111111112
0 0.54296875 0.75 0.53515625 0.7222222222222222 0.529296875 0.7465277777777778 0.54296875 0.75
0 0.556640625 0.7395833333333334 0.568359375 0.7916666666666666 0.580078125 0.8055555555555556 0.57421875 0.6909722222222222 0.5546875 0.7048611111111112 0.548828125 0.7326388888888888 0.556640625 0.7395833333333334
0 0.5859375 0.6076388888888888 0.599609375 0.6284722222222222 0.609375 0.6041666666666666 0.609375 0.5486111111111112 0.59375 0.5451388888888888 0.5859375 0.5486111111111112 0.5859375 0.6076388888888888
0 0.25 0.625 0.26171875 0.5555555555555556 0.255859375 0.5451388888888888 0.2421875 0.5486111111111112 0.23828125 0.5868055555555556 0.25 0.625
0 0.287109375 0.90625 0.298828125 0.9652777777777778 0.306640625 0.96875 0.31640625 0.9236111111111112 0.3125 0.8368055555555556 0.287109375 0.8298611111111112 0.28125 0.84375 0.287109375 0.90625
0 0.888671875 0.7291666666666666 0.8984375 0.7326388888888888 0.912109375 0.6979166666666666 0.8984375 0.65625 0.88671875 0.6701388888888888 0.880859375 0.7013888888888888 0.888671875 0.7291666666666666
0 0.642578125 0.6701388888888888 0.6484375 0.7395833333333334 0.66015625 0.75 0.666015625 0.7222222222222222 0.65625 0.6527777777777778 0.646484375 0.625 0.630859375 0.6354166666666666 0.625 0.6423611111111112 0.642578125 0.6701388888888888
0 0.2421875 0.7951388888888888 0.25 0.7951388888888888 0.248046875 0.7048611111111112 0.224609375 0.7013888888888888 0.23046875 0.7673611111111112 0.2421875 0.7951388888888888