0 0.005859375 0.375 0.03515625 0.3611111111111111 0.033203125 0.3402777777777778 0.01171875 0.3298611111111111 0.005859375 0.3402777777777778 0.005859375 0.375
0 0.998046875 0.2951388888888889 0.99609375 0.2604166666666667 0.970703125 0.2777777777777778 0.97265625 0.2951388888888889 0.998046875 0.2951388888888889
0 0.40625 0.40625 0.44140625 0.3993055555555556 0.435546875 0.3784722222222222 0.41015625 0.375 0.400390625 0.3888888888888889 0.40625 0.40625
0 0.26171875 0.4618055555555556 0.26171875 0.4513888888888889 0.248046875 0.4479166666666667 0.244140625 0.4791666666666667 0.26171875 0.4618055555555556
0 0.4375 0.9652777777777778 0.4375 0.9965277777777778 0.48046875 0.9930555555555556 0.48046875 0.9722222222222222 0.462890625 0.9340277777777778 0.455078125 0.9340277777777778 0.455078125 0.9479166666666666 0.4375 0.9652777777777778
0 0.392578125 0.9583333333333334 0.3984375 0.9930555555555556 0.41015625 0.9930555555555556 0.412109375 0.9479166666666666 0.400390625 0.9340277777777778 0.392578125 0.9409722222222222 0.392578125 0.9583333333333334
0 0.037109375 0.4097222222222222 0.0546875 0.40625 0.05078125 0.375 0.037109375 0.375 0.037109375 0.4097222222222222
0 0.025390625 0.8263888888888888 0.03125 0.8263888888888888 0.04296875 0.8055555555555556 0.048828125 0.7430555555555556 0.03515625 0.7534722222222222 0.025390625 0.7847222222222222 0.0234375 0.8125 0.025390625 0.8263888888888888
0 0.087890625 0.7743055555555556 0.09375 0.78125 0.087890625 0.7534722222222222 0.091796875 0.7326388888888888 0.080078125 0.7291666666666666 0.07421875 0.7604166666666666 0.080078125 0.7673611111111112 0.0827414765625 0.7926136354166666 0.087890625 0.7743055555555556
0 0.09375 0.8125 0.083188658203125 0.7968535659722222 0.0859375 0.8229166666666666 0.09375 0.8125
0 0.11328125 0.3090277777777778 0.134765625 0.3055555555555556 0.13671875 0.2777777777777778 0.119140625 0.2673611111111111 0.111328125 0.28125 0.11328125 0.3090277777777778
0 0.537109375 0.4722222222222222 0.55078125 0.5 0.5546875 0.4375 0.548828125 0.4340277777777778 0.537109375 0.4375 0.537109375 0.4722222222222222
0 0.32421875 0.3263888888888889 0.32421875 0.2986111111111111 0.31640625 0.2847222222222222 0.306640625 0.2847222222222222 0.29296875 0.3125 0.29296875 0.3368055555555556 0.32421875 0.3263888888888889
0 0.103515625 0.3055555555555556 0.103515625 0.2743055555555556 0.087890625 0.2777777777777778 0.087890625 0.3055555555555556 0.103515625 0.3055555555555556
0 0.212890625 0.5555555555555556 0.220703125 0.5590277777777778 0.23046875 0.5 0.21875 0.4861111111111111 0.20703125 0.4930555555555556 0.205078125 0.53125 0.212890625 0.5555555555555556
0 0.517578125 0.96875 0.53125 0.9791666666666666 0.53515625 0.9618055555555556 0.5234375 0.9201388888888888 0.5234375 0.8888888888888888 0.53515625 0.875 0.53515625 0.8576388888888888 0.5234375 0.8368055555555556 0.51171875 0.8368055555555556 0.5 0.8576388888888888 0.5 0.9305555555555556 0.517578125 0.96875
0 0.46875 0.9027777777777778 0.486328125 0.9201388888888888 0.48046875 0.8125 0.466796875 0.8090277777777778 0.462890625 0.8715277777777778 0.46875 0.9027777777777778
0 0.03125 0.9166666666666666 0.037109375 0.9236111111111112 0.041015625 0.96875 0.046875 0.9722222222222222 0.068359375 0.8993055555555556 0.068359375 0.8368055555555556 0.064453125 0.8229166666666666 0.041015625 0.8229166666666666 0.03125 0.8368055555555556 0.03125 0.9166666666666666
0 0.33203125 0.7743055555555556 0.32421875 0.75 0.33203125 0.7465277777777778 0.32421875 0.6701388888888888 0.30078125 0.6423611111111112 0.30078125 0.6875 0.33203125 0.7743055555555556
0 0.1484375 0.7604166666666666 0.166015625 0.7326388888888888 0.166015625 0.6875 0.15625 0.6597222222222222 0.140625 0.6631944444444444 0.138671875 0.7013888888888888 0.1484375 0.7604166666666666
0 0.76171875 0.3854166666666667 0.783203125 0.3888888888888889 0.78125 0.3472222222222222 0.767578125 0.3402777777777778 0.76171875 0.3472222222222222 0.76171875 0.3854166666666667
0 0.19140625 0.53125 0.197265625 0.53125 0.205078125 0.5243055555555556 0.20703125 0.46875 0.19140625 0.46875 0.1875 0.5138888888888888 0.19140625 0.53125
0 0.76171875 0.3993055555555556 0.7578125 0.3680555555555556 0.740234375 0.375 0.73046875 0.3611111111111111 0.724609375 0.3715277777777778 0.724609375 0.3993055555555556 0.76171875 0.3993055555555556
0 0.14453125 0.3888888888888889 0.1484375 0.3611111111111111 0.142578125 0.34375 0.134765625 0.34375 0.130859375 0.375 0.14453125 0.3888888888888889
0 0.69140625 0.3715277777777778 0.72265625 0.3715277777777778 0.71875 0.3368055555555556 0.693359375 0.3229166666666667 0.685546875 0.3472222222222222 0.69140625 0.3715277777777778
0 0.34375 0.75 0.34375 0.8263888888888888 0.375 0.8576388888888888 0.375 0.75 0.3671875 0.7326388888888888 0.361328125 0.7465277777777778 0.34375 0.75
0 0.40234375 0.8263888888888888 0.380859375 0.8090277777777778 0.380859375 0.8680555555555556 0.392578125 0.875 0.396484375 0.8541666666666666 0.404296875 0.8923611111111112 0.41796875 0.8611111111111112 0.41796875 0.8298611111111112 0.42578125 0.8090277777777778 0.40625 0.8125 0.40234375 0.8263888888888888
0 0.0546875 0.3229166666666667 0.048828125 0.2986111111111111 0.03125 0.2951388888888889 0.03125 0.3298611111111111 0.0546875 0.3229166666666667
0 0.62890625 0.6388888888888888 0.625 0.625 0.6171875 0.6354166666666666 0.599609375 0.625 0.59375 0.6666666666666666 0.617891630859375 0.70690271875 0.630859375 0.6805555555555556 0.62890625 0.6388888888888888
0 0.69921875 0.2465277777777778 0.701171875 0.2222222222222222 0.6875 0.21875 0.685546875 0.24305555555555555 0.69921875 0.2465277777777778
0 0.1328125 0.9722222222222222 0.134765625 0.9375 0.125 0.9027777777777778 0.125 0.875 0.09765625 0.8784722222222222 0.09765625 0.9722222222222222 0.1328125 0.9722222222222222
0 0.798828125 0.2673611111111111 0.798828125 0.2465277777777778 0.775390625 0.2361111111111111 0.7734375 0.2638888888888889 0.798828125 0.2673611111111111
0 0.7421875 0.2604166666666667 0.748046875 0.2326388888888889 0.734375 0.2326388888888889 0.73046875 0.25 0.7421875 0.2604166666666667
0 0.89453125 0.2951388888888889 0.923828125 0.2916666666666667 0.921875 0.2743055555555556 0.900390625 0.2638888888888889 0.892578125 0.2777777777777778 0.89453125 0.2951388888888889
0 0.19921875 0.4027777777777778 0.205078125 0.3923611111111111 0.197265625 0.3680555555555556 0.177734375 0.3576388888888889 0.16796875 0.3680555555555556 0.162109375 0.3993055555555556 0.19921875 0.4027777777777778