0 0.572265625 0.3263888888888889 0.57421875 0.2916666666666667 0.56640625 0.2916666666666667 0.5625 0.3125 0.572265625 0.3263888888888889
0 0.03125 0.3229166666666667 0.037109375 0.3159722222222222 0.037109375 0.2916666666666667 0.03125 0.2847222222222222 0.01953125 0.2916666666666667 0.03125 0.3229166666666667
0 0.26171875 0.3888888888888889 0.263671875 0.40625 0.279296875 0.40625 0.2734375 0.3576388888888889 0.263671875 0.3541666666666667 0.275390625 0.3854166666666667 0.26171875 0.3888888888888889
0 0.16796875 0.4027777777777778 0.19921875 0.4027777777777778 0.205078125 0.3923611111111111 0.197265625 0.3680555555555556 0.16796875 0.3576388888888889 0.162109375 0.3854166666666667 0.16796875 0.4027777777777778
0 0.423828125 0.3888888888888889 0.4296875 0.3784722222222222 0.4296875 0.34375 0.421875 0.3402777777777778 0.41796875 0.3854166666666667 0.423828125 0.3888888888888889
0 0.7890625 0.5763888888888888 0.78125 0.59375 0.7890625 0.6284722222222222 0.8046875 0.6493055555555556 0.826171875 0.6006944444444444 0.82421875 0.5763888888888888 0.818359375 0.5659722222222222 0.796875 0.5763888888888888 0.787109375 0.5625 0.78125 0.5625 0.7890625 0.5763888888888888
0 0.1484375 0.28125 0.1484375 0.2534722222222222 0.142578125 0.24305555555555555 0.12890625 0.24305555555555555 0.126953125 0.2743055555555556 0.1484375 0.28125
0 0.810546875 0.4444444444444444 0.796875 0.46875 0.80859375 0.4722222222222222 0.822265625 0.4201388888888889 0.8125 0.40625 0.8203125 0.4201388888888889 0.8125 0.4375 0.798828125 0.4305555555555556 0.796875 0.4375 0.810546875 0.4444444444444444
0 0.224609375 0.28125 0.236328125 0.28125 0.232421875 0.25 0.224609375 0.25 0.224609375 0.28125
0 0.392578125 0.2638888888888889 0.392578125 0.2326388888888889 0.38671875 0.2326388888888889 0.38671875 0.2638888888888889 0.392578125 0.2638888888888889
0 0.298828125 0.4236111111111111 0.306640625 0.375 0.296875 0.3611111111111111 0.29296875 0.4097222222222222 0.298828125 0.4236111111111111
0 0.31640625 0.46875 0.318359375 0.4201388888888889 0.310546875 0.4166666666666667 0.30078125 0.4305555555555556 0.3046875 0.46875 0.31640625 0.46875
0 0.25 0.5486111111111112 0.2578125 0.5486111111111112 0.26171875 0.4826388888888889 0.25 0.4722222222222222 0.244140625 0.4791666666666667 0.244140625 0.5277777777777778 0.25 0.5486111111111112
0 0.111328125 0.3125 0.111328125 0.28125 0.103515625 0.2743055555555556 0.09375 0.3055555555555556 0.111328125 0.3125
0 0.07421875 0.3402777777777778 0.080078125 0.3263888888888889 0.07421875 0.3090277777777778 0.056640625 0.3125 0.056640625 0.3402777777777778 0.07421875 0.3402777777777778
0 0.990513392578125 0.39880952430555555 0.998046875 0.3854166666666667 0.98828125 0.3888888888888889 0.990513392578125 0.39880952430555555
0 0.998046875 0.4027777777777778 0.99066840234375 0.3994984583333333 0.9921875 0.40625 0.986328125 0.4166666666666667 0.986328125 0.4479166666666667 0.998046875 0.4548611111111111 0.998046875 0.4027777777777778
0 0.76992775 0.6456766909722222 0.787109375 0.6388888888888888 0.78515625 0.6111111111111112 0.779296875 0.5868055555555556 0.767578125 0.5763888888888888 0.75 0.5972222222222222 0.755859375 0.625 0.767578125 0.6388888888888888 0.76992775 0.6456766909722222
0 0.44140625 0.3402777777777778 0.44921875 0.3263888888888889 0.447265625 0.2986111111111111 0.4375 0.2986111111111111 0.44140625 0.3402777777777778
0 0.34375 0.4791666666666667 0.349609375 0.4930555555555556 0.35546875 0.4861111111111111 0.359375 0.4375 0.34375 0.4375 0.34375 0.4791666666666667
0 0.4521484375 0.2534722222222222 0.005859375 0.020833333333333332
0 0.25 0.6666666666666666 0.255859375 0.6875 0.26171875 0.6875 0.26953125 0.6388888888888888 0.267578125 0.6041666666666666 0.259765625 0.5902777777777778 0.26171875 0.5798611111111112 0.248046875 0.5868055555555556 0.244140625 0.6180555555555556 0.25 0.6666666666666666
0 0.3359375 0.8576388888888888 0.34375 0.8715277777777778 0.353515625 0.8680555555555556 0.35546875 0.7951388888888888 0.330078125 0.8055555555555556 0.326171875 0.8125 0.3359375 0.8576388888888888