0 0.689453125 0.3576388888888889 0.69140625 0.3680555555555556 0.6875 0.3819444444444444 0.68359375 0.3784722222222222 0.68359375 0.3611111111111111 0.6875 0.3576388888888889
0 0.7421875 0.4513888888888889 0.744140625 0.4583333333333333 0.7421875 0.4618055555555556 0.740234375 0.4826388888888889 0.734375 0.4826388888888889 0.73046875 0.4722222222222222 0.732421875 0.4652777777777778 0.73046875 0.4583333333333333 0.734375 0.4513888888888889 0.740234375 0.4513888888888889
0 0.92578125 0.5138888888888888 0.9296875 0.4965277777777778 0.94140625 0.4965277777777778 0.951171875 0.4826388888888889 0.962890625 0.4861111111111111 0.96484375 0.4895833333333333 0.96484375 0.5243055555555556 0.962890625 0.5277777777777778 0.951171875 0.5277777777777778 0.9453125 0.5347222222222222 0.93359375 0.5347222222222222 0.927734375 0.5277777777777778 0.927734375 0.5173611111111112
0 0.548828125 0.4479166666666667 0.56640625 0.4513888888888889 0.5703125 0.4618055555555556 0.56640625 0.4722222222222222 0.56640625 0.4826388888888889 0.5625 0.4826388888888889 0.55859375 0.4756944444444444 0.552734375 0.4756944444444444 0.548828125 0.4722222222222222 0.548828125 0.4513888888888889
0 0.775390625 0.4548611111111111 0.775390625 0.4791666666666667 0.767578125 0.4895833333333333 0.763671875 0.4895833333333333 0.76171875 0.4861111111111111 0.76171875 0.4618055555555556 0.763671875 0.4583333333333333 0.76953125 0.4583333333333333 0.7734375 0.4548611111111111
0 0.275390625 0.34375 0.27734375 0.3506944444444444 0.27734375 0.3715277777777778 0.275390625 0.375 0.271484375 0.3715277777777778 0.271484375 0.3472222222222222 0.2734375 0.3472222222222222
0 0.208984375 0.3576388888888889 0.208984375 0.3368055555555556 0.2109375 0.3333333333333333 0.216796875 0.3333333333333333 0.21875 0.3368055555555556 0.21875 0.3576388888888889 0.21484375 0.3611111111111111 0.2109375 0.3576388888888889
0 0.71875 0.4409722222222222 0.72265625 0.4444444444444444 0.7265625 0.4583333333333333 0.7265625 0.4652777777777778 0.724609375 0.46875 0.7265625 0.4722222222222222 0.7265625 0.4861111111111111 0.720703125 0.4930555555555556 0.712890625 0.4861111111111111 0.7109375 0.4548611111111111 0.712890625 0.4479166666666667 0.716796875 0.4444444444444444
0 0.1640625 0.4652777777777778 0.169921875 0.4756944444444444 0.173828125 0.4930555555555556 0.173828125 0.5069444444444444 0.171875 0.5104166666666666 0.171875 0.5173611111111112 0.16796875 0.5243055555555556 0.16015625 0.5243055555555556 0.15625 0.5208333333333334 0.15625 0.5138888888888888 0.154296875 0.5104166666666666 0.15234375 0.4722222222222222 0.15625 0.4652777777777778 0.162109375 0.4652777777777778
0 0.251953125 0.3541666666666667 0.255859375 0.3645833333333333 0.25390625 0.3819444444444444 0.23828125 0.3819444444444444 0.236328125 0.3784722222222222 0.236328125 0.3645833333333333 0.23828125 0.3576388888888889 0.240234375 0.3541666666666667 0.25 0.3541666666666667
0 0.623046875 0.3541666666666667 0.623046875 0.3472222222222222 0.62109375 0.34375 0.62109375 0.3229166666666667 0.623046875 0.3194444444444444 0.62890625 0.3263888888888889 0.62890625 0.3402777777777778 0.625 0.3541666666666667
0 0.5927734375 0.6927083333333334 0.017578125 0.052083333333333336
0 0.640625 0.3472222222222222 0.650390625 0.3611111111111111 0.650390625 0.3715277777777778 0.65234375 0.375 0.650390625 0.3819444444444444 0.638671875 0.3888888888888889 0.63671875 0.3819444444444444 0.638671875 0.3784722222222222 0.63671875 0.375 0.638671875 0.3715277777777778 0.638671875 0.3506944444444444
0 0.98046875 0.5208333333333334 0.98828125 0.5277777777777778 0.994140625 0.5277777777777778 0.998046875 0.53125 0.998046875 0.5659722222222222 0.99609375 0.5729166666666666 0.9921875 0.5763888888888888 0.986328125 0.5763888888888888 0.98046875 0.5659722222222222 0.98046875 0.5555555555555556 0.978515625 0.5520833333333334 0.978515625 0.5451388888888888 0.98046875 0.5416666666666666 0.978515625 0.5347222222222222 0.98046875 0.53125 0.98046875 0.5243055555555556