0 0.921875 0.65625 0.931640625 0.6701388888888888 0.931640625 0.6840277777777778 0.91796875 0.7152777777777778 0.908203125 0.7152777777777778 0.89453125 0.6944444444444444 0.892578125 0.6875 0.892578125 0.6493055555555556 0.896484375 0.6423611111111112 0.90625 0.6423611111111112 0.912109375 0.65625 0.919921875 0.65625
0 0.716796875 0.3645833333333333 0.724609375 0.3680555555555556 0.724609375 0.3854166666666667 0.72265625 0.3888888888888889 0.71875 0.3888888888888889 0.716796875 0.3854166666666667 0.716796875 0.3680555555555556
0 0.677734375 0.3506944444444444 0.67578125 0.3298611111111111 0.6796875 0.3229166666666667 0.685546875 0.3298611111111111 0.685546875 0.34375 0.68359375 0.3506944444444444 0.6796875 0.3506944444444444
0 0.23046875 0.4166666666666667 0.236328125 0.4305555555555556 0.236328125 0.4409722222222222 0.2265625 0.4479166666666667 0.20703125 0.4479166666666667 0.203125 0.4340277777777778 0.2109375 0.4236111111111111 0.21875 0.4236111111111111 0.224609375 0.4131944444444444 0.228515625 0.4166666666666667
0 0.900390625 0.5868055555555556 0.904296875 0.6006944444444444 0.904296875 0.6180555555555556 0.90234375 0.625 0.896484375 0.6319444444444444 0.890625 0.6319444444444444 0.884765625 0.6215277777777778 0.8828125 0.6145833333333334 0.8828125 0.5972222222222222 0.888671875 0.5868055555555556 0.8984375 0.5868055555555556
0 0.701171875 0.3506944444444444 0.701171875 0.3680555555555556 0.697265625 0.3784722222222222 0.693359375 0.3784722222222222 0.69140625 0.3541666666666667 0.693359375 0.3506944444444444 0.69921875 0.3506944444444444
0 0.646484375 0.28125 0.6484375 0.2847222222222222 0.6484375 0.2951388888888889 0.64453125 0.2986111111111111 0.64453125 0.2847222222222222
0 0.83984375 0.5243055555555556 0.845703125 0.5381944444444444 0.845703125 0.5486111111111112 0.83984375 0.5694444444444444 0.830078125 0.5659722222222222 0.826171875 0.5590277777777778 0.826171875 0.53125 0.83203125 0.5243055555555556 0.837890625 0.5243055555555556
0 0.50390625 0.3923611111111111 0.50390625 0.3993055555555556 0.5078125 0.4097222222222222 0.5078125 0.4236111111111111 0.50390625 0.4375 0.501953125 0.4375 0.501953125 0.4131944444444444 0.5 0.4097222222222222 0.501953125 0.40625 0.501953125 0.3958333333333333
0 0.203125 0.3854166666666667 0.208984375 0.3923611111111111 0.208984375 0.4027777777777778 0.20703125 0.4097222222222222 0.19921875 0.4201388888888889 0.19140625 0.4201388888888889 0.189453125 0.4131944444444444 0.189453125 0.3958333333333333 0.19140625 0.3888888888888889 0.1953125 0.3854166666666667 0.201171875 0.3854166666666667
0 0.66015625 0.4027777777777778 0.01171875 0.034722222222222224
0 0.55078125 0.4618055555555556 0.01953125 0.034722222222222224
0 0.056640625 0.625 0.060546875 0.6284722222222222 0.060546875 0.6354166666666666 0.0625 0.6388888888888888 0.0625 0.6527777777777778 0.056640625 0.6666666666666666 0.056640625 0.6770833333333334 0.03125 0.6944444444444444 0.025390625 0.6944444444444444 0.021484375 0.7013888888888888 0.013671875 0.7048611111111112 0.013671875 0.6909722222222222 0.015625 0.6875 0.013671875 0.65625 0.01953125 0.6458333333333334 0.01953125 0.6423611111111112 0.0234375 0.6388888888888888 0.033203125 0.6388888888888888 0.0390625 0.6493055555555556 0.0390625 0.6527777777777778 0.04296875 0.65625 0.04296875 0.6631944444444444 0.044921875 0.6666666666666666 0.052734375 0.6666666666666666 0.0546875 0.6631944444444444 0.0546875 0.6493055555555556 0.056640625 0.6458333333333334 0.056640625 0.6284722222222222
0 0.603515625 0.4618055555555556 0.60546875 0.4652777777777778 0.603515625 0.4826388888888889 0.591796875 0.4965277777777778 0.58984375 0.4930555555555556 0.5859375 0.4930555555555556 0.583984375 0.4861111111111111 0.583984375 0.4756944444444444 0.58984375 0.4618055555555556 0.595703125 0.4618055555555556 0.59765625 0.4583333333333333 0.6015625 0.4618055555555556
0 0.6640625 0.3368055555555556 0.6640625 0.34375 0.666015625 0.3472222222222222 0.666015625 0.3645833333333333 0.658203125 0.3645833333333333 0.65625 0.3611111111111111 0.65625 0.34375 0.658203125 0.3402777777777778 0.662109375 0.3402777777777778
0 0.666015625 0.2951388888888889 0.666015625 0.3020833333333333 0.66796875 0.3055555555555556 0.66796875 0.3125 0.666015625 0.3159722222222222 0.662109375 0.3125 0.662109375 0.3020833333333333 0.66015625 0.2986111111111111 0.6640625 0.2951388888888889
0 0.935546875 0.5555555555555556 0.9296875 0.5347222222222222 0.9296875 0.5277777777777778 0.935546875 0.5173611111111112 0.939453125 0.5138888888888888 0.9453125 0.5138888888888888 0.947265625 0.5104166666666666 0.953125 0.5104166666666666 0.9609375 0.5173611111111112 0.962890625 0.5243055555555556 0.962890625 0.53125 0.9609375 0.5347222222222222 0.962890625 0.5381944444444444 0.962890625 0.5555555555555556 0.95703125 0.5694444444444444 0.9453125 0.5694444444444444 0.9375 0.5555555555555556
0 0.728515625 0.4965277777777778 0.73046875 0.5 0.728515625 0.5069444444444444 0.73046875 0.5138888888888888 0.724609375 0.5347222222222222 0.720703125 0.5347222222222222 0.71484375 0.5277777777777778 0.71484375 0.5069444444444444 0.712890625 0.5034722222222222 0.716796875 0.4965277777777778 0.7265625 0.4965277777777778
0 0.796875 0.5868055555555556 0.798828125 0.5902777777777778 0.798828125 0.6041666666666666 0.80078125 0.6076388888888888 0.8046875 0.6076388888888888 0.806640625 0.6111111111111112 0.818359375 0.6111111111111112 0.81640625 0.6180555555555556 0.81640625 0.6354166666666666 0.8125 0.6458333333333334 0.810546875 0.6493055555555556 0.806640625 0.6493055555555556 0.796875 0.6388888888888888 0.794921875 0.6145833333333334 0.79296875 0.6111111111111112 0.794921875 0.5902777777777778
0 0.6171875 0.4861111111111111 0.619140625 0.4895833333333333 0.623046875 0.4895833333333333 0.625 0.4861111111111111 0.626953125 0.4895833333333333 0.626953125 0.5069444444444444 0.625 0.5104166666666666 0.611328125 0.5104166666666666 0.611328125 0.4895833333333333 0.615234375 0.4861111111111111
0 0.732421875 0.4270833333333333 0.736328125 0.4131944444444444 0.744140625 0.4097222222222222 0.74609375 0.4166666666666667 0.74609375 0.4444444444444444 0.7421875 0.4513888888888889 0.734375 0.4479166666666667 0.734375 0.4305555555555556
0 0.646484375 0.5104166666666666 0.65234375 0.5173611111111112 0.658203125 0.5173611111111112 0.66015625 0.5138888888888888 0.6640625 0.5173611111111112 0.6640625 0.5416666666666666 0.66015625 0.5520833333333334 0.66015625 0.5590277777777778 0.65625 0.5590277777777778 0.650390625 0.5486111111111112 0.650390625 0.5416666666666666 0.646484375 0.53125 0.646484375 0.5138888888888888