0 0.9609375 0.4826388888888889 0.96484375 0.4895833333333333 0.96484375 0.5243055555555556 0.962890625 0.5277777777777778 0.951171875 0.5277777777777778 0.9453125 0.5347222222222222 0.93359375 0.5347222222222222 0.9296875 0.53125 0.92578125 0.5173611111111112 0.927734375 0.5 0.9296875 0.4965277777777778 0.939453125 0.4965277777777778 0.94140625 0.4930555555555556 0.9453125 0.4930555555555556 0.953125 0.4826388888888889 0.958984375 0.4826388888888889
0 0.69921875 0.3541666666666667 0.01171875 0.034722222222222224
0 0.2109375 0.7708333333333334 0.212890625 0.7743055555555556 0.212890625 0.7916666666666666 0.216796875 0.8020833333333334 0.216796875 0.8090277777777778 0.22265625 0.8159722222222222 0.2265625 0.8090277777777778 0.2265625 0.8159722222222222 0.21875 0.8298611111111112 0.212890625 0.8333333333333334 0.197265625 0.8645833333333334 0.1953125 0.8645833333333334 0.189453125 0.8506944444444444 0.189453125 0.8333333333333334 0.19140625 0.8298611111111112 0.19140625 0.8194444444444444 0.193359375 0.8159722222222222 0.193359375 0.7951388888888888 0.1953125 0.7916666666666666 0.193359375 0.7777777777777778 0.201171875 0.7673611111111112 0.20703125 0.7673611111111112 0.208984375 0.7708333333333334
0 0.732421875 0.5451388888888888 0.74609375 0.5451388888888888 0.748046875 0.5486111111111112 0.748046875 0.5625 0.744140625 0.5763888888888888 0.734375 0.5763888888888888 0.732421875 0.5729166666666666 0.732421875 0.5555555555555556 0.73046875 0.5520833333333334 0.732421875 0.5486111111111112
0 0.578125 0.3854166666666667 0.580078125 0.3888888888888889 0.580078125 0.3993055555555556 0.576171875 0.4097222222222222 0.576171875 0.4166666666666667 0.5703125 0.4166666666666667 0.5703125 0.3993055555555556 0.568359375 0.3958333333333333 0.568359375 0.3888888888888889 0.5703125 0.3854166666666667 0.576171875 0.3854166666666667
0 0.921875 0.78125 0.923828125 0.78125 0.927734375 0.8090277777777778 0.931640625 0.8159722222222222 0.935546875 0.8159722222222222 0.9375 0.8125 0.9375 0.8020833333333334 0.94140625 0.7951388888888888 0.9453125 0.7986111111111112 0.955078125 0.7986111111111112 0.95703125 0.8020833333333334 0.9609375 0.8020833333333334 0.96484375 0.8194444444444444 0.96484375 0.8333333333333334 0.9609375 0.8368055555555556 0.9609375 0.8506944444444444 0.958984375 0.8576388888888888 0.95703125 0.8611111111111112 0.951171875 0.8611111111111112 0.947265625 0.8576388888888888 0.94140625 0.8402777777777778 0.9375 0.8368055555555556 0.923828125 0.8090277777777778 0.923828125 0.7847222222222222
0 0.650390625 0.3854166666666667 0.6484375 0.3784722222222222 0.6484375 0.3611111111111111 0.654296875 0.3541666666666667 0.65625 0.3541666666666667 0.658203125 0.3611111111111111 0.658203125 0.3819444444444444 0.65625 0.3854166666666667 0.65234375 0.3854166666666667
0 0.23046875 0.5486111111111112 0.232421875 0.5520833333333334 0.236328125 0.5520833333333334 0.236328125 0.5798611111111112 0.22265625 0.5972222222222222 0.21875 0.59375 0.21875 0.5868055555555556 0.216796875 0.5833333333333334 0.216796875 0.5520833333333334 0.21875 0.5486111111111112 0.228515625 0.5486111111111112
0 0.033203125 0.6944444444444444 0.03515625 0.6944444444444444 0.033203125 0.6979166666666666 0.033203125 0.71875 0.037109375 0.7256944444444444 0.044921875 0.7256944444444444 0.052734375 0.7083333333333334 0.052734375 0.71875 0.044921875 0.7395833333333334 0.033203125 0.7430555555555556 0.025390625 0.7569444444444444 0.021484375 0.7708333333333334 0.015625 0.7708333333333334 0.01171875 0.7638888888888888 0.013671875 0.7256944444444444 0.015625 0.7222222222222222 0.015625 0.6979166666666666 0.021484375 0.6909722222222222 0.03125 0.6909722222222222
0 0.228515625 0.3715277777777778 0.23046875 0.375 0.23046875 0.3819444444444444 0.228515625 0.3854166666666667 0.228515625 0.3958333333333333 0.224609375 0.3993055555555556 0.212890625 0.3958333333333333 0.212890625 0.3715277777777778 0.21484375 0.3680555555555556 0.224609375 0.3680555555555556 0.2265625 0.3715277777777778
0 0.2578125 0.4930555555555556 0.263671875 0.4930555555555556 0.265625 0.4895833333333333 0.271484375 0.4930555555555556 0.275390625 0.5104166666666666 0.271484375 0.5416666666666666 0.265625 0.5486111111111112 0.259765625 0.5486111111111112 0.259765625 0.5347222222222222 0.2578125 0.53125 0.2578125 0.4965277777777778
0 0.5625 0.3125 0.56640625 0.3159722222222222 0.568359375 0.3229166666666667 0.56640625 0.3298611111111111 0.564453125 0.3333333333333333 0.556640625 0.3333333333333333 0.55078125 0.3263888888888889 0.552734375 0.3159722222222222 0.560546875 0.3159722222222222
0 0 0.78125 0.0078125 0.78125 0.01171875 0.7847222222222222 0.013671875 0.7916666666666666 0.01171875 0.7951388888888888 0.01171875 0.8402777777777778 0.009765625 0.84375 0.009765625 0.8506944444444444 0.005859375 0.8611111111111112 0 0.8611111111111112 0 0.7847222222222222
0 0.23046875 0.5138888888888888 0.23046875 0.4930555555555556 0.234375 0.4861111111111111 0.2421875 0.4895833333333333 0.24609375 0.4965277777777778 0.24609375 0.5277777777777778 0.244140625 0.5347222222222222 0.2421875 0.5347222222222222 0.232421875 0.5138888888888888
0 0.169921875 0.4791666666666667 0.173828125 0.4930555555555556 0.173828125 0.5104166666666666 0.171875 0.5173611111111112 0.16796875 0.5243055555555556 0.162109375 0.5243055555555556 0.15625 0.5104166666666666 0.15625 0.4965277777777778 0.158203125 0.4895833333333333 0.162109375 0.4826388888888889 0.16796875 0.4826388888888889
0 0.9140625 0.6527777777777778 0.91015625 0.6666666666666666 0.912109375 0.6701388888888888 0.91796875 0.6701388888888888 0.919921875 0.6805555555555556 0.927734375 0.6909722222222222 0.931640625 0.6909722222222222 0.93359375 0.6875 0.9375 0.6875 0.939453125 0.6909722222222222 0.943359375 0.7048611111111112 0.943359375 0.7152777777777778 0.94140625 0.71875 0.939453125 0.7361111111111112 0.9375 0.7395833333333334 0.92578125 0.7361111111111112 0.916015625 0.7152777777777778 0.91015625 0.7118055555555556 0.90625 0.6944444444444444 0.908203125 0.6909722222222222 0.908203125 0.6770833333333334 0.91015625 0.6736111111111112 0.91015625 0.65625 0.912109375 0.65625
0 0.623046875 0.65625 0.64453125 0.65625 0.64453125 0.6840277777777778 0.642578125 0.6875 0.642578125 0.7013888888888888 0.638671875 0.7083333333333334 0.638671875 0.7152777777777778 0.63671875 0.71875 0.62890625 0.7152777777777778 0.625 0.7048611111111112 0.625 0.6875 0.62109375 0.6736111111111112 0.623046875 0.6597222222222222
0 0.080078125 0.7743055555555556 0.083984375 0.7743055555555556 0.087890625 0.7847222222222222 0.087890625 0.8055555555555556 0.08984375 0.8090277777777778 0.08984375 0.8229166666666666 0.083984375 0.84375 0.076171875 0.8576388888888888 0.068359375 0.8645833333333334 0.0625 0.8645833333333334 0.05859375 0.8680555555555556 0.052734375 0.8784722222222222 0.05078125 0.8888888888888888 0.046875 0.8958333333333334 0.0390625 0.8993055555555556 0.033203125 0.8888888888888888 0.033203125 0.8576388888888888 0.037109375 0.8472222222222222 0.037109375 0.8333333333333334 0.03515625 0.8298611111111112 0.03515625 0.7986111111111112 0.033203125 0.7951388888888888 0.033203125 0.7881944444444444 0.037109375 0.7881944444444444 0.0390625 0.7916666666666666 0.048828125 0.7916666666666666 0.05859375 0.7986111111111112 0.06640625 0.7986111111111112 0.0703125 0.8020833333333334 0.072265625 0.8090277777777778 0.076171875 0.8090277777777778 0.08203125 0.7916666666666666 0.08203125 0.78125 0.080078125 0.7777777777777778
0 0.1953125 0.5381944444444444 0.203125 0.5451388888888888 0.208984375 0.5451388888888888 0.208984375 0.5729166666666666 0.201171875 0.5833333333333334 0.193359375 0.5833333333333334 0.189453125 0.5763888888888888 0.189453125 0.5659722222222222 0.1875 0.5590277777777778 0.189453125 0.5555555555555556 0.189453125 0.5451388888888888 0.193359375 0.5416666666666666
0 0.6328125 0.28125 0.634765625 0.2847222222222222 0.634765625 0.2986111111111111 0.6328125 0.3020833333333333 0.630859375 0.2986111111111111 0.630859375 0.2847222222222222
0 0.171875 0.6215277777777778 0.17578125 0.6215277777777778 0.17578125 0.625 0.181640625 0.6354166666666666 0.1875 0.6354166666666666 0.19140625 0.6284722222222222 0.197265625 0.6284722222222222 0.1953125 0.6597222222222222 0.19140625 0.6666666666666666 0.185546875 0.6666666666666666 0.177734375 0.6770833333333334 0.173828125 0.6770833333333334 0.171875 0.6701388888888888 0.171875 0.6423611111111112 0.173828125 0.6388888888888888 0.171875 0.6354166666666666 0.171875 0.625
0 0.0625 0.6840277777777778 0.091796875 0.6840277777777778 0.08984375 0.6875 0.091796875 0.6909722222222222 0.095703125 0.6909722222222222 0.1015625 0.6979166666666666 0.09765625 0.6979166666666666 0.095703125 0.7013888888888888 0.095703125 0.7048611111111112 0.099609375 0.7083333333333334 0.099609375 0.7222222222222222 0.095703125 0.7291666666666666 0.087890625 0.7291666666666666 0.080078125 0.7395833333333334 0.076171875 0.7395833333333334 0.07421875 0.7361111111111112 0.060546875 0.7395833333333334 0.05859375 0.7326388888888888 0.05859375 0.6979166666666666 0.0625 0.6875
0 0.556640625 0.4444444444444444 0.56640625 0.4548611111111111 0.5703125 0.4652777777777778 0.5703125 0.4791666666666667 0.568359375 0.4861111111111111 0.5625 0.4861111111111111 0.5546875 0.4791666666666667 0.5546875 0.46875 0.552734375 0.4652777777777778 0.5546875 0.4618055555555556 0.5546875 0.4479166666666667
0 0.98046875 0.5208333333333334 0.982421875 0.5243055555555556 0.994140625 0.5277777777777778 0.998046875 0.5347222222222222 0.998046875 0.5659722222222222 0.99609375 0.5694444444444444 0.998046875 0.5729166666666666 0.998046875 0.59375 0.994140625 0.59375 0.9921875 0.5833333333333334 0.98046875 0.5659722222222222 0.98046875 0.5590277777777778 0.978515625 0.5555555555555556 0.978515625 0.5347222222222222 0.98046875 0.53125 0.98046875 0.5243055555555556
0 0.23046875 0.6666666666666666 0.232421875 0.6701388888888888 0.232421875 0.6770833333333334 0.228515625 0.6875 0.228515625 0.6979166666666666 0.224609375 0.7048611111111112 0.220703125 0.7013888888888888 0.212890625 0.7013888888888888 0.205078125 0.7152777777777778 0.203125 0.7152777777777778 0.203125 0.6840277777777778 0.201171875 0.6770833333333334 0.205078125 0.6736111111111112 0.224609375 0.6736111111111112 0.228515625 0.6701388888888888
0 0.578125 0.4756944444444444 0.59375 0.4756944444444444 0.59375 0.4826388888888889 0.595703125 0.4861111111111111 0.59375 0.5069444444444444 0.591796875 0.5138888888888888 0.58984375 0.5138888888888888 0.5859375 0.5069444444444444 0.58203125 0.5069444444444444 0.576171875 0.5 0.576171875 0.4861111111111111 0.578125 0.4791666666666667
0 0.595703125 0.3194444444444444 0.59375 0.3159722222222222 0.59375 0.2986111111111111 0.595703125 0.2951388888888889 0.60546875 0.2951388888888889 0.607421875 0.3020833333333333 0.603515625 0.3159722222222222 0.59765625 0.3159722222222222
0 0.751953125 0.4409722222222222 0.763671875 0.4409722222222222 0.763671875 0.4583333333333333 0.76171875 0.4652777777777778 0.75390625 0.4652777777777778 0.751953125 0.4618055555555556 0.751953125 0.4444444444444444