0 0.990234375 0.7777777777777778 0.9921875 0.78125 0.998046875 0.78125 0.998046875 0.8541666666666666 0.994140625 0.8541666666666666 0.986328125 0.84375 0.986328125 0.8263888888888888 0.984375 0.8229166666666666 0.984375 0.78125 0.98828125 0.7777777777777778
0 0.962890625 0.4861111111111111 0.96484375 0.4895833333333333 0.962890625 0.5104166666666666 0.966796875 0.5243055555555556 0.9609375 0.53125 0.951171875 0.53125 0.94921875 0.5347222222222222 0.93359375 0.5347222222222222 0.9296875 0.53125 0.927734375 0.5243055555555556 0.9296875 0.5 0.93359375 0.5 0.935546875 0.4965277777777778 0.9375 0.5 0.953125 0.5034722222222222 0.955078125 0.5 0.958984375 0.5 0.962890625 0.4930555555555556 0.9609375 0.4895833333333333
0 0.677734375 0.3263888888888889 0.6796875 0.3298611111111111 0.6796875 0.3506944444444444 0.67578125 0.3541666666666667 0.671875 0.34375 0.671875 0.3298611111111111 0.67578125 0.3298611111111111
0 0.60546875 0.3263888888888889 0.611328125 0.3263888888888889 0.615234375 0.3368055555555556 0.61328125 0.3402777777777778 0.61328125 0.3576388888888889 0.611328125 0.3611111111111111 0.607421875 0.3611111111111111 0.60546875 0.3576388888888889 0.60546875 0.3298611111111111
0 0.982421875 0.53125 0.990234375 0.53125 0.998046875 0.5381944444444444 0.998046875 0.5659722222222222 0.99609375 0.5694444444444444 0.998046875 0.5729166666666666 0.994140625 0.5763888888888888 0.986328125 0.5763888888888888 0.98046875 0.5659722222222222 0.98046875 0.5590277777777778 0.978515625 0.5555555555555556 0.978515625 0.5486111111111112 0.982421875 0.5347222222222222
0 0.57421875 0.5138888888888888 0.580078125 0.5138888888888888 0.583984375 0.5173611111111112 0.583984375 0.5277777777777778 0.5859375 0.53125 0.580078125 0.5520833333333334 0.576171875 0.5520833333333334 0.576171875 0.5451388888888888 0.57421875 0.5416666666666666 0.57421875 0.5173611111111112
0 0.041015625 0.7743055555555556 0.041015625 0.7777777777777778 0.044921875 0.78125 0.046875 0.7777777777777778 0.044921875 0.7743055555555556 0.046875 0.7708333333333334 0.056640625 0.7708333333333334 0.060546875 0.7743055555555556 0.0625 0.78125 0.0625 0.7951388888888888 0.060546875 0.7986111111111112 0.0625 0.8541666666666666 0.05859375 0.8506944444444444 0.05859375 0.84375 0.052734375 0.8298611111111112 0.048828125 0.84375 0.05078125 0.8472222222222222 0.05078125 0.8680555555555556 0.052734375 0.875 0.044921875 0.8819444444444444 0.0390625 0.8923611111111112 0.0390625 0.8958333333333334 0.03515625 0.8680555555555556 0.029296875 0.8576388888888888 0.025390625 0.8576388888888888 0.0234375 0.8611111111111112 0.0234375 0.8680555555555556 0.029296875 0.8819444444444444 0.029296875 0.8958333333333334 0.033203125 0.8993055555555556 0.021484375 0.9097222222222222 0.0078125 0.9305555555555556 0 0.9305555555555556 0 0.8541666666666666 0.00390625 0.84375 0 0.8368055555555556 0.005859375 0.8298611111111112 0.009765625 0.8298611111111112 0.013671875 0.8402777777777778 0.017578125 0.8402777777777778 0.025390625 0.8298611111111112 0.04296875 0.8263888888888888 0.046875 0.8194444444444444 0.04296875 0.8055555555555556 0.033203125 0.7847222222222222 0.033203125 0.78125 0.0390625 0.7743055555555556
0 0.548828125 0.3402777777777778 0.5546875 0.3368055555555556 0.55859375 0.3402777777777778 0.560546875 0.3472222222222222 0.560546875 0.3715277777777778 0.5546875 0.3784722222222222 0.546875 0.3784722222222222 0.544921875 0.375 0.544921875 0.3541666666666667 0.548828125 0.34375
0 0.5625 0.3125 0.5703125 0.3194444444444444 0.57421875 0.3298611111111111 0.57421875 0.3576388888888889 0.572265625 0.3611111111111111 0.56640625 0.3611111111111111 0.5625 0.3541666666666667 0.5625 0.3472222222222222 0.560546875 0.34375 0.560546875 0.3159722222222222
0 0.501953125 0.3368055555555556 0.5078125 0.34375 0.5078125 0.3645833333333333 0.505859375 0.3680555555555556 0.505859375 0.375 0.501953125 0.375 0.5 0.3715277777777778 0.5 0.3402777777777778
0 0.740234375 0.3333333333333333 0.744140625 0.3333333333333333 0.748046875 0.34375 0.748046875 0.3506944444444444 0.744140625 0.3576388888888889 0.73828125 0.3576388888888889 0.73828125 0.3402777777777778 0.740234375 0.3368055555555556
0 0.708984375 0.3472222222222222 0.716796875 0.3541666666666667 0.71484375 0.375 0.7109375 0.3819444444444444 0.703125 0.3819444444444444 0.701171875 0.375 0.701171875 0.3611111111111111 0.703125 0.3541666666666667 0.70703125 0.3506944444444444
0 0.16796875 0.46875 0.171875 0.4791666666666667 0.171875 0.4895833333333333 0.173828125 0.4930555555555556 0.173828125 0.5104166666666666 0.16796875 0.5243055555555556 0.15625 0.5243055555555556 0.15625 0.5173611111111112 0.154296875 0.5138888888888888 0.154296875 0.4895833333333333 0.15234375 0.4861111111111111 0.154296875 0.4756944444444444 0.158203125 0.46875 0.162109375 0.4652777777777778 0.166015625 0.46875
0 0.583984375 0.3368055555555556 0.587890625 0.3333333333333333 0.59375 0.3333333333333333 0.59375 0.3611111111111111 0.58984375 0.3680555555555556 0.5859375 0.3680555555555556 0.583984375 0.3611111111111111 0.583984375 0.3402777777777778
0 0.8125 0.5104166666666666 0.828125 0.5104166666666666 0.830078125 0.5173611111111112 0.828125 0.5243055555555556 0.828125 0.5347222222222222 0.822265625 0.5486111111111112 0.8125 0.5138888888888888
0 0.62109375 0.3472222222222222 0.62109375 0.3298611111111111 0.619140625 0.3229166666666667 0.623046875 0.3125 0.62890625 0.3194444444444444 0.62890625 0.3402777777777778 0.626953125 0.3472222222222222 0.623046875 0.3472222222222222
0 0.2578125 0.4097222222222222 0.259765625 0.4097222222222222 0.265625 0.4201388888888889 0.265625 0.4236111111111111 0.2734375 0.4340277777777778 0.2734375 0.4444444444444444 0.271484375 0.4479166666666667 0.255859375 0.4444444444444444 0.248046875 0.4513888888888889 0.2421875 0.4513888888888889 0.240234375 0.4479166666666667 0.240234375 0.4305555555555556 0.248046875 0.4201388888888889 0.25390625 0.4201388888888889 0.2578125 0.4131944444444444