0 0.94921875 0.4895833333333333 0.95703125 0.4861111111111111 0.96484375 0.4930555555555556 0.96484375 0.5138888888888888 0.962890625 0.5173611111111112 0.96484375 0.5208333333333334 0.96484375 0.5277777777777778 0.9609375 0.5277777777777778 0.958984375 0.53125 0.955078125 0.53125 0.953125 0.5277777777777778 0.9453125 0.5347222222222222 0.93359375 0.5347222222222222 0.9296875 0.53125 0.927734375 0.5243055555555556 0.927734375 0.5034722222222222 0.9296875 0.4965277777777778 0.943359375 0.4965277777777778 0.9453125 0.5 0.94921875 0.4930555555555556
0 0.796875 0.5763888888888888 0.80078125 0.5763888888888888 0.80078125 0.5868055555555556 0.796875 0.59375 0.796875 0.6284722222222222 0.791015625 0.6388888888888888 0.783203125 0.6388888888888888 0.779296875 0.6354166666666666 0.7734375 0.6111111111111112 0.775390625 0.5868055555555556 0.77734375 0.5868055555555556 0.779296875 0.59375 0.783203125 0.5972222222222222 0.78515625 0.59375 0.79296875 0.59375 0.796875 0.5868055555555556 0.796875 0.5798611111111112
0 0.98046875 0.5243055555555556 0.986328125 0.5243055555555556 0.998046875 0.5347222222222222 0.998046875 0.5625 0.990234375 0.5798611111111112 0.982421875 0.5729166666666666 0.98046875 0.5659722222222222 0.98046875 0.5590277777777778 0.978515625 0.5555555555555556 0.978515625 0.5451388888888888 0.98046875 0.5416666666666666 0.978515625 0.5347222222222222 0.98046875 0.5277777777777778
0 0.91796875 0.7881944444444444 0.921875 0.7916666666666666 0.9296875 0.7916666666666666 0.931640625 0.7951388888888888 0.947265625 0.7951388888888888 0.94921875 0.7986111111111112 0.94921875 0.8055555555555556 0.943359375 0.8125 0.943359375 0.8194444444444444 0.947265625 0.8298611111111112 0.947265625 0.8472222222222222 0.94140625 0.8541666666666666 0.921875 0.8263888888888888 0.919921875 0.8263888888888888 0.91796875 0.8194444444444444 0.91796875 0.7916666666666666
0 0.763671875 0.4444444444444444 0.765625 0.4479166666666667 0.765625 0.4652777777777778 0.76171875 0.4791666666666667 0.7578125 0.4791666666666667 0.75390625 0.4722222222222222 0.75390625 0.4479166666666667 0.76171875 0.4444444444444444
0 0.5546875 0.7048611111111112 0.57421875 0.7048611111111112 0.580078125 0.7118055555555556 0.576171875 0.7291666666666666 0.56640625 0.7465277777777778 0.5625 0.7465277777777778 0.5546875 0.7395833333333334 0.55078125 0.7291666666666666 0.55078125 0.71875 0.5546875 0.7083333333333334
0 0.708984375 0.3993055555555556 0.708984375 0.375 0.712890625 0.3680555555555556 0.71484375 0.3680555555555556 0.71875 0.3784722222222222 0.716796875 0.3819444444444444 0.716796875 0.3958333333333333 0.71484375 0.3993055555555556 0.7109375 0.3993055555555556
0 0.265625 0.5 0.26953125 0.5034722222222222 0.26953125 0.5138888888888888 0.271484375 0.5173611111111112 0.271484375 0.5381944444444444 0.259765625 0.5555555555555556 0.255859375 0.5555555555555556 0.25390625 0.5520833333333334 0.25390625 0.5277777777777778 0.251953125 0.5243055555555556 0.251953125 0.5173611111111112 0.25390625 0.5138888888888888 0.25390625 0.5 0.255859375 0.4965277777777778 0.26171875 0.4965277777777778 0.263671875 0.5
0 0.16796875 0.6284722222222222 0.1640625 0.6180555555555556 0.1640625 0.5729166666666666 0.166015625 0.5659722222222222 0.169921875 0.5625 0.181640625 0.5833333333333334 0.185546875 0.5833333333333334 0.185546875 0.6006944444444444 0.18359375 0.6041666666666666 0.18359375 0.6111111111111112 0.1796875 0.6180555555555556 0.169921875 0.625
0 0.2109375 0.3263888888888889 0.21875 0.3263888888888889 0.22265625 0.3402777777777778 0.22265625 0.3576388888888889 0.21875 0.3611111111111111 0.216796875 0.3576388888888889 0.2109375 0.3576388888888889 0.208984375 0.3541666666666667 0.208984375 0.3333333333333333 0.2109375 0.3298611111111111
0 0.5625 0.4722222222222222 0.56640625 0.4583333333333333 0.57421875 0.4548611111111111 0.578125 0.4618055555555556 0.578125 0.4791666666666667 0.57421875 0.4930555555555556 0.56640625 0.4861111111111111 0.564453125 0.4826388888888889 0.564453125 0.4756944444444444
0 0.166015625 0.4756944444444444 0.171875 0.4826388888888889 0.171875 0.4895833333333333 0.173828125 0.4930555555555556 0.173828125 0.5104166666666666 0.16796875 0.5243055555555556 0.16015625 0.5243055555555556 0.15625 0.5104166666666666 0.15625 0.4826388888888889 0.1640625 0.4756944444444444
0 0.962890625 0.7604166666666666 0.96484375 0.7708333333333334 0.974609375 0.7916666666666666 0.978515625 0.7847222222222222 0.9765625 0.78125 0.978515625 0.7743055555555556 0.982421875 0.7743055555555556 0.984375 0.7708333333333334 0.998046875 0.7708333333333334 0.998046875 0.8298611111111112 0.994140625 0.8333333333333334 0.984375 0.8125 0.974609375 0.8055555555555556 0.962890625 0.7847222222222222 0.962890625 0.7638888888888888
0 0.615234375 0.5590277777777778 0.619140625 0.5625 0.619140625 0.59375 0.6171875 0.6006944444444444 0.611328125 0.6006944444444444 0.60546875 0.59375 0.60546875 0.5763888888888888 0.603515625 0.5729166666666666 0.607421875 0.5659722222222222 0.61328125 0.5625
0 0.736328125 0.6284722222222222 0.74609375 0.6284722222222222 0.75 0.6354166666666666 0.75 0.6631944444444444 0.748046875 0.6666666666666666 0.748046875 0.6736111111111112 0.74609375 0.6770833333333334 0.740234375 0.6770833333333334 0.732421875 0.6666666666666666 0.732421875 0.6423611111111112 0.736328125 0.6319444444444444
0 0.5400390625 0.359375 0.013671875 0.03819444444444445
0 0.630859375 0.3680555555555556 0.6328125 0.3715277777777778 0.6328125 0.3819444444444444 0.626953125 0.3993055555555556 0.625 0.3993055555555556 0.62109375 0.3854166666666667 0.62109375 0.3715277777777778 0.623046875 0.3680555555555556 0.62890625 0.3680555555555556
0 0.544921875 0.4722222222222222 0.541015625 0.4618055555555556 0.541015625 0.4340277777777778 0.546875 0.4201388888888889 0.548828125 0.4201388888888889 0.55859375 0.4409722222222222 0.55859375 0.4583333333333333 0.5546875 0.4722222222222222 0.552734375 0.4756944444444444 0.548828125 0.4756944444444444 0.546875 0.4722222222222222
0 0.265625 0.625 0.275390625 0.625 0.27734375 0.6284722222222222 0.28125 0.6284722222222222 0.28125 0.6388888888888888 0.28515625 0.65625 0.287109375 0.6527777777777778 0.287109375 0.6423611111111112 0.2890625 0.6354166666666666 0.2890625 0.6458333333333334 0.291015625 0.6493055555555556 0.291015625 0.6597222222222222 0.2890625 0.6666666666666666 0.283203125 0.6736111111111112 0.2734375 0.6944444444444444 0.26953125 0.6944444444444444 0.267578125 0.6909722222222222 0.267578125 0.6701388888888888 0.265625 0.6666666666666666 0.265625 0.6284722222222222
0 0.22265625 0.6111111111111112 0.224609375 0.6145833333333334 0.23046875 0.6145833333333334 0.232421875 0.6215277777777778 0.232421875 0.6527777777777778 0.23046875 0.65625 0.23046875 0.6631944444444444 0.2265625 0.6701388888888888 0.220703125 0.6701388888888888 0.21875 0.6736111111111112 0.212890625 0.6736111111111112 0.208984375 0.6631944444444444 0.208984375 0.6215277777777778 0.212890625 0.6076388888888888 0.21875 0.6076388888888888 0.220703125 0.6111111111111112
0 0.146484375 0.5902777777777778 0.146484375 0.6111111111111112 0.130859375 0.6319444444444444 0.123046875 0.6319444444444444 0.119140625 0.625 0.119140625 0.5868055555555556 0.12109375 0.5833333333333334 0.12109375 0.5763888888888888 0.125 0.5694444444444444 0.13671875 0.5729166666666666 0.13671875 0.5833333333333334 0.142578125 0.5972222222222222 0.14453125 0.59375
0 0.857421875 0.4618055555555556 0.861328125 0.4756944444444444 0.859375 0.4791666666666667 0.859375 0.4895833333333333 0.857421875 0.4965277777777778 0.8515625 0.5069444444444444 0.84375 0.5 0.84375 0.4861111111111111 0.845703125 0.4826388888888889 0.845703125 0.4722222222222222 0.84765625 0.4652777777777778 0.849609375 0.4618055555555556 0.85546875 0.4618055555555556
0 0.77734375 0.4826388888888889 0.779296875 0.4791666666666667 0.7890625 0.4791666666666667 0.79296875 0.4861111111111111 0.79296875 0.5243055555555556 0.7890625 0.5243055555555556 0.78515625 0.5104166666666666 0.77734375 0.5069444444444444 0.77734375 0.4895833333333333 0.779296875 0.4861111111111111
0 0.69140625 0.4965277777777778 0.6953125 0.5034722222222222 0.6953125 0.5104166666666666 0.697265625 0.5138888888888888 0.69140625 0.5347222222222222 0.689453125 0.5381944444444444 0.685546875 0.5381944444444444 0.68359375 0.5347222222222222 0.68359375 0.5104166666666666 0.685546875 0.5034722222222222 0.689453125 0.5
0 0.84765625 0.7083333333333334 0.853515625 0.7083333333333334 0.85546875 0.7118055555555556 0.85546875 0.71875 0.857421875 0.7222222222222222 0.85546875 0.7291666666666666 0.857421875 0.7326388888888888 0.85546875 0.7465277777777778 0.859375 0.7534722222222222 0.865234375 0.7534722222222222 0.873046875 0.7465277777777778 0.87890625 0.7465277777777778 0.884765625 0.7534722222222222 0.884765625 0.7604166666666666 0.88671875 0.7638888888888888 0.884765625 0.7708333333333334 0.884765625 0.7881944444444444 0.87890625 0.8020833333333334 0.87109375 0.8020833333333334 0.8671875 0.7951388888888888 0.861328125 0.7916666666666666 0.857421875 0.7847222222222222 0.857421875 0.7777777777777778 0.84765625 0.7604166666666666 0.849609375 0.7534722222222222 0.849609375 0.7395833333333334 0.8515625 0.7361111111111112 0.8515625 0.71875 0.849609375 0.7118055555555556
0 0.64453125 0.4583333333333333 0.646484375 0.4618055555555556 0.646484375 0.4861111111111111 0.642578125 0.4965277777777778 0.63671875 0.4895833333333333 0.626953125 0.4861111111111111 0.626953125 0.4756944444444444 0.630859375 0.4722222222222222 0.6328125 0.4618055555555556 0.638671875 0.4618055555555556 0.642578125 0.4583333333333333
0 0.67578125 0.3402777777777778 0.68359375 0.3402777777777778 0.685546875 0.34375 0.685546875 0.3541666666666667 0.6796875 0.3680555555555556 0.67578125 0.3680555555555556 0.67578125 0.34375
0 0.771484375 0.5034722222222222 0.783203125 0.5034722222222222 0.787109375 0.5069444444444444 0.791015625 0.5243055555555556 0.7890625 0.5277777777777778 0.7890625 0.5347222222222222 0.78515625 0.5381944444444444 0.78125 0.5486111111111112 0.775390625 0.5486111111111112 0.767578125 0.53125 0.771484375 0.5069444444444444
0 0.642578125 0.2777777777777778 0.646484375 0.2777777777777778 0.6484375 0.28125 0.6484375 0.2951388888888889 0.646484375 0.3020833333333333 0.642578125 0.2986111111111111 0.642578125 0.28125
0 0.154296875 0.7083333333333334 0.177734375 0.7083333333333334 0.1796875 0.7048611111111112 0.185546875 0.7048611111111112 0.1875 0.7083333333333334 0.1875 0.71875 0.177734375 0.7256944444444444 0.173828125 0.7326388888888888 0.171875 0.7395833333333334 0.173828125 0.7430555555555556 0.171875 0.7465277777777778 0.173828125 0.7604166666666666 0.171875 0.7673611111111112 0.1640625 0.7777777777777778 0.1640625 0.7847222222222222 0.162109375 0.7881944444444444 0.154296875 0.7881944444444444 0.15234375 0.78125 0.15234375 0.7534722222222222 0.154296875 0.75 0.154296875 0.7291666666666666 0.15625 0.7256944444444444 0.154296875 0.7118055555555556
0 0.8359375 0.4826388888888889 0.841796875 0.4895833333333333 0.841796875 0.5 0.8359375 0.5173611111111112 0.833984375 0.53125 0.830078125 0.5277777777777778 0.830078125 0.4861111111111111 0.833984375 0.4826388888888889
0 0.21875 0.5208333333333334 0.220703125 0.5243055555555556 0.23046875 0.5243055555555556 0.23046875 0.5555555555555556 0.2265625 0.5625 0.21875 0.5625 0.21484375 0.5694444444444444 0.208984375 0.5486111111111112 0.2109375 0.5416666666666666 0.208984375 0.5381944444444444 0.208984375 0.5277777777777778 0.216796875 0.5208333333333334
0 0.587890625 0.2881944444444444 0.591796875 0.2916666666666667 0.591796875 0.3055555555555556 0.58984375 0.3090277777777778 0.587890625 0.3090277777777778 0.587890625 0.3020833333333333 0.5859375 0.2986111111111111 0.587890625 0.2916666666666667
0 0.19921875 0.7743055555555556 0.203125 0.7881944444444444 0.203125 0.8055555555555556 0.19921875 0.8159722222222222 0.19921875 0.8229166666666666 0.193359375 0.8333333333333334 0.17578125 0.8472222222222222 0.171875 0.8541666666666666 0.171875 0.8645833333333334 0.169921875 0.8715277777777778 0.166015625 0.8715277777777778 0.162109375 0.8576388888888888 0.1640625 0.8506944444444444 0.1640625 0.8298611111111112 0.16015625 0.8194444444444444 0.16015625 0.7986111111111112 0.16796875 0.78125 0.171875 0.78125 0.173828125 0.7777777777777778 0.17578125 0.78125 0.1796875 0.78125 0.181640625 0.7847222222222222 0.181640625 0.7916666666666666 0.185546875 0.7986111111111112 0.185546875 0.8125 0.19140625 0.8298611111111112 0.1953125 0.8159722222222222 0.1953125 0.8020833333333334 0.193359375 0.7986111111111112 0.193359375 0.7881944444444444 0.1953125 0.7847222222222222 0.19140625 0.7777777777777778 0.197265625 0.7743055555555556
0 0.98046875 0.5243055555555556 0.984375 0.5243055555555556 0.9921875 0.5347222222222222 0.998046875 0.5381944444444444 0.998046875 0.5972222222222222 0.994140625 0.59375 0.990234375 0.5798611111111112 0.98046875 0.5659722222222222 0.98046875 0.5555555555555556 0.978515625 0.5520833333333334 0.98046875 0.5451388888888888 0.98046875 0.5277777777777778
0 0.826171875 0.5173611111111112 0.83203125 0.5381944444444444 0.83203125 0.5451388888888888 0.826171875 0.5590277777777778 0.822265625 0.5590277777777778 0.810546875 0.5416666666666666 0.810546875 0.53125 0.818359375 0.5173611111111112 0.82421875 0.5173611111111112