0 0.232421875 0.7083333333333334 0.244140625 0.71875 0.255859375 0.71875 0.265625 0.7326388888888888 0.265625 0.7465277777777778 0.263671875 0.75 0.263671875 0.7604166666666666 0.26171875 0.7673611111111112 0.259765625 0.7673611111111112 0.2578125 0.7743055555555556 0.255859375 0.7743055555555556 0.24609375 0.7916666666666666 0.2421875 0.7916666666666666 0.236328125 0.7847222222222222 0.234375 0.7708333333333334 0.23046875 0.7638888888888888 0.228515625 0.7361111111111112 0.224609375 0.7256944444444444 0.224609375 0.7118055555555556 0.23046875 0.7083333333333334
0 0.537109375 0.4201388888888889 0.5390625 0.4201388888888889 0.537109375 0.4236111111111111 0.541015625 0.4375 0.541015625 0.4444444444444444 0.537109375 0.4583333333333333 0.53125 0.4583333333333333 0.525390625 0.4513888888888889 0.525390625 0.4305555555555556 0.52734375 0.4236111111111111 0.529296875 0.4201388888888889 0.53515625 0.4201388888888889
0 0.90625 0.71875 0.904296875 0.7430555555555556 0.91015625 0.7534722222222222 0.9140625 0.75 0.919921875 0.75 0.921875 0.7465277777777778 0.935546875 0.7465277777777778 0.939453125 0.7534722222222222 0.939453125 0.7777777777777778 0.9375 0.78125 0.9375 0.7881944444444444 0.9296875 0.8020833333333334 0.921875 0.7986111111111112 0.90234375 0.7708333333333334 0.900390625 0.7638888888888888 0.900390625 0.7534722222222222 0.8984375 0.75 0.8984375 0.7256944444444444 0.904296875 0.71875
0 0.2158203125 0.3454861111111111 0.013671875 0.03819444444444445
0 0.904296875 0.6631944444444444 0.91015625 0.6631944444444444 0.912109375 0.6597222222222222 0.9140625 0.6423611111111112 0.921875 0.6354166666666666 0.943359375 0.6354166666666666 0.9453125 0.6666666666666666 0.935546875 0.6840277777777778 0.93359375 0.6840277777777778 0.927734375 0.6770833333333334 0.919921875 0.6770833333333334 0.916015625 0.6736111111111112 0.9140625 0.6666666666666666 0.90625 0.6631944444444444
0 0.232421875 0.5625 0.240234375 0.5798611111111112 0.240234375 0.6041666666666666 0.234375 0.6076388888888888 0.2265625 0.6180555555555556 0.22265625 0.6111111111111112 0.22265625 0.5902777777777778 0.21875 0.5833333333333334 0.21875 0.5659722222222222 0.22265625 0.5590277777777778 0.23046875 0.5625
0 0.142578125 0.6180555555555556 0.14453125 0.6319444444444444 0.1484375 0.6354166666666666 0.150390625 0.6423611111111112 0.154296875 0.6423611111111112 0.158203125 0.6354166666666666 0.15625 0.625 0.16796875 0.6319444444444444 0.16796875 0.6666666666666666 0.150390625 0.6527777777777778 0.14453125 0.6423611111111112 0.140625 0.6423611111111112 0.1328125 0.6527777777777778 0.130859375 0.6458333333333334 0.140625 0.6215277777777778
0 0.283203125 0.5729166666666666 0.28515625 0.5729166666666666 0.2890625 0.5833333333333334 0.2890625 0.6423611111111112 0.287109375 0.6458333333333334 0.283203125 0.6458333333333334 0.279296875 0.6354166666666666 0.279296875 0.6145833333333334 0.27734375 0.6111111111111112 0.279296875 0.5833333333333334 0.283203125 0.5763888888888888
0 0.1796875 0.3611111111111111 0.18359375 0.3611111111111111 0.1953125 0.3854166666666667 0.1953125 0.3958333333333333 0.193359375 0.3993055555555556 0.1875 0.3993055555555556 0.18359375 0.3923611111111111 0.177734375 0.3888888888888889 0.17578125 0.375 0.1796875 0.3645833333333333
0 0.873046875 0.6284722222222222 0.884765625 0.6423611111111112 0.884765625 0.65625 0.88671875 0.6631944444444444 0.884765625 0.6701388888888888 0.87890625 0.6770833333333334 0.87109375 0.6736111111111112 0.8671875 0.6666666666666666 0.85546875 0.6597222222222222 0.85546875 0.6423611111111112 0.87109375 0.6284722222222222
0 0.00390625 0.8020833333333334 0.0078125 0.8055555555555556 0.001953125 0.8125 0.005859375 0.8194444444444444 0.005859375 0.8263888888888888 0.01171875 0.8368055555555556 0.0234375 0.8368055555555556 0.025390625 0.8333333333333334 0.0234375 0.8298611111111112 0.02734375 0.8298611111111112 0.029296875 0.8263888888888888 0.03125 0.8090277777777778 0.037109375 0.8090277777777778 0.0390625 0.8125 0.041015625 0.8298611111111112 0.029296875 0.8472222222222222 0.0234375 0.8506944444444444 0.015625 0.8645833333333334 0.009765625 0.8680555555555556 0.00390625 0.8784722222222222 0.00390625 0.8819444444444444 0 0.8854166666666666 0 0.8368055555555556 0.00390625 0.8333333333333334 0 0.8229166666666666 0 0.8055555555555556 0.001953125 0.8055555555555556
0 0.251953125 0.5069444444444444 0.251953125 0.5 0.25 0.4965277777777778 0.25 0.4791666666666667 0.248046875 0.4756944444444444 0.25 0.46875 0.263671875 0.46875 0.263671875 0.5034722222222222 0.26171875 0.5069444444444444 0.25390625 0.5069444444444444
0 0.158203125 0.5208333333333334 0.15625 0.5138888888888888 0.15625 0.5034722222222222 0.154296875 0.5 0.154296875 0.4722222222222222 0.15625 0.46875 0.166015625 0.46875 0.171875 0.4791666666666667 0.171875 0.4895833333333333 0.173828125 0.4930555555555556 0.173828125 0.5104166666666666 0.171875 0.5138888888888888 0.171875 0.5208333333333334 0.16796875 0.5243055555555556 0.162109375 0.5243055555555556 0.16015625 0.5208333333333334
0 0.9765625 0.6215277777777778 0.978515625 0.625 0.98046875 0.6458333333333334 0.984375 0.65625 0.98828125 0.6527777777777778 0.998046875 0.6527777777777778 0.998046875 0.6875 0.994140625 0.6875 0.984375 0.6736111111111112 0.974609375 0.6701388888888888 0.970703125 0.6597222222222222 0.970703125 0.6388888888888888 0.9765625 0.625
0 0.21875 0.6701388888888888 0.23046875 0.6701388888888888 0.228515625 0.6770833333333334 0.228515625 0.6875 0.2265625 0.6909722222222222 0.2265625 0.7048611111111112 0.22265625 0.7152777777777778 0.224609375 0.7430555555555556 0.208984375 0.7604166666666666 0.205078125 0.7534722222222222 0.203125 0.7326388888888888 0.201171875 0.7291666666666666 0.201171875 0.7118055555555556 0.203125 0.7083333333333334 0.201171875 0.6840277777777778 0.203125 0.6805555555555556 0.208984375 0.6805555555555556 0.21875 0.6736111111111112
0 0.162109375 0.6666666666666666 0.16796875 0.6736111111111112 0.169921875 0.6875 0.1640625 0.7118055555555556 0.1640625 0.7256944444444444 0.15234375 0.7430555555555556 0.138671875 0.7430555555555556 0.126953125 0.7256944444444444 0.126953125 0.6909722222222222 0.134765625 0.6631944444444444 0.14453125 0.6631944444444444 0.146484375 0.6666666666666666 0.158203125 0.6631944444444444 0.16015625 0.6666666666666666
0 0.28125 0.46875 0.283203125 0.5034722222222222 0.28125 0.5104166666666666 0.27734375 0.5138888888888888 0.2734375 0.5138888888888888 0.26953125 0.5069444444444444 0.267578125 0.4826388888888889 0.271484375 0.4652777777777778 0.27734375 0.4652777777777778 0.279296875 0.46875
0 0.259765625 0.5520833333333334 0.265625 0.5451388888888888 0.271484375 0.5451388888888888 0.27734375 0.5590277777777778 0.27734375 0.59375 0.275390625 0.5972222222222222 0.275390625 0.6111111111111112 0.267578125 0.6180555555555556 0.26171875 0.6180555555555556 0.2578125 0.6076388888888888 0.2578125 0.5590277777777778 0.259765625 0.5555555555555556
0 0.212890625 0.5347222222222222 0.216796875 0.5416666666666666 0.216796875 0.5520833333333334 0.212890625 0.5659722222222222 0.203125 0.5833333333333334 0.203125 0.5868055555555556 0.19921875 0.59375 0.1953125 0.5868055555555556 0.1953125 0.5451388888888888 0.19921875 0.5381944444444444 0.2109375 0.5381944444444444
0 0.787109375 0.84375 0.796875 0.8472222222222222 0.796875 0.8541666666666666 0.798828125 0.8576388888888888 0.806640625 0.8576388888888888 0.80859375 0.8541666666666666 0.80859375 0.8472222222222222 0.814453125 0.8472222222222222 0.81640625 0.84375 0.818359375 0.8472222222222222 0.822265625 0.8472222222222222 0.826171875 0.8576388888888888 0.826171875 0.8854166666666666 0.828125 0.8888888888888888 0.828125 0.8958333333333334 0.8203125 0.9097222222222222 0.8125 0.9097222222222222 0.80859375 0.9027777777777778 0.8046875 0.9027777777777778 0.798828125 0.8923611111111112 0.798828125 0.8888888888888888 0.791015625 0.8784722222222222 0.791015625 0.8715277777777778 0.7890625 0.8680555555555556 0.7890625 0.8506944444444444 0.787109375 0.8472222222222222
0 0.736328125 0.4305555555555556 0.736328125 0.4375 0.73828125 0.4409722222222222 0.73828125 0.4583333333333333 0.732421875 0.4652777777777778 0.728515625 0.4652777777777778 0.7265625 0.4618055555555556 0.7265625 0.4340277777777778 0.728515625 0.4305555555555556 0.734375 0.4305555555555556
0 0.224609375 0.3611111111111111 0.234375 0.3611111111111111 0.2421875 0.375 0.2421875 0.3888888888888889 0.23828125 0.3923611111111111 0.232421875 0.3923611111111111 0.23046875 0.3958333333333333 0.220703125 0.3958333333333333 0.21875 0.3888888888888889 0.21875 0.3784722222222222 0.224609375 0.3645833333333333
0 0.07421875 0.7638888888888888 0.099609375 0.7638888888888888 0.1015625 0.7673611111111112 0.10546875 0.7673611111111112 0.10546875 0.7916666666666666 0.099609375 0.7986111111111112 0.091796875 0.7986111111111112 0.08984375 0.8020833333333334 0.076171875 0.7986111111111112 0.076171875 0.7777777777777778 0.07421875 0.7743055555555556 0.07421875 0.7673611111111112
0 0.98046875 0.5243055555555556 0.9921875 0.5277777777777778 0.998046875 0.5347222222222222 0.998046875 0.5798611111111112 0.99609375 0.5798611111111112 0.994140625 0.5868055555555556 0.98828125 0.5763888888888888 0.982421875 0.5729166666666666 0.98046875 0.5659722222222222 0.98046875 0.5555555555555556 0.978515625 0.5520833333333334 0.98046875 0.5277777777777778
0 0.8203125 0.7048611111111112 0.822265625 0.7118055555555556 0.828125 0.7118055555555556 0.8359375 0.7048611111111112 0.845703125 0.7048611111111112 0.84765625 0.7083333333333334 0.84765625 0.7222222222222222 0.849609375 0.7256944444444444 0.849609375 0.7395833333333334 0.845703125 0.7465277777777778 0.845703125 0.7569444444444444 0.84375 0.7638888888888888 0.837890625 0.7638888888888888 0.830078125 0.7569444444444444 0.8203125 0.7361111111111112 0.8203125 0.7083333333333334
0 0.75390625 0.6909722222222222 0.763671875 0.6909722222222222 0.765625 0.6875 0.76953125 0.6909722222222222 0.779296875 0.6909722222222222 0.783203125 0.7013888888888888 0.783203125 0.71875 0.76953125 0.7395833333333334 0.765625 0.7395833333333334 0.75390625 0.7083333333333334 0.75390625 0.6944444444444444
0 0.26171875 0.3402777777777778 0.265625 0.3506944444444444 0.265625 0.3715277777777778 0.255859375 0.3784722222222222 0.25 0.3715277777777778 0.25 0.3576388888888889 0.25390625 0.34375 0.259765625 0.3402777777777778
0 0.53515625 0.3819444444444444 0.54296875 0.3819444444444444 0.55078125 0.375 0.556640625 0.3958333333333333 0.552734375 0.4201388888888889 0.54296875 0.4201388888888889 0.533203125 0.3958333333333333 0.533203125 0.3888888888888889 0.53515625 0.3854166666666667
0 0.822265625 0.4722222222222222 0.8359375 0.4722222222222222 0.837890625 0.4756944444444444 0.837890625 0.4895833333333333 0.833984375 0.4965277777777778 0.822265625 0.4965277777777778 0.8203125 0.4930555555555556 0.8203125 0.4791666666666667 0.822265625 0.4756944444444444
0 0.779296875 0.6180555555555556 0.787109375 0.6180555555555556 0.7890625 0.6215277777777778 0.791015625 0.65625 0.796875 0.6701388888888888 0.796875 0.6736111111111112 0.79296875 0.6736111111111112 0.7890625 0.6666666666666666 0.783203125 0.6666666666666666 0.78125 0.6597222222222222 0.78125 0.6493055555555556 0.77734375 0.6354166666666666 0.779296875 0.6319444444444444 0.779296875 0.6215277777777778
0 0.939453125 0.4965277777777778 0.94140625 0.5 0.953125 0.5 0.955078125 0.5034722222222222 0.9609375 0.5034722222222222 0.96484375 0.5138888888888888 0.962890625 0.5173611111111112 0.96484375 0.5208333333333334 0.96484375 0.5277777777777778 0.951171875 0.5277777777777778 0.943359375 0.5347222222222222 0.93359375 0.5347222222222222 0.9296875 0.53125 0.92578125 0.5138888888888888 0.927734375 0.5104166666666666 0.927734375 0.5034722222222222 0.931640625 0.4965277777777778 0.9375 0.4965277777777778
0 0.244140625 0.7986111111111112 0.248046875 0.8020833333333334 0.25 0.8125 0.25390625 0.8194444444444444 0.25390625 0.8298611111111112 0.25 0.8472222222222222 0.251953125 0.8541666666666666 0.25 0.8576388888888888 0.25 0.8680555555555556 0.240234375 0.8854166666666666 0.240234375 0.8888888888888888 0.228515625 0.90625 0.22265625 0.9236111111111112 0.21875 0.9270833333333334 0.21484375 0.9270833333333334 0.212890625 0.9236111111111112 0.212890625 0.9131944444444444 0.208984375 0.8993055555555556 0.208984375 0.8923611111111112 0.2109375 0.8888888888888888 0.2109375 0.8784722222222222 0.208984375 0.875 0.208984375 0.8298611111111112 0.216796875 0.8194444444444444 0.224609375 0.8194444444444444 0.232421875 0.8263888888888888 0.236328125 0.8368055555555556 0.240234375 0.8368055555555556 0.2421875 0.8333333333333334 0.2421875 0.8263888888888888 0.240234375 0.8229166666666666 0.244140625 0.8125 0.244140625 0.8020833333333334
0 0.201171875 0.6180555555555556 0.2109375 0.6180555555555556 0.212890625 0.6215277777777778 0.216796875 0.6215277777777778 0.22265625 0.6284722222222222 0.23046875 0.6458333333333334 0.23046875 0.6631944444444444 0.2265625 0.6631944444444444 0.22265625 0.6597222222222222 0.220703125 0.6527777777777778 0.21875 0.6527777777777778 0.220703125 0.6458333333333334 0.21875 0.6388888888888888 0.216796875 0.6354166666666666 0.212890625 0.6354166666666666 0.208984375 0.6458333333333334 0.2109375 0.6527777777777778 0.208984375 0.6527777777777778 0.203125 0.6631944444444444 0.203125 0.6701388888888888 0.201171875 0.6701388888888888 0.201171875 0.6458333333333334 0.19921875 0.6423611111111112 0.19921875 0.625 0.201171875 0.6215277777777778