0 0.69140625 0.3229166666666667 0.6953125 0.3263888888888889 0.6953125 0.34375 0.693359375 0.3472222222222222 0.689453125 0.3472222222222222 0.6875 0.34375 0.6875 0.3298611111111111 0.689453125 0.3263888888888889
0 0.6875 0.4375 0.01171875 0.027777777777777776
0 0.619140625 0.375 0.619140625 0.3645833333333333 0.6171875 0.3576388888888889 0.62109375 0.3472222222222222 0.625 0.3506944444444444 0.625 0.3645833333333333 0.623046875 0.3680555555555556 0.623046875 0.375 0.62109375 0.375
0 0.650390625 0.3402777777777778 0.65234375 0.3472222222222222 0.65234375 0.3576388888888889 0.650390625 0.3611111111111111 0.646484375 0.3611111111111111 0.64453125 0.3576388888888889 0.64453125 0.34375 0.6484375 0.3402777777777778
0 0.98046875 0.5243055555555556 0.990234375 0.5347222222222222 0.994140625 0.5347222222222222 0.998046875 0.5451388888888888 0.998046875 0.5625 0.994140625 0.5694444444444444 0.994140625 0.5798611111111112 0.998046875 0.5868055555555556 0.998046875 0.59375 0.99609375 0.59375 0.994140625 0.5902777777777778 0.994140625 0.5833333333333334 0.986328125 0.5763888888888888 0.98046875 0.5659722222222222 0.98046875 0.5555555555555556 0.978515625 0.5520833333333334 0.98046875 0.5277777777777778
0 0.64453125 0.4201388888888889 0.6484375 0.4166666666666667 0.654296875 0.4166666666666667 0.658203125 0.4236111111111111 0.65625 0.4375 0.65234375 0.4444444444444444 0.64453125 0.4409722222222222 0.64453125 0.4236111111111111
0 0.865234375 0.8368055555555556 0.865234375 0.8472222222222222 0.86328125 0.8506944444444444 0.86328125 0.875 0.865234375 0.8784722222222222 0.865234375 0.8958333333333334 0.8671875 0.9027777777777778 0.875 0.9131944444444444 0.884765625 0.8993055555555556 0.900390625 0.8993055555555556 0.912109375 0.9236111111111112 0.912109375 0.9270833333333334 0.908203125 0.9305555555555556 0.908203125 0.9513888888888888 0.90625 0.9583333333333334 0.900390625 0.9652777777777778 0.896484375 0.9652777777777778 0.888671875 0.9513888888888888 0.880859375 0.9479166666666666 0.875 0.9375 0.869140625 0.9166666666666666 0.861328125 0.9027777777777778 0.861328125 0.8645833333333334 0.859375 0.8611111111111112 0.861328125 0.8541666666666666 0.859375 0.8506944444444444 0.859375 0.8402777777777778 0.86328125 0.8368055555555556
0 0.869140625 0.5833333333333334 0.873046875 0.5798611111111112 0.876953125 0.5833333333333334 0.87890625 0.5902777777777778 0.875 0.6041666666666666 0.876953125 0.6111111111111112 0.880859375 0.6111111111111112 0.8828125 0.6145833333333334 0.888671875 0.6145833333333334 0.890625 0.6111111111111112 0.904296875 0.6111111111111112 0.908203125 0.6284722222222222 0.90625 0.6354166666666666 0.90625 0.6458333333333334 0.900390625 0.65625 0.89453125 0.65625 0.888671875 0.6458333333333334 0.880859375 0.6423611111111112 0.873046875 0.6319444444444444 0.8671875 0.6319444444444444 0.865234375 0.6354166666666666 0.861328125 0.6319444444444444 0.859375 0.6180555555555556 0.865234375 0.6041666666666666 0.865234375 0.59375 0.869140625 0.5868055555555556
0 0.275390625 0.4965277777777778 0.283203125 0.5 0.283203125 0.5069444444444444 0.28515625 0.5104166666666666 0.28515625 0.5520833333333334 0.27734375 0.5520833333333334 0.2734375 0.5416666666666666 0.2734375 0.5277777777777778 0.271484375 0.5243055555555556 0.271484375 0.5138888888888888 0.275390625 0.5
0 0.140625 0.6875 0.146484375 0.6979166666666666 0.1484375 0.7083333333333334 0.15234375 0.7152777777777778 0.154296875 0.7152777777777778 0.1640625 0.6944444444444444 0.166015625 0.7013888888888888 0.166015625 0.71875 0.16015625 0.7361111111111112 0.15234375 0.7361111111111112 0.146484375 0.7430555555555556 0.142578125 0.7430555555555556 0.134765625 0.7638888888888888 0.12890625 0.7638888888888888 0.125 0.75 0.125 0.6979166666666666 0.12890625 0.6875 0.138671875 0.6875
0 0.92578125 0.7777777777777778 0.927734375 0.78125 0.94140625 0.78125 0.943359375 0.7847222222222222 0.94140625 0.7986111111111112 0.939453125 0.7986111111111112 0.9375 0.8055555555555556 0.93359375 0.8020833333333334 0.9296875 0.8090277777777778 0.9296875 0.8229166666666666 0.931640625 0.8263888888888888 0.947265625 0.8333333333333334 0.951171875 0.8263888888888888 0.953125 0.8159722222222222 0.95703125 0.8159722222222222 0.958984375 0.8125 0.9609375 0.8159722222222222 0.97265625 0.8159722222222222 0.9765625 0.8194444444444444 0.9765625 0.8472222222222222 0.98046875 0.8611111111111112 0.978515625 0.8611111111111112 0.96875 0.8784722222222222 0.96875 0.8819444444444444 0.96484375 0.8854166666666666 0.95703125 0.8819444444444444 0.955078125 0.875 0.94921875 0.8680555555555556 0.93359375 0.8368055555555556 0.92578125 0.8298611111111112 0.923828125 0.8229166666666666 0.923828125 0.8020833333333334 0.92578125 0.7986111111111112 0.923828125 0.7916666666666666 0.923828125 0.78125
0 0.228515625 0.6111111111111112 0.234375 0.6319444444444444 0.2421875 0.6388888888888888 0.2421875 0.65625 0.240234375 0.6631944444444444 0.232421875 0.6666666666666666 0.224609375 0.6770833333333334 0.22265625 0.6770833333333334 0.21875 0.6666666666666666 0.216796875 0.6180555555555556 0.220703125 0.6111111111111112 0.2265625 0.6111111111111112
0 0.7119140625 0.5711805555555556 0.017578125 0.03819444444444445
0 0.123046875 0.8159722222222222 0.125 0.8194444444444444 0.125 0.8333333333333334 0.123046875 0.8402777777777778 0.125 0.84375 0.125 0.8576388888888888 0.126953125 0.8611111111111112 0.126953125 0.875 0.125 0.8819444444444444 0.1171875 0.8888888888888888 0.10546875 0.9097222222222222 0.099609375 0.9131944444444444 0.09375 0.9236111111111112 0.09375 0.9270833333333334 0.091796875 0.9270833333333334 0.087890625 0.9375 0.0859375 0.9375 0.080078125 0.9479166666666666 0.07421875 0.9479166666666666 0.0703125 0.9409722222222222 0.0703125 0.9201388888888888 0.068359375 0.9166666666666666 0.068359375 0.875 0.0703125 0.8715277777777778 0.072265625 0.8472222222222222 0.08203125 0.8402777777777778 0.0859375 0.84375 0.091796875 0.84375 0.095703125 0.8506944444444444 0.09765625 0.8611111111111112 0.103515625 0.8680555555555556 0.107421875 0.8506944444444444 0.10546875 0.8472222222222222 0.111328125 0.8402777777777778 0.111328125 0.8333333333333334 0.1171875 0.8229166666666666 0.1171875 0.8194444444444444 0.12109375 0.8159722222222222
0 0.5546875 0.4375 0.556640625 0.4409722222222222 0.556640625 0.4618055555555556 0.552734375 0.4722222222222222 0.546875 0.46875 0.541015625 0.4548611111111111 0.544921875 0.4409722222222222 0.552734375 0.4375
0 0.697265625 0.46875 0.697265625 0.4479166666666667 0.69921875 0.4444444444444444 0.705078125 0.4444444444444444 0.705078125 0.46875 0.703125 0.4722222222222222 0.69921875 0.46875
0 0.7265625 0.4131944444444444 0.732421875 0.4131944444444444 0.734375 0.4166666666666667 0.734375 0.4236111111111111 0.73046875 0.4375 0.7265625 0.4340277777777778 0.7265625 0.4166666666666667
0 0.740234375 0.5277777777777778 0.740234375 0.5208333333333334 0.73828125 0.5173611111111112 0.73828125 0.5 0.744140625 0.4930555555555556 0.75 0.4930555555555556 0.751953125 0.4965277777777778 0.75390625 0.5034722222222222 0.75390625 0.5173611111111112 0.75 0.53125 0.744140625 0.53125 0.7421875 0.5277777777777778
0 0.212890625 0.3645833333333333 0.2265625 0.3611111111111111 0.23046875 0.3680555555555556 0.23046875 0.3854166666666667 0.2265625 0.3923611111111111 0.21875 0.3923611111111111 0.216796875 0.3958333333333333 0.2109375 0.3923611111111111 0.212890625 0.3680555555555556
0 0.15625 0.4722222222222222 0.16015625 0.46875 0.16796875 0.4722222222222222 0.171875 0.4791666666666667 0.171875 0.4895833333333333 0.173828125 0.4930555555555556 0.173828125 0.5104166666666666 0.171875 0.5173611111111112 0.16796875 0.5243055555555556 0.162109375 0.5243055555555556 0.158203125 0.5208333333333334 0.15625 0.5138888888888888 0.15625 0.5034722222222222 0.154296875 0.5 0.154296875 0.4791666666666667 0.15625 0.4756944444444444
0 0.146484375 0.59375 0.1484375 0.6076388888888888 0.15625 0.6284722222222222 0.15234375 0.6423611111111112 0.146484375 0.6423611111111112 0.138671875 0.6527777777777778 0.1328125 0.6527777777777778 0.1328125 0.6423611111111112 0.130859375 0.6388888888888888 0.130859375 0.6180555555555556 0.12890625 0.6111111111111112 0.13671875 0.5902777777777778 0.142578125 0.5902777777777778 0.14453125 0.59375
0 0.740234375 0.4409722222222222 0.744140625 0.4444444444444444 0.74609375 0.4513888888888889 0.744140625 0.4618055555555556 0.740234375 0.46875 0.734375 0.4722222222222222 0.734375 0.4618055555555556 0.732421875 0.4548611111111111 0.734375 0.4479166666666667 0.73828125 0.4444444444444444
0 0.81640625 0.6909722222222222 0.8203125 0.6909722222222222 0.82421875 0.6805555555555556 0.828125 0.6805555555555556 0.830078125 0.6770833333333334 0.8359375 0.6770833333333334 0.83984375 0.6909722222222222 0.837890625 0.7222222222222222 0.830078125 0.7291666666666666 0.81640625 0.7083333333333334 0.81640625 0.6944444444444444
0 0.744140625 0.875 0.74609375 0.8784722222222222 0.7578125 0.8784722222222222 0.7578125 0.8854166666666666 0.755859375 0.8888888888888888 0.7578125 0.9166666666666666 0.75 0.9236111111111112 0.75 0.9375 0.748046875 0.9409722222222222 0.744140625 0.9409722222222222 0.732421875 0.9166666666666666 0.73046875 0.9097222222222222 0.73046875 0.8958333333333334 0.728515625 0.8923611111111112 0.732421875 0.8784722222222222 0.736328125 0.875 0.7421875 0.875
0 0.759765625 0.625 0.763671875 0.6215277777777778 0.76953125 0.6215277777777778 0.7734375 0.6284722222222222 0.7734375 0.65625 0.765625 0.6666666666666666 0.755859375 0.6527777777777778 0.755859375 0.6423611111111112 0.759765625 0.6284722222222222
0 0.609375 0.4270833333333333 0.611328125 0.4305555555555556 0.615234375 0.4305555555555556 0.615234375 0.4444444444444444 0.609375 0.4548611111111111 0.60546875 0.4548611111111111 0.60546875 0.4479166666666667 0.603515625 0.4444444444444444 0.603515625 0.4305555555555556 0.607421875 0.4270833333333333
0 0.576171875 0.5798611111111112 0.583984375 0.5868055555555556 0.583984375 0.6145833333333334 0.580078125 0.625 0.572265625 0.625 0.568359375 0.6076388888888888 0.568359375 0.5868055555555556 0.57421875 0.5798611111111112
0 0.185546875 0.3715277777777778 0.1953125 0.3854166666666667 0.1953125 0.3993055555555556 0.193359375 0.4027777777777778 0.185546875 0.3993055555555556 0.177734375 0.3854166666666667 0.177734375 0.375 0.18359375 0.3715277777777778
0 0.74609375 0.875 0.748046875 0.8784722222222222 0.7578125 0.8784722222222222 0.7578125 0.8888888888888888 0.755859375 0.8923611111111112 0.7578125 0.9166666666666666 0.75 0.9236111111111112 0.75 0.9375 0.748046875 0.9409722222222222 0.744140625 0.9409722222222222 0.73046875 0.9131944444444444 0.73046875 0.8993055555555556 0.728515625 0.8958333333333334 0.728515625 0.8819444444444444 0.73046875 0.8784722222222222 0.734375 0.875 0.744140625 0.875
0 0.76171875 0.4791666666666667 0.7734375 0.4791666666666667 0.775390625 0.4826388888888889 0.775390625 0.5104166666666666 0.7734375 0.5138888888888888 0.76171875 0.5104166666666666 0.76171875 0.4930555555555556 0.759765625 0.4895833333333333 0.76171875 0.4826388888888889
0 0.224609375 0.5555555555555556 0.23828125 0.5590277777777778 0.2421875 0.5659722222222222 0.248046875 0.5659722222222222 0.25 0.5694444444444444 0.248046875 0.5729166666666666 0.248046875 0.5868055555555556 0.244140625 0.6041666666666666 0.23046875 0.5763888888888888 0.22265625 0.5729166666666666 0.224609375 0.5694444444444444 0.22265625 0.5659722222222222 0.224609375 0.5590277777777778
0 0.205078125 0.7256944444444444 0.205078125 0.7291666666666666 0.208984375 0.7326388888888888 0.208984375 0.7569444444444444 0.2109375 0.7604166666666666 0.208984375 0.7638888888888888 0.212890625 0.7673611111111112 0.21875 0.7569444444444444 0.216796875 0.75 0.21875 0.7465277777777778 0.21875 0.7395833333333334 0.22265625 0.7361111111111112 0.22265625 0.7638888888888888 0.220703125 0.7673611111111112 0.220703125 0.7743055555555556 0.201171875 0.7916666666666666 0.189453125 0.8125 0.18359375 0.8125 0.1796875 0.8055555555555556 0.1796875 0.7673611111111112 0.177734375 0.7638888888888888 0.177734375 0.7569444444444444 0.181640625 0.7430555555555556 0.181640625 0.7326388888888888 0.185546875 0.7256944444444444 0.203125 0.7256944444444444