0 0.673828125 0.3229166666666667 0.681640625 0.3229166666666667 0.68359375 0.3298611111111111 0.681640625 0.3506944444444444 0.677734375 0.3506944444444444 0.67578125 0.34375 0.67578125 0.3298611111111111 0.673828125 0.3263888888888889
0 0.900390625 0.5104166666666666 0.90234375 0.5138888888888888 0.90234375 0.5416666666666666 0.896484375 0.5555555555555556 0.890625 0.5555555555555556 0.884765625 0.5451388888888888 0.8828125 0.5451388888888888 0.8828125 0.53125 0.892578125 0.5104166666666666 0.8984375 0.5104166666666666
0 0.26171875 0.4930555555555556 0.263671875 0.4965277777777778 0.26171875 0.53125 0.255859375 0.53125 0.251953125 0.5381944444444444 0.248046875 0.5381944444444444 0.248046875 0.4965277777777778 0.25 0.4930555555555556 0.259765625 0.4930555555555556
0 0.1640625 0.5729166666666666 0.16796875 0.5833333333333334 0.16796875 0.6041666666666666 0.166015625 0.6076388888888888 0.166015625 0.6180555555555556 0.162109375 0.625 0.15234375 0.6319444444444444 0.1484375 0.6388888888888888 0.140625 0.6388888888888888 0.140625 0.6319444444444444 0.138671875 0.6284722222222222 0.138671875 0.6111111111111112 0.13671875 0.6076388888888888 0.13671875 0.5972222222222222 0.138671875 0.59375 0.142578125 0.5902777777777778 0.15234375 0.5902777777777778 0.154296875 0.59375 0.158203125 0.59375 0.162109375 0.5868055555555556 0.162109375 0.5798611111111112 0.1640625 0.5763888888888888
0 0.798828125 0.5868055555555556 0.810546875 0.5868055555555556 0.81640625 0.6006944444444444 0.81640625 0.6215277777777778 0.8125 0.6284722222222222 0.806640625 0.6319444444444444 0.798828125 0.6215277777777778 0.798828125 0.6145833333333334 0.796875 0.6111111111111112 0.796875 0.59375 0.798828125 0.5902777777777778
0 0.998046875 0.59375 0.994140625 0.5902777777777778 0.98046875 0.5625 0.98046875 0.5451388888888888 0.986328125 0.5347222222222222 0.990234375 0.53125 0.998046875 0.5347222222222222 0.998046875 0.5902777777777778
0 0.619140625 0.6145833333333334 0.62109375 0.6215277777777778 0.62109375 0.6319444444444444 0.623046875 0.6354166666666666 0.623046875 0.6597222222222222 0.62109375 0.6666666666666666 0.61328125 0.6666666666666666 0.60546875 0.6597222222222222 0.60546875 0.6527777777777778 0.603515625 0.6493055555555556 0.60546875 0.6458333333333334 0.609375 0.6180555555555556 0.611328125 0.6145833333333334 0.6171875 0.6145833333333334
0 0.123046875 0.7361111111111112 0.12890625 0.7430555555555556 0.1328125 0.7430555555555556 0.140625 0.75 0.134765625 0.75 0.1328125 0.7534722222222222 0.138671875 0.7638888888888888 0.13671875 0.7673611111111112 0.138671875 0.7847222222222222 0.126953125 0.7951388888888888 0.12109375 0.8159722222222222 0.1171875 0.8229166666666666 0.111328125 0.8229166666666666 0.107421875 0.8125 0.107421875 0.7847222222222222 0.109375 0.78125 0.109375 0.7569444444444444 0.111328125 0.7534722222222222 0.109375 0.7395833333333334 0.111328125 0.7361111111111112 0.12109375 0.7361111111111112
0 0.21875 0.625 0.2265625 0.6319444444444444 0.234375 0.625 0.23828125 0.6354166666666666 0.23828125 0.65625 0.234375 0.6666666666666666 0.232421875 0.6805555555555556 0.2265625 0.6909722222222222 0.22265625 0.6909722222222222 0.216796875 0.7048611111111112 0.212890625 0.7048611111111112 0.2109375 0.6979166666666666 0.2109375 0.6875 0.208984375 0.6840277777777778 0.208984375 0.6736111111111112 0.20703125 0.6701388888888888 0.20703125 0.6354166666666666 0.212890625 0.6215277777777778 0.216796875 0.625
0 0.2666015625 0.6024305555555556 0.021484375 0.06597222222222222
0 0.216796875 0.5625 0.22265625 0.5798611111111112 0.22265625 0.5902777777777778 0.216796875 0.6006944444444444 0.216796875 0.6076388888888888 0.208984375 0.6215277777777778 0.208984375 0.625 0.205078125 0.625 0.205078125 0.5972222222222222 0.201171875 0.5868055555555556 0.205078125 0.5694444444444444 0.208984375 0.5625 0.21484375 0.5625
0 0.896484375 0.4895833333333333 0.900390625 0.4930555555555556 0.904296875 0.5034722222222222 0.90234375 0.5416666666666666 0.896484375 0.5555555555555556 0.890625 0.5555555555555556 0.87890625 0.5381944444444444 0.880859375 0.5347222222222222 0.880859375 0.5138888888888888 0.87890625 0.5104166666666666 0.880859375 0.5034722222222222 0.8828125 0.5 0.88671875 0.5 0.892578125 0.4895833333333333 0.89453125 0.4895833333333333
0 0.712890625 0.3680555555555556 0.71484375 0.3715277777777778 0.71484375 0.3854166666666667 0.7109375 0.3958333333333333 0.70703125 0.3958333333333333 0.705078125 0.3923611111111111 0.705078125 0.3784722222222222 0.703125 0.375 0.7109375 0.3680555555555556
0 0.859375 0.5590277777777778 0.86328125 0.5625 0.86328125 0.5902777777777778 0.861328125 0.5972222222222222 0.8515625 0.6111111111111112 0.84375 0.6041666666666666 0.841796875 0.5902777777777778 0.837890625 0.5798611111111112 0.8359375 0.5625 0.837890625 0.5590277777777778 0.841796875 0.5625 0.857421875 0.5590277777777778
0 0.2109375 0.3576388888888889 0.21484375 0.3541666666666667 0.224609375 0.3541666666666667 0.23046875 0.3680555555555556 0.23046875 0.3819444444444444 0.2265625 0.3888888888888889 0.224609375 0.3854166666666667 0.21875 0.3854166666666667 0.2109375 0.3923611111111111 0.208984375 0.3888888888888889 0.208984375 0.3680555555555556 0.2109375 0.3611111111111111
0 0.962890625 0.4791666666666667 0.966796875 0.4826388888888889 0.966796875 0.5 0.96484375 0.5034722222222222 0.96484375 0.5173611111111112 0.966796875 0.5243055555555556 0.96484375 0.5277777777777778 0.9453125 0.5277777777777778 0.94140625 0.53125 0.939453125 0.5277777777777778 0.931640625 0.5277777777777778 0.927734375 0.5138888888888888 0.931640625 0.5 0.935546875 0.4965277777777778 0.95703125 0.4965277777777778 0.958984375 0.4930555555555556 0.958984375 0.4826388888888889 0.9609375 0.4826388888888889
0 0.66015625 0.6284722222222222 0.662109375 0.6319444444444444 0.6640625 0.6493055555555556 0.662109375 0.6527777777777778 0.662109375 0.6666666666666666 0.658203125 0.6736111111111112 0.642578125 0.6736111111111112 0.640625 0.6701388888888888 0.640625 0.65625 0.646484375 0.6423611111111112 0.6484375 0.6319444444444444 0.65234375 0.6284722222222222 0.658203125 0.6284722222222222
0 0.732421875 0.4652777777777778 0.732421875 0.4513888888888889 0.73046875 0.4444444444444444 0.734375 0.4340277777777778 0.744140625 0.4340277777777778 0.74609375 0.4409722222222222 0.744140625 0.4618055555555556 0.7421875 0.4618055555555556 0.740234375 0.46875 0.736328125 0.46875 0.734375 0.4652777777777778
0 0.7265625 0.3541666666666667 0.728515625 0.3576388888888889 0.728515625 0.3784722222222222 0.72265625 0.3854166666666667 0.71875 0.375 0.71875 0.3611111111111111 0.720703125 0.3576388888888889 0.724609375 0.3576388888888889