0 0.9609375 0.4861111111111111 0.96484375 0.4861111111111111 0.966796875 0.4895833333333333 0.966796875 0.4965277777777778 0.962890625 0.5104166666666666 0.96484375 0.5138888888888888 0.96484375 0.5277777777777778 0.935546875 0.5347222222222222 0.927734375 0.5243055555555556 0.927734375 0.5104166666666666 0.931640625 0.5 0.935546875 0.4965277777777778 0.94140625 0.4965277777777778 0.943359375 0.5 0.95703125 0.5034722222222222 0.9609375 0.4895833333333333
0 0.712890625 0.3368055555555556 0.71875 0.3368055555555556 0.720703125 0.34375 0.71875 0.3645833333333333 0.71484375 0.3680555555555556 0.712890625 0.3645833333333333 0.712890625 0.3402777777777778
0 0.923828125 0.6215277777777778 0.927734375 0.6215277777777778 0.92578125 0.6388888888888888 0.927734375 0.6423611111111112 0.927734375 0.6493055555555556 0.931640625 0.65625 0.935546875 0.65625 0.94140625 0.6493055555555556 0.947265625 0.6493055555555556 0.955078125 0.65625 0.955078125 0.6736111111111112 0.953125 0.6770833333333334 0.953125 0.6979166666666666 0.951171875 0.7048611111111112 0.947265625 0.7118055555555556 0.943359375 0.7118055555555556 0.94140625 0.7152777777777778 0.9375 0.7118055555555556 0.93359375 0.7013888888888888 0.92578125 0.6875 0.923828125 0.6875 0.919921875 0.6736111111111112 0.919921875 0.6631944444444444 0.921875 0.6597222222222222 0.919921875 0.65625 0.919921875 0.6458333333333334 0.923828125 0.6388888888888888 0.923828125 0.625
0 0.837890625 0.59375 0.845703125 0.6006944444444444 0.849609375 0.5972222222222222 0.857421875 0.5972222222222222 0.859375 0.6041666666666666 0.865234375 0.6111111111111112 0.865234375 0.625 0.859375 0.6354166666666666 0.859375 0.6423611111111112 0.857421875 0.6458333333333334 0.84765625 0.6458333333333334 0.83984375 0.6284722222222222 0.83984375 0.6215277777777778 0.837890625 0.6180555555555556 0.837890625 0.5972222222222222
0 0.701171875 0.3472222222222222 0.705078125 0.3611111111111111 0.703125 0.3645833333333333 0.703125 0.375 0.69921875 0.3784722222222222 0.6953125 0.375 0.6953125 0.3506944444444444 0.69921875 0.3472222222222222
0 0.529296875 0.4201388888888889 0.533203125 0.4201388888888889 0.53515625 0.4236111111111111 0.54296875 0.4201388888888889 0.544921875 0.4236111111111111 0.544921875 0.4409722222222222 0.54296875 0.4479166666666667 0.533203125 0.4479166666666667 0.529296875 0.4444444444444444 0.52734375 0.4409722222222222 0.52734375 0.4305555555555556 0.529296875 0.4236111111111111
0 0.880859375 0.5208333333333334 0.880859375 0.5277777777777778 0.87890625 0.53125 0.87890625 0.5520833333333334 0.875 0.5590277777777778 0.869140625 0.5520833333333334 0.861328125 0.5520833333333334 0.857421875 0.5451388888888888 0.857421875 0.5277777777777778 0.859375 0.5243055555555556 0.87109375 0.5243055555555556 0.873046875 0.5208333333333334 0.87890625 0.5208333333333334
0 0.7421875 0.5208333333333334 0.75390625 0.5208333333333334 0.7578125 0.5243055555555556 0.759765625 0.53125 0.759765625 0.5416666666666666 0.755859375 0.5520833333333334 0.748046875 0.5520833333333334 0.7421875 0.5451388888888888 0.7421875 0.5243055555555556
0 0 0.6527777777777778 0.009765625 0.6458333333333334 0.013671875 0.6388888888888888 0.017578125 0.625 0.017578125 0.6180555555555556 0.0234375 0.6076388888888888 0.03125 0.6006944444444444 0.037109375 0.6006944444444444 0.044921875 0.6145833333333334 0.046875 0.6215277777777778 0.046875 0.6319444444444444 0.048828125 0.6354166666666666 0.048828125 0.6805555555555556 0.0390625 0.6909722222222222 0.033203125 0.6736111111111112 0.029296875 0.6805555555555556 0.029296875 0.6944444444444444 0.025390625 0.6979166666666666 0.01953125 0.6979166666666666 0.017578125 0.7013888888888888 0.0078125 0.7013888888888888 0 0.6944444444444444 0 0.65625
0 0.673828125 0.3055555555555556 0.677734375 0.3090277777777778 0.6796875 0.3159722222222222 0.677734375 0.3298611111111111 0.673828125 0.3298611111111111 0.671875 0.3263888888888889 0.671875 0.3090277777777778
0 0.587890625 0.3402777777777778 0.59375 0.3402777777777778 0.59765625 0.3472222222222222 0.59765625 0.3576388888888889 0.599609375 0.3611111111111111 0.595703125 0.3715277777777778 0.587890625 0.3715277777777778 0.587890625 0.3506944444444444 0.5859375 0.3472222222222222 0.587890625 0.34375
0 0.751953125 0.4479166666666667 0.763671875 0.4513888888888889 0.767578125 0.4618055555555556 0.765625 0.4826388888888889 0.763671875 0.4861111111111111 0.755859375 0.4861111111111111 0.75 0.4722222222222222 0.75 0.4583333333333333 0.751953125 0.4513888888888889
0 0.7265625 0.3819444444444444 0.732421875 0.3888888888888889 0.732421875 0.4097222222222222 0.73046875 0.4166666666666667 0.7265625 0.4166666666666667 0.72265625 0.4097222222222222 0.72265625 0.3888888888888889 0.724609375 0.3854166666666667
0 0.8271484375 0.6527777777777778 0.029296875 0.05555555555555555
0 0.625 0.34375 0.62890625 0.3472222222222222 0.630859375 0.3541666666666667 0.62890625 0.3576388888888889 0.62890625 0.375 0.62109375 0.375 0.619140625 0.3715277777777778 0.619140625 0.3576388888888889 0.62109375 0.3541666666666667 0.62109375 0.3472222222222222 0.623046875 0.3472222222222222
0 0.796875 0.4930555555555556 0.80078125 0.4930555555555556 0.806640625 0.5 0.81640625 0.5 0.818359375 0.5069444444444444 0.818359375 0.5243055555555556 0.814453125 0.53125 0.8046875 0.53125 0.798828125 0.5138888888888888 0.798828125 0.5034722222222222 0.796875 0.4965277777777778
0 0.791015625 0.4357638888888889 0.0234375 0.03125
0 0.576171875 0.3576388888888889 0.578125 0.3611111111111111 0.580078125 0.3784722222222222 0.572265625 0.3854166666666667 0.56640625 0.3854166666666667 0.560546875 0.3923611111111111 0.556640625 0.3923611111111111 0.5546875 0.3854166666666667 0.5546875 0.3680555555555556 0.556640625 0.3645833333333333 0.556640625 0.3576388888888889 0.55859375 0.3541666666666667 0.572265625 0.3541666666666667 0.57421875 0.3576388888888889
0 0.994140625 0.5277777777777778 0.998046875 0.53125 0.998046875 0.5798611111111112 0.990234375 0.5798611111111112 0.98046875 0.5659722222222222 0.98046875 0.5451388888888888 0.984375 0.5381944444444444 0.984375 0.53125 0.986328125 0.5277777777777778 0.9921875 0.53125