0 0.962890625 0.4791666666666667 0.966796875 0.4861111111111111 0.966796875 0.5 0.96484375 0.5034722222222222 0.966796875 0.5243055555555556 0.958984375 0.53125 0.939453125 0.53125 0.9375 0.5347222222222222 0.935546875 0.53125 0.9296875 0.53125 0.92578125 0.5138888888888888 0.931640625 0.5 0.951171875 0.5 0.95703125 0.4895833333333333 0.95703125 0.4861111111111111 0.9609375 0.4826388888888889
0 0.22265625 0.7430555555555556 0.23828125 0.7430555555555556 0.2421875 0.75 0.23828125 0.7638888888888888 0.240234375 0.7673611111111112 0.244140625 0.7673611111111112 0.24609375 0.7638888888888888 0.251953125 0.7638888888888888 0.25390625 0.7673611111111112 0.251953125 0.7708333333333334 0.25390625 0.7743055555555556 0.251953125 0.7916666666666666 0.24609375 0.8020833333333334 0.240234375 0.8055555555555556 0.23046875 0.8263888888888888 0.224609375 0.8263888888888888 0.22265625 0.8194444444444444 0.22265625 0.8090277777777778 0.220703125 0.8055555555555556 0.220703125 0.7881944444444444 0.216796875 0.7777777777777778 0.21875 0.7743055555555556 0.21875 0.7638888888888888 0.22265625 0.7465277777777778
0 0 0.6076388888888888 0.005859375 0.6076388888888888 0.0078125 0.6041666666666666 0.025390625 0.6076388888888888 0.033203125 0.625 0.033203125 0.6423611111111112 0.03515625 0.6458333333333334 0.03515625 0.6805555555555556 0.03125 0.6944444444444444 0.02734375 0.7013888888888888 0.017578125 0.7013888888888888 0.009765625 0.7118055555555556 0 0.7152777777777778 0 0.6388888888888888 0.00390625 0.6388888888888888 0.009765625 0.625 0.005859375 0.6145833333333334 0 0.6111111111111112
0 0.87109375 0.6701388888888888 0.873046875 0.6736111111111112 0.873046875 0.7118055555555556 0.8671875 0.7222222222222222 0.861328125 0.7222222222222222 0.8515625 0.7118055555555556 0.84765625 0.7048611111111112 0.84375 0.6805555555555556 0.845703125 0.6736111111111112 0.84765625 0.6770833333333334 0.85546875 0.6701388888888888 0.869140625 0.6701388888888888
0 0.572265625 0.6736111111111112 0.568359375 0.6631944444444444 0.568359375 0.6354166666666666 0.57421875 0.6284722222222222 0.580078125 0.6284722222222222 0.583984375 0.6354166666666666 0.583984375 0.6597222222222222 0.578125 0.6736111111111112 0.57421875 0.6736111111111112
0 0.1328125 0.7083333333333334 0.1328125 0.7222222222222222 0.130859375 0.7291666666666666 0.125 0.7395833333333334 0.115234375 0.75 0.111328125 0.7569444444444444 0.109375 0.7673611111111112 0.103515625 0.7708333333333334 0.09765625 0.7604166666666666 0.09765625 0.7291666666666666 0.09375 0.71875 0.095703125 0.6944444444444444 0.1015625 0.6840277777777778 0.115234375 0.6840277777777778 0.115234375 0.7048611111111112 0.11328125 0.7083333333333334 0.115234375 0.7152777777777778 0.119140625 0.7222222222222222 0.125 0.7222222222222222 0.12890625 0.7118055555555556 0.130859375 0.7118055555555556
0 0.271484375 0.6805555555555556 0.267578125 0.6631944444444444 0.267578125 0.65625 0.26953125 0.6527777777777778 0.26953125 0.6284722222222222 0.267578125 0.625 0.267578125 0.6180555555555556 0.26953125 0.6145833333333334 0.283203125 0.6145833333333334 0.2890625 0.6423611111111112 0.2890625 0.6631944444444444 0.2734375 0.6770833333333334
0 0.79296875 0.4409722222222222 0.794921875 0.4444444444444444 0.8046875 0.4479166666666667 0.80859375 0.4583333333333333 0.8046875 0.4722222222222222 0.798828125 0.4722222222222222 0.791015625 0.4548611111111111 0.791015625 0.4479166666666667 0.79296875 0.4444444444444444
0 0.759765625 0.4201388888888889 0.76171875 0.4236111111111111 0.76171875 0.4444444444444444 0.759765625 0.4513888888888889 0.755859375 0.4548611111111111 0.751953125 0.4548611111111111 0.751953125 0.4479166666666667 0.75 0.4444444444444444 0.75 0.4270833333333333 0.7578125 0.4201388888888889
0 0.72265625 0.3697916666666667 0.01171875 0.03819444444444445
0 0.91015625 0.6631944444444444 0.9140625 0.6666666666666666 0.9140625 0.6979166666666666 0.908203125 0.7152777777777778 0.900390625 0.7152777777777778 0.896484375 0.7048611111111112 0.88671875 0.6909722222222222 0.88671875 0.6840277777777778 0.884765625 0.6805555555555556 0.88671875 0.6770833333333334 0.88671875 0.6666666666666666 0.908203125 0.6631944444444444
0 0.244140625 0.4756944444444444 0.25 0.4861111111111111 0.25 0.5 0.251953125 0.5034722222222222 0.251953125 0.5173611111111112 0.25 0.5243055555555556 0.240234375 0.5243055555555556 0.23828125 0.5173611111111112 0.23828125 0.4930555555555556 0.236328125 0.4861111111111111 0.23828125 0.4791666666666667 0.2421875 0.4756944444444444
0 0.1904296875 0.6354166666666666 0.025390625 0.06944444444444445
0 0.998046875 0.8472222222222222 0.998046875 0.9097222222222222 0.994140625 0.9027777777777778 0.994140625 0.8923611111111112 0.9921875 0.8888888888888888 0.9921875 0.8784722222222222 0.994140625 0.875 0.994140625 0.8506944444444444 0.99609375 0.8506944444444444
0 0.701171875 0.4027777777777778 0.712890625 0.40625 0.712890625 0.4131944444444444 0.708984375 0.4270833333333333 0.703125 0.4270833333333333 0.701171875 0.4236111111111111 0.701171875 0.40625
0 0.693359375 0.3506944444444444 0.703125 0.3506944444444444 0.703125 0.3680555555555556 0.69921875 0.3784722222222222 0.6953125 0.3784722222222222 0.693359375 0.375 0.693359375 0.3541666666666667
0 0.728515625 0.40625 0.015625 0.041666666666666664
0 0.2470703125 0.6076388888888888 0.021484375 0.0625
0 0.19921875 0.9131944444444444 0.212890625 0.9166666666666666 0.21875 0.9236111111111112 0.2265625 0.9409722222222222 0.2265625 0.9756944444444444 0.22265625 0.9861111111111112 0.22265625 0.9930555555555556 0.220703125 0.9965277777777778 0.197265625 0.9965277777777778 0.1953125 0.9930555555555556 0.19140625 0.9930555555555556 0.189453125 0.9965277777777778 0.16015625 0.9965277777777778 0.16015625 0.9895833333333334 0.177734375 0.9305555555555556 0.181640625 0.9236111111111112 0.185546875 0.9270833333333334 0.193359375 0.9270833333333334 0.19921875 0.9166666666666666
0 0.986328125 0.5277777777777778 0.98828125 0.53125 0.994140625 0.53125 0.998046875 0.5347222222222222 0.998046875 0.59375 0.99609375 0.59375 0.98046875 0.5625 0.98046875 0.5451388888888888 0.984375 0.53125
0 0.826171875 0.5451388888888888 0.828125 0.5451388888888888 0.833984375 0.5555555555555556 0.83984375 0.5555555555555556 0.845703125 0.5625 0.845703125 0.5729166666666666 0.841796875 0.5798611111111112 0.83984375 0.5902777777777778 0.833984375 0.5902777777777778 0.828125 0.5798611111111112 0.826171875 0.5486111111111112