0 0.9609375 0.4895833333333333 0.96484375 0.4895833333333333 0.96484375 0.5277777777777778 0.962890625 0.53125 0.94921875 0.53125 0.939453125 0.5381944444444444 0.9296875 0.53125 0.9296875 0.5243055555555556 0.927734375 0.5208333333333334 0.927734375 0.5104166666666666 0.931640625 0.5 0.947265625 0.5 0.951171875 0.5034722222222222 0.9609375 0.4930555555555556
0 0.728515625 0.3611111111111111 0.73046875 0.3645833333333333 0.73046875 0.3715277777777778 0.7265625 0.3854166666666667 0.720703125 0.3854166666666667 0.720703125 0.3715277777777778 0.71875 0.3680555555555556 0.720703125 0.3611111111111111 0.7265625 0.3611111111111111
0 0.193359375 0.5486111111111112 0.208984375 0.5555555555555556 0.216796875 0.5729166666666666 0.216796875 0.59375 0.203125 0.6076388888888888 0.197265625 0.6076388888888888 0.193359375 0.6006944444444444 0.193359375 0.59375 0.19140625 0.5902777777777778 0.19140625 0.5625 0.193359375 0.5590277777777778 0.193359375 0.5520833333333334
0 0.5625 0.4791666666666667 0.5703125 0.4791666666666667 0.57421875 0.4861111111111111 0.57421875 0.4930555555555556 0.572265625 0.4965277777777778 0.572265625 0.5138888888888888 0.5703125 0.5173611111111112 0.564453125 0.5173611111111112 0.560546875 0.5 0.560546875 0.4895833333333333 0.5625 0.4826388888888889
0 0.0703125 0.7604166666666666 0.07421875 0.7638888888888888 0.078125 0.7777777777777778 0.078125 0.7951388888888888 0.076171875 0.7986111111111112 0.07421875 0.8194444444444444 0.064453125 0.8333333333333334 0.048828125 0.8472222222222222 0.03515625 0.8680555555555556 0.02734375 0.8680555555555556 0.021484375 0.8541666666666666 0.0234375 0.84375 0.02734375 0.8368055555555556 0.02734375 0.8333333333333334 0.021484375 0.8263888888888888 0.021484375 0.8055555555555556 0.025390625 0.7951388888888888 0.025390625 0.7881944444444444 0.03125 0.78125 0.044921875 0.78125 0.048828125 0.7916666666666666 0.0546875 0.7951388888888888 0.06640625 0.7743055555555556 0.06640625 0.7673611111111112 0.068359375 0.7638888888888888
0 0.216796875 0.4965277777777778 0.224609375 0.4965277777777778 0.228515625 0.5034722222222222 0.232421875 0.5034722222222222 0.232421875 0.5243055555555556 0.234375 0.5277777777777778 0.232421875 0.5347222222222222 0.21875 0.5451388888888888 0.21875 0.5347222222222222 0.21484375 0.5277777777777778 0.21484375 0.5069444444444444 0.216796875 0.5
0 0.125 0.8055555555555556 0.126953125 0.8090277777777778 0.13671875 0.8090277777777778 0.140625 0.8159722222222222 0.140625 0.8229166666666666 0.14453125 0.8298611111111112 0.146484375 0.8402777777777778 0.150390625 0.84375 0.150390625 0.8576388888888888 0.13671875 0.8784722222222222 0.1328125 0.8819444444444444 0.126953125 0.8819444444444444 0.123046875 0.8923611111111112 0.12109375 0.90625 0.115234375 0.9131944444444444 0.111328125 0.90625 0.107421875 0.8888888888888888 0.107421875 0.8784722222222222 0.109375 0.875 0.107421875 0.8506944444444444 0.109375 0.8472222222222222 0.109375 0.8333333333333334 0.111328125 0.8298611111111112 0.111328125 0.8229166666666666 0.109375 0.8194444444444444 0.109375 0.7986111111111112 0.11328125 0.7951388888888888 0.1171875 0.8020833333333334 0.12109375 0.8020833333333334 0.123046875 0.8055555555555556
0 0.15234375 0.7152777777777778 0.154296875 0.71875 0.154296875 0.7326388888888888 0.158203125 0.7430555555555556 0.15625 0.75 0.15625 0.7743055555555556 0.154296875 0.78125 0.15234375 0.7847222222222222 0.146484375 0.7847222222222222 0.138671875 0.7777777777777778 0.130859375 0.7604166666666666 0.125 0.7604166666666666 0.12109375 0.7673611111111112 0.123046875 0.7708333333333334 0.12109375 0.7777777777777778 0.115234375 0.7777777777777778 0.119140625 0.7534722222222222 0.1328125 0.7361111111111112 0.13671875 0.7465277777777778 0.13671875 0.7569444444444444 0.142578125 0.7673611111111112 0.14453125 0.7673611111111112 0.1484375 0.7604166666666666 0.15234375 0.7430555555555556 0.146484375 0.7222222222222222 0.150390625 0.71875
0 0.1484375 0.6006944444444444 0.150390625 0.6006944444444444 0.154296875 0.6111111111111112 0.154296875 0.6527777777777778 0.150390625 0.6631944444444444 0.140625 0.6736111111111112 0.1328125 0.6909722222222222 0.126953125 0.6909722222222222 0.12109375 0.6770833333333334 0.12109375 0.6597222222222222 0.119140625 0.65625 0.119140625 0.6388888888888888 0.125 0.6180555555555556 0.13671875 0.625 0.138671875 0.6319444444444444 0.14453125 0.6423611111111112 0.146484375 0.6423611111111112 0.150390625 0.625 0.150390625 0.6111111111111112 0.1484375 0.6041666666666666
0 0.609375 0.5520833333333334 0.61328125 0.5486111111111112 0.623046875 0.5486111111111112 0.62890625 0.5625 0.62890625 0.5833333333333334 0.625 0.59375 0.62109375 0.59375 0.619140625 0.5902777777777778 0.61328125 0.5902777777777778 0.607421875 0.5833333333333334 0.609375 0.5555555555555556
0 0.734375 0.5173611111111112 0.7421875 0.5173611111111112 0.75 0.5243055555555556 0.75 0.5347222222222222 0.744140625 0.5520833333333334 0.73828125 0.5520833333333334 0.734375 0.5451388888888888 0.734375 0.5208333333333334
0 0.68359375 0.3576388888888889 0.689453125 0.3576388888888889 0.69140625 0.3611111111111111 0.69140625 0.3715277777777778 0.6875 0.3784722222222222 0.68359375 0.375 0.68359375 0.3611111111111111
0 0.6953125 0.3819444444444444 0.701171875 0.3819444444444444 0.703125 0.3854166666666667 0.703125 0.3993055555555556 0.69921875 0.40625 0.6953125 0.4027777777777778 0.6953125 0.3958333333333333 0.693359375 0.3923611111111111 0.6953125 0.3854166666666667
0 0.982421875 0.5277777777777778 0.98828125 0.5243055555555556 0.998046875 0.53125 0.998046875 0.5659722222222222 0.99609375 0.5729166666666666 0.990234375 0.5798611111111112 0.98046875 0.5659722222222222 0.98046875 0.5381944444444444 0.982421875 0.53125