0 0.62109375 0.3159722222222222 0.0078125 0.027777777777777776
0 0.646484375 0.3125 0.64453125 0.2986111111111111 0.6484375 0.2916666666666667 0.65234375 0.2951388888888889 0.65234375 0.3055555555555556 0.650390625 0.3125 0.6484375 0.3125
0 0.765625 0.5 0.779296875 0.5 0.779296875 0.53125 0.76953125 0.53125 0.765625 0.5243055555555556 0.765625 0.5034722222222222
0 0.984375 0.7361111111111112 0.98828125 0.7361111111111112 0.984375 0.7395833333333334 0.984375 0.75 0.986328125 0.7534722222222222 0.984375 0.7569444444444444 0.990234375 0.7673611111111112 0.998046875 0.7743055555555556 0.998046875 0.8298611111111112 0.994140625 0.8298611111111112 0.98828125 0.8229166666666666 0.97265625 0.7986111111111112 0.97265625 0.7847222222222222 0.970703125 0.78125 0.97265625 0.7569444444444444 0.974609375 0.7534722222222222 0.974609375 0.7465277777777778 0.982421875 0.7395833333333334
0 0.26171875 0.4965277777777778 0.263671875 0.5 0.2734375 0.5 0.275390625 0.4965277777777778 0.27734375 0.5 0.27734375 0.5277777777777778 0.275390625 0.5347222222222222 0.263671875 0.5486111111111112 0.26171875 0.5451388888888888 0.26171875 0.5173611111111112 0.259765625 0.5138888888888888 0.259765625 0.5
0 0.546875 0.4270833333333333 0.552734375 0.4479166666666667 0.552734375 0.4618055555555556 0.548828125 0.4722222222222222 0.546875 0.4722222222222222 0.541015625 0.4618055555555556 0.533203125 0.4652777777777778 0.533203125 0.4305555555555556 0.53515625 0.4270833333333333 0.544921875 0.4270833333333333
0 0.197265625 0.5138888888888888 0.203125 0.5104166666666666 0.21484375 0.5243055555555556 0.21484375 0.5555555555555556 0.2109375 0.5625 0.203125 0.5659722222222222 0.19921875 0.5625 0.19921875 0.5277777777777778 0.197265625 0.5243055555555556 0.197265625 0.5173611111111112
0 0.560546875 0.4166666666666667 0.5625 0.4201388888888889 0.5625 0.4270833333333333 0.55859375 0.4444444444444444 0.552734375 0.4444444444444444 0.552734375 0.4340277777777778 0.55078125 0.4305555555555556 0.55078125 0.4201388888888889 0.552734375 0.4166666666666667 0.55859375 0.4166666666666667
0 0.09765625 0.6527777777777778 0.10546875 0.6423611111111112 0.123046875 0.6423611111111112 0.130859375 0.6354166666666666 0.1328125 0.6388888888888888 0.1328125 0.6875 0.12890625 0.6944444444444444 0.115234375 0.7048611111111112 0.11328125 0.7118055555555556 0.10546875 0.7222222222222222 0.1015625 0.7152777777777778 0.1015625 0.6944444444444444 0.09765625 0.6840277777777778 0.09765625 0.6770833333333334 0.1015625 0.6631944444444444 0.099609375 0.65625
0 0.275390625 0.3368055555555556 0.275390625 0.3645833333333333 0.27734375 0.3680555555555556 0.275390625 0.375 0.267578125 0.375 0.265625 0.3715277777777778 0.265625 0.3645833333333333 0.267578125 0.3611111111111111 0.267578125 0.34375 0.2734375 0.3368055555555556
0 0.16796875 0.46875 0.171875 0.4826388888888889 0.173828125 0.5069444444444444 0.171875 0.5104166666666666 0.171875 0.5173611111111112 0.166015625 0.5243055555555556 0.158203125 0.5208333333333334 0.15625 0.5138888888888888 0.15625 0.5034722222222222 0.154296875 0.5 0.154296875 0.4722222222222222 0.158203125 0.4652777777777778 0.1640625 0.4652777777777778 0.166015625 0.46875
0 0.287109375 0.6788194444444444 0.015625 0.07291666666666667
0 0.646484375 0.4513888888888889 0.646484375 0.4826388888888889 0.642578125 0.4965277777777778 0.638671875 0.4965277777777778 0.6328125 0.4861111111111111 0.6328125 0.4548611111111111 0.640625 0.4548611111111111 0.64453125 0.4513888888888889
0 0.56640625 0.6145833333333334 0.5703125 0.6111111111111112 0.580078125 0.6111111111111112 0.583984375 0.6215277777777778 0.583984375 0.6388888888888888 0.5859375 0.6423611111111112 0.583984375 0.6458333333333334 0.583984375 0.6631944444444444 0.578125 0.6770833333333334 0.568359375 0.6701388888888888 0.5625 0.65625 0.564453125 0.6527777777777778 0.564453125 0.625 0.56640625 0.6180555555555556
0 0.576171875 0.2881944444444444 0.580078125 0.2881944444444444 0.580078125 0.3020833333333333 0.578125 0.3090277777777778 0.576171875 0.3090277777777778 0.576171875 0.2986111111111111 0.57421875 0.2951388888888889 0.576171875 0.2916666666666667
0 0.2265625 0.6527777777777778 0.232421875 0.6701388888888888 0.232421875 0.6909722222222222 0.23046875 0.6944444444444444 0.23046875 0.7048611111111112 0.21875 0.71875 0.2109375 0.7361111111111112 0.205078125 0.7361111111111112 0.201171875 0.7222222222222222 0.201171875 0.6944444444444444 0.19921875 0.6909722222222222 0.197265625 0.6701388888888888 0.2109375 0.6701388888888888 0.216796875 0.6805555555555556 0.21875 0.6805555555555556 0.224609375 0.6666666666666666 0.224609375 0.65625
0 0.212890625 0.3298611111111111 0.21875 0.3368055555555556 0.21875 0.3576388888888889 0.21484375 0.3611111111111111 0.2109375 0.3611111111111111 0.208984375 0.3576388888888889 0.208984375 0.3368055555555556 0.2109375 0.3333333333333333
0 0.8408203125 0.5208333333333334 0.017578125 0.034722222222222224
0 0.673828125 0.2916666666666667 0.677734375 0.2916666666666667 0.6796875 0.2951388888888889 0.6796875 0.3159722222222222 0.677734375 0.3194444444444444 0.673828125 0.3159722222222222 0.673828125 0.3090277777777778 0.671875 0.3055555555555556 0.671875 0.2986111111111111 0.673828125 0.2951388888888889
0 0.677734375 0.3993055555555556 0.681640625 0.40625 0.677734375 0.4305555555555556 0.673828125 0.4305555555555556 0.671875 0.4236111111111111 0.671875 0.4027777777777778 0.67578125 0.3993055555555556
0 0.779296875 0.4340277777777778 0.79296875 0.4340277777777778 0.794921875 0.4375 0.79296875 0.4583333333333333 0.7890625 0.4652777777777778 0.783203125 0.4652777777777778 0.78125 0.4618055555555556 0.779296875 0.4375
0 0.8828125 0.6041666666666666 0.884765625 0.6076388888888888 0.884765625 0.6354166666666666 0.8828125 0.6423611111111112 0.876953125 0.6493055555555556 0.865234375 0.6388888888888888 0.859375 0.6284722222222222 0.859375 0.6180555555555556 0.86328125 0.6180555555555556 0.875 0.6041666666666666 0.880859375 0.6041666666666666
0 0.71484375 0.4340277777777778 0.7265625 0.4340277777777778 0.7265625 0.4513888888888889 0.72265625 0.4618055555555556 0.71875 0.4618055555555556 0.716796875 0.4583333333333333 0.716796875 0.4444444444444444 0.71484375 0.4375
0 0.6328125 0.2951388888888889 0.63671875 0.2951388888888889 0.638671875 0.2986111111111111 0.638671875 0.3090277777777778 0.63671875 0.3159722222222222 0.6328125 0.3159722222222222 0.6328125 0.3090277777777778 0.630859375 0.3055555555555556 0.6328125 0.2986111111111111
0 0.68359375 0.3715277777777778 0.6875 0.3680555555555556 0.693359375 0.3680555555555556 0.6953125 0.375 0.693359375 0.3888888888888889 0.689453125 0.3958333333333333 0.6875 0.3958333333333333 0.68359375 0.3819444444444444 0.68359375 0.375
0 0.98046875 0.5208333333333334 0.98828125 0.5243055555555556 0.998046875 0.5347222222222222 0.998046875 0.59375 0.99609375 0.59375 0.990234375 0.5833333333333334 0.990234375 0.5798611111111112 0.98046875 0.5659722222222222 0.98046875 0.5555555555555556 0.978515625 0.5520833333333334 0.978515625 0.5451388888888888 0.98046875 0.5416666666666666 0.98046875 0.5243055555555556