0 0.94140625 0.5 0.951171875 0.5069444444444444 0.958984375 0.5034722222222222 0.962890625 0.5104166666666666 0.96484375 0.5173611111111112 0.96484375 0.5277777777777778 0.962890625 0.53125 0.953125 0.53125 0.951171875 0.5347222222222222 0.93359375 0.5347222222222222 0.927734375 0.5277777777777778 0.927734375 0.5173611111111112 0.92578125 0.5138888888888888 0.927734375 0.5104166666666666 0.927734375 0.5034722222222222 0.9296875 0.5 0.939453125 0.5
0 0.578125 0.625 0.580078125 0.6388888888888888 0.57421875 0.6666666666666666 0.56640625 0.6666666666666666 0.564453125 0.6631944444444444 0.564453125 0.6284722222222222 0.568359375 0.6215277777777778 0.57421875 0.6215277777777778 0.576171875 0.625
0 0.619140625 0.3298611111111111 0.623046875 0.3298611111111111 0.626953125 0.3368055555555556 0.626953125 0.3506944444444444 0.623046875 0.3576388888888889 0.619140625 0.3506944444444444 0.619140625 0.3333333333333333
0 0.8525390625 0.5677083333333334 0.021484375 0.04513888888888889
0 0.197265625 0.4097222222222222 0.208984375 0.4270833333333333 0.208984375 0.4409722222222222 0.205078125 0.4444444444444444 0.185546875 0.4444444444444444 0.18359375 0.4409722222222222 0.1875 0.4166666666666667 0.1953125 0.4097222222222222
0 0.271484375 0.4131944444444444 0.279296875 0.4236111111111111 0.279296875 0.4409722222222222 0.265625 0.4375 0.263671875 0.4409722222222222 0.25390625 0.4444444444444444 0.25390625 0.4201388888888889 0.265625 0.4305555555555556 0.271484375 0.4166666666666667
0 0.234375 0.4270833333333333 0.236328125 0.4305555555555556 0.240234375 0.4305555555555556 0.24609375 0.4236111111111111 0.251953125 0.4270833333333333 0.25390625 0.4305555555555556 0.25390625 0.4409722222222222 0.248046875 0.4513888888888889 0.2265625 0.4513888888888889 0.22265625 0.4444444444444444 0.22265625 0.4270833333333333 0.224609375 0.4236111111111111 0.23046875 0.4236111111111111 0.232421875 0.4270833333333333
0 0.892578125 0.6215277777777778 0.8984375 0.6215277777777778 0.900390625 0.6180555555555556 0.9140625 0.6180555555555556 0.9140625 0.6458333333333334 0.912109375 0.6493055555555556 0.90625 0.6458333333333334 0.90625 0.6423611111111112 0.89453125 0.6284722222222222 0.89453125 0.625
0 0.248046875 0.3784722222222222 0.248046875 0.3576388888888889 0.255859375 0.3402777777777778 0.2578125 0.3402777777777778 0.263671875 0.3506944444444444 0.265625 0.3715277777777778 0.26171875 0.3784722222222222 0.25 0.3784722222222222
0 0.955078125 0.6736111111111112 0.955078125 0.6666666666666666 0.958984375 0.6527777777777778 0.958984375 0.6388888888888888 0.962890625 0.6354166666666666 0.966796875 0.6527777777777778 0.96484375 0.6527777777777778 0.958984375 0.6631944444444444 0.955078125 0.6770833333333334 0.9609375 0.6875 0.966796875 0.6840277777777778 0.96875 0.6770833333333334 0.97265625 0.6736111111111112 0.9921875 0.6736111111111112 0.99609375 0.6909722222222222 0.994140625 0.7152777777777778 0.986328125 0.7291666666666666 0.984375 0.7291666666666666 0.9765625 0.7222222222222222 0.970703125 0.7118055555555556 0.958984375 0.7048611111111112 0.958984375 0.6979166666666666 0.955078125 0.6875 0.955078125 0.6770833333333334
0 0.763671875 0.6215277777777778 0.767578125 0.625 0.7734375 0.625 0.78125 0.6319444444444444 0.78125 0.6527777777777778 0.77734375 0.6631944444444444 0.771484375 0.6666666666666666 0.767578125 0.6597222222222222 0.765625 0.6388888888888888 0.763671875 0.6354166666666666 0.763671875 0.625
0 0.16796875 0.6701388888888888 0.17578125 0.6840277777777778 0.1796875 0.6840277777777778 0.18359375 0.6805555555555556 0.193359375 0.6597222222222222 0.19921875 0.6597222222222222 0.201171875 0.6631944444444444 0.203125 0.6944444444444444 0.1953125 0.7152777777777778 0.18359375 0.7152777777777778 0.181640625 0.7222222222222222 0.171875 0.7256944444444444 0.162109375 0.7465277777777778 0.15625 0.7465277777777778 0.154296875 0.7430555555555556 0.154296875 0.7222222222222222 0.16015625 0.6944444444444444 0.16015625 0.6736111111111112 0.166015625 0.6701388888888888
0 0.583984375 0.4861111111111111 0.5859375 0.4895833333333333 0.583984375 0.5208333333333334 0.58203125 0.5243055555555556 0.576171875 0.5243055555555556 0.57421875 0.5208333333333334 0.57421875 0.5069444444444444 0.572265625 0.5034722222222222 0.572265625 0.4895833333333333 0.58203125 0.4895833333333333
0 0.818359375 0.8159722222222222 0.833984375 0.8159722222222222 0.8359375 0.8194444444444444 0.8359375 0.8472222222222222 0.833984375 0.8506944444444444 0.833984375 0.8645833333333334 0.83203125 0.8680555555555556 0.83203125 0.875 0.828125 0.8819444444444444 0.82421875 0.8819444444444444 0.810546875 0.8576388888888888 0.810546875 0.8298611111111112 0.81640625 0.8298611111111112 0.818359375 0.8263888888888888 0.818359375 0.8194444444444444
0 0.79296875 0.4861111111111111 0.794921875 0.4895833333333333 0.806640625 0.4895833333333333 0.806640625 0.4965277777777778 0.80859375 0.5 0.806640625 0.5208333333333334 0.80078125 0.5277777777777778 0.796875 0.5277777777777778 0.794921875 0.5243055555555556 0.7890625 0.4965277777777778 0.791015625 0.4895833333333333
0 0.7431640625 0.5121527777777778 0.021484375 0.04513888888888889
0 0.986328125 0.5347222222222222 0.99609375 0.5347222222222222 0.998046875 0.5381944444444444 0.998046875 0.59375 0.994140625 0.59375 0.994140625 0.5902777777777778 0.986328125 0.5763888888888888 0.984375 0.5763888888888888 0.98046875 0.5659722222222222 0.98046875 0.5451388888888888 0.986328125 0.5381944444444444
0 0.720703125 0.3611111111111111 0.7265625 0.3680555555555556 0.7265625 0.375 0.720703125 0.3854166666666667 0.71875 0.3854166666666667 0.716796875 0.3819444444444444 0.716796875 0.3645833333333333 0.71875 0.3645833333333333