0 0.962890625 0.4861111111111111 0.96484375 0.4895833333333333 0.96484375 0.5277777777777778 0.962890625 0.53125 0.93359375 0.5347222222222222 0.9296875 0.53125 0.927734375 0.5243055555555556 0.927734375 0.5104166666666666 0.931640625 0.5 0.9453125 0.5 0.947265625 0.5034722222222222 0.951171875 0.5034722222222222 0.9609375 0.4895833333333333
0 0.5625 0.3298611111111111 0.5703125 0.3506944444444444 0.5703125 0.3680555555555556 0.568359375 0.375 0.55859375 0.375 0.55859375 0.3576388888888889 0.5546875 0.3472222222222222 0.5546875 0.3368055555555556 0.560546875 0.3298611111111111
0 0.953125 0.65625 0.955078125 0.6597222222222222 0.9609375 0.6597222222222222 0.96484375 0.6666666666666666 0.96484375 0.6736111111111112 0.966796875 0.6770833333333334 0.966796875 0.6979166666666666 0.95703125 0.7048611111111112 0.951171875 0.6979166666666666 0.947265625 0.6979166666666666 0.94140625 0.6875 0.94140625 0.6805555555555556 0.939453125 0.6770833333333334 0.94140625 0.6701388888888888 0.947265625 0.6597222222222222 0.951171875 0.6597222222222222
0 0.890625 0.8576388888888888 0.888671875 0.8611111111111112 0.890625 0.8645833333333334 0.900390625 0.8715277777777778 0.90234375 0.8680555555555556 0.904296875 0.8715277777777778 0.904296875 0.8784722222222222 0.900390625 0.8854166666666666 0.90625 0.90625 0.91015625 0.9131944444444444 0.91015625 0.9305555555555556 0.90234375 0.9375 0.904296875 0.9409722222222222 0.904296875 0.9548611111111112 0.90234375 0.9583333333333334 0.90234375 0.9652777777777778 0.904296875 0.96875 0.904296875 0.9895833333333334 0.896484375 0.9965277777777778 0.89453125 0.9930555555555556 0.884765625 0.9930555555555556 0.880859375 0.9895833333333334 0.873046875 0.9756944444444444 0.865234375 0.9548611111111112 0.85546875 0.9444444444444444 0.85546875 0.9340277777777778 0.853515625 0.9305555555555556 0.85546875 0.9236111111111112 0.853515625 0.9201388888888888 0.85546875 0.90625 0.8515625 0.8923611111111112 0.853515625 0.8680555555555556 0.85546875 0.8645833333333334 0.8671875 0.8645833333333334 0.87109375 0.8680555555555556 0.875 0.8784722222222222 0.884765625 0.875 0.884765625 0.8784722222222222 0.888671875 0.8819444444444444 0.88671875 0.8854166666666666 0.892578125 0.8923611111111112 0.8984375 0.8854166666666666 0.890625 0.8715277777777778 0.884765625 0.8680555555555556 0.8828125 0.8611111111111112 0.888671875 0.8576388888888888
0 0.05859375 0.6354166666666666 0.060546875 0.6458333333333334 0.056640625 0.65625 0.056640625 0.6701388888888888 0.0546875 0.6770833333333334 0.048828125 0.6875 0.037109375 0.6909722222222222 0.01953125 0.7118055555555556 0.013671875 0.7118055555555556 0.01171875 0.7083333333333334 0.01171875 0.6944444444444444 0.01953125 0.6666666666666666 0.01953125 0.6458333333333334 0.0234375 0.6388888888888888 0.056640625 0.6354166666666666
0 0.26171875 0.4131944444444444 0.26953125 0.4236111111111111 0.267578125 0.4270833333333333 0.267578125 0.4340277777777778 0.2578125 0.4409722222222222 0.234375 0.4409722222222222 0.228515625 0.4479166666666667 0.22265625 0.4409722222222222 0.22265625 0.4270833333333333 0.224609375 0.4201388888888889 0.23046875 0.4201388888888889 0.240234375 0.4270833333333333 0.24609375 0.4131944444444444 0.259765625 0.4131944444444444
0 0.873046875 0.9409722222222222 0.90234375 0.9409722222222222 0.904296875 0.9444444444444444 0.904296875 0.9513888888888888 0.90234375 0.9548611111111112 0.904296875 0.9895833333333334 0.896484375 0.9965277777777778 0.892578125 0.9930555555555556 0.88671875 0.9930555555555556 0.875 0.9791666666666666 0.873046875 0.96875 0.8671875 0.9583333333333334 0.8671875 0.9548611111111112 0.873046875 0.9444444444444444
0 0.703125 0.3993055555555556 0.708984375 0.3993055555555556 0.712890625 0.4027777777777778 0.712890625 0.4236111111111111 0.708984375 0.4270833333333333 0.705078125 0.4201388888888889 0.705078125 0.4097222222222222 0.703125 0.4027777777777778
0 0.990234375 0.7604166666666666 0.994140625 0.7673611111111112 0.994140625 0.7743055555555556 0.99609375 0.7777777777777778 0.99609375 0.7986111111111112 0.9921875 0.8159722222222222 0.986328125 0.8229166666666666 0.962890625 0.7847222222222222 0.951171875 0.7743055555555556 0.94921875 0.7673611111111112 0.94921875 0.7465277777777778 0.951171875 0.7395833333333334 0.955078125 0.7361111111111112 0.953125 0.7604166666666666 0.955078125 0.7638888888888888 0.955078125 0.7708333333333334 0.962890625 0.78125 0.96484375 0.7743055555555556 0.96875 0.7708333333333334 0.96875 0.7638888888888888 0.98828125 0.7638888888888888
0 0.671875 0.4340277777777778 0.677734375 0.4340277777777778 0.6796875 0.4375 0.6796875 0.4479166666666667 0.677734375 0.4513888888888889 0.671875 0.4513888888888889 0.669921875 0.4444444444444444 0.671875 0.4375
0 0.99609375 0.5347222222222222 0.998046875 0.5381944444444444 0.998046875 0.5625 0.994140625 0.5694444444444444 0.99609375 0.5729166666666666 0.994140625 0.5763888888888888 0.994140625 0.5833333333333334 0.998046875 0.59375 0.994140625 0.5902777777777778 0.994140625 0.5833333333333334 0.9921875 0.5798611111111112 0.986328125 0.5763888888888888 0.98046875 0.5659722222222222 0.98046875 0.5416666666666666 0.984375 0.5347222222222222 0.994140625 0.5347222222222222
0 0.69140625 0.4826388888888889 0.703125 0.4826388888888889 0.703125 0.5034722222222222 0.69921875 0.5104166666666666 0.6953125 0.5104166666666666 0.693359375 0.5069444444444444 0.69140625 0.5 0.69140625 0.4861111111111111
0 0.859375 0.6145833333333334 0.865234375 0.6354166666666666 0.8671875 0.6319444444444444 0.8828125 0.6319444444444444 0.88671875 0.6354166666666666 0.88671875 0.6701388888888888 0.884765625 0.6770833333333334 0.87890625 0.6840277777777778 0.87109375 0.6701388888888888 0.865234375 0.6666666666666666 0.861328125 0.6527777777777778 0.859375 0.6180555555555556
0 0.671875 0.3645833333333333 0.671875 0.3541666666666667 0.669921875 0.3506944444444444 0.671875 0.34375 0.677734375 0.34375 0.677734375 0.3611111111111111 0.673828125 0.3645833333333333
0 0.7890625 0.4027777777777778 0.79296875 0.40625 0.79296875 0.4131944444444444 0.794921875 0.4166666666666667 0.794921875 0.4305555555555556 0.7890625 0.4375 0.78515625 0.4340277777777778 0.783203125 0.4270833333333333 0.783203125 0.40625 0.787109375 0.4027777777777778