0 0.939453125 0.7083333333333334 0.939453125 0.7256944444444444 0.9375 0.7291666666666666 0.943359375 0.7395833333333334 0.947265625 0.7430555555555556 0.96484375 0.7430555555555556 0.97265625 0.75 0.974609375 0.7569444444444444 0.974609375 0.78125 0.96875 0.7916666666666666 0.966796875 0.8020833333333334 0.9609375 0.8020833333333334 0.931640625 0.7534722222222222 0.931640625 0.7152777777777778 0.9375 0.7083333333333334
0 0.71484375 0.3680555555555556 0.71484375 0.3472222222222222 0.716796875 0.34375 0.71875 0.34375 0.72265625 0.3541666666666667 0.720703125 0.3576388888888889 0.720703125 0.3645833333333333 0.716796875 0.3680555555555556
0 0.912109375 0.6388888888888888 0.92578125 0.6666666666666666 0.923828125 0.6805555555555556 0.916015625 0.6944444444444444 0.90234375 0.6770833333333334 0.896484375 0.6631944444444444 0.8984375 0.6423611111111112 0.90234375 0.6354166666666666 0.91015625 0.6388888888888888
0 0.99609375 0.6631944444444444 0.998046875 0.6666666666666666 0.998046875 0.7395833333333334 0.984375 0.7291666666666666 0.98046875 0.7222222222222222 0.978515625 0.7152777777777778 0.978515625 0.6909722222222222 0.9765625 0.6875 0.9765625 0.6631944444444444 0.978515625 0.6597222222222222 0.994140625 0.6631944444444444
0 0.720703125 0.40625 0.724609375 0.4131944444444444 0.724609375 0.4201388888888889 0.71875 0.4375 0.71484375 0.4375 0.712890625 0.4340277777777778 0.712890625 0.4236111111111111 0.7109375 0.4201388888888889 0.7109375 0.4097222222222222 0.712890625 0.40625 0.71875 0.40625
0 0.5390625 0.4409722222222222 0.01953125 0.041666666666666664
0 0.91796875 0.5034722222222222 0.92578125 0.5104166666666666 0.93359375 0.53125 0.93359375 0.5381944444444444 0.9296875 0.5451388888888888 0.923828125 0.5451388888888888 0.91796875 0.5381944444444444 0.892578125 0.5347222222222222 0.888671875 0.5277777777777778 0.888671875 0.5173611111111112 0.890625 0.5138888888888888 0.8984375 0.5104166666666666 0.90234375 0.5034722222222222 0.904296875 0.5034722222222222 0.90625 0.5104166666666666 0.916015625 0.5069444444444444
0 0.21875 0.3784722222222222 0.220703125 0.3819444444444444 0.220703125 0.3993055555555556 0.2109375 0.3993055555555556 0.208984375 0.4027777777777778 0.203125 0.4027777777777778 0.1953125 0.3958333333333333 0.193359375 0.3923611111111111 0.193359375 0.3819444444444444 0.1953125 0.3784722222222222 0.216796875 0.3784722222222222
0 0.9453125 0.5 0.95703125 0.5104166666666666 0.96484375 0.5243055555555556 0.95703125 0.53125 0.947265625 0.53125 0.9453125 0.5347222222222222 0.9375 0.5347222222222222 0.93359375 0.53125 0.921875 0.5034722222222222 0.92578125 0.4930555555555556 0.935546875 0.4930555555555556 0.943359375 0.5
0 0.7470703125 0.3993055555555556 0.013671875 0.027777777777777776
0 0.982421875 0.5347222222222222 0.9921875 0.5347222222222222 0.994140625 0.5381944444444444 0.998046875 0.5381944444444444 0.998046875 0.5833333333333334 0.99609375 0.5868055555555556 0.998046875 0.59375 0.98046875 0.5659722222222222 0.98046875 0.5486111111111112 0.982421875 0.5451388888888888 0.982421875 0.5381944444444444
0 0.75 0.4756944444444444 0.76171875 0.4756944444444444 0.76171875 0.4965277777777778 0.759765625 0.5034722222222222 0.751953125 0.5034722222222222 0.75 0.5 0.75 0.4791666666666667
0 0.853515625 0.7083333333333334 0.869140625 0.7083333333333334 0.873046875 0.71875 0.873046875 0.7430555555555556 0.865234375 0.7638888888888888 0.84765625 0.7430555555555556 0.84765625 0.7291666666666666 0.853515625 0.7118055555555556
0 0.68359375 0.375 0.68359375 0.3645833333333333 0.681640625 0.3611111111111111 0.681640625 0.3541666666666667 0.68359375 0.3506944444444444 0.689453125 0.3506944444444444 0.69140625 0.3541666666666667 0.69140625 0.3680555555555556 0.685546875 0.375
0 0.697265625 0.34375 0.705078125 0.34375 0.705078125 0.3576388888888889 0.701171875 0.3680555555555556 0.69921875 0.3680555555555556 0.697265625 0.3611111111111111 0.697265625 0.3472222222222222
0 0.859375 0.5451388888888888 0.861328125 0.5590277777777778 0.85546875 0.5833333333333334 0.849609375 0.5833333333333334 0.84375 0.5763888888888888 0.83984375 0.5625 0.83984375 0.5520833333333334 0.84765625 0.5520833333333334 0.8515625 0.5451388888888888 0.857421875 0.5451388888888888