0 0.9609375 0.4861111111111111 0.966796875 0.4861111111111111 0.966796875 0.4965277777777778 0.96484375 0.5 0.96484375 0.5277777777777778 0.9609375 0.53125 0.943359375 0.53125 0.94140625 0.5347222222222222 0.93359375 0.5347222222222222 0.927734375 0.5243055555555556 0.927734375 0.5104166666666666 0.931640625 0.5 0.9375 0.5 0.939453125 0.4965277777777778 0.943359375 0.5 0.955078125 0.5 0.9609375 0.4895833333333333
0 0.708984375 0.3229166666666667 0.7109375 0.3263888888888889 0.7109375 0.3402777777777778 0.70703125 0.3506944444444444 0.703125 0.3506944444444444 0.703125 0.3368055555555556 0.701171875 0.3333333333333333 0.701171875 0.3298611111111111 0.70703125 0.3229166666666667
0 0.6171875 0.3402777777777778 0.615234375 0.3229166666666667 0.619140625 0.3125 0.62109375 0.3125 0.625 0.3229166666666667 0.625 0.3333333333333333 0.623046875 0.3402777777777778 0.619140625 0.3402777777777778
0 0.7919921875 0.4357638888888889 0.021484375 0.03125
0 0.58203125 0.3333333333333333 0.583984375 0.3368055555555556 0.58984375 0.3368055555555556 0.58984375 0.3472222222222222 0.587890625 0.3541666666666667 0.58203125 0.3611111111111111 0.578125 0.3611111111111111 0.576171875 0.3576388888888889 0.57421875 0.3506944444444444 0.57421875 0.3402777777777778 0.576171875 0.3368055555555556 0.580078125 0.3368055555555556
0 0.953125 0.6875 0.958984375 0.6875 0.958984375 0.7013888888888888 0.962890625 0.7152777777777778 0.966796875 0.71875 0.9765625 0.71875 0.984375 0.7395833333333334 0.982421875 0.7430555555555556 0.984375 0.75 0.984375 0.7604166666666666 0.978515625 0.78125 0.974609375 0.7881944444444444 0.970703125 0.7881944444444444 0.951171875 0.7534722222222222 0.943359375 0.7465277777777778 0.943359375 0.7326388888888888 0.9453125 0.7291666666666666 0.943359375 0.7256944444444444 0.943359375 0.71875 0.9453125 0.7152777777777778 0.9453125 0.6979166666666666 0.951171875 0.6909722222222222
0 0.677734375 0.3194444444444444 0.6796875 0.3229166666666667 0.6796875 0.34375 0.677734375 0.3472222222222222 0.673828125 0.3472222222222222 0.673828125 0.3402777777777778 0.671875 0.3368055555555556 0.671875 0.3229166666666667 0.67578125 0.3194444444444444
0 0.044921875 0.6388888888888888 0.048828125 0.6458333333333334 0.048828125 0.6770833333333334 0.046875 0.6840277777777778 0.04296875 0.6875 0.03515625 0.6736111111111112 0.033203125 0.6736111111111112 0.03125 0.6770833333333334 0.033203125 0.6875 0.029296875 0.6944444444444444 0.013671875 0.7013888888888888 0.0078125 0.7083333333333334 0.005859375 0.7083333333333334 0.00390625 0.7013888888888888 0 0.6979166666666666 0 0.6770833333333334 0.00390625 0.6701388888888888 0.00390625 0.65625 0.005859375 0.6527777777777778 0.017578125 0.6527777777777778 0.01953125 0.6493055555555556 0.037109375 0.6458333333333334 0.04296875 0.6388888888888888
0 0.7578125 0.3229166666666667 0.76171875 0.3263888888888889 0.76171875 0.3472222222222222 0.763671875 0.3506944444444444 0.76171875 0.3541666666666667 0.740234375 0.3541666666666667 0.740234375 0.3402777777777778 0.744140625 0.3333333333333333 0.755859375 0.3229166666666667
0 0.271484375 0.4027777777777778 0.279296875 0.4201388888888889 0.279296875 0.4409722222222222 0.28125 0.4444444444444444 0.279296875 0.4513888888888889 0.26953125 0.4513888888888889 0.267578125 0.4548611111111111 0.26171875 0.4548611111111111 0.259765625 0.4513888888888889 0.259765625 0.4236111111111111 0.26171875 0.4201388888888889 0.26171875 0.40625 0.263671875 0.4027777777777778 0.26953125 0.4027777777777778
0 0.1875 0.5868055555555556 0.193359375 0.59375 0.19921875 0.6145833333333334 0.208984375 0.6145833333333334 0.2109375 0.6180555555555556 0.2109375 0.6284722222222222 0.205078125 0.6354166666666666 0.1953125 0.6388888888888888 0.1796875 0.65625 0.17578125 0.6493055555555556 0.17578125 0.6215277777777778 0.177734375 0.6180555555555556 0.177734375 0.6041666666666666 0.1796875 0.5972222222222222 0.185546875 0.5902777777777778
0 0.8046875 0.4791666666666667 0.806640625 0.4861111111111111 0.806640625 0.4965277777777778 0.80078125 0.5104166666666666 0.79296875 0.5104166666666666 0.7890625 0.5034722222222222 0.787109375 0.4895833333333333 0.791015625 0.4826388888888889 0.802734375 0.4791666666666667
0 0.998046875 0.7847222222222222 0.998046875 0.8645833333333334 0.99609375 0.8645833333333334 0.9921875 0.8541666666666666 0.9921875 0.8229166666666666 0.99609375 0.8055555555555556 0.99609375 0.7881944444444444
0 0.72265625 0.4097222222222222 0.728515625 0.4097222222222222 0.732421875 0.4131944444444444 0.73046875 0.4340277777777778 0.7265625 0.4340277777777778 0.72265625 0.4236111111111111 0.72265625 0.4131944444444444
0 0.994140625 0.5381944444444444 0.998046875 0.5416666666666666 0.998046875 0.5833333333333334 0.994140625 0.5833333333333334 0.986328125 0.5763888888888888 0.98046875 0.5659722222222222 0.98046875 0.5451388888888888 0.986328125 0.5381944444444444 0.9921875 0.5381944444444444
0 0.869140625 0.5625 0.87109375 0.5659722222222222 0.87109375 0.59375 0.8671875 0.6041666666666666 0.859375 0.6006944444444444 0.84765625 0.5798611111111112 0.853515625 0.5625 0.8671875 0.5625
0 0.8125 0.5694444444444444 0.81640625 0.5729166666666666 0.814453125 0.5763888888888888 0.814453125 0.6006944444444444 0.8125 0.6076388888888888 0.810546875 0.6111111111111112 0.8046875 0.6111111111111112 0.80078125 0.6076388888888888 0.796875 0.5972222222222222 0.796875 0.5798611111111112 0.798828125 0.5729166666666666 0.810546875 0.5729166666666666
0 0.82421875 0.4826388888888889 0.83203125 0.4826388888888889 0.830078125 0.4861111111111111 0.8359375 0.5 0.83984375 0.5 0.84765625 0.5069444444444444 0.845703125 0.5104166666666666 0.845703125 0.5173611111111112 0.84765625 0.5208333333333334 0.84765625 0.5381944444444444 0.84375 0.5381944444444444 0.83984375 0.53125 0.830078125 0.5277777777777778 0.82421875 0.5173611111111112 0.82421875 0.4861111111111111