0 0.712890625 0.34375 0.712890625 0.3680555555555556 0.7109375 0.3715277777777778 0.712890625 0.3784722222222222 0.7109375 0.3819444444444444 0.705078125 0.3819444444444444 0.705078125 0.3506944444444444 0.7109375 0.34375
0 0.19921875 0.4166666666666667 0.201171875 0.4201388888888889 0.21484375 0.4201388888888889 0.21875 0.4270833333333333 0.22265625 0.4513888888888889 0.216796875 0.4513888888888889 0.21484375 0.4479166666666667 0.208984375 0.4479166666666667 0.19921875 0.4409722222222222 0.189453125 0.4409722222222222 0.1875 0.4375 0.189453125 0.4201388888888889 0.193359375 0.4131944444444444 0.197265625 0.4166666666666667
0 0.837890625 0.5347222222222222 0.841796875 0.5451388888888888 0.841796875 0.5555555555555556 0.837890625 0.5694444444444444 0.828125 0.5694444444444444 0.8203125 0.5555555555555556 0.8203125 0.5416666666666666 0.8359375 0.5347222222222222
0 0.72265625 0.4131944444444444 0.724609375 0.4166666666666667 0.724609375 0.4236111111111111 0.720703125 0.4409722222222222 0.71484375 0.4340277777777778 0.71484375 0.4201388888888889 0.712890625 0.4166666666666667 0.71484375 0.4131944444444444 0.720703125 0.4131944444444444
0 0.158203125 0.5208333333333334 0.158203125 0.5138888888888888 0.15625 0.5104166666666666 0.15625 0.4791666666666667 0.158203125 0.4756944444444444 0.16796875 0.4756944444444444 0.171875 0.4826388888888889 0.171875 0.4895833333333333 0.173828125 0.4930555555555556 0.173828125 0.5138888888888888 0.171875 0.5208333333333334 0.16796875 0.5243055555555556 0.162109375 0.5243055555555556 0.16015625 0.5208333333333334
0 0.640625 0.4166666666666667 0.646484375 0.4166666666666667 0.65234375 0.4236111111111111 0.65234375 0.4340277777777778 0.646484375 0.4444444444444444 0.64453125 0.4444444444444444 0.642578125 0.4409722222222222 0.640625 0.4201388888888889
0 0.728515625 0.4982638888888889 0.015625 0.03819444444444445
0 0.8203125 0.6111111111111112 0.822265625 0.6145833333333334 0.8203125 0.6319444444444444 0.830078125 0.6527777777777778 0.837890625 0.6354166666666666 0.845703125 0.6354166666666666 0.8515625 0.6284722222222222 0.859375 0.6284722222222222 0.861328125 0.6319444444444444 0.861328125 0.6423611111111112 0.865234375 0.6527777777777778 0.865234375 0.6597222222222222 0.859375 0.6770833333333334 0.853515625 0.6805555555555556 0.83984375 0.6631944444444444 0.8359375 0.6631944444444444 0.833984375 0.6597222222222222 0.830078125 0.6631944444444444 0.828125 0.6597222222222222 0.818359375 0.6597222222222222 0.814453125 0.65625 0.8125 0.6527777777777778 0.8125 0.6354166666666666 0.814453125 0.6319444444444444 0.814453125 0.6215277777777778 0.81640625 0.6145833333333334 0.818359375 0.6145833333333334
0 0.28125 0.6006944444444444 0.287109375 0.6006944444444444 0.287109375 0.6076388888888888 0.2890625 0.6111111111111112 0.2890625 0.6458333333333334 0.291015625 0.6493055555555556 0.291015625 0.6666666666666666 0.2890625 0.6701388888888888 0.2890625 0.6770833333333334 0.287109375 0.6770833333333334 0.279296875 0.6909722222222222 0.2734375 0.6909722222222222 0.26953125 0.6805555555555556 0.271484375 0.6736111111111112 0.271484375 0.65625 0.2734375 0.6527777777777778 0.271484375 0.6388888888888888 0.28125 0.6041666666666666
0 0.865234375 0.5416666666666666 0.01953125 0.041666666666666664
0 0.703125 0.5381944444444444 0.705078125 0.5347222222222222 0.712890625 0.5347222222222222 0.716796875 0.53125 0.71875 0.5381944444444444 0.71875 0.5486111111111112 0.712890625 0.5590277777777778 0.712890625 0.5659722222222222 0.703125 0.5659722222222222 0.705078125 0.5590277777777778 0.705078125 0.5416666666666666
0 0.2109375 0.5104166666666666 0.216796875 0.5208333333333334 0.21875 0.53125 0.2109375 0.5451388888888888 0.2109375 0.5520833333333334 0.208984375 0.5555555555555556 0.205078125 0.5520833333333334 0.201171875 0.5416666666666666 0.1953125 0.5416666666666666 0.19140625 0.5520833333333334 0.1875 0.5520833333333334 0.185546875 0.5486111111111112 0.185546875 0.5208333333333334 0.18359375 0.5173611111111112 0.185546875 0.5138888888888888 0.193359375 0.5138888888888888 0.1953125 0.5104166666666666 0.208984375 0.5104166666666666
0 0.54296875 0.3263888888888889 0.544921875 0.3333333333333333 0.544921875 0.3611111111111111 0.5390625 0.3680555555555556 0.53515625 0.3645833333333333 0.53515625 0.3402777777777778 0.537109375 0.3333333333333333 0.541015625 0.3298611111111111
0 0.66015625 0.3229166666666667 0.662109375 0.3263888888888889 0.662109375 0.34375 0.658203125 0.3541666666666667 0.654296875 0.3506944444444444 0.654296875 0.3263888888888889 0.658203125 0.3229166666666667
0 0.232421875 0.3506944444444444 0.240234375 0.3611111111111111 0.2421875 0.3680555555555556 0.240234375 0.3784722222222222 0.23046875 0.3784722222222222 0.224609375 0.3715277777777778 0.2265625 0.3680555555555556 0.2265625 0.3576388888888889 0.23046875 0.3541666666666667
0 0.744140625 0.4635416666666667 0.015625 0.03125
0 0.9296875 0.6770833333333334 0.931640625 0.6805555555555556 0.931640625 0.7118055555555556 0.921875 0.7256944444444444 0.9140625 0.7222222222222222 0.90234375 0.7048611111111112 0.90234375 0.6875 0.904296875 0.6875 0.904296875 0.7083333333333334 0.90625 0.7118055555555556 0.916015625 0.6770833333333334 0.919921875 0.6736111111111112 0.92578125 0.6736111111111112 0.927734375 0.6770833333333334
0 0.703125 0.4340277777777778 0.708984375 0.4340277777777778 0.712890625 0.4375 0.71484375 0.4444444444444444 0.7109375 0.4618055555555556 0.703125 0.4618055555555556 0.703125 0.4513888888888889 0.701171875 0.4479166666666667 0.701171875 0.4409722222222222 0.703125 0.4375
0 0.927734375 0.5 0.931640625 0.4965277777777778 0.947265625 0.4965277777777778 0.955078125 0.4861111111111111 0.9609375 0.4861111111111111 0.96484375 0.4930555555555556 0.96484375 0.5277777777777778 0.951171875 0.5277777777777778 0.943359375 0.5347222222222222 0.93359375 0.5347222222222222 0.927734375 0.5243055555555556 0.927734375 0.5034722222222222
0 0.69140625 0.4131944444444444 0.693359375 0.4201388888888889 0.69140625 0.4236111111111111 0.69140625 0.4305555555555556 0.6875 0.4375 0.68359375 0.4340277777777778 0.681640625 0.4166666666666667 0.68359375 0.4131944444444444 0.689453125 0.4131944444444444
0 0.66796875 0.53125 0.669921875 0.5347222222222222 0.6796875 0.5347222222222222 0.681640625 0.5381944444444444 0.681640625 0.5659722222222222 0.6796875 0.5729166666666666 0.67578125 0.5798611111111112 0.669921875 0.5798611111111112 0.66796875 0.5729166666666666 0.666015625 0.5347222222222222
0 0.677734375 0.3263888888888889 0.681640625 0.3333333333333333 0.681640625 0.3402777777777778 0.68359375 0.34375 0.681640625 0.3472222222222222 0.681640625 0.3541666666666667 0.677734375 0.3611111111111111 0.67578125 0.3576388888888889 0.67578125 0.3506944444444444 0.673828125 0.3472222222222222 0.673828125 0.3333333333333333 0.67578125 0.3298611111111111
0 0.81640625 0.5208333333333334 0.814453125 0.5173611111111112 0.810546875 0.5173611111111112 0.806640625 0.5104166666666666 0.806640625 0.4965277777777778 0.81640625 0.4861111111111111 0.822265625 0.4861111111111111 0.82421875 0.4895833333333333 0.82421875 0.5034722222222222 0.8203125 0.5173611111111112 0.818359375 0.5173611111111112
0 0.693359375 0.6701388888888888 0.697265625 0.6875 0.697265625 0.6979166666666666 0.69140625 0.7083333333333334 0.69140625 0.7152777777777778 0.68359375 0.7152777777777778 0.67578125 0.6840277777777778 0.681640625 0.6701388888888888 0.69140625 0.6701388888888888
0 0.248046875 0.4097222222222222 0.25390625 0.4166666666666667 0.2578125 0.4166666666666667 0.26171875 0.4236111111111111 0.26171875 0.4375 0.2578125 0.4444444444444444 0.236328125 0.4444444444444444 0.2265625 0.4305555555555556 0.2265625 0.4236111111111111 0.232421875 0.4097222222222222 0.24609375 0.4097222222222222
0 0.98828125 0.53125 0.990234375 0.5347222222222222 0.994140625 0.5347222222222222 0.998046875 0.5416666666666666 0.998046875 0.59375 0.99609375 0.59375 0.98828125 0.5763888888888888 0.982421875 0.5729166666666666 0.98046875 0.5659722222222222 0.98046875 0.5590277777777778 0.978515625 0.5555555555555556 0.98046875 0.53125 0.982421875 0.5277777777777778 0.986328125 0.53125