0 0.9296875 0.53125 0.927734375 0.5243055555555556 0.927734375 0.5034722222222222 0.931640625 0.4965277777777778 0.943359375 0.4965277777777778 0.947265625 0.4895833333333333 0.951171875 0.4895833333333333 0.953125 0.4861111111111111 0.962890625 0.4861111111111111 0.96484375 0.4895833333333333 0.96484375 0.5243055555555556 0.962890625 0.5277777777777778 0.951171875 0.5277777777777778 0.9453125 0.5347222222222222 0.93359375 0.5347222222222222 0.931640625 0.53125
0 0.208984375 0.3576388888888889 0.208984375 0.3368055555555556 0.212890625 0.3298611111111111 0.21875 0.3368055555555556 0.21875 0.3576388888888889 0.216796875 0.3611111111111111 0.212890625 0.3611111111111111 0.2109375 0.3576388888888889
0 0.80078125 0.5104166666666666 0.802734375 0.5104166666666666 0.806640625 0.5 0.81640625 0.5 0.818359375 0.5034722222222222 0.818359375 0.5104166666666666 0.81640625 0.5138888888888888 0.81640625 0.5347222222222222 0.810546875 0.53125 0.802734375 0.5173611111111112 0.802734375 0.5138888888888888
0 0.5634765625 0.3680555555555556 0.017578125 0.034722222222222224
0 0.708984375 0.3923611111111111 0.708984375 0.3854166666666667 0.70703125 0.3819444444444444 0.70703125 0.3715277777777778 0.708984375 0.3680555555555556 0.71484375 0.3680555555555556 0.716796875 0.3715277777777778 0.716796875 0.3819444444444444 0.7109375 0.3923611111111111
0 0.720703125 0.3958333333333333 0.728515625 0.3958333333333333 0.73046875 0.3993055555555556 0.73046875 0.4131944444444444 0.724609375 0.4270833333333333 0.720703125 0.4270833333333333 0.720703125 0.4201388888888889 0.71875 0.4166666666666667 0.71875 0.4027777777777778 0.720703125 0.3993055555555556
0 0.251953125 0.34375 0.255859375 0.3402777777777778 0.26171875 0.34375 0.265625 0.3506944444444444 0.265625 0.3576388888888889 0.267578125 0.3611111111111111 0.265625 0.375 0.251953125 0.3784722222222222 0.25 0.375 0.25 0.3506944444444444 0.251953125 0.3472222222222222
0 0.869140625 0.7638888888888888 0.87890625 0.7847222222222222 0.87890625 0.7916666666666666 0.880859375 0.7951388888888888 0.87890625 0.7986111111111112 0.8828125 0.8090277777777778 0.88671875 0.7986111111111112 0.890625 0.7986111111111112 0.892578125 0.7951388888888888 0.89453125 0.7986111111111112 0.90234375 0.7986111111111112 0.90625 0.8090277777777778 0.90625 0.8229166666666666 0.904296875 0.8263888888888888 0.904296875 0.8368055555555556 0.90234375 0.8402777777777778 0.900390625 0.8576388888888888 0.896484375 0.8645833333333334 0.892578125 0.8611111111111112 0.888671875 0.8541666666666666 0.884765625 0.8368055555555556 0.87890625 0.8263888888888888 0.87890625 0.8229166666666666 0.87109375 0.8125 0.873046875 0.8090277777777778 0.873046875 0.8020833333333334 0.87109375 0.7986111111111112 0.869140625 0.7673611111111112
0 0.96484375 0.71875 0.96875 0.7222222222222222 0.9921875 0.7256944444444444 0.9921875 0.7638888888888888 0.984375 0.7777777777777778 0.98046875 0.7777777777777778 0.96875 0.7673611111111112 0.955078125 0.7465277777777778 0.953125 0.7395833333333334 0.953125 0.7256944444444444 0.966796875 0.7256944444444444 0.96875 0.7222222222222222 0.966796875 0.71875
0 0.69140625 0.4131944444444444 0.6953125 0.4166666666666667 0.6953125 0.4375 0.693359375 0.4444444444444444 0.685546875 0.4444444444444444 0.685546875 0.4375 0.68359375 0.4340277777777778 0.68359375 0.4166666666666667 0.689453125 0.4131944444444444
0 0.169921875 0.4756944444444444 0.171875 0.4826388888888889 0.171875 0.4930555555555556 0.173828125 0.4965277777777778 0.173828125 0.5104166666666666 0.16796875 0.5243055555555556 0.162109375 0.5243055555555556 0.15625 0.5173611111111112 0.15625 0.5069444444444444 0.15234375 0.4895833333333333 0.15234375 0.4756944444444444 0.154296875 0.4722222222222222 0.158203125 0.46875 0.1640625 0.46875 0.16796875 0.4756944444444444
0 0.51953125 0.4305555555555556 0.525390625 0.4305555555555556 0.529296875 0.4270833333333333 0.533203125 0.4340277777777778 0.53125 0.4583333333333333 0.529296875 0.4618055555555556 0.525390625 0.4618055555555556 0.51953125 0.4548611111111111 0.51953125 0.4340277777777778
0 0.6171875 0.3368055555555556 0.623046875 0.3368055555555556 0.625 0.3402777777777778 0.625 0.3680555555555556 0.623046875 0.375 0.619140625 0.375 0.6171875 0.3715277777777778 0.6171875 0.3611111111111111 0.615234375 0.3576388888888889 0.615234375 0.34375 0.6171875 0.3402777777777778
0 0.7421875 0.4201388888888889 0.755859375 0.4201388888888889 0.7578125 0.4236111111111111 0.7578125 0.4479166666666667 0.751953125 0.4618055555555556 0.748046875 0.4618055555555556 0.740234375 0.4513888888888889 0.740234375 0.4270833333333333 0.7421875 0.4236111111111111
0 0.97265625 0.7222222222222222 0.974609375 0.7256944444444444 0.9921875 0.7256944444444444 0.9921875 0.7638888888888888 0.984375 0.7777777777777778 0.98046875 0.7777777777777778 0.966796875 0.7638888888888888 0.95703125 0.7465277777777778 0.955078125 0.7465277777777778 0.953125 0.7361111111111112 0.95703125 0.7291666666666666 0.970703125 0.7256944444444444
0 0.849609375 0.6076388888888888 0.83984375 0.5972222222222222 0.837890625 0.5902777777777778 0.837890625 0.5729166666666666 0.83984375 0.5694444444444444 0.849609375 0.5694444444444444 0.8515625 0.5659722222222222 0.857421875 0.5659722222222222 0.861328125 0.5729166666666666 0.861328125 0.5833333333333334 0.859375 0.5902777777777778 0.8515625 0.6041666666666666
0 0.6630859375 0.3541666666666667 0.009765625 0.034722222222222224
0 0.78125 0.4479166666666667 0.787109375 0.4479166666666667 0.7890625 0.4513888888888889 0.791015625 0.4479166666666667 0.796875 0.4479166666666667 0.798828125 0.4513888888888889 0.798828125 0.4618055555555556 0.79296875 0.46875 0.78515625 0.4652777777777778 0.78125 0.4513888888888889
0 0.642578125 0.9930555555555556 0.642578125 0.9618055555555556 0.646484375 0.9513888888888888 0.646484375 0.9444444444444444 0.650390625 0.9375 0.6640625 0.9375 0.666015625 0.9409722222222222 0.66796875 0.96875 0.673828125 0.9826388888888888 0.671875 0.9895833333333334 0.6640625 0.9965277777777778 0.646484375 0.9965277777777778 0.64453125 0.9930555555555556
0 0.541015625 0.3576388888888889 0.544921875 0.3645833333333333 0.544921875 0.3784722222222222 0.541015625 0.3854166666666667 0.53515625 0.3854166666666667 0.533203125 0.3819444444444444 0.533203125 0.3645833333333333 0.5390625 0.3576388888888889