0 0.6171875 0.3055555555555556 0.62109375 0.3159722222222222 0.62109375 0.3298611111111111 0.619140625 0.3333333333333333 0.619140625 0.34375 0.61328125 0.3506944444444444 0.609375 0.3506944444444444 0.607421875 0.3472222222222222 0.607421875 0.3194444444444444 0.609375 0.3125 0.615234375 0.3055555555555556
0 0.59375 0.3229166666666667 0.599609375 0.3229166666666667 0.6015625 0.3298611111111111 0.6015625 0.3541666666666667 0.595703125 0.3611111111111111 0.59375 0.3576388888888889 0.59375 0.3263888888888889
0 0.912109375 0.8784722222222222 0.9140625 0.875 0.91796875 0.8784722222222222 0.91796875 0.8923611111111112 0.9140625 0.8993055555555556 0.9140625 0.9097222222222222 0.919921875 0.9201388888888888 0.921875 0.9201388888888888 0.921875 0.9270833333333334 0.923828125 0.9305555555555556 0.919921875 0.9375 0.919921875 0.9548611111111112 0.921875 0.9618055555555556 0.92578125 0.96875 0.93359375 0.96875 0.939453125 0.9548611111111112 0.9453125 0.9548611111111112 0.947265625 0.9583333333333334 0.962890625 0.9618055555555556 0.96484375 0.9756944444444444 0.962890625 0.9791666666666666 0.962890625 0.9930555555555556 0.958984375 0.9965277777777778 0.91796875 0.9965277777777778 0.916015625 0.9930555555555556 0.91015625 0.9930555555555556 0.91015625 0.9791666666666666 0.912109375 0.9756944444444444 0.91015625 0.9722222222222222 0.912109375 0.96875 0.912109375 0.9375 0.9140625 0.9340277777777778 0.9140625 0.9270833333333334 0.912109375 0.9236111111111112 0.9140625 0.9166666666666666 0.9140625 0.8819444444444444
0 0.962890625 0.4861111111111111 0.96484375 0.4895833333333333 0.962890625 0.5104166666666666 0.966796875 0.5243055555555556 0.962890625 0.53125 0.94921875 0.53125 0.947265625 0.5347222222222222 0.93359375 0.5347222222222222 0.9296875 0.53125 0.927734375 0.5243055555555556 0.9296875 0.5 0.93359375 0.5 0.935546875 0.4965277777777778 0.9375 0.5 0.953125 0.5034722222222222 0.955078125 0.5 0.958984375 0.5 0.9609375 0.4965277777777778 0.9609375 0.4895833333333333
0 0.98046875 0.5243055555555556 0.986328125 0.5243055555555556 0.998046875 0.5347222222222222 0.998046875 0.5625 0.99609375 0.5659722222222222 0.998046875 0.5729166666666666 0.994140625 0.5763888888888888 0.986328125 0.5763888888888888 0.98046875 0.5659722222222222 0.98046875 0.5555555555555556 0.978515625 0.5520833333333334 0.98046875 0.5277777777777778
0 0.1640625 0.46875 0.169921875 0.4791666666666667 0.169921875 0.4861111111111111 0.173828125 0.4965277777777778 0.173828125 0.5104166666666666 0.16796875 0.5243055555555556 0.16015625 0.5243055555555556 0.15625 0.5208333333333334 0.154296875 0.4965277777777778 0.15234375 0.4930555555555556 0.15234375 0.4756944444444444 0.15625 0.46875 0.162109375 0.46875
0 0.5419921875 0.4253472222222222 0.017578125 0.052083333333333336
0 0.177734375 0.4618055555555556 0.181640625 0.4618055555555556 0.18359375 0.4583333333333333 0.189453125 0.4583333333333333 0.193359375 0.4618055555555556 0.1953125 0.4652777777777778 0.1953125 0.4791666666666667 0.201171875 0.4895833333333333 0.201171875 0.5034722222222222 0.185546875 0.5034722222222222 0.181640625 0.5 0.17578125 0.4791666666666667 0.17578125 0.46875 0.177734375 0.4652777777777778
0 0.583984375 0.4930555555555556 0.587890625 0.4965277777777778 0.587890625 0.5208333333333334 0.5859375 0.5277777777777778 0.583984375 0.53125 0.576171875 0.5277777777777778 0.576171875 0.4965277777777778 0.58203125 0.4965277777777778
0 0.5703125 0.3333333333333333 0.5703125 0.3645833333333333 0.56640625 0.3715277777777778 0.5625 0.3715277777777778 0.560546875 0.3680555555555556 0.560546875 0.3368055555555556 0.564453125 0.3298611111111111 0.568359375 0.3333333333333333
0 0.724609375 0.3576388888888889 0.7265625 0.3611111111111111 0.7265625 0.3784722222222222 0.724609375 0.3854166666666667 0.71875 0.3854166666666667 0.71875 0.3680555555555556 0.716796875 0.3645833333333333 0.72265625 0.3576388888888889