0 0.9296875 0.5 0.9453125 0.5 0.947265625 0.5034722222222222 0.951171875 0.5034722222222222 0.953125 0.5 0.958984375 0.5 0.9609375 0.4965277777777778 0.9609375 0.4895833333333333 0.96484375 0.4861111111111111 0.96484375 0.5034722222222222 0.962890625 0.5069444444444444 0.966796875 0.5243055555555556 0.962890625 0.53125 0.93359375 0.5347222222222222 0.9296875 0.53125 0.927734375 0.5243055555555556 0.927734375 0.5104166666666666 0.9296875 0.5034722222222222
0 0.587890625 0.6840277777777778 0.58984375 0.6805555555555556 0.58984375 0.6631944444444444 0.591796875 0.6597222222222222 0.6015625 0.6597222222222222 0.60546875 0.65625 0.609375 0.6666666666666666 0.609375 0.6770833333333334 0.60546875 0.6875 0.603515625 0.6875 0.59375 0.7083333333333334 0.58984375 0.7013888888888888 0.58984375 0.6875
0 0.86328125 0.6319444444444444 0.869140625 0.6388888888888888 0.869140625 0.6458333333333334 0.865234375 0.6597222222222222 0.865234375 0.6736111111111112 0.86328125 0.6770833333333334 0.859375 0.6770833333333334 0.84765625 0.6631944444444444 0.84765625 0.6423611111111112 0.85546875 0.6319444444444444 0.861328125 0.6319444444444444
0 0.685546875 0.375 0.69140625 0.375 0.6953125 0.3784722222222222 0.6953125 0.3958333333333333 0.69140625 0.4027777777777778 0.68359375 0.3888888888888889 0.685546875 0.3784722222222222
0 0.646484375 0.6666666666666666 0.64453125 0.6388888888888888 0.646484375 0.6319444444444444 0.65234375 0.625 0.658203125 0.625 0.66015625 0.6284722222222222 0.662109375 0.6527777777777778 0.65625 0.6631944444444444 0.65625 0.6666666666666666 0.6484375 0.6666666666666666
0 0.544921875 0.3854166666666667 0.544921875 0.4097222222222222 0.541015625 0.4166666666666667 0.537109375 0.4166666666666667 0.53515625 0.4131944444444444 0.53125 0.3993055555555556 0.53125 0.3888888888888889 0.53515625 0.3819444444444444 0.541015625 0.3819444444444444 0.54296875 0.3854166666666667
0 0.55859375 0.6909722222222222 0.55859375 0.6631944444444444 0.5625 0.65625 0.572265625 0.65625 0.576171875 0.6631944444444444 0.576171875 0.6701388888888888 0.568359375 0.6979166666666666 0.560546875 0.6909722222222222
0 0.68359375 0.3229166666666667 0.685546875 0.3368055555555556 0.6796875 0.3472222222222222 0.67578125 0.34375 0.673828125 0.3368055555555556 0.673828125 0.3263888888888889 0.67578125 0.3229166666666667 0.681640625 0.3229166666666667
0 0.556640625 0.3923611111111111 0.5625 0.3923611111111111 0.56640625 0.3993055555555556 0.56640625 0.40625 0.560546875 0.4236111111111111 0.556640625 0.4097222222222222 0.556640625 0.3958333333333333
0 0.755859375 0.4305555555555556 0.7578125 0.4444444444444444 0.755859375 0.4513888888888889 0.75 0.4583333333333333 0.74609375 0.4548611111111111 0.744140625 0.4340277777777778 0.748046875 0.4305555555555556 0.75390625 0.4305555555555556
0 0.15625 0.5208333333333334 0.154296875 0.4791666666666667 0.158203125 0.4722222222222222 0.16796875 0.4722222222222222 0.171875 0.4791666666666667 0.171875 0.4895833333333333 0.173828125 0.4930555555555556 0.171875 0.5173611111111112 0.16796875 0.5243055555555556 0.162109375 0.5243055555555556 0.158203125 0.5208333333333334
0 0.6875 0.4166666666666667 0.689453125 0.4201388888888889 0.689453125 0.4340277777777778 0.68359375 0.4444444444444444 0.6796875 0.4444444444444444 0.677734375 0.4375 0.677734375 0.4201388888888889 0.685546875 0.4201388888888889
0 0.583984375 0.9375 0.587890625 0.9375 0.58984375 0.9444444444444444 0.595703125 0.9409722222222222 0.59765625 0.9375 0.59765625 0.9201388888888888 0.599609375 0.9166666666666666 0.60546875 0.9166666666666666 0.609375 0.9270833333333334 0.609375 0.9375 0.615234375 0.9444444444444444 0.6171875 0.9444444444444444 0.619140625 0.9409722222222222 0.6171875 0.9375 0.623046875 0.9305555555555556 0.625 0.9375 0.62109375 0.9479166666666666 0.623046875 0.9513888888888888 0.623046875 0.9652777777777778 0.625 0.96875 0.625 0.9826388888888888 0.626953125 0.9861111111111112 0.626953125 0.9930555555555556 0.625 0.9965277777777778 0.5859375 0.9930555555555556 0.5859375 0.9791666666666666 0.583984375 0.9756944444444444 0.583984375 0.9583333333333334 0.587890625 0.9444444444444444 0.5859375 0.9409722222222222
0 0.587890625 0.75 0.58984375 0.7534722222222222 0.58984375 0.7881944444444444 0.583984375 0.8020833333333334 0.576171875 0.7951388888888888 0.572265625 0.7951388888888888 0.56640625 0.7743055555555556 0.576171875 0.75 0.5859375 0.75
0 0.607421875 0.6284722222222222 0.611328125 0.6319444444444444 0.61328125 0.6388888888888888 0.61328125 0.6527777777777778 0.611328125 0.65625 0.609375 0.6805555555555556 0.607421875 0.6805555555555556 0.59375 0.7083333333333334 0.587890625 0.6909722222222222 0.587890625 0.65625 0.603515625 0.65625 0.609375 0.6354166666666666 0.607421875 0.6319444444444444
0 0.595703125 0.8194444444444444 0.615234375 0.8194444444444444 0.6171875 0.8229166666666666 0.6171875 0.8576388888888888 0.609375 0.875 0.6015625 0.8819444444444444 0.59765625 0.8784722222222222 0.59765625 0.8715277777777778 0.595703125 0.8680555555555556 0.595703125 0.8506944444444444 0.59375 0.8472222222222222 0.59375 0.8298611111111112 0.595703125 0.8229166666666666
0 0.28515625 0.5520833333333334 0.287109375 0.5555555555555556 0.287109375 0.5729166666666666 0.2890625 0.5763888888888888 0.2890625 0.6111111111111112 0.28515625 0.6145833333333334 0.283203125 0.6145833333333334 0.27734375 0.6006944444444444 0.279296875 0.5972222222222222 0.279296875 0.5555555555555556 0.283203125 0.5520833333333334
0 0.740234375 0.3958333333333333 0.740234375 0.40625 0.7421875 0.4097222222222222 0.740234375 0.4131944444444444 0.740234375 0.4201388888888889 0.736328125 0.4270833333333333 0.73046875 0.4270833333333333 0.73046875 0.4097222222222222 0.728515625 0.40625 0.732421875 0.3958333333333333 0.73828125 0.3958333333333333
0 0.7109375 0.4166666666666667 0.71484375 0.4131944444444444 0.720703125 0.4131944444444444 0.72265625 0.4166666666666667 0.72265625 0.4340277777777778 0.71875 0.4409722222222222 0.7109375 0.4409722222222222 0.7109375 0.4201388888888889
0 0.98046875 0.5208333333333334 0.982421875 0.5243055555555556 0.98828125 0.5243055555555556 0.998046875 0.5347222222222222 0.998046875 0.59375 0.99609375 0.59375 0.9921875 0.5833333333333334 0.98046875 0.5659722222222222 0.98046875 0.5590277777777778 0.978515625 0.5555555555555556 0.978515625 0.5451388888888888 0.982421875 0.53125 0.98046875 0.5243055555555556