0 0.1796875 0.7673611111111112 0.193359375 0.7673611111111112 0.197265625 0.7743055555555556 0.1953125 0.7777777777777778 0.19921875 0.7951388888888888 0.2109375 0.7847222222222222 0.21484375 0.7847222222222222 0.212890625 0.8159722222222222 0.208984375 0.8298611111111112 0.1953125 0.8368055555555556 0.1875 0.8576388888888888 0.18359375 0.8645833333333334 0.1796875 0.8645833333333334 0.17578125 0.8472222222222222 0.177734375 0.8055555555555556 0.173828125 0.7881944444444444 0.17578125 0.7743055555555556 0.1796875 0.7708333333333334
0 0.669921875 0.3263888888888889 0.67578125 0.3263888888888889 0.677734375 0.3333333333333333 0.67578125 0.3402777777777778 0.67578125 0.3506944444444444 0.671875 0.3506944444444444 0.669921875 0.3472222222222222 0.669921875 0.3298611111111111
0 0.0859375 0.6319444444444444 0.087890625 0.6006944444444444 0.09375 0.5729166666666666 0.107421875 0.5729166666666666 0.111328125 0.5902777777777778 0.111328125 0.6076388888888888 0.11328125 0.6145833333333334 0.09375 0.6319444444444444 0.087890625 0.6319444444444444
0 0.875 0.7465277777777778 0.0390625 0.10416666666666667
0 0.86328125 0.5451388888888888 0.865234375 0.5486111111111112 0.865234375 0.5694444444444444 0.859375 0.5798611111111112 0.8515625 0.5798611111111112 0.845703125 0.5694444444444444 0.845703125 0.5555555555555556 0.85546875 0.5451388888888888 0.861328125 0.5451388888888888
0 0.697265625 0.3576388888888889 0.705078125 0.3576388888888889 0.705078125 0.3819444444444444 0.703125 0.3854166666666667 0.697265625 0.3854166666666667 0.697265625 0.3611111111111111
0 0.6328125 0.2847222222222222 0.634765625 0.2847222222222222 0.638671875 0.2951388888888889 0.638671875 0.3020833333333333 0.63671875 0.3055555555555556 0.6328125 0.3055555555555556 0.630859375 0.2986111111111111 0.6328125 0.2951388888888889 0.6328125 0.2881944444444444
0 0.064453125 0.8333333333333334 0.068359375 0.8229166666666666 0.06640625 0.8090277777777778 0.0703125 0.8055555555555556 0.07421875 0.8125 0.07421875 0.8229166666666666 0.076171875 0.8263888888888888 0.07421875 0.8541666666666666 0.076171875 0.8576388888888888 0.076171875 0.8645833333333334 0.072265625 0.875 0.0625 0.8888888888888888 0.0546875 0.8888888888888888 0.05078125 0.8923611111111112 0.046875 0.8993055555555556 0.041015625 0.9236111111111112 0.03515625 0.9340277777777778 0.029296875 0.9340277777777778 0.025390625 0.9270833333333334 0.025390625 0.9166666666666666 0.0234375 0.9131944444444444 0.0234375 0.8958333333333334 0.025390625 0.8923611111111112 0.021484375 0.875 0.021484375 0.8680555555555556 0.025390625 0.8541666666666666 0.0234375 0.8472222222222222 0.0234375 0.8368055555555556 0.03125 0.8298611111111112 0.037109375 0.8298611111111112 0.0390625 0.8333333333333334 0.048828125 0.8368055555555556 0.0546875 0.8541666666666666 0.06640625 0.8368055555555556
0 0.21875 0.6319444444444444 0.228515625 0.6319444444444444 0.234375 0.6423611111111112 0.236328125 0.6493055555555556 0.236328125 0.65625 0.234375 0.6597222222222222 0.240234375 0.6701388888888888 0.240234375 0.6770833333333334 0.236328125 0.6805555555555556 0.23046875 0.6909722222222222 0.2265625 0.7048611111111112 0.22265625 0.7083333333333334 0.21875 0.6944444444444444 0.21875 0.6736111111111112 0.216796875 0.6701388888888888 0.216796875 0.6423611111111112 0.21875 0.6354166666666666
0 0.26171875 0.5347222222222222 0.265625 0.5416666666666666 0.265625 0.5659722222222222 0.263671875 0.5694444444444444 0.259765625 0.5694444444444444 0.255859375 0.5763888888888888 0.251953125 0.5763888888888888 0.251953125 0.5694444444444444 0.25 0.5659722222222222 0.25 0.5347222222222222 0.251953125 0.53125 0.2578125 0.53125 0.259765625 0.5347222222222222
0 0.283203125 0.6284722222222222 0.2890625 0.65625 0.287109375 0.6597222222222222 0.287109375 0.6666666666666666 0.2890625 0.6701388888888888 0.2890625 0.6805555555555556 0.287109375 0.6840277777777778 0.283203125 0.6840277777777778 0.2734375 0.6666666666666666 0.265625 0.6631944444444444 0.265625 0.65625 0.263671875 0.6527777777777778 0.265625 0.6319444444444444 0.267578125 0.6284722222222222 0.271484375 0.6284722222222222 0.2734375 0.625 0.279296875 0.625 0.28125 0.6284722222222222
0 0.279296875 0.5694444444444444 0.283203125 0.5729166666666666 0.28515625 0.5798611111111112 0.28515625 0.5972222222222222 0.287109375 0.6006944444444444 0.28515625 0.6041666666666666 0.287109375 0.6076388888888888 0.287109375 0.6180555555555556 0.28515625 0.625 0.275390625 0.6215277777777778 0.26953125 0.6284722222222222 0.267578125 0.6284722222222222 0.265625 0.6215277777777778 0.267578125 0.5798611111111112 0.271484375 0.5729166666666666 0.27734375 0.5694444444444444
0 0.1640625 0.7083333333333334 0.166015625 0.7118055555555556 0.177734375 0.7083333333333334 0.181640625 0.7152777777777778 0.181640625 0.7291666666666666 0.16796875 0.7534722222222222 0.166015625 0.7638888888888888 0.16015625 0.7708333333333334 0.15234375 0.7708333333333334 0.150390625 0.7673611111111112 0.150390625 0.7291666666666666 0.15234375 0.7256944444444444 0.15625 0.7256944444444444 0.158203125 0.71875 0.162109375 0.7152777777777778 0.162109375 0.7118055555555556
0 0.72265625 0.4305555555555556 0.724609375 0.4340277777777778 0.724609375 0.4548611111111111 0.720703125 0.4652777777777778 0.71484375 0.4652777777777778 0.7109375 0.4548611111111111 0.712890625 0.4513888888888889 0.712890625 0.4340277777777778 0.720703125 0.4305555555555556
0 0.23046875 0.5104166666666666 0.232421875 0.5138888888888888 0.244140625 0.5138888888888888 0.24609375 0.5208333333333334 0.24609375 0.5451388888888888 0.244140625 0.5520833333333334 0.234375 0.5625 0.23046875 0.5625 0.228515625 0.5590277777777778 0.2265625 0.5520833333333334 0.2265625 0.5416666666666666 0.228515625 0.5381944444444444 0.228515625 0.5138888888888888
0 0.05078125 0.6944444444444444 0.0546875 0.6909722222222222 0.072265625 0.6909722222222222 0.07421875 0.6944444444444444 0.072265625 0.7083333333333334 0.076171875 0.71875 0.080078125 0.7152777777777778 0.080078125 0.6944444444444444 0.083984375 0.6875 0.087890625 0.6909722222222222 0.087890625 0.7013888888888888 0.08984375 0.7048611111111112 0.08984375 0.7222222222222222 0.087890625 0.7291666666666666 0.08203125 0.7361111111111112 0.068359375 0.7430555555555556 0.06640625 0.75 0.064453125 0.75 0.0625 0.7569444444444444 0.052734375 0.7708333333333334 0.048828125 0.7638888888888888 0.048828125 0.7569444444444444 0.046875 0.7534722222222222 0.046875 0.71875 0.048828125 0.7152777777777778 0.048828125 0.7048611111111112 0.05078125 0.6979166666666666
0 0.07421875 0.9409722222222222 0.078125 0.9340277777777778 0.083984375 0.9340277777777778 0.0859375 0.9375 0.0859375 0.9444444444444444 0.087890625 0.9479166666666666 0.087890625 0.9583333333333334 0.0859375 0.9618055555555556 0.087890625 0.9652777777777778 0.0859375 0.9722222222222222 0.08984375 0.9791666666666666 0.091796875 0.9930555555555556 0.087890625 0.9965277777777778 0.03125 0.9965277777777778 0.03125 0.9826388888888888 0.072265625 0.9826388888888888 0.080078125 0.9583333333333334 0.080078125 0.9479166666666666 0.076171875 0.9444444444444444
0 0.98046875 0.9479166666666666 0.984375 0.9479166666666666 0.990234375 0.9548611111111112 0.998046875 0.9548611111111112 0.998046875 0.9965277777777778 0.978515625 0.9965277777777778 0.978515625 0.9652777777777778 0.98046875 0.9618055555555556 0.98046875 0.9513888888888888
0 0.962890625 0.4826388888888889 0.966796875 0.4861111111111111 0.966796875 0.5 0.96484375 0.5034722222222222 0.96484375 0.5173611111111112 0.966796875 0.5208333333333334 0.962890625 0.5277777777777778 0.953125 0.5277777777777778 0.951171875 0.53125 0.94140625 0.53125 0.939453125 0.5347222222222222 0.935546875 0.5347222222222222 0.927734375 0.5243055555555556 0.927734375 0.5104166666666666 0.931640625 0.5 0.94921875 0.5 0.951171875 0.5034722222222222 0.955078125 0.5034722222222222 0.958984375 0.4965277777777778 0.958984375 0.4895833333333333 0.9609375 0.4861111111111111
0 0.552734375 0.4826388888888889 0.548828125 0.4722222222222222 0.541015625 0.4652777777777778 0.53515625 0.4548611111111111 0.53515625 0.4513888888888889 0.537109375 0.4479166666666667 0.54296875 0.4479166666666667 0.546875 0.4583333333333333 0.556640625 0.4618055555555556 0.556640625 0.4722222222222222 0.5546875 0.4791666666666667
0 0.283203125 0.7152777777777778 0.28515625 0.71875 0.28515625 0.7326388888888888 0.287109375 0.7361111111111112 0.28515625 0.7430555555555556 0.28515625 0.7673611111111112 0.279296875 0.7777777777777778 0.27734375 0.7777777777777778 0.275390625 0.7847222222222222 0.271484375 0.7881944444444444 0.271484375 0.7916666666666666 0.265625 0.7916666666666666 0.26171875 0.7638888888888888 0.2578125 0.7534722222222222 0.2578125 0.7256944444444444 0.26171875 0.71875 0.265625 0.71875 0.267578125 0.7152777777777778 0.28125 0.7152777777777778
0 0.76171875 0.4722222222222222 0.763671875 0.4756944444444444 0.775390625 0.4756944444444444 0.77734375 0.4791666666666667 0.775390625 0.5 0.771484375 0.5069444444444444 0.763671875 0.5034722222222222 0.76171875 0.5 0.759765625 0.4756944444444444
0 0.736328125 0.4409722222222222 0.736328125 0.4305555555555556 0.732421875 0.4236111111111111 0.732421875 0.4131944444444444 0.73828125 0.4027777777777778 0.744140625 0.4027777777777778 0.74609375 0.40625 0.74609375 0.4375 0.744140625 0.4409722222222222 0.73828125 0.4409722222222222
0 0.212890625 0.7847222222222222 0.21484375 0.7881944444444444 0.21484375 0.7986111111111112 0.2109375 0.8090277777777778 0.212890625 0.8159722222222222 0.208984375 0.8298611111111112 0.1953125 0.8368055555555556 0.1875 0.8576388888888888 0.18359375 0.8645833333333334 0.1796875 0.8645833333333334 0.177734375 0.8576388888888888 0.177734375 0.8472222222222222 0.17578125 0.84375 0.17578125 0.8368055555555556 0.177734375 0.8333333333333334 0.177734375 0.8159722222222222 0.1796875 0.8125 0.17578125 0.7986111111111112 0.17578125 0.7881944444444444 0.1796875 0.7708333333333334 0.181640625 0.7673611111111112 0.19140625 0.7673611111111112 0.1953125 0.7743055555555556 0.1953125 0.7847222222222222 0.193359375 0.7881944444444444 0.197265625 0.7951388888888888 0.205078125 0.7951388888888888 0.2109375 0.7881944444444444
0 0.990234375 0.5347222222222222 0.9921875 0.5381944444444444 0.998046875 0.5381944444444444 0.998046875 0.5833333333333334 0.994140625 0.5833333333333334 0.986328125 0.5763888888888888 0.98046875 0.5659722222222222 0.98046875 0.5451388888888888 0.986328125 0.5347222222222222 0.98828125 0.5347222222222222