0 0.580078125 0.3194444444444444 0.583984375 0.3229166666666667 0.5859375 0.3298611111111111 0.583984375 0.3368055555555556 0.583984375 0.3506944444444444 0.578125 0.3576388888888889 0.572265625 0.34375 0.572265625 0.3263888888888889 0.57421875 0.3229166666666667 0.578125 0.3229166666666667
0 0.603515625 0.3020833333333333 0.607421875 0.3159722222222222 0.60546875 0.3229166666666667 0.60546875 0.3333333333333333 0.6015625 0.3368055555555556 0.6015625 0.3263888888888889 0.599609375 0.3229166666666667 0.599609375 0.3090277777777778 0.6015625 0.3055555555555556
0 0.806640625 0.5902777777777778 0.80859375 0.5972222222222222 0.80859375 0.6215277777777778 0.802734375 0.6354166666666666 0.796875 0.6354166666666666 0.791015625 0.625 0.7890625 0.6111111111111112 0.79296875 0.59375 0.8046875 0.5902777777777778
0 0.98046875 0.5243055555555556 0.984375 0.5243055555555556 0.998046875 0.5347222222222222 0.998046875 0.5625 0.994140625 0.5694444444444444 0.994140625 0.5763888888888888 0.986328125 0.5763888888888888 0.982421875 0.5729166666666666 0.978515625 0.5555555555555556 0.98046875 0.5277777777777778
0 0.662109375 0.4583333333333333 0.662109375 0.4444444444444444 0.66015625 0.4409722222222222 0.66015625 0.4201388888888889 0.662109375 0.4166666666666667 0.669921875 0.4201388888888889 0.673828125 0.4270833333333333 0.673828125 0.4409722222222222 0.669921875 0.4548611111111111 0.66796875 0.4583333333333333 0.6640625 0.4583333333333333
0 0.865234375 0.53125 0.875 0.53125 0.876953125 0.5277777777777778 0.8828125 0.5277777777777778 0.88671875 0.53125 0.88671875 0.5451388888888888 0.8828125 0.5625 0.87890625 0.5625 0.873046875 0.5520833333333334 0.87109375 0.5520833333333334 0.8671875 0.5451388888888888 0.865234375 0.5347222222222222
0 0.63671875 0.3472222222222222 0.63671875 0.3645833333333333 0.634765625 0.3680555555555556 0.634765625 0.3819444444444444 0.6328125 0.3854166666666667 0.62890625 0.3854166666666667 0.62890625 0.3715277777777778 0.625 0.3645833333333333 0.625 0.3576388888888889 0.62890625 0.3472222222222222 0.634765625 0.3472222222222222
0 0.1015625 0.6840277777777778 0.109375 0.6979166666666666 0.107421875 0.7013888888888888 0.109375 0.7048611111111112 0.109375 0.7152777777777778 0.107421875 0.71875 0.107421875 0.7256944444444444 0.095703125 0.7430555555555556 0.091796875 0.7569444444444444 0.083984375 0.7569444444444444 0.08203125 0.75 0.083984375 0.6944444444444444 0.0859375 0.6875 0.091796875 0.6805555555555556 0.09765625 0.6805555555555556 0.099609375 0.6840277777777778
0 0.751953125 0.9305555555555556 0.75390625 0.9340277777777778 0.755859375 0.9305555555555556 0.763671875 0.9340277777777778 0.763671875 0.9756944444444444 0.7578125 0.9965277777777778 0.751953125 0.9965277777777778 0.748046875 0.9895833333333334 0.744140625 0.9756944444444444 0.744140625 0.96875 0.740234375 0.9618055555555556 0.73828125 0.9479166666666666 0.734375 0.9444444444444444 0.734375 0.9409722222222222 0.740234375 0.9479166666666666 0.744140625 0.9340277777777778 0.75 0.9305555555555556
0 0.24609375 0.4097222222222222 0.251953125 0.4097222222222222 0.26171875 0.4305555555555556 0.26171875 0.4375 0.259765625 0.4409722222222222 0.255859375 0.4409722222222222 0.248046875 0.4479166666666667 0.240234375 0.4479166666666667 0.234375 0.4340277777777778 0.234375 0.4236111111111111 0.240234375 0.4236111111111111 0.24609375 0.4131944444444444
0 0.2734375 0.4461805555555556 0.015625 0.03125
0 0.15625 0.5243055555555556 0.154296875 0.4930555555555556 0.15234375 0.4895833333333333 0.15234375 0.4756944444444444 0.15625 0.46875 0.166015625 0.46875 0.169921875 0.4756944444444444 0.173828125 0.4930555555555556 0.173828125 0.5104166666666666 0.171875 0.5173611111111112 0.16796875 0.5243055555555556 0.158203125 0.5243055555555556
0 0.94140625 0.6909722222222222 0.94921875 0.6979166666666666 0.953125 0.6909722222222222 0.95703125 0.6909722222222222 0.9609375 0.6979166666666666 0.96875 0.6979166666666666 0.97265625 0.7013888888888888 0.97265625 0.7083333333333334 0.974609375 0.7118055555555556 0.97265625 0.7430555555555556 0.966796875 0.75 0.962890625 0.75 0.951171875 0.7326388888888888 0.9453125 0.7326388888888888 0.943359375 0.7291666666666666 0.939453125 0.7118055555555556 0.939453125 0.6979166666666666 0.94140625 0.6944444444444444
0 0.662109375 0.5277777777777778 0.666015625 0.53125 0.66796875 0.5381944444444444 0.671875 0.5381944444444444 0.67578125 0.53125 0.681640625 0.53125 0.685546875 0.5381944444444444 0.6875 0.5451388888888888 0.681640625 0.5555555555555556 0.681640625 0.5625 0.6796875 0.5659722222222222 0.6640625 0.5659722222222222 0.658203125 0.5590277777777778 0.65625 0.5520833333333334 0.65625 0.53125 0.66015625 0.5277777777777778
0 0.22265625 0.4895833333333333 0.23046875 0.4895833333333333 0.234375 0.5 0.234375 0.5104166666666666 0.232421875 0.5138888888888888 0.232421875 0.5208333333333334 0.234375 0.5243055555555556 0.23046875 0.5347222222222222 0.224609375 0.5381944444444444 0.22265625 0.5347222222222222 0.22265625 0.5138888888888888 0.220703125 0.5104166666666666 0.220703125 0.4965277777777778 0.22265625 0.4930555555555556
0 0.5390625 0.3472222222222222 0.541015625 0.3506944444444444 0.548828125 0.3506944444444444 0.548828125 0.3645833333333333 0.544921875 0.3715277777777778 0.5390625 0.3715277777777778 0.537109375 0.3645833333333333 0.537109375 0.3506944444444444
0 0.232421875 0.4340277777777778 0.240234375 0.4513888888888889 0.234375 0.4583333333333333 0.21875 0.4583333333333333 0.216796875 0.4618055555555556 0.205078125 0.4618055555555556 0.201171875 0.4548611111111111 0.201171875 0.4444444444444444 0.212890625 0.4444444444444444 0.224609375 0.4340277777777778 0.23046875 0.4340277777777778
0 0.181640625 0.5277777777777778 0.189453125 0.5277777777777778 0.197265625 0.5381944444444444 0.197265625 0.5625 0.19921875 0.5659722222222222 0.197265625 0.5729166666666666 0.189453125 0.5798611111111112 0.185546875 0.5798611111111112 0.18359375 0.5763888888888888 0.18359375 0.5694444444444444 0.181640625 0.5659722222222222 0.181640625 0.53125
0 0.943359375 0.6979166666666666 0.958984375 0.6979166666666666 0.966796875 0.7048611111111112 0.97265625 0.7048611111111112 0.974609375 0.7118055555555556 0.97265625 0.7430555555555556 0.966796875 0.75 0.962890625 0.75 0.951171875 0.7326388888888888 0.947265625 0.7326388888888888 0.94140625 0.7222222222222222 0.94140625 0.7048611111111112 0.943359375 0.7013888888888888
0 0.83984375 0.5277777777777778 0.84375 0.53125 0.849609375 0.53125 0.8515625 0.5381944444444444 0.8515625 0.5520833333333334 0.845703125 0.5590277777777778 0.841796875 0.5486111111111112 0.83984375 0.53125
0 0.791015625 0.7361111111111112 0.798828125 0.7361111111111112 0.802734375 0.7430555555555556 0.8046875 0.7638888888888888 0.806640625 0.7673611111111112 0.806640625 0.7916666666666666 0.802734375 0.8055555555555556 0.796875 0.8159722222222222 0.791015625 0.8125 0.78125 0.7847222222222222 0.783203125 0.7638888888888888 0.7890625 0.75 0.7890625 0.7430555555555556 0.791015625 0.7395833333333334
0 0.71484375 0.5972222222222222 0.71875 0.6041666666666666 0.71875 0.6284722222222222 0.71484375 0.6423611111111112 0.70703125 0.6388888888888888 0.703125 0.625 0.703125 0.6111111111111112 0.705078125 0.6041666666666666 0.70703125 0.6006944444444444 0.712890625 0.6006944444444444
0 0.560546875 0.3680555555555556 0.5703125 0.3680555555555556 0.572265625 0.375 0.572265625 0.3888888888888889 0.5703125 0.3958333333333333 0.560546875 0.3958333333333333 0.55859375 0.3923611111111111 0.55859375 0.3784722222222222 0.560546875 0.3715277777777778
0 0.263671875 0.3680555555555556 0.02734375 0.034722222222222224
0 0.560546875 0.4513888888888889 0.5625 0.4548611111111111 0.5625 0.4791666666666667 0.55859375 0.4895833333333333 0.552734375 0.4861111111111111 0.544921875 0.46875 0.544921875 0.4618055555555556 0.546875 0.4583333333333333 0.552734375 0.4583333333333333 0.55859375 0.4513888888888889
0 0.7265625 0.9097222222222222 0.73046875 0.9131944444444444 0.73046875 0.9305555555555556 0.734375 0.9340277777777778 0.736328125 0.9409722222222222 0.740234375 0.9409722222222222 0.74609375 0.9270833333333334 0.759765625 0.9270833333333334 0.76171875 0.9236111111111112 0.763671875 0.9270833333333334 0.763671875 0.9583333333333334 0.765625 0.9618055555555556 0.765625 0.96875 0.76171875 0.9791666666666666 0.759765625 0.9930555555555556 0.7578125 0.9965277777777778 0.751953125 0.9965277777777778 0.740234375 0.9652777777777778 0.740234375 0.9583333333333334 0.73046875 0.9409722222222222 0.73046875 0.9305555555555556 0.7265625 0.9236111111111112 0.7265625 0.9131944444444444
0 0.724609375 0.5486111111111112 0.728515625 0.5451388888888888 0.736328125 0.5520833333333334 0.73828125 0.5486111111111112 0.748046875 0.5486111111111112 0.751953125 0.5590277777777778 0.75 0.5798611111111112 0.74609375 0.5868055555555556 0.7421875 0.5868055555555556 0.736328125 0.5798611111111112 0.724609375 0.5763888888888888 0.724609375 0.5694444444444444 0.72265625 0.5659722222222222 0.724609375 0.5625 0.724609375 0.5520833333333334
0 0.94921875 0.4895833333333333 0.9609375 0.4895833333333333 0.9609375 0.4930555555555556 0.96484375 0.4965277777777778 0.962890625 0.5034722222222222 0.96484375 0.5104166666666666 0.96484375 0.5243055555555556 0.962890625 0.5277777777777778 0.951171875 0.5277777777777778 0.9453125 0.5347222222222222 0.93359375 0.5347222222222222 0.9296875 0.53125 0.927734375 0.5243055555555556 0.927734375 0.5034722222222222 0.9296875 0.5 0.93359375 0.4965277777777778 0.947265625 0.4965277777777778 0.94921875 0.4930555555555556
0 0.14453125 0.7083333333333334 0.1484375 0.7083333333333334 0.154296875 0.7256944444444444 0.15234375 0.7638888888888888 0.115234375 0.8125 0.11328125 0.8125 0.107421875 0.7986111111111112 0.109375 0.7534722222222222 0.111328125 0.75 0.111328125 0.7291666666666666 0.119140625 0.7256944444444444 0.12109375 0.7291666666666666 0.12890625 0.7291666666666666 0.1328125 0.7326388888888888 0.134765625 0.7291666666666666 0.138671875 0.7291666666666666 0.142578125 0.7222222222222222 0.14453125 0.7118055555555556
0 0.822265625 0.5902777777777778 0.8203125 0.5833333333333334 0.8203125 0.5694444444444444 0.822265625 0.5659722222222222 0.83203125 0.5659722222222222 0.83984375 0.5729166666666666 0.837890625 0.5763888888888888 0.83984375 0.5798611111111112 0.83984375 0.5868055555555556 0.837890625 0.5902777777777778 0.833984375 0.59375 0.828125 0.59375 0.82421875 0.5902777777777778
0 0.775390625 0.6076388888888888 0.779296875 0.6111111111111112 0.779296875 0.6423611111111112 0.775390625 0.6527777777777778 0.771484375 0.6527777777777778 0.765625 0.6284722222222222 0.765625 0.6111111111111112 0.7734375 0.6111111111111112