0 0.7734375 0.5451388888888888 0.01953125 0.04861111111111111
0 0.935546875 0.7534722222222222 0.9453125 0.7604166666666666 0.955078125 0.7604166666666666 0.958984375 0.7673611111111112 0.95703125 0.7951388888888888 0.953125 0.8090277777777778 0.9453125 0.8194444444444444 0.939453125 0.8194444444444444 0.935546875 0.8159722222222222 0.923828125 0.7847222222222222 0.923828125 0.7777777777777778 0.921875 0.7743055555555556 0.921875 0.7673611111111112 0.927734375 0.7673611111111112 0.9296875 0.7638888888888888 0.9296875 0.7569444444444444 0.93359375 0.7534722222222222
0 0.927734375 0.5 0.931640625 0.4965277777777778 0.943359375 0.4965277777777778 0.953125 0.4826388888888889 0.962890625 0.4826388888888889 0.966796875 0.4895833333333333 0.96484375 0.5243055555555556 0.962890625 0.5277777777777778 0.951171875 0.5277777777777778 0.9453125 0.5347222222222222 0.93359375 0.5347222222222222 0.927734375 0.5243055555555556 0.927734375 0.5034722222222222
0 0.6875 0.4479166666666667 0.697265625 0.4479166666666667 0.6953125 0.4756944444444444 0.69140625 0.4791666666666667 0.6875 0.4756944444444444 0.6875 0.4513888888888889
0 0.703125 0.4861111111111111 0.708984375 0.4861111111111111 0.712890625 0.4895833333333333 0.71484375 0.4965277777777778 0.71484375 0.5208333333333334 0.7109375 0.53125 0.712890625 0.5381944444444444 0.712890625 0.5486111111111112 0.708984375 0.5520833333333334 0.701171875 0.5347222222222222 0.701171875 0.5243055555555556 0.703125 0.5208333333333334 0.703125 0.5138888888888888 0.701171875 0.5104166666666666 0.703125 0.5069444444444444 0.703125 0.4965277777777778 0.705078125 0.4895833333333333
0 0.16796875 0.4652777777777778 0.171875 0.4791666666666667 0.173828125 0.5034722222222222 0.171875 0.5069444444444444 0.171875 0.5173611111111112 0.166015625 0.5243055555555556 0.158203125 0.5173611111111112 0.158203125 0.5104166666666666 0.154296875 0.5 0.154296875 0.4722222222222222 0.162109375 0.4618055555555556 0.166015625 0.4652777777777778
0 0.552734375 0.3229166666666667 0.55859375 0.3229166666666667 0.55859375 0.34375 0.556640625 0.3506944444444444 0.552734375 0.3472222222222222 0.552734375 0.3263888888888889
0 0.208984375 0.3576388888888889 0.208984375 0.3368055555555556 0.2109375 0.3333333333333333 0.216796875 0.3333333333333333 0.21875 0.3368055555555556 0.21875 0.3541666666666667 0.216796875 0.3576388888888889 0.2109375 0.3576388888888889
0 0.56640625 0.3506944444444444 0.572265625 0.3506944444444444 0.57421875 0.3576388888888889 0.57421875 0.375 0.56640625 0.375 0.56640625 0.3541666666666667
0 0.66796875 0.3229166666666667 0.673828125 0.3194444444444444 0.673828125 0.34375 0.671875 0.3506944444444444 0.66796875 0.3472222222222222 0.66796875 0.3263888888888889
0 0.2705078125 0.3576388888888889 0.013671875 0.041666666666666664
0 0.7578125 0.4166666666666667 0.767578125 0.4166666666666667 0.767578125 0.4409722222222222 0.76171875 0.4479166666666667 0.7578125 0.4479166666666667 0.755859375 0.4444444444444444 0.755859375 0.4236111111111111 0.7578125 0.4201388888888889
0 0.814453125 0.6041666666666666 0.81640625 0.6041666666666666 0.81640625 0.6111111111111112 0.8203125 0.6215277777777778 0.82421875 0.6180555555555556 0.833984375 0.6180555555555556 0.837890625 0.6215277777777778 0.83984375 0.6284722222222222 0.83984375 0.6493055555555556 0.837890625 0.65625 0.8359375 0.6597222222222222 0.830078125 0.6597222222222222 0.82421875 0.6458333333333334 0.81640625 0.6388888888888888 0.81640625 0.6319444444444444 0.814453125 0.6284722222222222 0.814453125 0.6076388888888888
0 0.740234375 0.4618055555555556 0.74609375 0.4652777777777778 0.75 0.4722222222222222 0.75 0.4826388888888889 0.748046875 0.4895833333333333 0.7421875 0.4965277777777778 0.73828125 0.4895833333333333 0.73828125 0.46875 0.740234375 0.4652777777777778
0 0.6875 0.3333333333333333 0.693359375 0.3333333333333333 0.6953125 0.3368055555555556 0.6953125 0.3506944444444444 0.693359375 0.3576388888888889 0.689453125 0.3576388888888889 0.6875 0.3368055555555556
0 0.734375 0.4097222222222222 0.734375 0.4305555555555556 0.728515625 0.4409722222222222 0.724609375 0.4375 0.724609375 0.4131944444444444 0.7265625 0.4097222222222222 0.732421875 0.4097222222222222
0 0.98046875 0.5208333333333334 0.982421875 0.5243055555555556 0.986328125 0.5243055555555556 0.990234375 0.53125 0.998046875 0.5347222222222222 0.998046875 0.59375 0.99609375 0.59375 0.990234375 0.5833333333333334 0.990234375 0.5798611111111112 0.982421875 0.5729166666666666 0.98046875 0.5659722222222222 0.98046875 0.5590277777777778 0.978515625 0.5555555555555556 0.98046875 0.5243055555555556