0 0.6962890625 0.3472222222222222 0.009765625 0.027777777777777776
0 0.654296875 0.3645833333333333 0.662109375 0.3645833333333333 0.6640625 0.3715277777777778 0.662109375 0.3784722222222222 0.662109375 0.3888888888888889 0.66015625 0.3923611111111111 0.65625 0.3923611111111111 0.654296875 0.3888888888888889 0.654296875 0.3680555555555556
0 0.958984375 0.4861111111111111 0.962890625 0.4826388888888889 0.966796875 0.4861111111111111 0.966796875 0.5 0.96484375 0.5034722222222222 0.96484375 0.5173611111111112 0.966796875 0.5208333333333334 0.962890625 0.5277777777777778 0.958984375 0.5277777777777778 0.95703125 0.53125 0.943359375 0.53125 0.94140625 0.5347222222222222 0.93359375 0.5347222222222222 0.9296875 0.5277777777777778 0.9296875 0.5104166666666666 0.931640625 0.5069444444444444 0.931640625 0.5 0.95703125 0.5 0.958984375 0.4965277777777778 0.958984375 0.4895833333333333
0 0.84765625 0.6145833333333334 0.8515625 0.6180555555555556 0.8515625 0.6319444444444444 0.85546875 0.6388888888888888 0.85546875 0.6458333333333334 0.861328125 0.6527777777777778 0.87109375 0.6493055555555556 0.875 0.65625 0.875 0.6701388888888888 0.876953125 0.6736111111111112 0.876953125 0.6840277777777778 0.873046875 0.6909722222222222 0.873046875 0.6979166666666666 0.869140625 0.7048611111111112 0.861328125 0.7013888888888888 0.84765625 0.6666666666666666 0.84765625 0.6319444444444444 0.849609375 0.6284722222222222 0.84765625 0.6180555555555556
0 0.99609375 0.5347222222222222 0.998046875 0.5381944444444444 0.998046875 0.5798611111111112 0.990234375 0.5798611111111112 0.98046875 0.5659722222222222 0.98046875 0.5451388888888888 0.98828125 0.5347222222222222 0.994140625 0.5347222222222222
0 0.00390625 0.6527777777777778 0.01953125 0.6527777777777778 0.0234375 0.6631944444444444 0.0234375 0.6770833333333334 0.025390625 0.6805555555555556 0.025390625 0.6909722222222222 0.017578125 0.6909722222222222 0.0078125 0.7118055555555556 0.00390625 0.7083333333333334 0 0.6979166666666666 0 0.6631944444444444 0.00390625 0.65625
0 0.52734375 0.3923611111111111 0.53125 0.3923611111111111 0.533203125 0.3993055555555556 0.533203125 0.4131944444444444 0.53125 0.4201388888888889 0.52734375 0.4201388888888889 0.52734375 0.4097222222222222 0.525390625 0.40625 0.525390625 0.3993055555555556 0.52734375 0.3958333333333333
0 0.240234375 0.3506944444444444 0.2421875 0.3541666666666667 0.24609375 0.3541666666666667 0.25 0.3611111111111111 0.25 0.375 0.248046875 0.3784722222222222 0.240234375 0.3784722222222222 0.236328125 0.3819444444444444 0.232421875 0.3715277777777778 0.232421875 0.3645833333333333 0.234375 0.3576388888888889 0.23828125 0.3541666666666667
0 0.68359375 0.3888888888888889 0.69140625 0.3888888888888889 0.6953125 0.3958333333333333 0.693359375 0.4166666666666667 0.689453125 0.4201388888888889 0.685546875 0.4166666666666667 0.68359375 0.3923611111111111
0 0.873046875 0.6006944444444444 0.896484375 0.5972222222222222 0.900390625 0.6145833333333334 0.900390625 0.6319444444444444 0.896484375 0.6423611111111112 0.896484375 0.6493055555555556 0.892578125 0.6493055555555556 0.875 0.6215277777777778 0.875 0.6076388888888888 0.873046875 0.6041666666666666
0 0.662109375 0.4097222222222222 0.6640625 0.4131944444444444 0.669921875 0.4131944444444444 0.673828125 0.4201388888888889 0.673828125 0.4444444444444444 0.669921875 0.4548611111111111 0.66796875 0.4583333333333333 0.66015625 0.4513888888888889 0.66015625 0.4375 0.658203125 0.4340277777777778 0.66015625 0.4131944444444444
0 0.787109375 0.4201388888888889 0.798828125 0.4201388888888889 0.80078125 0.4236111111111111 0.80078125 0.4409722222222222 0.794921875 0.4513888888888889 0.791015625 0.4513888888888889 0.78515625 0.4444444444444444 0.78515625 0.4270833333333333 0.787109375 0.4236111111111111