0 0.634765625 0.3229166666666667 0.6328125 0.3090277777777778 0.63671875 0.3020833333333333 0.640625 0.3055555555555556 0.640625 0.3159722222222222 0.638671875 0.3229166666666667 0.63671875 0.3229166666666667
0 0.955078125 0.8854166666666666 0.95703125 0.8854166666666666 0.962890625 0.8958333333333334 0.974609375 0.8958333333333334 0.978515625 0.8993055555555556 0.978515625 0.9027777777777778 0.970703125 0.9131944444444444 0.970703125 0.9201388888888888 0.966796875 0.9270833333333334 0.966796875 0.9583333333333334 0.970703125 0.96875 0.970703125 0.9791666666666666 0.97265625 0.9826388888888888 0.98046875 0.9826388888888888 0.986328125 0.9618055555555556 0.998046875 0.9618055555555556 0.998046875 0.9965277777777778 0.9765625 0.9965277777777778 0.974609375 0.9930555555555556 0.96484375 0.9930555555555556 0.9609375 0.9895833333333334 0.951171875 0.96875 0.951171875 0.90625 0.95703125 0.8958333333333334 0.955078125 0.8888888888888888
0 0.0859375 0.6319444444444444 0.08984375 0.5868055555555556 0.091796875 0.5833333333333334 0.091796875 0.5763888888888888 0.09765625 0.5694444444444444 0.107421875 0.5694444444444444 0.111328125 0.5763888888888888 0.11328125 0.5972222222222222 0.099609375 0.6319444444444444 0.095703125 0.6319444444444444 0.09375 0.6354166666666666 0.08984375 0.6354166666666666 0.087890625 0.6319444444444444
0 0.271484375 0.5451388888888888 0.283203125 0.5451388888888888 0.287109375 0.5625 0.287109375 0.5694444444444444 0.28125 0.5763888888888888 0.28125 0.5833333333333334 0.275390625 0.6006944444444444 0.271484375 0.59375 0.271484375 0.5486111111111112
0 0.8515625 0.5729166666666666 0.8515625 0.5833333333333334 0.849609375 0.5868055555555556 0.849609375 0.6076388888888888 0.85546875 0.6180555555555556 0.859375 0.6145833333333334 0.873046875 0.6145833333333334 0.873046875 0.6215277777777778 0.87109375 0.625 0.87109375 0.6423611111111112 0.869140625 0.6493055555555556 0.86328125 0.65625 0.861328125 0.65625 0.861328125 0.6527777777777778 0.84375 0.625 0.84375 0.5763888888888888 0.849609375 0.5729166666666666
0 0.181640625 0.4965277777777778 0.18359375 0.5 0.185546875 0.5277777777777778 0.18359375 0.53125 0.18359375 0.5381944444444444 0.1796875 0.5451388888888888 0.171875 0.5451388888888888 0.169921875 0.5138888888888888 0.16796875 0.5104166666666666 0.169921875 0.5 0.173828125 0.4965277777777778 0.1796875 0.4965277777777778
0 0.990234375 0.5607638888888888 0.01953125 0.052083333333333336
0 0.017578125 0.6701388888888888 0.017578125 0.6805555555555556 0.033203125 0.7048611111111112 0.0390625 0.7083333333333334 0.04296875 0.7152777777777778 0.044921875 0.7569444444444444 0.037109375 0.7708333333333334 0.03125 0.7708333333333334 0.029296875 0.7743055555555556 0.0234375 0.7743055555555556 0.01953125 0.7777777777777778 0.015625 0.7847222222222222 0.013671875 0.7951388888888888 0.009765625 0.8020833333333334 0.005859375 0.8020833333333334 0.00390625 0.8055555555555556 0 0.8020833333333334 0 0.6840277777777778 0.005859375 0.6805555555555556 0.009765625 0.6701388888888888 0.015625 0.6701388888888888
0 0.658203125 0.3055555555555556 0.662109375 0.3125 0.662109375 0.3229166666666667 0.65625 0.3298611111111111 0.65234375 0.3263888888888889 0.65234375 0.3090277777777778 0.65625 0.3055555555555556
0 0.134765625 0.5763888888888888 0.140625 0.5763888888888888 0.142578125 0.5798611111111112 0.146484375 0.5902777777777778 0.146484375 0.6076388888888888 0.140625 0.6180555555555556 0.1328125 0.625 0.126953125 0.625 0.115234375 0.6388888888888888 0.10546875 0.6388888888888888 0.103515625 0.6354166666666666 0.10546875 0.6180555555555556 0.11328125 0.6006944444444444 0.115234375 0.5868055555555556 0.12109375 0.59375 0.123046875 0.6006944444444444 0.123046875 0.6111111111111112 0.125 0.6145833333333334 0.123046875 0.6215277777777778 0.126953125 0.625 0.130859375 0.6180555555555556 0.130859375 0.59375 0.134765625 0.5798611111111112
0 0.7109375 0.3923611111111111 0.712890625 0.3958333333333333 0.72265625 0.3923611111111111 0.732421875 0.40625 0.73046875 0.4201388888888889 0.7265625 0.4236111111111111 0.7109375 0.4236111111111111 0.708984375 0.4201388888888889 0.705078125 0.4201388888888889 0.703125 0.40625 0.69921875 0.3993055555555556 0.703125 0.3923611111111111 0.708984375 0.3923611111111111
0 0.22265625 0.3541666666666667 0.2265625 0.3611111111111111 0.2265625 0.3784722222222222 0.220703125 0.3888888888888889 0.208984375 0.3888888888888889 0.205078125 0.3819444444444444 0.205078125 0.3715277777777778 0.208984375 0.3576388888888889 0.216796875 0.3506944444444444 0.220703125 0.3541666666666667
0 0.669921875 0.3715277777777778 0.671875 0.3888888888888889 0.669921875 0.3923611111111111 0.669921875 0.4027777777777778 0.666015625 0.40625 0.662109375 0.4027777777777778 0.66015625 0.375 0.6640625 0.3680555555555556 0.66796875 0.3715277777777778
0 0.830078125 0.4340277777777778 0.830078125 0.4583333333333333 0.83203125 0.4652777777777778 0.830078125 0.4722222222222222 0.826171875 0.4756944444444444 0.814453125 0.4583333333333333 0.814453125 0.4375 0.818359375 0.4340277777777778 0.828125 0.4340277777777778
0 0.94140625 0.4965277777777778 0.943359375 0.5 0.94921875 0.5 0.953125 0.5034722222222222 0.958984375 0.4930555555555556 0.958984375 0.4895833333333333 0.96484375 0.4826388888888889 0.966796875 0.4861111111111111 0.96484375 0.5243055555555556 0.962890625 0.5277777777777778 0.94921875 0.5277777777777778 0.947265625 0.53125 0.939453125 0.53125 0.9375 0.5347222222222222 0.9296875 0.5277777777777778 0.927734375 0.5208333333333334 0.927734375 0.5069444444444444 0.931640625 0.5 0.939453125 0.4965277777777778
0 0.53125 0.3923611111111111 0.53125 0.375 0.541015625 0.3541666666666667 0.546875 0.3541666666666667 0.548828125 0.3576388888888889 0.548828125 0.3645833333333333 0.55078125 0.3680555555555556 0.55078125 0.3958333333333333 0.548828125 0.3993055555555556 0.544921875 0.3993055555555556 0.54296875 0.3958333333333333 0.53515625 0.3958333333333333 0.533203125 0.3923611111111111
0 0.279296875 0.6076388888888888 0.2890625 0.6076388888888888 0.2890625 0.6215277777777778 0.291015625 0.625 0.291015625 0.6631944444444444 0.28515625 0.6770833333333334 0.28125 0.6770833333333334 0.28125 0.6701388888888888 0.279296875 0.6666666666666666 0.279296875 0.6354166666666666 0.27734375 0.6319444444444444 0.279296875 0.625 0.279296875 0.6111111111111112
0 0.6953125 0.3541666666666667 0.6953125 0.3784722222222222 0.689453125 0.3784722222222222 0.6875 0.375 0.6875 0.3541666666666667 0.689453125 0.3506944444444444 0.693359375 0.3541666666666667
0 0.69921875 0.3298611111111111 0.69921875 0.3333333333333333 0.705078125 0.3402777777777778 0.705078125 0.3541666666666667 0.703125 0.3611111111111111 0.701171875 0.3645833333333333 0.697265625 0.3645833333333333 0.697265625 0.3402777777777778 0.69921875 0.3333333333333333
0 0.76953125 0.4583333333333333 0.7734375 0.4722222222222222 0.771484375 0.4965277777777778 0.759765625 0.4930555555555556 0.755859375 0.4826388888888889 0.755859375 0.46875 0.7578125 0.4618055555555556 0.763671875 0.4618055555555556 0.767578125 0.4583333333333333
0 0.146484375 0.6458333333333334 0.16015625 0.6354166666666666 0.162109375 0.6388888888888888 0.162109375 0.6458333333333334 0.166015625 0.6527777777777778 0.166015625 0.6597222222222222 0.16796875 0.6631944444444444 0.18359375 0.6631944444444444 0.18359375 0.6805555555555556 0.1875 0.6840277777777778 0.18359375 0.6944444444444444 0.181640625 0.6944444444444444 0.15625 0.7430555555555556 0.1484375 0.7430555555555556 0.146484375 0.7361111111111112 0.146484375 0.7048611111111112 0.142578125 0.6875 0.142578125 0.6805555555555556 0.14453125 0.6770833333333334 0.14453125 0.6527777777777778 0.146484375 0.6493055555555556
0 0.732421875 0.3645833333333333 0.736328125 0.375 0.734375 0.3784722222222222 0.734375 0.3888888888888889 0.73046875 0.3993055555555556 0.724609375 0.3888888888888889 0.724609375 0.3680555555555556 0.73046875 0.3645833333333333