0 0.5703125 0.3819444444444444 0.57421875 0.3888888888888889 0.576171875 0.3854166666666667 0.583984375 0.3854166666666667 0.587890625 0.3923611111111111 0.587890625 0.4027777777777778 0.583984375 0.4097222222222222 0.572265625 0.4097222222222222 0.5703125 0.40625 0.56640625 0.40625 0.5625 0.3993055555555556 0.5625 0.3888888888888889 0.568359375 0.3819444444444444
0 0.28515625 0.53125 0.28515625 0.5416666666666666 0.287109375 0.5451388888888888 0.287109375 0.5694444444444444 0.28515625 0.5729166666666666 0.28515625 0.5798611111111112 0.28125 0.5868055555555556 0.27734375 0.5868055555555556 0.275390625 0.5833333333333334 0.275390625 0.5729166666666666 0.2734375 0.5694444444444444 0.2734375 0.5555555555555556 0.271484375 0.5486111111111112 0.2734375 0.5451388888888888 0.2734375 0.53125 0.275390625 0.5277777777777778 0.28125 0.5277777777777778 0.283203125 0.53125
0 0.267578125 0.4583333333333333 0.275390625 0.4652777777777778 0.275390625 0.4756944444444444 0.26953125 0.4895833333333333 0.265625 0.4861111111111111 0.263671875 0.4791666666666667 0.263671875 0.46875 0.26171875 0.4652777777777778 0.26171875 0.4618055555555556 0.265625 0.4583333333333333
0 0.76171875 0.4895833333333333 0.759765625 0.4861111111111111 0.755859375 0.4861111111111111 0.751953125 0.4791666666666667 0.751953125 0.4652777777777778 0.75390625 0.4583333333333333 0.755859375 0.4548611111111111 0.76171875 0.4548611111111111 0.765625 0.4618055555555556 0.765625 0.4791666666666667 0.763671875 0.4861111111111111
0 0.595703125 0.3125 0.59765625 0.3159722222222222 0.59765625 0.3298611111111111 0.595703125 0.3333333333333333 0.587890625 0.3333333333333333 0.5859375 0.3298611111111111 0.5859375 0.3159722222222222 0.587890625 0.3125 0.59375 0.3125
0 0.25 0.4826388888888889 0.26171875 0.4826388888888889 0.265625 0.4895833333333333 0.265625 0.5173611111111112 0.25390625 0.5347222222222222 0.25 0.5243055555555556 0.25 0.4861111111111111
0 0.216796875 0.6111111111111112 0.2265625 0.6215277777777778 0.23046875 0.6319444444444444 0.234375 0.6354166666666666 0.234375 0.65625 0.21875 0.6805555555555556 0.21484375 0.6805555555555556 0.2109375 0.6701388888888888 0.2109375 0.6527777777777778 0.212890625 0.6493055555555556 0.212890625 0.6388888888888888 0.2109375 0.6354166666666666 0.2109375 0.6145833333333334 0.21484375 0.6111111111111112
0 0.673828125 0.3402777777777778 0.6796875 0.3402777777777778 0.681640625 0.3472222222222222 0.6796875 0.3680555555555556 0.673828125 0.3680555555555556 0.673828125 0.34375
0 0.982421875 0.5347222222222222 0.99609375 0.5347222222222222 0.998046875 0.5381944444444444 0.998046875 0.5833333333333334 0.9921875 0.5833333333333334 0.98828125 0.5798611111111112 0.98046875 0.5659722222222222 0.98046875 0.5416666666666666 0.982421875 0.5381944444444444
0 0.10546875 0.59375 0.107421875 0.5902777777777778 0.107421875 0.5833333333333334 0.111328125 0.5763888888888888 0.12109375 0.5763888888888888 0.126953125 0.5868055555555556 0.12890625 0.5868055555555556 0.1328125 0.5729166666666666 0.13671875 0.5694444444444444 0.142578125 0.5833333333333334 0.142578125 0.6006944444444444 0.138671875 0.6145833333333334 0.123046875 0.6180555555555556 0.11328125 0.6319444444444444 0.107421875 0.6319444444444444 0.10546875 0.6284722222222222 0.10546875 0.6041666666666666 0.107421875 0.5972222222222222
0 0.015625 0.9305555555555556 0.021484375 0.9201388888888888 0.01953125 0.9166666666666666 0.021484375 0.9097222222222222 0.03515625 0.9097222222222222 0.03515625 0.9583333333333334 0.033203125 0.9618055555555556 0.03515625 0.96875 0.03515625 0.9930555555555556 0.01953125 0.9930555555555556 0.017578125 0.9965277777777778 0.013671875 0.9930555555555556 0 0.9930555555555556 0 0.9548611111111112 0.013671875 0.9479166666666666 0.017578125 0.9409722222222222 0.017578125 0.9340277777777778
0 0.96484375 0.4826388888888889 0.966796875 0.4861111111111111 0.966796875 0.4965277777777778 0.96484375 0.5 0.96484375 0.5138888888888888 0.966796875 0.5208333333333334 0.962890625 0.5277777777777778 0.951171875 0.5277777777777778 0.94921875 0.53125 0.94140625 0.53125 0.939453125 0.5347222222222222 0.935546875 0.5347222222222222 0.9296875 0.5277777777777778 0.927734375 0.5208333333333334 0.9296875 0.5173611111111112 0.927734375 0.5138888888888888 0.9296875 0.5034722222222222 0.931640625 0.5 0.955078125 0.5 0.958984375 0.4930555555555556 0.958984375 0.4861111111111111 0.962890625 0.4826388888888889
0 0.623046875 0.3298611111111111 0.625 0.3333333333333333 0.625 0.3506944444444444 0.623046875 0.3541666666666667 0.609375 0.3541666666666667 0.60546875 0.3472222222222222 0.60546875 0.3402777777777778 0.609375 0.3298611111111111 0.61328125 0.3263888888888889 0.619140625 0.3263888888888889 0.62109375 0.3298611111111111
0 0.291015625 0.7083333333333334 0.015625 0.10416666666666667
0 0.708984375 0.3854166666666667 0.716796875 0.3854166666666667 0.71875 0.3923611111111111 0.716796875 0.3958333333333333 0.716796875 0.4131944444444444 0.7109375 0.4131944444444444 0.708984375 0.4097222222222222 0.708984375 0.4027777777777778 0.7109375 0.3993055555555556 0.7109375 0.3923611111111111 0.708984375 0.3888888888888889
0 0.1640625 0.8072916666666666 0.03125 0.10069444444444445
0 0.6953125 0.3333333333333333 0.701171875 0.3333333333333333 0.701171875 0.3576388888888889 0.69921875 0.3611111111111111 0.6953125 0.3611111111111111 0.693359375 0.3576388888888889 0.693359375 0.3402777777777778 0.6953125 0.3368055555555556
0 0.19921875 0.5381944444444444 0.20703125 0.5451388888888888 0.208984375 0.5520833333333334 0.2109375 0.5486111111111112 0.216796875 0.5486111111111112 0.21875 0.5520833333333334 0.21875 0.5729166666666666 0.21484375 0.5798611111111112 0.1953125 0.59375 0.19140625 0.59375 0.189453125 0.5902777777777778 0.189453125 0.5590277777777778 0.19140625 0.5555555555555556 0.19140625 0.5451388888888888 0.197265625 0.5381944444444444
0 0.18359375 0.8159722222222222 0.1875 0.8194444444444444 0.18359375 0.8333333333333334 0.18359375 0.8402777777777778 0.1875 0.8472222222222222 0.185546875 0.8541666666666666 0.1875 0.8576388888888888 0.19140625 0.8576388888888888 0.19140625 0.8645833333333334 0.1953125 0.8680555555555556 0.19140625 0.875 0.185546875 0.8784722222222222 0.1796875 0.8888888888888888 0.17578125 0.9097222222222222 0.169921875 0.9166666666666666 0.16796875 0.9166666666666666 0.162109375 0.90625 0.162109375 0.8784722222222222 0.169921875 0.84375 0.166015625 0.8298611111111112 0.166015625 0.8194444444444444 0.16796875 0.8159722222222222 0.181640625 0.8159722222222222