0 0.96484375 0.4861111111111111 0.966796875 0.4895833333333333 0.966796875 0.4965277777777778 0.96484375 0.5 0.96484375 0.5277777777777778 0.962890625 0.53125 0.94921875 0.53125 0.947265625 0.5347222222222222 0.935546875 0.5347222222222222 0.927734375 0.5243055555555556 0.927734375 0.5138888888888888 0.931640625 0.5 0.955078125 0.5 0.958984375 0.4895833333333333 0.962890625 0.4861111111111111
0 0.689453125 0.3958333333333333 0.689453125 0.3819444444444444 0.6875 0.3784722222222222 0.689453125 0.3715277777777778 0.69921875 0.3715277777777778 0.69921875 0.3888888888888889 0.697265625 0.3958333333333333 0.69140625 0.3958333333333333
0 0.935546875 0.8472222222222222 0.9375 0.8541666666666666 0.9375 0.8645833333333334 0.93359375 0.8784722222222222 0.93359375 0.8888888888888888 0.9296875 0.8993055555555556 0.9296875 0.9097222222222222 0.931640625 0.9131944444444444 0.931640625 0.9340277777777778 0.939453125 0.9444444444444444 0.943359375 0.9444444444444444 0.9453125 0.9409722222222222 0.9453125 0.9201388888888888 0.953125 0.9201388888888888 0.955078125 0.9236111111111112 0.96484375 0.9236111111111112 0.966796875 0.9270833333333334 0.970703125 0.9270833333333334 0.97265625 0.9340277777777778 0.97265625 0.9513888888888888 0.974609375 0.9548611111111112 0.97265625 0.9583333333333334 0.970703125 0.9548611111111112 0.96484375 0.9652777777777778 0.962890625 0.9756944444444444 0.955078125 0.9756944444444444 0.94140625 0.9479166666666666 0.931640625 0.9375 0.921875 0.9131944444444444 0.921875 0.8993055555555556 0.919921875 0.8958333333333334 0.919921875 0.8715277777777778 0.923828125 0.8611111111111112 0.921875 0.8541666666666666 0.92578125 0.84375 0.931640625 0.84375 0.93359375 0.8472222222222222
0 0.279296875 0.4965277777777778 0.283203125 0.5034722222222222 0.283203125 0.5138888888888888 0.28515625 0.5173611111111112 0.28515625 0.5416666666666666 0.275390625 0.5520833333333334 0.271484375 0.5520833333333334 0.26953125 0.5451388888888888 0.267578125 0.5034722222222222 0.271484375 0.4965277777777778 0.27734375 0.4965277777777778
0 0.931640625 0.65625 0.939453125 0.6597222222222222 0.939453125 0.6666666666666666 0.9375 0.6666666666666666 0.931640625 0.6770833333333334 0.935546875 0.6909722222222222 0.939453125 0.6909722222222222 0.947265625 0.6840277777777778 0.962890625 0.6840277777777778 0.96484375 0.6875 0.96484375 0.7048611111111112 0.96875 0.7118055555555556 0.96875 0.71875 0.970703125 0.7222222222222222 0.96875 0.7361111111111112 0.96484375 0.7395833333333334 0.955078125 0.7395833333333334 0.939453125 0.7222222222222222 0.9296875 0.7013888888888888 0.9296875 0.6666666666666666 0.931640625 0.6597222222222222
0 0.962890625 0.7465277777777778 0.966796875 0.7465277777777778 0.970703125 0.7569444444444444 0.970703125 0.7638888888888888 0.97265625 0.7673611111111112 0.970703125 0.7708333333333334 0.97265625 0.7743055555555556 0.9765625 0.7743055555555556 0.978515625 0.7673611111111112 0.984375 0.7743055555555556 0.998046875 0.7743055555555556 0.998046875 0.8333333333333334 0.9921875 0.8333333333333334 0.986328125 0.8229166666666666 0.984375 0.8229166666666666 0.97265625 0.7986111111111112 0.96484375 0.7916666666666666 0.9609375 0.7777777777777778 0.9609375 0.7534722222222222 0.962890625 0.75
0 0.212890625 0.5486111111111112 0.216796875 0.5520833333333334 0.220703125 0.5625 0.232421875 0.5798611111111112 0.23046875 0.6006944444444444 0.2265625 0.6006944444444444 0.22265625 0.59375 0.21875 0.59375 0.216796875 0.5902777777777778 0.205078125 0.5902777777777778 0.203125 0.5868055555555556 0.205078125 0.5798611111111112 0.205078125 0.5590277777777778 0.20703125 0.5520833333333334 0.2109375 0.5486111111111112
0 0.74609375 0.5104166666666666 0.744140625 0.5034722222222222 0.744140625 0.4895833333333333 0.748046875 0.4826388888888889 0.7578125 0.4826388888888889 0.7578125 0.5138888888888888 0.75 0.5138888888888888 0.748046875 0.5104166666666666
0 0.990234375 0.5555555555555556 0.01953125 0.04861111111111111
0 0.802734375 0.6076388888888888 0.814453125 0.6076388888888888 0.81640625 0.6041666666666666 0.822265625 0.6041666666666666 0.82421875 0.6076388888888888 0.822265625 0.6111111111111112 0.822265625 0.6284722222222222 0.82421875 0.6354166666666666 0.81640625 0.6493055555555556 0.8125 0.6493055555555556 0.806640625 0.6423611111111112 0.802734375 0.6319444444444444 0.802734375 0.6111111111111112
0 0.654296875 0.2777777777777778 0.658203125 0.28125 0.658203125 0.2951388888888889 0.65625 0.2986111111111111 0.65234375 0.2951388888888889 0.65234375 0.2847222222222222 0.654296875 0.28125
0 0.89453125 0.6145833333333334 0.896484375 0.6180555555555556 0.896484375 0.625 0.892578125 0.6354166666666666 0.89453125 0.6388888888888888 0.89453125 0.6701388888888888 0.892578125 0.6770833333333334 0.88671875 0.6770833333333334 0.8828125 0.6666666666666666 0.87890625 0.6666666666666666 0.875 0.6597222222222222 0.875 0.6493055555555556 0.880859375 0.6388888888888888 0.8828125 0.6319444444444444 0.8828125 0.6215277777777778 0.88671875 0.6145833333333334 0.892578125 0.6145833333333334