0 0.9296875 0.53125 0.927734375 0.5243055555555556 0.927734375 0.5138888888888888 0.931640625 0.5 0.95703125 0.5034722222222222 0.9609375 0.4965277777777778 0.9609375 0.4895833333333333 0.962890625 0.4861111111111111 0.96484375 0.4861111111111111 0.966796875 0.4930555555555556 0.9609375 0.5069444444444444 0.962890625 0.5104166666666666 0.96484375 0.5277777777777778 0.9609375 0.53125 0.947265625 0.53125 0.9453125 0.5347222222222222 0.93359375 0.5347222222222222 0.931640625 0.53125
0 0.658203125 0.4791666666666667 0.666015625 0.4791666666666667 0.669921875 0.4826388888888889 0.66796875 0.5138888888888888 0.6640625 0.5243055555555556 0.662109375 0.5208333333333334 0.65625 0.5208333333333334 0.65625 0.5104166666666666 0.658203125 0.5069444444444444 0.658203125 0.4826388888888889
0 0.61328125 0.6423611111111112 0.61328125 0.65625 0.611328125 0.6597222222222222 0.61328125 0.6631944444444444 0.61328125 0.6736111111111112 0.607421875 0.6875 0.599609375 0.6875 0.595703125 0.6840277777777778 0.58984375 0.6736111111111112 0.587890625 0.6736111111111112 0.587890625 0.6666666666666666 0.591796875 0.6597222222222222 0.59375 0.6527777777777778 0.59375 0.6423611111111112 0.595703125 0.6388888888888888 0.609375 0.6388888888888888 0.611328125 0.6423611111111112
0 0.701171875 0.40625 0.703125 0.4097222222222222 0.703125 0.4270833333333333 0.69921875 0.4340277777777778 0.6953125 0.4340277777777778 0.693359375 0.4305555555555556 0.693359375 0.4131944444444444 0.69921875 0.40625
0 0.205078125 0.3645833333333333 0.20703125 0.3680555555555556 0.20703125 0.3854166666666667 0.203125 0.3958333333333333 0.189453125 0.3958333333333333 0.1875 0.3923611111111111 0.1875 0.375 0.189453125 0.3680555555555556 0.1953125 0.3611111111111111 0.201171875 0.3611111111111111 0.203125 0.3645833333333333
0 0.98046875 0.5347222222222222 0.990234375 0.5347222222222222 0.998046875 0.5451388888888888 0.998046875 0.5659722222222222 0.990234375 0.5798611111111112 0.982421875 0.5729166666666666 0.98046875 0.5659722222222222 0.98046875 0.5555555555555556 0.978515625 0.5520833333333334 0.982421875 0.5381944444444444
0 0.927734375 0.9166666666666666 0.93359375 0.9131944444444444 0.935546875 0.9340277777777778 0.94140625 0.9444444444444444 0.951171875 0.9513888888888888 0.958984375 0.9513888888888888 0.9609375 0.9548611111111112 0.96484375 0.9548611111111112 0.970703125 0.9652777777777778 0.982421875 0.96875 0.984375 0.9756944444444444 0.984375 0.9895833333333334 0.986328125 0.9930555555555556 0.984375 0.9965277777777778 0.94140625 0.9965277777777778 0.939453125 0.9930555555555556 0.939453125 0.9861111111111112 0.9296875 0.96875 0.927734375 0.96875 0.927734375 0.9340277777777778 0.92578125 0.9305555555555556 0.927734375 0.9270833333333334 0.927734375 0.9201388888888888
0 0.767578125 0.4826388888888889 0.767578125 0.4652777777777778 0.7734375 0.4583333333333333 0.779296875 0.4583333333333333 0.78125 0.4618055555555556 0.78125 0.4756944444444444 0.775390625 0.4861111111111111 0.771484375 0.4861111111111111 0.76953125 0.4826388888888889
0 0.73046875 0.4340277777777778 0.73046875 0.4548611111111111 0.728515625 0.4583333333333333 0.720703125 0.4583333333333333 0.720703125 0.4375 0.72265625 0.4340277777777778 0.728515625 0.4340277777777778
0 0.162109375 0.46875 0.169921875 0.4756944444444444 0.173828125 0.4930555555555556 0.173828125 0.5104166666666666 0.16796875 0.5243055555555556 0.15625 0.5243055555555556 0.154296875 0.5173611111111112 0.15234375 0.4756944444444444 0.16015625 0.46875
0 0.53515625 0.3819444444444444 0.544921875 0.3888888888888889 0.544921875 0.4131944444444444 0.541015625 0.4131944444444444 0.5390625 0.4166666666666667 0.529296875 0.4166666666666667 0.52734375 0.3993055555555556 0.53125 0.3854166666666667 0.533203125 0.3854166666666667
0 0.5927734375 0.4913194444444444 0.017578125 0.04513888888888889
0 0.845703125 0.6840277777777778 0.85546875 0.6840277777777778 0.857421875 0.6875 0.857421875 0.6979166666666666 0.853515625 0.7083333333333334 0.85546875 0.7326388888888888 0.84765625 0.7465277777777778 0.84765625 0.75 0.845703125 0.75 0.83984375 0.7326388888888888 0.83203125 0.7256944444444444 0.83203125 0.7152777777777778 0.845703125 0.6875
0 0.822265625 0.9131944444444444 0.83984375 0.9166666666666666 0.84375 0.9236111111111112 0.84375 0.9305555555555556 0.845703125 0.9340277777777778 0.845703125 0.9548611111111112 0.841796875 0.9618055555555556 0.837890625 0.9791666666666666 0.83203125 0.9791666666666666 0.82421875 0.9583333333333334 0.81640625 0.9444444444444444 0.8203125 0.9375 0.8203125 0.9305555555555556 0.822265625 0.9270833333333334 0.8203125 0.9201388888888888 0.822265625 0.9166666666666666
0 0.6640625 0.4270833333333333 0.666015625 0.4236111111111111 0.66796875 0.4027777777777778 0.669921875 0.3993055555555556 0.67578125 0.3993055555555556 0.677734375 0.4027777777777778 0.677734375 0.4166666666666667 0.673828125 0.4340277777777778 0.6640625 0.4340277777777778 0.666015625 0.4305555555555556
0 0.625 0.3333333333333333 0.623046875 0.3090277777777778 0.626953125 0.3020833333333333 0.630859375 0.3055555555555556 0.630859375 0.3194444444444444 0.62890625 0.3229166666666667 0.62890625 0.3333333333333333 0.626953125 0.3333333333333333
0 0.25390625 0.3541666666666667 0.263671875 0.3541666666666667 0.26953125 0.3611111111111111 0.26953125 0.375 0.26171875 0.3819444444444444 0.25390625 0.3819444444444444 0.251953125 0.3784722222222222 0.25390625 0.3576388888888889
0 0.9609375 0.6979166666666666 0.96484375 0.7048611111111112 0.96484375 0.7326388888888888 0.962890625 0.7326388888888888 0.955078125 0.75 0.94921875 0.75 0.9453125 0.7465277777777778 0.927734375 0.71875 0.927734375 0.7118055555555556 0.93359375 0.7013888888888888 0.9375 0.7048611111111112 0.9453125 0.7048611111111112 0.953125 0.6979166666666666 0.958984375 0.6979166666666666
0 0.5703125 0.5972222222222222 0.57421875 0.6041666666666666 0.57421875 0.625 0.5703125 0.6354166666666666 0.5703125 0.6423611111111112 0.56640625 0.6493055555555556 0.5625 0.6493055555555556 0.55859375 0.6423611111111112 0.5546875 0.6284722222222222 0.5546875 0.6180555555555556 0.55859375 0.6041666666666666 0.568359375 0.5972222222222222
0 0.88671875 0.5902777777777778 0.88671875 0.5729166666666666 0.888671875 0.5659722222222222 0.89453125 0.5590277777777778 0.91015625 0.5625 0.912109375 0.5659722222222222 0.912109375 0.5763888888888888 0.908203125 0.59375 0.90234375 0.6041666666666666 0.89453125 0.6006944444444444 0.888671875 0.5902777777777778
0 0.7353515625 0.5868055555555556 0.017578125 0.041666666666666664
0 0 0.8263888888888888 0.0234375 0.8263888888888888 0.02734375 0.8298611111111112 0.025390625 0.8368055555555556 0.025390625 0.8645833333333334 0.029296875 0.8680555555555556 0.0390625 0.8541666666666666 0.0390625 0.8576388888888888 0.044921875 0.8645833333333334 0.048828125 0.8576388888888888 0.046875 0.8402777777777778 0.05078125 0.8298611111111112 0.05078125 0.8194444444444444 0.056640625 0.8125 0.056640625 0.8472222222222222 0.052734375 0.8645833333333334 0.044921875 0.875 0.033203125 0.8819444444444444 0.017578125 0.9097222222222222 0.013671875 0.9236111111111112 0.0078125 0.9305555555555556 0 0.9270833333333334 0 0.8298611111111112
0 0.181640625 0.5833333333333334 0.1875 0.5763888888888888 0.193359375 0.5763888888888888 0.193359375 0.5798611111111112 0.19921875 0.5902777777777778 0.205078125 0.5902777777777778 0.208984375 0.5833333333333334 0.212890625 0.5972222222222222 0.2109375 0.6145833333333334 0.20703125 0.625 0.208984375 0.6319444444444444 0.208984375 0.6423611111111112 0.205078125 0.6423611111111112 0.19921875 0.6354166666666666 0.1953125 0.6423611111111112 0.1953125 0.6493055555555556 0.19140625 0.6597222222222222 0.1875 0.6597222222222222 0.18359375 0.6527777777777778 0.18359375 0.625 0.185546875 0.6215277777777778 0.185546875 0.6111111111111112 0.181640625 0.6006944444444444 0.181640625 0.5868055555555556
0 0.64453125 0.3819444444444444 0.64453125 0.3958333333333333 0.642578125 0.4027777777777778 0.638671875 0.40625 0.634765625 0.3958333333333333 0.634765625 0.3854166666666667 0.63671875 0.3819444444444444 0.642578125 0.3819444444444444
0 0.19140625 0.5069444444444444 0.208984375 0.5138888888888888 0.208984375 0.5208333333333334 0.2109375 0.5243055555555556 0.2109375 0.5590277777777778 0.20703125 0.5590277777777778 0.201171875 0.5520833333333334 0.19140625 0.5555555555555556 0.19140625 0.5104166666666666
0 0.8203125 0.9097222222222222 0.822265625 0.9131944444444444 0.833984375 0.9131944444444444 0.8359375 0.9166666666666666 0.83984375 0.9166666666666666 0.845703125 0.9270833333333334 0.845703125 0.9548611111111112 0.83984375 0.96875 0.837890625 0.9791666666666666 0.833984375 0.9826388888888888 0.830078125 0.9791666666666666 0.826171875 0.9652777777777778 0.810546875 0.9375 0.810546875 0.9340277777777778 0.8125 0.9375 0.81640625 0.9375 0.818359375 0.9340277777777778 0.818359375 0.9131944444444444
0 0.626953125 0.4166666666666667 0.62890625 0.4201388888888889 0.6328125 0.4201388888888889 0.6328125 0.4340277777777778 0.626953125 0.4479166666666667 0.623046875 0.4479166666666667 0.62109375 0.4409722222222222 0.62109375 0.4201388888888889 0.625 0.4166666666666667
0 0.689453125 0.3194444444444444 0.69140625 0.3229166666666667 0.69140625 0.3472222222222222 0.689453125 0.3506944444444444 0.685546875 0.3472222222222222 0.685546875 0.3368055555555556 0.68359375 0.3333333333333333 0.68359375 0.3229166666666667 0.6875 0.3194444444444444
0 0.763671875 0.4305555555555556 0.765625 0.4340277777777778 0.765625 0.4479166666666667 0.763671875 0.4513888888888889 0.75390625 0.4513888888888889 0.75390625 0.4340277777777778 0.755859375 0.4305555555555556 0.76171875 0.4305555555555556
0 0.787109375 0.5486111111111112 0.791015625 0.5555555555555556 0.791015625 0.5659722222222222 0.783203125 0.5868055555555556 0.7734375 0.5763888888888888 0.771484375 0.5694444444444444 0.771484375 0.5590277777777778 0.779296875 0.5486111111111112 0.78515625 0.5486111111111112
0 0.220703125 0.3576388888888889 0.22265625 0.3611111111111111 0.23046875 0.3611111111111111 0.232421875 0.3645833333333333 0.232421875 0.3888888888888889 0.21875 0.3923611111111111 0.21484375 0.3854166666666667 0.21484375 0.3715277777777778 0.21875 0.3611111111111111
0 0.6484375 0.3576388888888889 0.650390625 0.3541666666666667 0.66015625 0.3541666666666667 0.66015625 0.3680555555555556 0.65625 0.375 0.65234375 0.375 0.650390625 0.3611111111111111
0 0.837890625 0.4861111111111111 0.83984375 0.4930555555555556 0.83984375 0.5034722222222222 0.833984375 0.5173611111111112 0.83203125 0.5173611111111112 0.82421875 0.5034722222222222 0.82421875 0.4930555555555556 0.826171875 0.4895833333333333 0.83203125 0.4895833333333333 0.8359375 0.4861111111111111
0 0.609375 0.3576388888888889 0.607421875 0.3506944444444444 0.607421875 0.3333333333333333 0.609375 0.3298611111111111 0.615234375 0.3298611111111111 0.615234375 0.3472222222222222 0.611328125 0.3576388888888889
0 0.794921875 0.7430555555555556 0.80859375 0.7430555555555556 0.8125 0.75 0.8125 0.7777777777777778 0.810546875 0.78125 0.810546875 0.7916666666666666 0.802734375 0.8020833333333334 0.79296875 0.7951388888888888 0.787109375 0.7847222222222222 0.787109375 0.7777777777777778 0.78515625 0.7743055555555556 0.7890625 0.7604166666666666 0.79296875 0.7569444444444444 0.79296875 0.75 0.794921875 0.7465277777777778
0 0.70703125 0.5902777777777778 0.708984375 0.5972222222222222 0.708984375 0.6076388888888888 0.701171875 0.6354166666666666 0.689453125 0.6354166666666666 0.689453125 0.6006944444444444 0.69140625 0.59375 0.701171875 0.59375 0.705078125 0.5902777777777778
0 0.744140625 0.9513888888888888 0.767578125 0.9513888888888888 0.76953125 0.9548611111111112 0.7734375 0.9548611111111112 0.77734375 0.9618055555555556 0.77734375 0.9826388888888888 0.7734375 0.9930555555555556 0.76953125 0.9930555555555556 0.767578125 0.9965277777777778 0.73828125 0.9965277777777778 0.7421875 0.9826388888888888 0.7421875 0.9756944444444444 0.74609375 0.96875 0.744140625 0.9548611111111112
0 0.20703125 0.6423611111111112 0.203125 0.6354166666666666 0.19921875 0.6354166666666666 0.1953125 0.6423611111111112 0.1953125 0.6493055555555556 0.19140625 0.6597222222222222 0.1875 0.6597222222222222 0.18359375 0.6527777777777778 0.18359375 0.625 0.185546875 0.6180555555555556 0.1875 0.6145833333333334 0.1953125 0.6145833333333334 0.197265625 0.6111111111111112 0.205078125 0.6145833333333334 0.208984375 0.6388888888888888
0 0.806640625 0.5243055555555556 0.80859375 0.53125 0.80859375 0.5625 0.802734375 0.5694444444444444 0.794921875 0.5625 0.794921875 0.5381944444444444 0.8046875 0.5277777777777778