0 0.94921875 0.4895833333333333 0.95703125 0.4861111111111111 0.96484375 0.4930555555555556 0.96484375 0.5243055555555556 0.962890625 0.5277777777777778 0.955078125 0.5277777777777778 0.9453125 0.5347222222222222 0.93359375 0.5347222222222222 0.927734375 0.5243055555555556 0.927734375 0.5138888888888888 0.931640625 0.4965277777777778 0.947265625 0.4965277777777778 0.94921875 0.4930555555555556
0 0.93359375 0.8715277777777778 0.94140625 0.8958333333333334 0.94140625 0.9131944444444444 0.9453125 0.9236111111111112 0.9453125 0.9305555555555556 0.931640625 0.9479166666666666 0.927734375 0.9479166666666666 0.916015625 0.9340277777777778 0.904296875 0.9027777777777778 0.90625 0.8923611111111112 0.908203125 0.8923611111111112 0.91796875 0.8715277777777778 0.931640625 0.8715277777777778
0 0.1875 0.40625 0.19140625 0.40625 0.1953125 0.4166666666666667 0.205078125 0.4166666666666667 0.205078125 0.4270833333333333 0.208984375 0.4409722222222222 0.208984375 0.4479166666666667 0.203125 0.4548611111111111 0.1875 0.4548611111111111 0.181640625 0.4618055555555556 0.177734375 0.4583333333333333 0.177734375 0.4479166666666667 0.185546875 0.4270833333333333 0.185546875 0.4166666666666667 0.1875 0.4097222222222222
0 0.552734375 0.3402777777777778 0.556640625 0.3368055555555556 0.5625 0.3402777777777778 0.5625 0.3715277777777778 0.560546875 0.3784722222222222 0.552734375 0.3784722222222222 0.55078125 0.3715277777777778 0.552734375 0.3680555555555556 0.552734375 0.34375
0 0.626953125 0.34375 0.62890625 0.3472222222222222 0.62890625 0.3715277777777778 0.625 0.3854166666666667 0.62109375 0.3854166666666667 0.62109375 0.375 0.619140625 0.3715277777777778 0.619140625 0.3472222222222222 0.625 0.34375
0 0.861328125 0.65625 0.87890625 0.65625 0.87890625 0.6597222222222222 0.884765625 0.6701388888888888 0.884765625 0.6770833333333334 0.88671875 0.6805555555555556 0.88671875 0.6944444444444444 0.87890625 0.7048611111111112 0.876953125 0.7152777777777778 0.87109375 0.7152777777777778 0.865234375 0.7013888888888888 0.86328125 0.6597222222222222
0 0.56640625 0.34375 0.568359375 0.3402777777777778 0.568359375 0.3298611111111111 0.5703125 0.3263888888888889 0.576171875 0.3263888888888889 0.578125 0.3298611111111111 0.578125 0.3576388888888889 0.572265625 0.3611111111111111 0.568359375 0.3472222222222222
0 0.240234375 0.4131944444444444 0.244140625 0.40625 0.244140625 0.3958333333333333 0.25 0.3819444444444444 0.255859375 0.3819444444444444 0.2578125 0.3854166666666667 0.26171875 0.3854166666666667 0.265625 0.3923611111111111 0.26953125 0.3923611111111111 0.2734375 0.4027777777777778 0.265625 0.4166666666666667 0.265625 0.4236111111111111 0.263671875 0.4270833333333333 0.25 0.4305555555555556 0.24609375 0.4270833333333333 0.2421875 0.4166666666666667
0 0.685546875 0.5 0.69140625 0.4965277777777778 0.6953125 0.5104166666666666 0.6953125 0.5173611111111112 0.69140625 0.5277777777777778 0.6875 0.5243055555555556 0.68359375 0.5138888888888888 0.68359375 0.5069444444444444 0.685546875 0.5034722222222222
0 0.89453125 0.5833333333333334 0.900390625 0.59375 0.900390625 0.6041666666666666 0.89453125 0.6180555555555556 0.8828125 0.6180555555555556 0.876953125 0.6041666666666666 0.876953125 0.59375 0.8828125 0.5833333333333334 0.892578125 0.5833333333333334
0 0.54296875 0.3506944444444444 0.546875 0.3576388888888889 0.546875 0.3680555555555556 0.548828125 0.3715277777777778 0.548828125 0.3819444444444444 0.544921875 0.3923611111111111 0.53515625 0.3923611111111111 0.533203125 0.3854166666666667 0.533203125 0.3645833333333333 0.53515625 0.3576388888888889 0.541015625 0.3506944444444444
0 0.734375 0.5694444444444444 0.734375 0.6041666666666666 0.732421875 0.6076388888888888 0.724609375 0.6076388888888888 0.72265625 0.6006944444444444 0.72265625 0.5798611111111112 0.724609375 0.5729166666666666 0.7265625 0.5694444444444444 0.732421875 0.5694444444444444
0 0.166015625 0.46875 0.169921875 0.4756944444444444 0.171875 0.4826388888888889 0.171875 0.4930555555555556 0.173828125 0.4965277777777778 0.171875 0.5208333333333334 0.16796875 0.5243055555555556 0.16015625 0.5243055555555556 0.15625 0.5138888888888888 0.15625 0.5034722222222222 0.154296875 0.5 0.154296875 0.4791666666666667 0.15625 0.4722222222222222 0.158203125 0.46875 0.1640625 0.46875
0 0.23046875 0.40625 0.232421875 0.4097222222222222 0.236328125 0.4097222222222222 0.240234375 0.4166666666666667 0.2421875 0.4236111111111111 0.2421875 0.4340277777777778 0.23828125 0.4409722222222222 0.234375 0.4375 0.220703125 0.4375 0.212890625 0.4444444444444444 0.208984375 0.4375 0.208984375 0.4236111111111111 0.2109375 0.4166666666666667 0.22265625 0.3993055555555556 0.228515625 0.40625
0 0.27734375 0.40625 0.279296875 0.4131944444444444 0.279296875 0.4479166666666667 0.267578125 0.4479166666666667 0.263671875 0.4375 0.263671875 0.4305555555555556 0.267578125 0.4166666666666667 0.2734375 0.40625 0.275390625 0.40625
0 0.611328125 0.3229166666666667 0.615234375 0.3263888888888889 0.615234375 0.3402777777777778 0.61328125 0.34375 0.61328125 0.3576388888888889 0.609375 0.3611111111111111 0.60546875 0.3576388888888889 0.60546875 0.3506944444444444 0.603515625 0.3472222222222222 0.603515625 0.3298611111111111 0.609375 0.3229166666666667
0 0.94140625 0.7430555555555556 0.9296875 0.7256944444444444 0.921875 0.7222222222222222 0.91796875 0.7083333333333334 0.923828125 0.6979166666666666 0.9453125 0.6909722222222222 0.94921875 0.7013888888888888 0.951171875 0.7222222222222222 0.9453125 0.7395833333333334 0.943359375 0.7395833333333334
0 0.5966796875 0.3350694444444444 0.013671875 0.03819444444444445
0 0.712890625 0.4618055555555556 0.712890625 0.4895833333333333 0.708984375 0.4965277777777778 0.705078125 0.4965277777777778 0.703125 0.4930555555555556 0.705078125 0.4895833333333333 0.701171875 0.4722222222222222 0.705078125 0.4618055555555556 0.7109375 0.4618055555555556
0 0.728515625 0.4409722222222222 0.734375 0.4375 0.73828125 0.4444444444444444 0.73828125 0.4583333333333333 0.734375 0.46875 0.73046875 0.46875 0.728515625 0.4652777777777778 0.728515625 0.4444444444444444
0 0.98046875 0.5243055555555556 0.984375 0.5243055555555556 0.998046875 0.5381944444444444 0.998046875 0.59375 0.99609375 0.59375 0.990234375 0.5833333333333334 0.990234375 0.5798611111111112 0.98046875 0.5659722222222222 0.98046875 0.5590277777777778 0.978515625 0.5555555555555556 0.978515625 0.5486111111111112 0.982421875 0.5381944444444444 0.982421875 0.53125 0.98046875 0.5277777777777778
0 0.85546875 0.6979166666666666 0.861328125 0.7048611111111112 0.861328125 0.7256944444444444 0.857421875 0.7430555555555556 0.8515625 0.75 0.849609375 0.75 0.84375 0.7395833333333334 0.837890625 0.71875 0.84375 0.7083333333333334 0.84375 0.7048611111111112 0.853515625 0.6979166666666666
0 0.775390625 0.5763888888888888 0.783203125 0.5763888888888888 0.787109375 0.5833333333333334 0.78515625 0.6111111111111112 0.779296875 0.6215277777777778 0.775390625 0.6215277777777778 0.76953125 0.6076388888888888 0.76953125 0.5902777777777778 0.775390625 0.5798611111111112
0 0.916015625 0.875 0.919921875 0.8715277777777778 0.9296875 0.8715277777777778 0.93359375 0.875 0.939453125 0.8888888888888888 0.94140625 0.9131944444444444 0.9453125 0.9236111111111112 0.9453125 0.9305555555555556 0.931640625 0.9479166666666666 0.9140625 0.9305555555555556 0.90625 0.8993055555555556 0.916015625 0.8784722222222222
0 0.669921875 0.5381944444444444 0.67578125 0.5381944444444444 0.677734375 0.5416666666666666 0.677734375 0.5625 0.673828125 0.5763888888888888 0.669921875 0.5763888888888888 0.66796875 0.5694444444444444 0.66796875 0.5520833333333334 0.669921875 0.5486111111111112 0.669921875 0.5416666666666666
0 0.7890625 0.7118055555555556 0.791015625 0.7118055555555556 0.79296875 0.71875 0.794921875 0.7118055555555556 0.810546875 0.7118055555555556 0.818359375 0.7326388888888888 0.81640625 0.7465277777777778 0.80859375 0.7604166666666666 0.802734375 0.7604166666666666 0.791015625 0.7465277777777778 0.7890625 0.7256944444444444 0.787109375 0.7222222222222222 0.7890625 0.7152777777777778
0 0.76953125 0.4409722222222222 0.783203125 0.4444444444444444 0.783203125 0.4618055555555556 0.77734375 0.46875 0.76953125 0.4652777777777778 0.76953125 0.4444444444444444
0 0.796875 0.5173611111111112 0.810546875 0.5173611111111112 0.8125 0.5243055555555556 0.8125 0.5416666666666666 0.80859375 0.5520833333333334 0.8046875 0.5520833333333334 0.80078125 0.5486111111111112 0.796875 0.5381944444444444 0.796875 0.5277777777777778 0.794921875 0.5243055555555556 0.796875 0.5208333333333334