0 0.931640625 0.5 0.947265625 0.5 0.94921875 0.5034722222222222 0.955078125 0.5034722222222222 0.958984375 0.5069444444444444 0.95703125 0.5104166666666666 0.96484375 0.5243055555555556 0.962890625 0.5277777777777778 0.955078125 0.5277777777777778 0.947265625 0.5347222222222222 0.93359375 0.5347222222222222 0.9296875 0.5277777777777778 0.931640625 0.5034722222222222
0 0.724609375 0.4340277777777778 0.724609375 0.4513888888888889 0.720703125 0.4618055555555556 0.712890625 0.4618055555555556 0.712890625 0.4409722222222222 0.72265625 0.4340277777777778
0 0.6875 0.4201388888888889 0.6875 0.4027777777777778 0.689453125 0.3993055555555556 0.6953125 0.3993055555555556 0.697265625 0.4027777777777778 0.697265625 0.4131944444444444 0.6953125 0.4201388888888889 0.689453125 0.4201388888888889
0 0.86328125 0.59375 0.861328125 0.5972222222222222 0.865234375 0.6041666666666666 0.865234375 0.6111111111111112 0.861328125 0.6215277777777778 0.861328125 0.6319444444444444 0.849609375 0.6458333333333334 0.83984375 0.6458333333333334 0.8359375 0.6388888888888888 0.8359375 0.6319444444444444 0.837890625 0.625 0.85546875 0.59375 0.861328125 0.59375
0 0.578125 0.4548611111111111 0.580078125 0.4583333333333333 0.580078125 0.4826388888888889 0.576171875 0.4895833333333333 0.5703125 0.4895833333333333 0.5625 0.4826388888888889 0.5625 0.4652777777777778 0.56640625 0.4583333333333333 0.572265625 0.4583333333333333 0.576171875 0.4548611111111111
0 0.619140625 0.4930555555555556 0.62109375 0.4965277777777778 0.62109375 0.5138888888888888 0.615234375 0.53125 0.611328125 0.53125 0.609375 0.5277777777777778 0.609375 0.5173611111111112 0.607421875 0.5138888888888888 0.609375 0.5104166666666666 0.609375 0.4965277777777778 0.611328125 0.4930555555555556 0.6171875 0.4930555555555556
0 0.884765625 0.6979166666666666 0.888671875 0.6805555555555556 0.896484375 0.6666666666666666 0.916015625 0.6666666666666666 0.91796875 0.6631944444444444 0.927734375 0.6631944444444444 0.927734375 0.6701388888888888 0.92578125 0.6736111111111112 0.923828125 0.6944444444444444 0.916015625 0.7152777777777778 0.91015625 0.7152777777777778 0.896484375 0.7013888888888888 0.888671875 0.7013888888888888 0.88671875 0.6979166666666666
0 0.0234375 0.7569444444444444 0.025390625 0.7604166666666666 0.029296875 0.7604166666666666 0.033203125 0.7708333333333334 0.033203125 0.7777777777777778 0.037109375 0.7881944444444444 0.037109375 0.8055555555555556 0.03125 0.8159722222222222 0.02734375 0.8333333333333334 0.01953125 0.8472222222222222 0.01171875 0.8472222222222222 0.0078125 0.8402777777777778 0.0078125 0.78125 0.01171875 0.7708333333333334 0.01171875 0.7604166666666666 0.015625 0.7569444444444444 0.021484375 0.7569444444444444
0 0.28515625 0.7152777777777778 0.2890625 0.71875 0.29296875 0.7291666666666666 0.294921875 0.7534722222222222 0.29296875 0.7604166666666666 0.28125 0.7743055555555556 0.275390625 0.7743055555555556 0.26953125 0.7604166666666666 0.26953125 0.7256944444444444 0.271484375 0.7256944444444444 0.2734375 0.71875 0.27734375 0.7152777777777778 0.283203125 0.7152777777777778
0 0.919921875 0.5972222222222222 0.92578125 0.5972222222222222 0.927734375 0.6006944444444444 0.927734375 0.6076388888888888 0.931640625 0.6215277777777778 0.94140625 0.6145833333333334 0.947265625 0.6145833333333334 0.951171875 0.6215277777777778 0.951171875 0.6319444444444444 0.953125 0.6354166666666666 0.94921875 0.6493055555555556 0.94921875 0.6597222222222222 0.9453125 0.6631944444444444 0.927734375 0.6493055555555556 0.923828125 0.6423611111111112 0.923828125 0.6354166666666666 0.91796875 0.6215277777777778 0.919921875 0.6006944444444444
0 0.552734375 0.6944444444444444 0.560546875 0.7048611111111112 0.56640625 0.7048611111111112 0.57421875 0.6944444444444444 0.578125 0.6944444444444444 0.58203125 0.7118055555555556 0.578125 0.71875 0.576171875 0.7291666666666666 0.568359375 0.7430555555555556 0.55859375 0.7430555555555556 0.5546875 0.7395833333333334 0.548828125 0.7222222222222222 0.55078125 0.71875 0.55078125 0.6979166666666666
0 0.60546875 0.3506944444444444 0.615234375 0.3506944444444444 0.615234375 0.3715277777777778 0.607421875 0.3715277777777778 0.607421875 0.3611111111111111 0.60546875 0.3541666666666667
0 0.978515625 0.5486111111111112 0.98046875 0.5451388888888888 0.98046875 0.53125 0.978515625 0.5277777777777778 0.98046875 0.5208333333333334 0.99609375 0.5243055555555556 0.998046875 0.5277777777777778 0.998046875 0.5520833333333334 0.9921875 0.5625 0.990234375 0.5729166666666666 0.986328125 0.5763888888888888 0.98046875 0.5659722222222222 0.98046875 0.5520833333333334
0 0.119140625 0.7118055555555556 0.12890625 0.7118055555555556 0.130859375 0.7152777777777778 0.134765625 0.7152777777777778 0.138671875 0.7222222222222222 0.138671875 0.7291666666666666 0.140625 0.7326388888888888 0.146484375 0.7395833333333334 0.154296875 0.7395833333333334 0.154296875 0.7604166666666666 0.150390625 0.7673611111111112 0.140625 0.7673611111111112 0.138671875 0.7638888888888888 0.134765625 0.7673611111111112 0.130859375 0.7777777777777778 0.12890625 0.7916666666666666 0.125 0.7986111111111112 0.12109375 0.7986111111111112 0.1171875 0.7881944444444444 0.1171875 0.7604166666666666 0.115234375 0.7569444444444444 0.115234375 0.7361111111111112 0.1171875 0.7326388888888888 0.1171875 0.71875 0.119140625 0.7152777777777778
0 0.61328125 0.375 0.6171875 0.3854166666666667 0.6171875 0.4027777777777778 0.61328125 0.4201388888888889 0.607421875 0.4201388888888889 0.607421875 0.4027777777777778 0.60546875 0.3993055555555556 0.60546875 0.3854166666666667 0.607421875 0.3784722222222222 0.611328125 0.375
0 0.875 0.53125 0.87890625 0.5347222222222222 0.880859375 0.5416666666666666 0.880859375 0.5590277777777778 0.87890625 0.5625 0.873046875 0.5625 0.869140625 0.5694444444444444 0.859375 0.5694444444444444 0.857421875 0.5659722222222222 0.857421875 0.5520833333333334 0.8671875 0.5347222222222222 0.873046875 0.5347222222222222
0 0.986328125 0.6979166666666666 0.98828125 0.7013888888888888 0.98828125 0.7395833333333334 0.98046875 0.75 0.9765625 0.75 0.97265625 0.7430555555555556 0.966796875 0.7395833333333334 0.962890625 0.7291666666666666 0.96875 0.7118055555555556 0.96875 0.7013888888888888 0.970703125 0.6979166666666666 0.984375 0.6979166666666666
0 0.708984375 0.3680555555555556 0.716796875 0.3680555555555556 0.71875 0.3715277777777778 0.71875 0.3784722222222222 0.71484375 0.3923611111111111 0.708984375 0.3923611111111111 0.70703125 0.3888888888888889 0.70703125 0.375 0.708984375 0.3715277777777778
0 0.083984375 0.6631944444444444 0.08984375 0.6701388888888888 0.095703125 0.6701388888888888 0.099609375 0.6631944444444444 0.103515625 0.6631944444444444 0.10546875 0.6597222222222222 0.115234375 0.6597222222222222 0.1171875 0.65625 0.12109375 0.6597222222222222 0.12109375 0.6736111111111112 0.1171875 0.6805555555555556 0.1171875 0.6979166666666666 0.115234375 0.7013888888888888 0.115234375 0.7083333333333334 0.111328125 0.7152777777777778 0.107421875 0.7118055555555556 0.099609375 0.7152777777777778 0.091796875 0.7326388888888888 0.087890625 0.7326388888888888 0.08203125 0.71875 0.083984375 0.7152777777777778 0.083984375 0.7083333333333334 0.080078125 0.6979166666666666 0.080078125 0.6805555555555556 0.083984375 0.6736111111111112 0.083984375 0.6666666666666666
0 0.048828125 0.7361111111111112 0.0546875 0.7361111111111112 0.060546875 0.75 0.060546875 0.78125 0.05859375 0.7881944444444444 0.048828125 0.8055555555555556 0.046875 0.8020833333333334 0.041015625 0.8020833333333334 0.03515625 0.8090277777777778 0.029296875 0.8229166666666666 0.02734375 0.8333333333333334 0.021484375 0.84375 0.017578125 0.8472222222222222 0.01171875 0.8472222222222222 0.0078125 0.8402777777777778 0.0078125 0.8229166666666666 0.009765625 0.8194444444444444 0.0078125 0.8125 0.0078125 0.78125 0.01171875 0.7708333333333334 0.01171875 0.7604166666666666 0.015625 0.7569444444444444 0.025390625 0.7569444444444444 0.033203125 0.7673611111111112 0.037109375 0.7604166666666666 0.04296875 0.7604166666666666 0.048828125 0.7395833333333334
0 0.994140625 0.7256944444444444 0.998046875 0.7326388888888888 0.998046875 0.7986111111111112 0.994140625 0.7986111111111112 0.990234375 0.7916666666666666 0.990234375 0.7743055555555556 0.98828125 0.7708333333333334 0.98828125 0.7291666666666666 0.9921875 0.7256944444444444
0 0.736328125 0.4479166666666667 0.7421875 0.4270833333333333 0.75390625 0.4236111111111111 0.7578125 0.4340277777777778 0.7578125 0.4479166666666667 0.75 0.4548611111111111 0.748046875 0.4618055555555556 0.7421875 0.4583333333333333 0.73828125 0.4513888888888889
0 0.681640625 0.4479166666666667 0.68359375 0.4513888888888889 0.68359375 0.4652777777777778 0.6796875 0.4756944444444444 0.673828125 0.4756944444444444 0.66796875 0.4618055555555556 0.66796875 0.4548611111111111 0.669921875 0.4513888888888889 0.673828125 0.4479166666666667 0.6796875 0.4479166666666667
0 0.775390625 0.8194444444444444 0.783203125 0.8298611111111112 0.783203125 0.8402777777777778 0.78125 0.84375 0.779296875 0.8680555555555556 0.7734375 0.8854166666666666 0.767578125 0.8854166666666666 0.7578125 0.8680555555555556 0.7578125 0.8611111111111112 0.755859375 0.8576388888888888 0.7578125 0.8541666666666666 0.7578125 0.84375 0.759765625 0.8368055555555556 0.76171875 0.8368055555555556 0.767578125 0.8229166666666666 0.7734375 0.8194444444444444
0 0.625 0.4166666666666667 0.6328125 0.4166666666666667 0.634765625 0.4201388888888889 0.634765625 0.4409722222222222 0.62890625 0.4479166666666667 0.625 0.4444444444444444 0.625 0.4201388888888889
0 0.2138671875 0.3454861111111111 0.013671875 0.03125
0 0.794921875 0.5729166666666666 0.796875 0.5729166666666666 0.8046875 0.5868055555555556 0.814453125 0.5868055555555556 0.814453125 0.6111111111111112 0.80859375 0.6215277777777778 0.8046875 0.6215277777777778 0.794921875 0.6006944444444444 0.794921875 0.5763888888888888
0 0.662109375 0.3645833333333333 0.66015625 0.3576388888888889 0.66015625 0.3333333333333333 0.666015625 0.3263888888888889 0.66796875 0.3263888888888889 0.66796875 0.3333333333333333 0.669921875 0.3368055555555556 0.66796875 0.3402777777777778 0.669921875 0.34375 0.669921875 0.3576388888888889 0.6640625 0.3645833333333333
0 0.763671875 0.5034722222222222 0.771484375 0.4930555555555556 0.77734375 0.4930555555555556 0.779296875 0.4965277777777778 0.77734375 0.5243055555555556 0.7734375 0.5243055555555556 0.771484375 0.5277777777777778 0.767578125 0.5243055555555556 0.765625 0.5208333333333334 0.765625 0.5069444444444444
0 0.5703125 0.7013888888888888 0.580078125 0.7118055555555556 0.576171875 0.7291666666666666 0.568359375 0.7430555555555556 0.55859375 0.7430555555555556 0.552734375 0.7361111111111112 0.552734375 0.7118055555555556 0.5546875 0.7048611111111112 0.568359375 0.7048611111111112
0 0.537109375 0.4166666666666667 0.541015625 0.4131944444444444 0.546875 0.4166666666666667 0.552734375 0.4375 0.552734375 0.4652777777777778 0.55078125 0.4722222222222222 0.544921875 0.4722222222222222 0.5390625 0.4618055555555556 0.533203125 0.4618055555555556 0.529296875 0.4583333333333333 0.529296875 0.4340277777777778 0.53125 0.4270833333333333 0.537109375 0.4201388888888889
0 0.0703125 0.84375 0.07421875 0.8506944444444444 0.07421875 0.8715277777777778 0.076171875 0.875 0.076171875 0.8819444444444444 0.07421875 0.8854166666666666 0.07421875 0.9201388888888888 0.072265625 0.9270833333333334 0.0390625 0.9791666666666666 0.033203125 0.9826388888888888 0.02734375 0.9930555555555556 0.01953125 0.9930555555555556 0.017578125 0.9861111111111112 0.017578125 0.9756944444444444 0.015625 0.9722222222222222 0.015625 0.9583333333333334 0.017578125 0.9548611111111112 0.017578125 0.9305555555555556 0.015625 0.9270833333333334 0.017578125 0.8819444444444444 0.021484375 0.875 0.0390625 0.875 0.048828125 0.8854166666666666 0.060546875 0.8645833333333334 0.0625 0.8472222222222222 0.068359375 0.84375
0 0.998046875 0.59375 0.998046875 0.6319444444444444 0.994140625 0.6319444444444444 0.986328125 0.6180555555555556 0.98828125 0.6111111111111112 0.98828125 0.5972222222222222 0.990234375 0.59375 0.99609375 0.59375