0 0.5703125 0.3506944444444444 0.572265625 0.3541666666666667 0.572265625 0.3888888888888889 0.568359375 0.3888888888888889 0.56640625 0.3923611111111111 0.560546875 0.3854166666666667 0.55859375 0.3611111111111111 0.568359375 0.3506944444444444
0 0.166015625 0.4652777777777778 0.169921875 0.4722222222222222 0.171875 0.4791666666666667 0.171875 0.4895833333333333 0.173828125 0.4930555555555556 0.173828125 0.5069444444444444 0.171875 0.5104166666666666 0.171875 0.5173611111111112 0.16796875 0.5243055555555556 0.162109375 0.5243055555555556 0.158203125 0.5208333333333334 0.15625 0.5138888888888888 0.15625 0.5034722222222222 0.154296875 0.5 0.154296875 0.4756944444444444 0.158203125 0.4652777777777778 0.1640625 0.4652777777777778
0 0.98046875 0.75 0.98828125 0.7534722222222222 0.98828125 0.7743055555555556 0.998046875 0.78125 0.998046875 0.84375 0.99609375 0.84375 0.990234375 0.8333333333333334 0.98046875 0.8263888888888888 0.978515625 0.8229166666666666 0.978515625 0.8159722222222222 0.974609375 0.8090277777777778 0.974609375 0.78125 0.98046875 0.7534722222222222
0 0.89453125 0.8541666666666666 0.896484375 0.8576388888888888 0.91015625 0.8611111111111112 0.9140625 0.8645833333333334 0.916015625 0.8715277777777778 0.91796875 0.8888888888888888 0.916015625 0.8923611111111112 0.9140625 0.9236111111111112 0.912109375 0.9270833333333334 0.8984375 0.9236111111111112 0.892578125 0.9131944444444444 0.890625 0.9131944444444444 0.880859375 0.8923611111111112 0.87890625 0.8923611111111112 0.87890625 0.875 0.88671875 0.8576388888888888 0.892578125 0.8541666666666666
0 0.841796875 0.5034722222222222 0.845703125 0.5277777777777778 0.83984375 0.5451388888888888 0.8359375 0.5451388888888888 0.828125 0.53125 0.828125 0.5104166666666666 0.833984375 0.5034722222222222 0.83984375 0.5034722222222222
0 0.87109375 0.5729166666666666 0.873046875 0.5798611111111112 0.873046875 0.5972222222222222 0.87109375 0.6041666666666666 0.865234375 0.6111111111111112 0.861328125 0.6076388888888888 0.859375 0.6006944444444444 0.859375 0.5798611111111112 0.86328125 0.5729166666666666 0.869140625 0.5729166666666666
0 0.54296875 0.3472222222222222 0.55078125 0.3472222222222222 0.5546875 0.3541666666666667 0.5546875 0.3611111111111111 0.556640625 0.3645833333333333 0.5546875 0.3715277777777778 0.544921875 0.3784722222222222 0.541015625 0.3715277777777778 0.541015625 0.3541666666666667 0.54296875 0.3506944444444444
0 0.98046875 0.5243055555555556 0.98828125 0.5243055555555556 0.998046875 0.5347222222222222 0.998046875 0.59375 0.99609375 0.59375 0.990234375 0.5833333333333334 0.990234375 0.5798611111111112 0.982421875 0.5729166666666666 0.98046875 0.5659722222222222 0.98046875 0.5590277777777778 0.978515625 0.5555555555555556 0.978515625 0.5486111111111112 0.98046875 0.5451388888888888 0.98046875 0.5277777777777778
0 0.8984375 0.6388888888888888 0.900390625 0.6423611111111112 0.912109375 0.6423611111111112 0.912109375 0.6493055555555556 0.9140625 0.6527777777777778 0.912109375 0.6597222222222222 0.912109375 0.6736111111111112 0.91015625 0.6805555555555556 0.90625 0.6840277777777778 0.8984375 0.6840277777777778 0.89453125 0.6805555555555556 0.888671875 0.6736111111111112 0.888671875 0.6701388888888888 0.8828125 0.6597222222222222 0.890625 0.6388888888888888 0.896484375 0.6388888888888888
0 0.833984375 0.6319444444444444 0.8359375 0.6354166666666666 0.841796875 0.6354166666666666 0.84375 0.6423611111111112 0.853515625 0.6423611111111112 0.857421875 0.6493055555555556 0.857421875 0.6770833333333334 0.85546875 0.6840277777777778 0.849609375 0.6909722222222222 0.841796875 0.6805555555555556 0.841796875 0.6770833333333334 0.833984375 0.6631944444444444 0.83203125 0.6354166666666666
0 0.798828125 0.5034722222222222 0.80078125 0.5069444444444444 0.80078125 0.5277777777777778 0.79296875 0.5451388888888888 0.7890625 0.5451388888888888 0.787109375 0.5416666666666666 0.787109375 0.5347222222222222 0.78515625 0.53125 0.78515625 0.5069444444444444 0.787109375 0.5034722222222222 0.796875 0.5034722222222222
0 0.958984375 0.4895833333333333 0.958984375 0.4930555555555556 0.96484375 0.5 0.962890625 0.5069444444444444 0.96484375 0.5104166666666666 0.96484375 0.5243055555555556 0.962890625 0.5277777777777778 0.953125 0.5277777777777778 0.9453125 0.5347222222222222 0.93359375 0.5347222222222222 0.927734375 0.5243055555555556 0.927734375 0.5034722222222222 0.931640625 0.4965277777777778 0.94921875 0.5 0.95703125 0.4930555555555556
0 0.24609375 0.3576388888888889 0.2578125 0.3611111111111111 0.26171875 0.3680555555555556 0.26171875 0.375 0.2578125 0.3819444444444444 0.25390625 0.3854166666666667 0.244140625 0.3854166666666667 0.2421875 0.3819444444444444 0.2421875 0.3680555555555556 0.24609375 0.3611111111111111