0 0.9609375 0.4861111111111111 0.96484375 0.4861111111111111 0.966796875 0.4895833333333333 0.966796875 0.4965277777777778 0.96484375 0.5 0.96484375 0.5208333333333334 0.966796875 0.5243055555555556 0.962890625 0.53125 0.93359375 0.5347222222222222 0.927734375 0.5243055555555556 0.9296875 0.5 0.9453125 0.5 0.947265625 0.5034722222222222 0.955078125 0.5034722222222222 0.9609375 0.4930555555555556 0.9609375 0.4895833333333333
0 0.7265625 0.3784722222222222 0.736328125 0.3784722222222222 0.73828125 0.3854166666666667 0.734375 0.3993055555555556 0.73046875 0.4027777777777778 0.7265625 0.3958333333333333 0.7265625 0.3819444444444444
0 0.548828125 0.8055555555555556 0.55859375 0.7986111111111112 0.572265625 0.7986111111111112 0.572265625 0.8368055555555556 0.564453125 0.8541666666666666 0.556640625 0.8541666666666666 0.548828125 0.8402777777777778 0.548828125 0.8229166666666666 0.546875 0.8194444444444444 0.548828125 0.8159722222222222 0.548828125 0.8090277777777778
0 0.67578125 0.34375 0.6796875 0.3506944444444444 0.6796875 0.3576388888888889 0.681640625 0.3611111111111111 0.6796875 0.3680555555555556 0.6796875 0.3784722222222222 0.67578125 0.3854166666666667 0.673828125 0.3854166666666667 0.673828125 0.3784722222222222 0.669921875 0.3680555555555556 0.669921875 0.3472222222222222 0.673828125 0.34375
0 0.90625 0.7951388888888888 0.91015625 0.7951388888888888 0.91015625 0.7986111111111112 0.9140625 0.8020833333333334 0.91796875 0.8125 0.94140625 0.8090277777777778 0.94140625 0.8194444444444444 0.943359375 0.8229166666666666 0.94140625 0.8263888888888888 0.94140625 0.8402777777777778 0.935546875 0.8541666666666666 0.935546875 0.8611111111111112 0.93359375 0.8645833333333334 0.92578125 0.8645833333333334 0.91796875 0.8541666666666666 0.91015625 0.8333333333333334 0.904296875 0.8333333333333334 0.896484375 0.8263888888888888 0.896484375 0.8159722222222222 0.8984375 0.8125 0.90234375 0.8125 0.90625 0.8055555555555556 0.90625 0.7986111111111112
0 0.5615234375 0.4826388888888889 0.017578125 0.034722222222222224
0 0.1328125 0.7256944444444444 0.13671875 0.7256944444444444 0.138671875 0.7291666666666666 0.150390625 0.7291666666666666 0.158203125 0.71875 0.1640625 0.71875 0.166015625 0.7222222222222222 0.1640625 0.7256944444444444 0.166015625 0.7291666666666666 0.166015625 0.7465277777777778 0.16796875 0.75 0.162109375 0.7569444444444444 0.158203125 0.7569444444444444 0.15234375 0.7638888888888888 0.142578125 0.7847222222222222 0.138671875 0.7847222222222222 0.134765625 0.7743055555555556 0.1328125 0.7291666666666666
0 0.912109375 0.65625 0.9140625 0.6631944444444444 0.90625 0.6770833333333334 0.90234375 0.6909722222222222 0.90234375 0.7118055555555556 0.908203125 0.71875 0.9140625 0.71875 0.919921875 0.6909722222222222 0.923828125 0.6909722222222222 0.927734375 0.6979166666666666 0.931640625 0.6979166666666666 0.93359375 0.7013888888888888 0.94140625 0.7013888888888888 0.9453125 0.6909722222222222 0.94921875 0.6875 0.958984375 0.7118055555555556 0.95703125 0.7361111111111112 0.951171875 0.7430555555555556 0.9375 0.7395833333333334 0.927734375 0.7256944444444444 0.92578125 0.7291666666666666 0.91796875 0.7291666666666666 0.916015625 0.7222222222222222 0.91015625 0.7222222222222222 0.908203125 0.71875 0.900390625 0.71875 0.896484375 0.7256944444444444 0.884765625 0.7256944444444444 0.8828125 0.7222222222222222 0.8828125 0.6944444444444444 0.888671875 0.6909722222222222 0.90234375 0.6666666666666666 0.90234375 0.6597222222222222 0.904296875 0.65625 0.91015625 0.65625
0 0.208984375 0.3576388888888889 0.208984375 0.3368055555555556 0.212890625 0.3298611111111111 0.21875 0.3368055555555556 0.220703125 0.34375 0.220703125 0.3541666666666667 0.216796875 0.3611111111111111 0.212890625 0.3611111111111111 0.2109375 0.3576388888888889
0 0.693359375 0.7465277777777778 0.6953125 0.75 0.6953125 0.78125 0.6875 0.8020833333333334 0.68359375 0.8020833333333334 0.673828125 0.7847222222222222 0.673828125 0.7673611111111112 0.6796875 0.7569444444444444 0.6796875 0.75 0.681640625 0.7465277777777778 0.69140625 0.7465277777777778
0 0.119140625 0.7395833333333334 0.12109375 0.7430555555555556 0.12109375 0.7534722222222222 0.11328125 0.78125 0.10546875 0.7951388888888888 0.099609375 0.7951388888888888 0.095703125 0.7986111111111112 0.091796875 0.8090277777777778 0.091796875 0.8194444444444444 0.08984375 0.8229166666666666 0.083984375 0.8229166666666666 0.080078125 0.8159722222222222 0.080078125 0.7777777777777778 0.078125 0.7743055555555556 0.080078125 0.7604166666666666 0.083984375 0.7534722222222222 0.091796875 0.7534722222222222 0.095703125 0.7604166666666666 0.09375 0.7673611111111112 0.09375 0.7777777777777778 0.099609375 0.7881944444444444 0.103515625 0.7881944444444444 0.10546875 0.7847222222222222 0.10546875 0.7638888888888888 0.111328125 0.7465277777777778 0.1171875 0.7395833333333334
0 0.2529296875 0.3645833333333333 0.021484375 0.041666666666666664
0 0.56640625 0.6631944444444444 0.5703125 0.6736111111111112 0.5703125 0.7048611111111112 0.56640625 0.71875 0.5625 0.7222222222222222 0.556640625 0.7152777777777778 0.552734375 0.7152777777777778 0.552734375 0.6736111111111112 0.560546875 0.6631944444444444 0.564453125 0.6666666666666666
0 0.7421875 0.3993055555555556 0.75390625 0.3993055555555556 0.75390625 0.4131944444444444 0.75 0.4236111111111111 0.744140625 0.4236111111111111 0.7421875 0.4166666666666667 0.7421875 0.4027777777777778
0 0.228515625 0.6770833333333334 0.234375 0.6840277777777778 0.23828125 0.6840277777777778 0.244140625 0.7083333333333334 0.25 0.6979166666666666 0.251953125 0.7013888888888888 0.251953125 0.7152777777777778 0.25 0.7222222222222222 0.2421875 0.7256944444444444 0.234375 0.7395833333333334 0.234375 0.7430555555555556 0.23046875 0.7465277777777778 0.2265625 0.7465277777777778 0.224609375 0.7430555555555556 0.224609375 0.7361111111111112 0.22265625 0.7326388888888888 0.22265625 0.7152777777777778 0.21875 0.7013888888888888 0.21875 0.6875 0.224609375 0.6770833333333334 0.2265625 0.6770833333333334
0 0.76171875 0.46875 0.765625 0.4722222222222222 0.765625 0.4930555555555556 0.7578125 0.5104166666666666 0.75390625 0.5104166666666666 0.75390625 0.4861111111111111 0.751953125 0.4791666666666667 0.75390625 0.4722222222222222 0.759765625 0.46875
0 0.7578125 0.53125 0.763671875 0.5451388888888888 0.771484375 0.5347222222222222 0.775390625 0.5381944444444444 0.7734375 0.5625 0.771484375 0.5694444444444444 0.767578125 0.5694444444444444 0.759765625 0.5555555555555556 0.7578125 0.5347222222222222
0 0.2734375 0.4618055555555556 0.279296875 0.4756944444444444 0.279296875 0.4930555555555556 0.2734375 0.5 0.265625 0.5 0.263671875 0.4965277777777778 0.263671875 0.4791666666666667 0.26171875 0.4756944444444444 0.26171875 0.46875 0.265625 0.4618055555555556 0.271484375 0.4618055555555556
0 0.998046875 0.6875 0.998046875 0.7465277777777778 0.994140625 0.7430555555555556 0.9921875 0.7152777777777778 0.990234375 0.7118055555555556 0.990234375 0.7048611111111112 0.994140625 0.6909722222222222 0.99609375 0.6909722222222222
0 0.72265625 0.3784722222222222 0.72265625 0.3958333333333333 0.71875 0.4097222222222222 0.712890625 0.4027777777777778 0.712890625 0.3819444444444444 0.71484375 0.3784722222222222 0.720703125 0.3784722222222222
0 0.98046875 0.5243055555555556 0.984375 0.5243055555555556 0.998046875 0.5381944444444444 0.998046875 0.5625 0.994140625 0.5694444444444444 0.99609375 0.5729166666666666 0.9921875 0.5798611111111112 0.990234375 0.5763888888888888 0.986328125 0.5763888888888888 0.98046875 0.5659722222222222 0.98046875 0.5590277777777778 0.978515625 0.5555555555555556 0.98046875 0.5277777777777778
0 0.796875 0.6701388888888888 0.02734375 0.04861111111111111
0 0.9375 0.8090277777777778 0.94140625 0.8159722222222222 0.94140625 0.8368055555555556 0.93359375 0.8645833333333334 0.92578125 0.8645833333333334 0.919921875 0.8541666666666666 0.91796875 0.8541666666666666 0.9140625 0.8402777777777778 0.908203125 0.8298611111111112 0.900390625 0.8298611111111112 0.8984375 0.8263888888888888 0.8984375 0.8194444444444444 0.904296875 0.8194444444444444 0.91015625 0.8125 0.9140625 0.8159722222222222 0.919921875 0.8159722222222222 0.921875 0.8125 0.931640625 0.8125 0.935546875 0.8090277777777778
0 0.576171875 0.4826388888888889 0.572265625 0.46875 0.572265625 0.4513888888888889 0.57421875 0.4479166666666667 0.580078125 0.4479166666666667 0.580078125 0.4548611111111111 0.58203125 0.4583333333333333 0.58203125 0.4722222222222222 0.578125 0.4826388888888889
0 0.5703125 0.2777777777777778 0.572265625 0.28125 0.576171875 0.28125 0.576171875 0.2951388888888889 0.572265625 0.2951388888888889 0.572265625 0.2847222222222222 0.5703125 0.28125
0 0.595703125 0.7604166666666666 0.6015625 0.7673611111111112 0.6015625 0.8020833333333334 0.595703125 0.8125 0.591796875 0.8125 0.583984375 0.7951388888888888 0.583984375 0.7673611111111112 0.59375 0.7604166666666666
0 0.58203125 0.6284722222222222 0.59375 0.6284722222222222 0.59765625 0.6319444444444444 0.59765625 0.6527777777777778 0.6015625 0.6666666666666666 0.59765625 0.6805555555555556 0.59765625 0.6979166666666666 0.59375 0.7013888888888888 0.591796875 0.6944444444444444 0.587890625 0.6944444444444444 0.583984375 0.6875 0.583984375 0.6666666666666666 0.580078125 0.65625 0.58203125 0.6319444444444444
0 0.71484375 0.9618055555555556 0.71875 0.96875 0.71875 0.9861111111111112 0.720703125 0.9895833333333334 0.71875 0.9965277777777778 0.69921875 0.9965277777777778 0.6953125 0.9930555555555556 0.6953125 0.9756944444444444 0.697265625 0.9722222222222222 0.697265625 0.9652777777777778 0.69921875 0.9618055555555556 0.712890625 0.9618055555555556
0 0.65625 0.3090277777777778 0.662109375 0.3090277777777778 0.666015625 0.3229166666666667 0.6640625 0.34375 0.658203125 0.3472222222222222 0.65234375 0.3333333333333333 0.65234375 0.3229166666666667 0.65625 0.3125
0 0.71875 0.4409722222222222 0.72265625 0.4444444444444444 0.72265625 0.4583333333333333 0.71875 0.46875 0.7109375 0.46875 0.7109375 0.4548611111111111 0.708984375 0.4513888888888889 0.708984375 0.4444444444444444 0.7109375 0.4409722222222222 0.716796875 0.4409722222222222
0 0.552734375 0.4201388888888889 0.556640625 0.4270833333333333 0.556640625 0.4340277777777778 0.552734375 0.4409722222222222 0.552734375 0.4513888888888889 0.55078125 0.4583333333333333 0.546875 0.4652777777777778 0.54296875 0.4652777777777778 0.5390625 0.4618055555555556 0.53125 0.4444444444444444 0.53125 0.4305555555555556 0.53515625 0.4270833333333333 0.541015625 0.4270833333333333 0.54296875 0.4236111111111111 0.55078125 0.4236111111111111
0 0.853515625 0.5104166666666666 0.859375 0.5173611111111112 0.865234375 0.5173611111111112 0.865234375 0.5486111111111112 0.861328125 0.5555555555555556 0.857421875 0.5555555555555556 0.853515625 0.5486111111111112 0.84765625 0.5486111111111112 0.84375 0.5416666666666666 0.84375 0.5173611111111112 0.84765625 0.5069444444444444 0.8515625 0.5104166666666666