0 0.9482421875 0.5104166666666666 0.041015625 0.05555555555555555
0 0.6328125 0.5659722222222222 0.6328125 0.5451388888888888 0.634765625 0.5416666666666666 0.6484375 0.5416666666666666 0.650390625 0.5486111111111112 0.650390625 0.5625 0.646484375 0.5763888888888888 0.638671875 0.5659722222222222 0.634765625 0.5659722222222222
0 0.828125 0.5381944444444444 0.828125 0.5590277777777778 0.826171875 0.5625 0.826171875 0.5729166666666666 0.8203125 0.5798611111111112 0.810546875 0.5659722222222222 0.80859375 0.5590277777777778 0.80859375 0.5381944444444444 0.810546875 0.5347222222222222 0.826171875 0.5381944444444444
0 0.7265625 0.3611111111111111 0.728515625 0.3645833333333333 0.732421875 0.3645833333333333 0.734375 0.3715277777777778 0.732421875 0.3854166666666667 0.728515625 0.3923611111111111 0.724609375 0.3888888888888889 0.724609375 0.3645833333333333
0 0.939453125 0.5590277777777778 0.94140625 0.5625 0.94140625 0.5763888888888888 0.9296875 0.6180555555555556 0.92578125 0.6180555555555556 0.9140625 0.6041666666666666 0.916015625 0.5972222222222222 0.916015625 0.5798611111111112 0.919921875 0.5659722222222222 0.927734375 0.5590277777777778 0.9375 0.5590277777777778
0 0.572265625 0.6076388888888888 0.57421875 0.6111111111111112 0.57421875 0.625 0.56640625 0.6458333333333334 0.560546875 0.6527777777777778 0.552734375 0.6319444444444444 0.5546875 0.6284722222222222 0.5546875 0.6180555555555556 0.55859375 0.6111111111111112 0.5703125 0.6111111111111112
0 0.626953125 0.3472222222222222 0.6328125 0.3472222222222222 0.6328125 0.3715277777777778 0.630859375 0.375 0.626953125 0.3715277777777778 0.626953125 0.3506944444444444
0 0.998046875 0.75 0.998046875 0.7916666666666666 0.994140625 0.7881944444444444 0.994140625 0.7569444444444444 0.99609375 0.7534722222222222
0 0.73046875 0.4479166666666667 0.740234375 0.4479166666666667 0.7421875 0.4548611111111111 0.73828125 0.4791666666666667 0.734375 0.4791666666666667 0.73046875 0.4722222222222222 0.73046875 0.4652777777777778 0.728515625 0.4618055555555556 0.73046875 0.4583333333333333 0.73046875 0.4513888888888889
0 0.689453125 0.7083333333333334 0.69140625 0.7118055555555556 0.6953125 0.7118055555555556 0.697265625 0.7326388888888888 0.69921875 0.7361111111111112 0.69921875 0.7395833333333334 0.693359375 0.75 0.69140625 0.7638888888888888 0.685546875 0.7638888888888888 0.677734375 0.7465277777777778 0.677734375 0.7152777777777778 0.681640625 0.7083333333333334 0.6875 0.7083333333333334
0 0.724609375 0.6319444444444444 0.732421875 0.6319444444444444 0.734375 0.6354166666666666 0.734375 0.6597222222222222 0.728515625 0.6701388888888888 0.71875 0.6631944444444444 0.716796875 0.65625 0.716796875 0.6458333333333334 0.720703125 0.6458333333333334 0.724609375 0.6354166666666666
0 0.7890625 0.4027777777777778 0.791015625 0.40625 0.798828125 0.40625 0.802734375 0.4097222222222222 0.802734375 0.4340277777777778 0.80078125 0.4409722222222222 0.796875 0.4444444444444444 0.7890625 0.4375 0.78515625 0.4270833333333333 0.78515625 0.4097222222222222 0.787109375 0.40625
0 0.99609375 0.5381944444444444 0.998046875 0.5416666666666666 0.998046875 0.59375 0.994140625 0.59375 0.994140625 0.5902777777777778 0.98046875 0.5659722222222222 0.98046875 0.5381944444444444 0.982421875 0.5347222222222222 0.9921875 0.5347222222222222 0.994140625 0.5381944444444444