0 0.94921875 0.4895833333333333 0.953125 0.4861111111111111 0.962890625 0.4861111111111111 0.96484375 0.4895833333333333 0.96484375 0.5138888888888888 0.962890625 0.5173611111111112 0.96484375 0.5208333333333334 0.96484375 0.5277777777777778 0.953125 0.5277777777777778 0.9453125 0.5347222222222222 0.93359375 0.5347222222222222 0.927734375 0.5243055555555556 0.927734375 0.5069444444444444 0.931640625 0.4965277777777778 0.947265625 0.4965277777777778 0.94921875 0.4930555555555556
0 0.685546875 0.3958333333333333 0.6953125 0.3958333333333333 0.697265625 0.3993055555555556 0.693359375 0.4236111111111111 0.6875 0.4236111111111111 0.685546875 0.3993055555555556
0 0.755859375 0.4583333333333333 0.76171875 0.4652777777777778 0.76171875 0.4756944444444444 0.763671875 0.4791666666666667 0.76171875 0.4826388888888889 0.76171875 0.4895833333333333 0.7578125 0.4965277777777778 0.75 0.4965277777777778 0.74609375 0.4826388888888889 0.74609375 0.4652777777777778 0.75390625 0.4583333333333333
0 0.716796875 0.4375 0.7265625 0.4444444444444444 0.7265625 0.4722222222222222 0.71875 0.4722222222222222 0.716796875 0.4756944444444444 0.71484375 0.46875 0.71484375 0.4444444444444444 0.716796875 0.4409722222222222
0 0.8359375 0.6840277777777778 0.83984375 0.6805555555555556 0.857421875 0.6805555555555556 0.859375 0.6840277777777778 0.857421875 0.7083333333333334 0.8515625 0.7256944444444444 0.845703125 0.7256944444444444 0.8359375 0.7083333333333334 0.833984375 0.7013888888888888 0.833984375 0.6909722222222222 0.8359375 0.6875
0 0.79296875 0.4548611111111111 0.794921875 0.4548611111111111 0.796875 0.4618055555555556 0.806640625 0.4618055555555556 0.80859375 0.4583333333333333 0.8125 0.4583333333333333 0.8125 0.4756944444444444 0.8046875 0.4930555555555556 0.80078125 0.4930555555555556 0.794921875 0.4861111111111111 0.791015625 0.46875 0.79296875 0.4652777777777778 0.79296875 0.4583333333333333
0 0.8515625 0.5833333333333334 0.853515625 0.5902777777777778 0.853515625 0.6111111111111112 0.8515625 0.6180555555555556 0.849609375 0.6145833333333334 0.84375 0.6180555555555556 0.837890625 0.6319444444444444 0.83203125 0.6180555555555556 0.830078125 0.59375 0.8359375 0.5833333333333334 0.849609375 0.5833333333333334
0 0.609375 0.8263888888888888 0.61328125 0.8298611111111112 0.615234375 0.8368055555555556 0.615234375 0.8645833333333334 0.609375 0.875 0.609375 0.8888888888888888 0.60546875 0.8958333333333334 0.599609375 0.8923611111111112 0.595703125 0.8784722222222222 0.595703125 0.8680555555555556 0.591796875 0.8576388888888888 0.591796875 0.84375 0.59375 0.8402777777777778 0.59375 0.8298611111111112 0.59765625 0.8263888888888888 0.607421875 0.8263888888888888
0 0.734375 0.4201388888888889 0.74609375 0.4201388888888889 0.74609375 0.4340277777777778 0.740234375 0.4479166666666667 0.73828125 0.4444444444444444 0.734375 0.4444444444444444 0.734375 0.4236111111111111
0 0.16796875 0.5069444444444444 0.015625 0.041666666666666664
0 0.5703125 0.6458333333333334 0.572265625 0.6493055555555556 0.587890625 0.6493055555555556 0.587890625 0.6736111111111112 0.5859375 0.6770833333333334 0.5859375 0.6875 0.583984375 0.6909722222222222 0.58203125 0.7083333333333334 0.580078125 0.7118055555555556 0.576171875 0.7118055555555556 0.57421875 0.7048611111111112 0.57421875 0.6979166666666666 0.5703125 0.6875 0.568359375 0.6493055555555556
0 0.69921875 0.4201388888888889 0.70703125 0.4201388888888889 0.708984375 0.4270833333333333 0.70703125 0.4479166666666667 0.703125 0.4479166666666667 0.69921875 0.4409722222222222 0.69921875 0.4236111111111111
0 0.60546875 0.3784722222222222 0.609375 0.3645833333333333 0.61328125 0.3680555555555556 0.62109375 0.3680555555555556 0.625 0.3819444444444444 0.623046875 0.3854166666666667 0.61328125 0.3923611111111111 0.607421875 0.3923611111111111 0.607421875 0.3819444444444444
0 0.779296875 0.4513888888888889 0.7734375 0.4340277777777778 0.7734375 0.4236111111111111 0.771484375 0.4166666666666667 0.775390625 0.4097222222222222 0.78125 0.4097222222222222 0.7890625 0.4270833333333333 0.7890625 0.4340277777777778 0.78125 0.4479166666666667
0 0.990234375 0.5868055555555556 0.99609375 0.5868055555555556 0.998046875 0.5902777777777778 0.998046875 0.6319444444444444 0.986328125 0.6180555555555556 0.986328125 0.6111111111111112 0.990234375 0.6006944444444444 0.990234375 0.5902777777777778
0 0.552734375 0.4375 0.560546875 0.4444444444444444 0.560546875 0.4652777777777778 0.556640625 0.4791666666666667 0.55078125 0.4791666666666667 0.544921875 0.46875 0.544921875 0.4618055555555556 0.54296875 0.4583333333333333 0.54296875 0.4479166666666667 0.544921875 0.4409722222222222 0.55078125 0.4375
0 0.7578125 0.6458333333333334 0.7734375 0.6458333333333334 0.77734375 0.65625 0.77734375 0.6805555555555556 0.7734375 0.6944444444444444 0.767578125 0.7013888888888888 0.7578125 0.6875 0.7578125 0.6666666666666666 0.755859375 0.6631944444444444 0.755859375 0.6527777777777778 0.7578125 0.6493055555555556
0 0.8125 0.7361111111111112 0.814453125 0.7395833333333334 0.818359375 0.7395833333333334 0.822265625 0.75 0.822265625 0.7604166666666666 0.82421875 0.7638888888888888 0.822265625 0.7708333333333334 0.822265625 0.78125 0.8203125 0.7847222222222222 0.8203125 0.7951388888888888 0.818359375 0.7986111111111112 0.814453125 0.7986111111111112 0.798828125 0.7708333333333334 0.796875 0.7638888888888888 0.798828125 0.7395833333333334 0.806640625 0.7395833333333334 0.810546875 0.7361111111111112
0 0.90234375 0.6423611111111112 0.91015625 0.6493055555555556 0.91015625 0.6701388888888888 0.90234375 0.6875 0.8984375 0.6875 0.888671875 0.6666666666666666 0.888671875 0.6458333333333334 0.890625 0.6423611111111112 0.900390625 0.6423611111111112
0 0.556640625 0.3611111111111111 0.556640625 0.3506944444444444 0.5546875 0.3472222222222222 0.5546875 0.3368055555555556 0.556640625 0.3333333333333333 0.5625 0.3333333333333333 0.5625 0.3402777777777778 0.564453125 0.34375 0.5625 0.3472222222222222 0.5625 0.3611111111111111 0.55859375 0.3611111111111111
0 0.25 0.4097222222222222 0.25390625 0.40625 0.267578125 0.40625 0.27734375 0.4166666666666667 0.27734375 0.4270833333333333 0.279296875 0.4305555555555556 0.27734375 0.4375 0.267578125 0.4375 0.265625 0.4409722222222222 0.2578125 0.4375 0.251953125 0.4444444444444444 0.248046875 0.4409722222222222 0.244140625 0.4305555555555556 0.24609375 0.4270833333333333 0.24609375 0.4201388888888889 0.25 0.4131944444444444
0 0.224609375 0.3993055555555556 0.2265625 0.4027777777777778 0.234375 0.4027777777777778 0.2421875 0.4166666666666667 0.2421875 0.4270833333333333 0.23828125 0.4340277777777778 0.21875 0.4340277777777778 0.2109375 0.4236111111111111 0.2109375 0.4166666666666667 0.220703125 0.3993055555555556 0.22265625 0.3993055555555556
0 0.998046875 0.8263888888888888 0.984375 0.7951388888888888 0.984375 0.7881944444444444 0.9921875 0.7743055555555556 0.998046875 0.7708333333333334 0.998046875 0.8229166666666666
0 0.66015625 0.5104166666666666 0.673828125 0.5104166666666666 0.67578125 0.5138888888888888 0.67578125 0.5381944444444444 0.669921875 0.5520833333333334 0.666015625 0.5520833333333334 0.6640625 0.5451388888888888 0.662109375 0.5138888888888888
0 0.80859375 0.5104166666666666 0.8203125 0.5104166666666666 0.826171875 0.5173611111111112 0.826171875 0.5277777777777778 0.822265625 0.5416666666666666 0.81640625 0.5451388888888888 0.80859375 0.5381944444444444 0.80859375 0.5138888888888888
0 0.728515625 0.5243055555555556 0.728515625 0.5416666666666666 0.724609375 0.5486111111111112 0.724609375 0.5555555555555556 0.72265625 0.5590277777777778 0.71484375 0.5590277777777778 0.712890625 0.5555555555555556 0.712890625 0.5243055555555556 0.71484375 0.5208333333333334 0.724609375 0.5208333333333334 0.7265625 0.5243055555555556
0 0.765625 0.5173611111111112 0.771484375 0.5173611111111112 0.77734375 0.5243055555555556 0.775390625 0.5520833333333334 0.7734375 0.5555555555555556 0.765625 0.5555555555555556 0.76171875 0.5381944444444444 0.765625 0.5208333333333334
0 0.62890625 0.3958333333333333 0.638671875 0.3993055555555556 0.638671875 0.4131944444444444 0.634765625 0.4236111111111111 0.626953125 0.4236111111111111 0.626953125 0.40625 0.62890625 0.3993055555555556
0 0.619140625 0.5972222222222222 0.625 0.6041666666666666 0.625 0.6388888888888888 0.619140625 0.6527777777777778 0.609375 0.6493055555555556 0.603515625 0.6423611111111112 0.60546875 0.6145833333333334 0.609375 0.6006944444444444 0.611328125 0.5972222222222222 0.6171875 0.5972222222222222
0 0.78125 0.4965277777777778 0.7890625 0.4965277777777778 0.791015625 0.5034722222222222 0.791015625 0.5277777777777778 0.783203125 0.5277777777777778 0.78125 0.5243055555555556 0.78125 0.5
0 0.611328125 0.8298611111111112 0.615234375 0.8472222222222222 0.615234375 0.8645833333333334 0.609375 0.8715277777777778 0.609375 0.8854166666666666 0.607421875 0.8923611111111112 0.6015625 0.8923611111111112 0.599609375 0.8888888888888888 0.595703125 0.875 0.59375 0.8506944444444444 0.595703125 0.8472222222222222 0.595703125 0.8368055555555556 0.599609375 0.8298611111111112 0.609375 0.8298611111111112