0 0.962890625 0.4861111111111111 0.96484375 0.4895833333333333 0.96484375 0.5277777777777778 0.951171875 0.5277777777777778 0.943359375 0.5347222222222222 0.93359375 0.5347222222222222 0.9296875 0.53125 0.927734375 0.5243055555555556 0.927734375 0.5034722222222222 0.931640625 0.4965277777777778 0.943359375 0.4965277777777778 0.9453125 0.5 0.955078125 0.4861111111111111 0.9609375 0.4861111111111111
0 0.580078125 0.6111111111111112 0.580078125 0.6215277777777778 0.58203125 0.625 0.58203125 0.6354166666666666 0.583984375 0.6423611111111112 0.576171875 0.6631944444444444 0.5703125 0.6631944444444444 0.5625 0.6493055555555556 0.5625 0.6354166666666666 0.564453125 0.6319444444444444 0.564453125 0.6215277777777778 0.568359375 0.6111111111111112 0.578125 0.6111111111111112
0 0.7734375 0.5763888888888888 0.77734375 0.5729166666666666 0.77734375 0.5659722222222222 0.78125 0.5590277777777778 0.791015625 0.5590277777777778 0.79296875 0.5625 0.79296875 0.5694444444444444 0.791015625 0.5729166666666666 0.791015625 0.59375 0.7890625 0.6006944444444444 0.78515625 0.6041666666666666 0.779296875 0.6006944444444444 0.7734375 0.5902777777777778 0.7734375 0.5798611111111112
0 0.724609375 0.3958333333333333 0.734375 0.3958333333333333 0.734375 0.4027777777777778 0.736328125 0.40625 0.73046875 0.4201388888888889 0.7265625 0.4201388888888889 0.724609375 0.4166666666666667 0.724609375 0.3993055555555556
0 0.263671875 0.5416666666666666 0.267578125 0.5381944444444444 0.275390625 0.5416666666666666 0.279296875 0.5555555555555556 0.279296875 0.5833333333333334 0.2734375 0.6006944444444444 0.271484375 0.6145833333333334 0.267578125 0.6145833333333334 0.265625 0.59375 0.263671875 0.5902777777777778 0.263671875 0.5694444444444444 0.26171875 0.5659722222222222 0.26171875 0.5486111111111112 0.263671875 0.5451388888888888
0 0.236328125 0.6423611111111112 0.24609375 0.6493055555555556 0.24609375 0.65625 0.248046875 0.6597222222222222 0.248046875 0.6666666666666666 0.240234375 0.6909722222222222 0.23828125 0.7118055555555556 0.236328125 0.7152777777777778 0.232421875 0.7118055555555556 0.232421875 0.7048611111111112 0.23046875 0.7013888888888888 0.23046875 0.6840277777777778 0.2265625 0.6701388888888888 0.2265625 0.65625 0.232421875 0.6458333333333334 0.234375 0.6458333333333334
0 0.900390625 0.6423611111111112 0.904296875 0.6493055555555556 0.904296875 0.6736111111111112 0.8984375 0.6909722222222222 0.892578125 0.6909722222222222 0.8828125 0.6770833333333334 0.876953125 0.6736111111111112 0.873046875 0.65625 0.876953125 0.65625 0.87890625 0.6597222222222222 0.8828125 0.65625 0.884765625 0.6493055555555556 0.8984375 0.6423611111111112
0 0.861328125 0.5694444444444444 0.86328125 0.5763888888888888 0.86328125 0.5972222222222222 0.859375 0.6076388888888888 0.849609375 0.6076388888888888 0.845703125 0.6006944444444444 0.845703125 0.5798611111111112 0.849609375 0.5729166666666666 0.85546875 0.5729166666666666 0.859375 0.5694444444444444
0 0.033203125 0.8020833333333334 0.03515625 0.8055555555555556 0.0390625 0.8055555555555556 0.03515625 0.8159722222222222 0.037109375 0.8194444444444444 0.03515625 0.8229166666666666 0.037109375 0.8263888888888888 0.041015625 0.8263888888888888 0.046875 0.8194444444444444 0.041015625 0.8298611111111112 0.041015625 0.8472222222222222 0.0390625 0.8506944444444444 0.0390625 0.8576388888888888 0.03515625 0.8680555555555556 0.0234375 0.8854166666666666 0.015625 0.8854166666666666 0.01171875 0.875 0.009765625 0.8159722222222222 0.01171875 0.8125 0.01171875 0.8055555555555556 0.015625 0.8055555555555556 0.017578125 0.8020833333333334 0.03125 0.8020833333333334
0 0.8017578125 0.6493055555555556 0.025390625 0.06944444444444445
0 0.16796875 0.4722222222222222 0.171875 0.4791666666666667 0.171875 0.4895833333333333 0.173828125 0.4930555555555556 0.173828125 0.5069444444444444 0.171875 0.5104166666666666 0.171875 0.5173611111111112 0.16796875 0.5243055555555556 0.162109375 0.5243055555555556 0.158203125 0.5208333333333334 0.154296875 0.5034722222222222 0.154296875 0.4756944444444444 0.158203125 0.46875 0.1640625 0.46875 0.166015625 0.4722222222222222
0 0.923828125 0.6145833333333334 0.921875 0.6388888888888888 0.92578125 0.6493055555555556 0.935546875 0.6493055555555556 0.9375 0.6458333333333334 0.94140625 0.6493055555555556 0.951171875 0.6493055555555556 0.951171875 0.6631944444444444 0.947265625 0.6770833333333334 0.947265625 0.6875 0.94140625 0.6944444444444444 0.9375 0.6944444444444444 0.935546875 0.6909722222222222 0.931640625 0.6909722222222222 0.91796875 0.6701388888888888 0.916015625 0.6631944444444444 0.916015625 0.6284722222222222 0.91796875 0.6215277777777778 0.921875 0.6180555555555556
0 0.62890625 0.5694444444444444 0.64453125 0.5694444444444444 0.64453125 0.5763888888888888 0.646484375 0.5798611111111112 0.646484375 0.5902777777777778 0.64453125 0.5972222222222222 0.638671875 0.6041666666666666 0.630859375 0.5972222222222222 0.62890625 0.5729166666666666
0 0.61328125 0.6284722222222222 0.615234375 0.6354166666666666 0.615234375 0.6493055555555556 0.6171875 0.6527777777777778 0.615234375 0.65625 0.615234375 0.6631944444444444 0.609375 0.6736111111111112 0.6015625 0.6666666666666666 0.59375 0.6666666666666666 0.59375 0.6631944444444444 0.59765625 0.65625 0.595703125 0.6493055555555556 0.603515625 0.6354166666666666 0.603515625 0.6319444444444444 0.60546875 0.6284722222222222 0.611328125 0.6284722222222222
0 0.197265625 0.7430555555555556 0.19921875 0.7534722222222222 0.1953125 0.7673611111111112 0.1953125 0.7777777777777778 0.189453125 0.7881944444444444 0.189453125 0.7916666666666666 0.171875 0.8194444444444444 0.166015625 0.8194444444444444 0.1640625 0.8159722222222222 0.162109375 0.7743055555555556 0.16015625 0.7708333333333334 0.16015625 0.7395833333333334 0.166015625 0.7326388888888888 0.185546875 0.7326388888888888 0.189453125 0.7291666666666666 0.19140625 0.7361111111111112 0.185546875 0.7361111111111112 0.181640625 0.7430555555555556 0.181640625 0.75 0.1796875 0.7534722222222222 0.181640625 0.7743055555555556 0.185546875 0.78125 0.189453125 0.7708333333333334 0.19140625 0.7465277777777778 0.1953125 0.7430555555555556
0 0.79296875 0.4930555555555556 0.79296875 0.5104166666666666 0.7890625 0.5243055555555556 0.783203125 0.5173611111111112 0.775390625 0.5208333333333334 0.775390625 0.5069444444444444 0.7734375 0.5034722222222222 0.775390625 0.4965277777777778 0.779296875 0.4965277777777778 0.783203125 0.4895833333333333 0.7890625 0.4895833333333333 0.791015625 0.4930555555555556
0 0.755859375 0.4375 0.759765625 0.4479166666666667 0.759765625 0.4618055555555556 0.7578125 0.4652777777777778 0.7578125 0.4826388888888889 0.75390625 0.4895833333333333 0.748046875 0.4861111111111111 0.744140625 0.46875 0.744140625 0.4479166666666667 0.74609375 0.4409722222222222 0.75390625 0.4375
0 0.21484375 0.5694444444444444 0.21875 0.5729166666666666 0.234375 0.5729166666666666 0.236328125 0.5763888888888888 0.236328125 0.6076388888888888 0.234375 0.6111111111111112 0.234375 0.6180555555555556 0.2265625 0.6388888888888888 0.220703125 0.6388888888888888 0.216796875 0.625 0.216796875 0.6076388888888888 0.212890625 0.5972222222222222 0.212890625 0.5763888888888888 0.21484375 0.5729166666666666
0 0.18359375 0.6840277777777778 0.185546875 0.6875 0.185546875 0.6944444444444444 0.177734375 0.6944444444444444 0.173828125 0.6979166666666666 0.16796875 0.7222222222222222 0.1640625 0.7291666666666666 0.158203125 0.7291666666666666 0.16015625 0.7256944444444444 0.158203125 0.7222222222222222 0.158203125 0.6909722222222222 0.16015625 0.6875 0.16015625 0.6770833333333334 0.166015625 0.6701388888888888 0.171875 0.6701388888888888 0.181640625 0.6875
0 0.529296875 0.4444444444444444 0.525390625 0.4375 0.525390625 0.4270833333333333 0.5234375 0.4236111111111111 0.5234375 0.40625 0.525390625 0.3993055555555556 0.53125 0.3923611111111111 0.53515625 0.3993055555555556 0.541015625 0.4236111111111111 0.5390625 0.4340277777777778 0.53125 0.4409722222222222
0 0.23828125 0.4895833333333333 0.25 0.4895833333333333 0.25390625 0.4965277777777778 0.25390625 0.5069444444444444 0.255859375 0.5104166666666666 0.255859375 0.5277777777777778 0.25390625 0.5347222222222222 0.248046875 0.5416666666666666 0.244140625 0.5416666666666666 0.240234375 0.53125 0.240234375 0.5208333333333334 0.23828125 0.5173611111111112 0.23828125 0.4930555555555556
0 0.15234375 0.6180555555555556 0.154296875 0.6180555555555556 0.154296875 0.65625 0.150390625 0.6631944444444444 0.142578125 0.6666666666666666 0.1328125 0.6875 0.126953125 0.6805555555555556 0.125 0.6458333333333334 0.123046875 0.6423611111111112 0.12890625 0.6215277777777778 0.140625 0.6215277777777778 0.142578125 0.6284722222222222 0.142578125 0.6388888888888888 0.14453125 0.6423611111111112 0.150390625 0.6354166666666666 0.150390625 0.625 0.15234375 0.6215277777777778
0 0.98046875 0.5208333333333334 0.990234375 0.5243055555555556 0.998046875 0.5347222222222222 0.998046875 0.59375 0.99609375 0.59375 0.9921875 0.5833333333333334 0.98828125 0.5763888888888888 0.982421875 0.5729166666666666 0.98046875 0.5659722222222222 0.98046875 0.5590277777777778 0.978515625 0.5555555555555556 0.978515625 0.5486111111111112 0.98046875 0.5451388888888888 0.98046875 0.5243055555555556
0 0.830078125 0.6006944444444444 0.8359375 0.6076388888888888 0.837890625 0.6145833333333334 0.837890625 0.6284722222222222 0.833984375 0.6423611111111112 0.830078125 0.6458333333333334 0.82421875 0.6458333333333334 0.81640625 0.6354166666666666 0.81640625 0.6215277777777778 0.818359375 0.6145833333333334 0.826171875 0.6006944444444444 0.828125 0.6006944444444444
0 0.7998046875 0.6597222222222222 0.021484375 0.04861111111111111
0 0.580078125 0.4652777777777778 0.583984375 0.4826388888888889 0.580078125 0.5 0.568359375 0.4965277777777778 0.568359375 0.46875 0.572265625 0.4652777777777778 0.578125 0.4652777777777778
0 0.275390625 0.4305555555555556 0.279296875 0.4305555555555556 0.279296875 0.4444444444444444 0.28125 0.4479166666666667 0.28125 0.4756944444444444 0.283203125 0.4791666666666667 0.283203125 0.4861111111111111 0.28125 0.4895833333333333 0.27734375 0.4756944444444444 0.275390625 0.4340277777777778
0 0.271484375 0.6979166666666666 0.271484375 0.7048611111111112 0.275390625 0.71875 0.271484375 0.7256944444444444 0.26953125 0.7361111111111112 0.251953125 0.7638888888888888 0.248046875 0.7638888888888888 0.244140625 0.7569444444444444 0.244140625 0.7395833333333334 0.240234375 0.7222222222222222 0.2421875 0.6909722222222222 0.24609375 0.6840277777777778 0.255859375 0.6840277777777778 0.263671875 0.6909722222222222 0.265625 0.6979166666666666 0.263671875 0.7048611111111112 0.265625 0.7083333333333334 0.267578125 0.7083333333333334 0.26953125 0.7013888888888888
0 0.693359375 0.3993055555555556 0.693359375 0.375 0.697265625 0.3680555555555556 0.703125 0.375 0.703125 0.3854166666666667 0.701171875 0.3923611111111111 0.6953125 0.3993055555555556
0 0.046875 0.8368055555555556 0.060546875 0.8368055555555556 0.064453125 0.84375 0.072265625 0.84375 0.072265625 0.8576388888888888 0.0703125 0.8645833333333334 0.07421875 0.875 0.078125 0.875 0.076171875 0.8819444444444444 0.080078125 0.8854166666666666 0.076171875 0.9131944444444444 0.072265625 0.9201388888888888 0.064453125 0.9236111111111112 0.046875 0.9513888888888888 0.04296875 0.9513888888888888 0.0390625 0.9444444444444444 0.0390625 0.9236111111111112 0.041015625 0.9201388888888888 0.041015625 0.90625 0.04296875 0.8993055555555556 0.0390625 0.8958333333333334 0.037109375 0.8888888888888888 0.037109375 0.8715277777777778 0.04296875 0.8541666666666666 0.04296875 0.8472222222222222 0.046875 0.8402777777777778
0 0.818359375 0.5017361111111112 0.01953125 0.04513888888888889
0 0.712890625 0.4583333333333333 0.716796875 0.4618055555555556 0.716796875 0.4722222222222222 0.7109375 0.4895833333333333 0.705078125 0.4895833333333333 0.703125 0.4861111111111111 0.703125 0.4618055555555556 0.705078125 0.4583333333333333 0.7109375 0.4583333333333333
0 0.107421875 0.8993055555555556 0.107421875 0.9166666666666666 0.10546875 0.9201388888888888 0.107421875 0.9340277777777778 0.10546875 0.9375 0.107421875 0.9409722222222222 0.109375 0.9756944444444444 0.10546875 0.9826388888888888 0.103515625 0.9930555555555556 0.095703125 0.9930555555555556 0.09375 0.9965277777777778 0.083984375 0.9965277777777778 0.08203125 0.9930555555555556 0.08203125 0.96875 0.083984375 0.9618055555555556 0.08203125 0.9583333333333334 0.080078125 0.9409722222222222 0.083984375 0.9270833333333334 0.083984375 0.9131944444444444 0.087890625 0.9027777777777778 0.091796875 0.8993055555555556 0.10546875 0.8993055555555556