0 0.94921875 0.4895833333333333 0.953125 0.4895833333333333 0.95703125 0.4826388888888889 0.962890625 0.4826388888888889 0.96484375 0.4861111111111111 0.966796875 0.4930555555555556 0.96484375 0.5 0.96484375 0.5277777777777778 0.947265625 0.53125 0.9453125 0.5347222222222222 0.93359375 0.5347222222222222 0.9296875 0.53125 0.927734375 0.5243055555555556 0.927734375 0.5069444444444444 0.931640625 0.4965277777777778 0.947265625 0.4965277777777778 0.94921875 0.4930555555555556
0 0.30859375 0.8645833333333334 0.31640625 0.875 0.32421875 0.875 0.322265625 0.8819444444444444 0.32421875 0.8854166666666666 0.330078125 0.8854166666666666 0.333984375 0.8958333333333334 0.333984375 0.9027777777777778 0.330078125 0.90625 0.328125 0.8923611111111112 0.32421875 0.8888888888888888 0.3203125 0.8958333333333334 0.3203125 0.9027777777777778 0.322265625 0.90625 0.3125 0.9201388888888888 0.306640625 0.9409722222222222 0.30078125 0.9409722222222222 0.298828125 0.9375 0.298828125 0.9201388888888888 0.29296875 0.8993055555555556 0.29296875 0.8680555555555556 0.294921875 0.8645833333333334 0.294921875 0.8506944444444444 0.298828125 0.8472222222222222 0.306640625 0.8645833333333334
0 0.7890625 0.65625 0.80078125 0.6701388888888888 0.79296875 0.6979166666666666 0.78515625 0.7013888888888888 0.779296875 0.6909722222222222 0.77734375 0.6909722222222222 0.775390625 0.6805555555555556 0.771484375 0.6736111111111112 0.771484375 0.6666666666666666 0.779296875 0.6597222222222222 0.787109375 0.6597222222222222
0 0.6015625 0.4444444444444444 0.60546875 0.4409722222222222 0.611328125 0.4409722222222222 0.61328125 0.4444444444444444 0.61328125 0.4548611111111111 0.609375 0.4652777777777778 0.60546875 0.4652777777777778 0.603515625 0.4618055555555556 0.6015625 0.4479166666666667
0 0.275390625 0.5694444444444444 0.279296875 0.5659722222222222 0.28515625 0.5659722222222222 0.2890625 0.5833333333333334 0.2890625 0.6180555555555556 0.279296875 0.6284722222222222 0.275390625 0.625 0.271484375 0.6145833333333334 0.267578125 0.6145833333333334 0.275390625 0.59375 0.275390625 0.5729166666666666
0 0.083984375 0.7222222222222222 0.087890625 0.7222222222222222 0.091796875 0.7361111111111112 0.091796875 0.7743055555555556 0.080078125 0.7881944444444444 0.06640625 0.7916666666666666 0.064453125 0.7951388888888888 0.064453125 0.8055555555555556 0.0625 0.8125 0.05859375 0.8194444444444444 0.052734375 0.8194444444444444 0.048828125 0.8125 0.048828125 0.8020833333333334 0.046875 0.7986111111111112 0.046875 0.78125 0.048828125 0.7777777777777778 0.048828125 0.7708333333333334 0.046875 0.7673611111111112 0.052734375 0.7395833333333334 0.05859375 0.7326388888888888 0.068359375 0.7326388888888888 0.0703125 0.7395833333333334 0.068359375 0.7430555555555556 0.068359375 0.75 0.07421875 0.7638888888888888 0.078125 0.7569444444444444 0.08203125 0.7395833333333334 0.078125 0.7361111111111112 0.08203125 0.7326388888888888 0.083984375 0.7256944444444444
0 0.150390625 0.6840277777777778 0.154296875 0.6875 0.154296875 0.7395833333333334 0.1484375 0.7534722222222222 0.138671875 0.7638888888888888 0.1328125 0.7638888888888888 0.1328125 0.75 0.126953125 0.7395833333333334 0.12109375 0.71875 0.115234375 0.7083333333333334 0.119140625 0.6979166666666666 0.125 0.6979166666666666 0.134765625 0.7048611111111112 0.14453125 0.7048611111111112 0.150390625 0.6875
0 0.1640625 0.4722222222222222 0.169921875 0.4826388888888889 0.169921875 0.4930555555555556 0.171875 0.4965277777777778 0.171875 0.5173611111111112 0.166015625 0.5243055555555556 0.16015625 0.5243055555555556 0.15625 0.5208333333333334 0.15625 0.5104166666666666 0.154296875 0.5069444444444444 0.154296875 0.4791666666666667 0.162109375 0.4722222222222222
0 0.912109375 0.8333333333333334 0.916015625 0.8368055555555556 0.916015625 0.8541666666666666 0.923828125 0.8645833333333334 0.94921875 0.8645833333333334 0.951171875 0.8715277777777778 0.951171875 0.8819444444444444 0.953125 0.8854166666666666 0.953125 0.8958333333333334 0.955078125 0.8993055555555556 0.955078125 0.9097222222222222 0.94921875 0.9201388888888888 0.9453125 0.9340277777777778 0.939453125 0.9340277777777778 0.935546875 0.9305555555555556 0.9296875 0.9201388888888888 0.92578125 0.90625 0.9140625 0.8854166666666666 0.9140625 0.8784722222222222 0.91015625 0.8645833333333334 0.912109375 0.8611111111111112 0.912109375 0.8368055555555556
0 0.58203125 0.6284722222222222 0.583984375 0.6354166666666666 0.583984375 0.6631944444444444 0.580078125 0.6736111111111112 0.572265625 0.6736111111111112 0.56640625 0.6666666666666666 0.564453125 0.6597222222222222 0.568359375 0.6493055555555556 0.564453125 0.6388888888888888 0.5703125 0.6284722222222222 0.580078125 0.6284722222222222
0 0.111328125 0.7673611111111112 0.11328125 0.7743055555555556 0.109375 0.7847222222222222 0.109375 0.7916666666666666 0.111328125 0.7951388888888888 0.109375 0.8020833333333334 0.115234375 0.8159722222222222 0.126953125 0.8055555555555556 0.1328125 0.7743055555555556 0.13671875 0.7777777777777778 0.13671875 0.7847222222222222 0.1328125 0.7951388888888888 0.1328125 0.8020833333333334 0.119140625 0.8229166666666666 0.1171875 0.8229166666666666 0.1015625 0.8541666666666666 0.091796875 0.8541666666666666 0.087890625 0.84375 0.091796875 0.8298611111111112 0.091796875 0.8090277777777778 0.087890625 0.8020833333333334 0.087890625 0.7951388888888888 0.09375 0.78125 0.09375 0.7743055555555556 0.09765625 0.7638888888888888 0.107421875 0.7638888888888888 0.109375 0.7673611111111112
0 0.658203125 0.3576388888888889 0.658203125 0.3506944444444444 0.65625 0.3472222222222222 0.65625 0.3263888888888889 0.658203125 0.3229166666666667 0.6640625 0.3229166666666667 0.666015625 0.3298611111111111 0.666015625 0.3506944444444444 0.66015625 0.3576388888888889
0 0.546875 0.4305555555555556 0.55078125 0.4375 0.55078125 0.4444444444444444 0.552734375 0.4479166666666667 0.552734375 0.4618055555555556 0.55078125 0.46875 0.546875 0.4722222222222222 0.54296875 0.4652777777777778 0.537109375 0.4652777777777778 0.53125 0.4583333333333333 0.53125 0.4409722222222222 0.533203125 0.4340277777777778 0.544921875 0.4340277777777778
0 0.29296875 0.7916666666666666 0.296875 0.8055555555555556 0.296875 0.84375 0.29296875 0.8576388888888888 0.29296875 0.8715277777777778 0.2890625 0.8819444444444444 0.28515625 0.8819444444444444 0.279296875 0.8645833333333334 0.279296875 0.84375 0.275390625 0.8333333333333334 0.275390625 0.7986111111111112 0.27734375 0.7951388888888888 0.291015625 0.7951388888888888
0 0.611328125 0.2986111111111111 0.611328125 0.2881944444444444 0.609375 0.2847222222222222 0.609375 0.2708333333333333 0.611328125 0.2673611111111111 0.6171875 0.2673611111111111 0.62109375 0.2777777777777778 0.6171875 0.2951388888888889 0.61328125 0.2986111111111111
0 0.853515625 0.9722222222222222 0.865234375 0.9861111111111112 0.876953125 0.9861111111111112 0.884765625 0.9930555555555556 0.8828125 0.9965277777777778 0.84375 0.9965277777777778 0.841796875 0.9930555555555556 0.837890625 0.9930555555555556 0.8359375 0.9756944444444444 0.83984375 0.9826388888888888 0.84375 0.9826388888888888 0.845703125 0.9756944444444444 0.8515625 0.9756944444444444
0 0.7890625 0.6111111111111112 0.791015625 0.6145833333333334 0.79296875 0.6111111111111112 0.796875 0.6111111111111112 0.802734375 0.625 0.802734375 0.6388888888888888 0.80078125 0.6423611111111112 0.802734375 0.6631944444444444 0.80078125 0.6666666666666666 0.80078125 0.6770833333333334 0.79296875 0.6979166666666666 0.78515625 0.7013888888888888 0.779296875 0.6909722222222222 0.77734375 0.6909722222222222 0.775390625 0.6805555555555556 0.76953125 0.6701388888888888 0.7734375 0.6597222222222222 0.771484375 0.65625 0.775390625 0.6423611111111112 0.775390625 0.6354166666666666 0.7734375 0.6319444444444444 0.775390625 0.6145833333333334 0.77734375 0.6180555555555556 0.783203125 0.6180555555555556 0.787109375 0.6145833333333334
0 0.044921875 0.6944444444444444 0.046875 0.6979166666666666 0.0546875 0.6979166666666666 0.05859375 0.7013888888888888 0.05859375 0.7118055555555556 0.05078125 0.7326388888888888 0.05078125 0.7430555555555556 0.04296875 0.7777777777777778 0.037109375 0.7777777777777778 0.033203125 0.7708333333333334 0.033203125 0.7361111111111112 0.03125 0.7326388888888888 0.03515625 0.7048611111111112 0.041015625 0.6944444444444444 0.04296875 0.6944444444444444
0 0.9140625 0.8576388888888888 0.919921875 0.8645833333333334 0.947265625 0.8645833333333334 0.951171875 0.8715277777777778 0.951171875 0.8819444444444444 0.955078125 0.8993055555555556 0.955078125 0.9097222222222222 0.94921875 0.9201388888888888 0.947265625 0.9305555555555556 0.943359375 0.9340277777777778 0.935546875 0.9305555555555556 0.9296875 0.9201388888888888 0.927734375 0.9097222222222222 0.9140625 0.8854166666666666 0.9140625 0.8784722222222222 0.912109375 0.875 0.912109375 0.8645833333333334 0.9140625 0.8611111111111112
0 0.70703125 0.3784722222222222 0.716796875 0.3784722222222222 0.71875 0.3819444444444444 0.716796875 0.3854166666666667 0.71484375 0.4027777777777778 0.708984375 0.4027777777777778 0.70703125 0.3993055555555556 0.70703125 0.3819444444444444
0 0.7109375 0.6354166666666666 0.71484375 0.6319444444444444 0.724609375 0.6319444444444444 0.7265625 0.6388888888888888 0.7265625 0.6631944444444444 0.72265625 0.6770833333333334 0.712890625 0.6770833333333334 0.708984375 0.6736111111111112 0.708984375 0.6423611111111112 0.7109375 0.6388888888888888
0 0.98046875 0.5243055555555556 0.98828125 0.5277777777777778 0.998046875 0.5381944444444444 0.998046875 0.59375 0.994140625 0.59375 0.990234375 0.5798611111111112 0.982421875 0.5729166666666666 0.98046875 0.5659722222222222 0.98046875 0.5590277777777778 0.978515625 0.5555555555555556 0.978515625 0.5486111111111112 0.98046875 0.5451388888888888 0.98046875 0.5277777777777778
0 0.82421875 0.7916666666666666 0.84375 0.7951388888888888 0.85546875 0.8055555555555556 0.853515625 0.8229166666666666 0.84765625 0.8298611111111112 0.84375 0.8402777777777778 0.837890625 0.8402777777777778 0.822265625 0.8055555555555556 0.822265625 0.7986111111111112 0.82421875 0.7951388888888888
0 0.701171875 0.8020833333333334 0.70703125 0.8020833333333334 0.708984375 0.8055555555555556 0.720703125 0.8020833333333334 0.724609375 0.8055555555555556 0.724609375 0.8333333333333334 0.7265625 0.8368055555555556 0.7265625 0.8472222222222222 0.720703125 0.8541666666666666 0.71875 0.8645833333333334 0.712890625 0.8645833333333334 0.703125 0.8402777777777778 0.703125 0.8333333333333334 0.701171875 0.8298611111111112 0.703125 0.8263888888888888 0.701171875 0.8229166666666666 0.701171875 0.8055555555555556
0 0.60546875 0.4097222222222222 0.61328125 0.4201388888888889 0.61328125 0.4548611111111111 0.609375 0.4652777777777778 0.603515625 0.4652777777777778 0.603515625 0.4583333333333333 0.599609375 0.4513888888888889 0.6015625 0.4444444444444444 0.59765625 0.4305555555555556 0.59765625 0.4201388888888889 0.603515625 0.4131944444444444
0 0.734375 0.5347222222222222 0.748046875 0.5347222222222222 0.748046875 0.5486111111111112 0.75 0.5520833333333334 0.748046875 0.5625 0.744140625 0.5694444444444444 0.73828125 0.5694444444444444 0.734375 0.5625 0.734375 0.5381944444444444