0 0.9296875 0.53125 0.927734375 0.5243055555555556 0.9296875 0.5 0.931640625 0.4965277777777778 0.947265625 0.4965277777777778 0.955078125 0.4861111111111111 0.9609375 0.4861111111111111 0.96484375 0.4930555555555556 0.96484375 0.5277777777777778 0.951171875 0.5277777777777778 0.943359375 0.5347222222222222 0.93359375 0.5347222222222222 0.931640625 0.53125
0 0.966796875 0.7083333333333334 0.966796875 0.7152777777777778 0.958984375 0.7222222222222222 0.9609375 0.7291666666666666 0.9609375 0.7465277777777778 0.966796875 0.7604166666666666 0.974609375 0.7604166666666666 0.9765625 0.7569444444444444 0.994140625 0.7569444444444444 0.998046875 0.7604166666666666 0.998046875 0.7951388888888888 0.994140625 0.8055555555555556 0.986328125 0.8159722222222222 0.982421875 0.8125 0.974609375 0.7951388888888888 0.958984375 0.78125 0.94921875 0.7604166666666666 0.94921875 0.75 0.955078125 0.7291666666666666 0.955078125 0.71875 0.9609375 0.7048611111111112 0.96484375 0.7083333333333334
0 0.564453125 0.4618055555555556 0.568359375 0.4583333333333333 0.578125 0.4583333333333333 0.578125 0.4861111111111111 0.576171875 0.4930555555555556 0.5703125 0.4930555555555556 0.564453125 0.4826388888888889 0.564453125 0.4652777777777778
0 0.71875 0.40625 0.716796875 0.4270833333333333 0.712890625 0.4340277777777778 0.708984375 0.4340277777777778 0.70703125 0.4305555555555556 0.70703125 0.40625 0.708984375 0.4027777777777778 0.71484375 0.4027777777777778 0.716796875 0.40625
0 0.021484375 0.7291666666666666 0.02734375 0.7361111111111112 0.03125 0.7465277777777778 0.03125 0.7534722222222222 0.029296875 0.7569444444444444 0.03125 0.7604166666666666 0.03125 0.7708333333333334 0.02734375 0.7881944444444444 0.01953125 0.7986111111111112 0.015625 0.7951388888888888 0 0.7951388888888888 0 0.7638888888888888 0.00390625 0.7534722222222222 0.0078125 0.7534722222222222 0.01171875 0.7465277777777778 0.015625 0.7465277777777778 0.021484375 0.7326388888888888
0 0.529296875 0.4236111111111111 0.5390625 0.4236111111111111 0.541015625 0.4305555555555556 0.541015625 0.4444444444444444 0.54296875 0.4479166666666667 0.541015625 0.4618055555555556 0.529296875 0.4583333333333333 0.52734375 0.4548611111111111 0.52734375 0.4375 0.529296875 0.4340277777777778 0.529296875 0.4270833333333333
0 0.994140625 0.6458333333333334 0.998046875 0.6493055555555556 0.998046875 0.6875 0.994140625 0.6875 0.990234375 0.6909722222222222 0.98828125 0.6979166666666666 0.97265625 0.7083333333333334 0.966796875 0.7048611111111112 0.9609375 0.6944444444444444 0.962890625 0.6805555555555556 0.966796875 0.6736111111111112 0.974609375 0.6701388888888888 0.978515625 0.6631944444444444 0.984375 0.6597222222222222 0.986328125 0.6527777777777778 0.9921875 0.6458333333333334
0 0.88671875 0.5868055555555556 0.888671875 0.5902777777777778 0.888671875 0.6076388888888888 0.890625 0.6111111111111112 0.89453125 0.6145833333333334 0.8984375 0.6111111111111112 0.904296875 0.6111111111111112 0.908203125 0.6180555555555556 0.908203125 0.6319444444444444 0.91015625 0.6354166666666666 0.908203125 0.6388888888888888 0.908203125 0.6458333333333334 0.90234375 0.6597222222222222 0.896484375 0.6597222222222222 0.896484375 0.65625 0.892578125 0.6493055555555556 0.88671875 0.6458333333333334 0.880859375 0.6319444444444444 0.880859375 0.6215277777777778 0.87890625 0.6180555555555556 0.87890625 0.59375 0.884765625 0.5868055555555556
0 0.5654296875 0.7274305555555556 0.029296875 0.04513888888888889
0 0.541015625 0.359375 0.01171875 0.03819444444444445
0 0.216796875 0.3298611111111111 0.21875 0.3368055555555556 0.21875 0.3541666666666667 0.216796875 0.3576388888888889 0.20703125 0.3576388888888889 0.20703125 0.3472222222222222 0.205078125 0.34375 0.20703125 0.3402777777777778 0.20703125 0.3333333333333333 0.2109375 0.3263888888888889 0.21484375 0.3298611111111111
0 0.08203125 0.7256944444444444 0.083984375 0.7326388888888888 0.091796875 0.7326388888888888 0.099609375 0.7256944444444444 0.115234375 0.7256944444444444 0.123046875 0.7361111111111112 0.126953125 0.7534722222222222 0.125 0.7638888888888888 0.1171875 0.7638888888888888 0.10546875 0.7465277777777778 0.1015625 0.7465277777777778 0.095703125 0.7569444444444444 0.09375 0.7673611111111112 0.087890625 0.7777777777777778 0.083984375 0.7916666666666666 0.080078125 0.7881944444444444 0.080078125 0.7777777777777778 0.07421875 0.7569444444444444 0.076171875 0.7291666666666666 0.080078125 0.7256944444444444
0 0.77734375 0.4548611111111111 0.779296875 0.4583333333333333 0.779296875 0.4791666666666667 0.775390625 0.4861111111111111 0.76953125 0.4861111111111111 0.765625 0.4722222222222222 0.767578125 0.46875 0.767578125 0.4618055555555556 0.775390625 0.4548611111111111
0 0.17578125 0.6701388888888888 0.177734375 0.6736111111111112 0.1953125 0.6701388888888888 0.197265625 0.6631944444444444 0.205078125 0.6493055555555556 0.20703125 0.6493055555555556 0.20703125 0.65625 0.203125 0.6666666666666666 0.203125 0.6909722222222222 0.201171875 0.6979166666666666 0.197265625 0.7048611111111112 0.189453125 0.7083333333333334 0.181640625 0.7222222222222222 0.177734375 0.7222222222222222 0.173828125 0.7152777777777778 0.173828125 0.6840277777777778 0.17578125 0.6805555555555556 0.17578125 0.6736111111111112
0 0.794921875 0.5173611111111112 0.798828125 0.53125 0.796875 0.5347222222222222 0.796875 0.5451388888888888 0.79296875 0.5520833333333334 0.7890625 0.5520833333333334 0.78125 0.5381944444444444 0.78125 0.53125 0.779296875 0.5277777777777778 0.779296875 0.5208333333333334 0.783203125 0.5173611111111112 0.79296875 0.5173611111111112
0 0.673828125 0.3680555555555556 0.685546875 0.3680555555555556 0.68359375 0.3715277777777778 0.68359375 0.3819444444444444 0.6796875 0.3888888888888889 0.67578125 0.3854166666666667 0.67578125 0.375 0.673828125 0.3715277777777778
0 0.98046875 0.5243055555555556 0.98828125 0.5243055555555556 0.990234375 0.5277777777777778 0.994140625 0.5277777777777778 0.998046875 0.5347222222222222 0.998046875 0.5659722222222222 0.99609375 0.5694444444444444 0.998046875 0.5729166666666666 0.99609375 0.5763888888888888 0.998046875 0.5798611111111112 0.998046875 0.59375 0.99609375 0.59375 0.9921875 0.5833333333333334 0.98046875 0.5659722222222222 0.98046875 0.5590277777777778 0.978515625 0.5555555555555556 0.978515625 0.5486111111111112 0.98046875 0.5451388888888888 0.98046875 0.5277777777777778
0 0.810546875 0.5763888888888888 0.814453125 0.5902777777777778 0.814453125 0.6180555555555556 0.8125 0.6215277777777778 0.806640625 0.6215277777777778 0.796875 0.6076388888888888 0.796875 0.5868055555555556 0.802734375 0.5763888888888888 0.80859375 0.5763888888888888
0 0.55859375 0.4375 0.560546875 0.4409722222222222 0.560546875 0.4618055555555556 0.5546875 0.4826388888888889 0.54296875 0.4652777777777778 0.54296875 0.4583333333333333 0.544921875 0.4548611111111111 0.544921875 0.4409722222222222 0.552734375 0.4409722222222222 0.556640625 0.4375
0 0.7890625 0.7118055555555556 0.791015625 0.7152777777777778 0.80078125 0.7152777777777778 0.802734375 0.71875 0.80078125 0.7222222222222222 0.802734375 0.7291666666666666 0.802734375 0.7395833333333334 0.798828125 0.7534722222222222 0.798828125 0.7638888888888888 0.794921875 0.7708333333333334 0.787109375 0.7708333333333334 0.779296875 0.7638888888888888 0.7734375 0.75 0.7734375 0.7361111111111112 0.771484375 0.7326388888888888 0.7734375 0.71875 0.77734375 0.7118055555555556 0.787109375 0.7118055555555556
0 0.736328125 0.4340277777777778 0.740234375 0.4375 0.7421875 0.4340277777777778 0.75 0.4340277777777778 0.748046875 0.4583333333333333 0.744140625 0.4652777777777778 0.740234375 0.4652777777777778 0.73828125 0.4618055555555556 0.73828125 0.4444444444444444 0.736328125 0.4375
0 0.21484375 0.5798611111111112 0.21875 0.5763888888888888 0.2265625 0.5798611111111112 0.2265625 0.6145833333333334 0.22265625 0.6180555555555556 0.212890625 0.6180555555555556 0.208984375 0.625 0.205078125 0.625 0.203125 0.6215277777777778 0.203125 0.6006944444444444 0.20703125 0.5902777777777778 0.21484375 0.5833333333333334
0 0.083984375 0.8090277777777778 0.099609375 0.8090277777777778 0.1015625 0.8125 0.103515625 0.8333333333333334 0.11328125 0.8472222222222222 0.123046875 0.8368055555555556 0.123046875 0.84375 0.12109375 0.8472222222222222 0.1171875 0.8472222222222222 0.115234375 0.84375 0.111328125 0.8506944444444444 0.111328125 0.8611111111111112 0.10546875 0.8680555555555556 0.1015625 0.8680555555555556 0.09765625 0.875 0.09375 0.8923611111111112 0.087890625 0.9027777777777778 0.08203125 0.9027777777777778 0.078125 0.8923611111111112 0.078125 0.8819444444444444 0.083984375 0.8541666666666666 0.083984375 0.8402777777777778 0.08203125 0.8368055555555556 0.083984375 0.8125
0 0.818359375 0.6909722222222222 0.8203125 0.6944444444444444 0.8203125 0.7048611111111112 0.822265625 0.7118055555555556 0.8203125 0.7152777777777778 0.8203125 0.7256944444444444 0.81640625 0.7326388888888888 0.8125 0.7326388888888888 0.806640625 0.7222222222222222 0.80859375 0.6944444444444444 0.810546875 0.6909722222222222 0.81640625 0.6909722222222222