0 0.71484375 0.34375 0.716796875 0.3472222222222222 0.716796875 0.3645833333333333 0.712890625 0.375 0.708984375 0.375 0.70703125 0.3715277777777778 0.70703125 0.3472222222222222 0.712890625 0.34375
0 0.951171875 0.5 0.953125 0.5034722222222222 0.95703125 0.5 0.9609375 0.4895833333333333 0.96484375 0.4861111111111111 0.966796875 0.4895833333333333 0.96484375 0.4965277777777778 0.96484375 0.5243055555555556 0.962890625 0.5277777777777778 0.951171875 0.5277777777777778 0.94921875 0.53125 0.94140625 0.53125 0.939453125 0.5347222222222222 0.93359375 0.5347222222222222 0.927734375 0.5277777777777778 0.927734375 0.5069444444444444 0.931640625 0.5 0.935546875 0.5 0.9375 0.4965277777777778 0.94140625 0.5 0.94921875 0.5
0 0.68359375 0.6076388888888888 0.685546875 0.6111111111111112 0.685546875 0.6284722222222222 0.68359375 0.6319444444444444 0.68359375 0.6423611111111112 0.6796875 0.6527777777777778 0.673828125 0.6493055555555556 0.669921875 0.6388888888888888 0.669921875 0.6111111111111112 0.671875 0.6076388888888888 0.681640625 0.6076388888888888
0 0.5634765625 0.4409722222222222 0.017578125 0.034722222222222224
0 0.578125 0.3194444444444444 0.578125 0.3333333333333333 0.57421875 0.34375 0.5703125 0.34375 0.568359375 0.3402777777777778 0.568359375 0.3229166666666667 0.5703125 0.3194444444444444 0.576171875 0.3194444444444444
0 0.99609375 0.5381944444444444 0.998046875 0.5416666666666666 0.998046875 0.5833333333333334 0.9921875 0.5833333333333334 0.98828125 0.5798611111111112 0.98046875 0.5625 0.98046875 0.5451388888888888 0.984375 0.5381944444444444 0.994140625 0.5381944444444444
0 0.115234375 0.5625 0.119140625 0.5729166666666666 0.12109375 0.6111111111111112 0.109375 0.6215277777777778 0.091796875 0.6215277777777778 0.087890625 0.6180555555555556 0.087890625 0.6006944444444444 0.08984375 0.5972222222222222 0.091796875 0.5798611111111112 0.095703125 0.5729166666666666 0.099609375 0.5729166666666666 0.107421875 0.5625 0.11328125 0.5625
0 0.62890625 0.5590277777777778 0.634765625 0.5798611111111112 0.6328125 0.5833333333333334 0.634765625 0.5868055555555556 0.634765625 0.6076388888888888 0.6328125 0.6145833333333334 0.62890625 0.6145833333333334 0.623046875 0.6041666666666666 0.611328125 0.6041666666666666 0.609375 0.6006944444444444 0.609375 0.5798611111111112 0.611328125 0.5798611111111112 0.62109375 0.5590277777777778 0.626953125 0.5590277777777778
0 0.595703125 0.7222222222222222 0.59765625 0.7222222222222222 0.595703125 0.7256944444444444 0.595703125 0.75 0.59765625 0.7534722222222222 0.59765625 0.7604166666666666 0.591796875 0.7708333333333334 0.591796875 0.78125 0.58984375 0.7847222222222222 0.587890625 0.7847222222222222 0.583984375 0.7743055555555556 0.583984375 0.7638888888888888 0.580078125 0.7534722222222222 0.580078125 0.7361111111111112 0.583984375 0.7222222222222222 0.59375 0.7222222222222222
0 0.27734375 0.4097222222222222 0.279296875 0.4131944444444444 0.279296875 0.4409722222222222 0.2578125 0.4409722222222222 0.255859375 0.4444444444444444 0.25 0.4444444444444444 0.248046875 0.4409722222222222 0.248046875 0.4201388888888889 0.251953125 0.4131944444444444 0.263671875 0.4131944444444444 0.267578125 0.40625 0.2734375 0.40625 0.275390625 0.4097222222222222
0 0.771484375 0.4583333333333333 0.783203125 0.4583333333333333 0.78515625 0.4618055555555556 0.78515625 0.4861111111111111 0.783203125 0.4895833333333333 0.783203125 0.4965277777777778 0.77734375 0.4965277777777778 0.771484375 0.4895833333333333 0.771484375 0.4791666666666667 0.76953125 0.4756944444444444 0.771484375 0.4722222222222222 0.771484375 0.4618055555555556