0 0.962890625 0.4826388888888889 0.966796875 0.4895833333333333 0.966796875 0.4965277777777778 0.96484375 0.5 0.96484375 0.5173611111111112 0.966796875 0.5208333333333334 0.962890625 0.5277777777777778 0.951171875 0.5277777777777778 0.94921875 0.53125 0.94140625 0.53125 0.939453125 0.5347222222222222 0.935546875 0.5347222222222222 0.927734375 0.5243055555555556 0.927734375 0.5104166666666666 0.931640625 0.5 0.935546875 0.5 0.9375 0.4965277777777778 0.943359375 0.4965277777777778 0.9453125 0.5 0.95703125 0.5 0.9609375 0.4861111111111111
0 0.029296875 0.65625 0.033203125 0.6666666666666666 0.033203125 0.6736111111111112 0.03125 0.6770833333333334 0.03125 0.6944444444444444 0.017578125 0.7083333333333334 0 0.7083333333333334 0 0.6805555555555556 0.00390625 0.6736111111111112 0.00390625 0.6631944444444444 0.0078125 0.6527777777777778 0.01171875 0.65625 0.02734375 0.65625
0 0.177734375 0.7291666666666666 0.1796875 0.7430555555555556 0.185546875 0.7534722222222222 0.19140625 0.7465277777777778 0.193359375 0.75 0.193359375 0.7673611111111112 0.189453125 0.7743055555555556 0.181640625 0.78125 0.177734375 0.78125 0.173828125 0.7881944444444444 0.171875 0.8020833333333334 0.166015625 0.8125 0.16015625 0.8055555555555556 0.16015625 0.7986111111111112 0.158203125 0.7951388888888888 0.158203125 0.7881944444444444 0.16015625 0.7847222222222222 0.16015625 0.7673611111111112 0.162109375 0.7638888888888888 0.162109375 0.7569444444444444 0.16015625 0.7534722222222222 0.162109375 0.75 0.162109375 0.7291666666666666 0.1640625 0.7256944444444444 0.173828125 0.7256944444444444 0.17578125 0.7291666666666666
0 0.5390625 0.3819444444444444 0.54296875 0.3784722222222222 0.552734375 0.3784722222222222 0.556640625 0.3819444444444444 0.55859375 0.3888888888888889 0.55859375 0.3993055555555556 0.556640625 0.4027777777777778 0.548828125 0.4027777777777778 0.546875 0.3993055555555556 0.541015625 0.3993055555555556 0.5390625 0.3958333333333333 0.5390625 0.3854166666666667
0 0.814453125 0.6527777777777778 0.81640625 0.6527777777777778 0.826171875 0.6701388888888888 0.837890625 0.6597222222222222 0.83984375 0.6631944444444444 0.83984375 0.6909722222222222 0.833984375 0.7083333333333334 0.828125 0.7083333333333334 0.82421875 0.7048611111111112 0.814453125 0.6805555555555556 0.814453125 0.65625
0 0.0703125 0.8854166666666666 0.072265625 0.8854166666666666 0.06640625 0.9027777777777778 0.052734375 0.9236111111111112 0.048828125 0.9236111111111112 0.04296875 0.9444444444444444 0.037109375 0.9548611111111112 0.029296875 0.9548611111111112 0.025390625 0.9409722222222222 0.02734375 0.9375 0.02734375 0.8923611111111112 0.029296875 0.8888888888888888 0.029296875 0.8611111111111112 0.02734375 0.8576388888888888 0.02734375 0.8506944444444444 0.03515625 0.84375 0.048828125 0.84375 0.05078125 0.8472222222222222 0.0546875 0.8472222222222222 0.05859375 0.8576388888888888 0.05859375 0.8611111111111112 0.0546875 0.8645833333333334 0.0546875 0.8784722222222222 0.060546875 0.8923611111111112 0.068359375 0.8854166666666666
0 0.6640625 0.3229166666666667 0.66796875 0.3298611111111111 0.666015625 0.3333333333333333 0.666015625 0.34375 0.662109375 0.3506944444444444 0.658203125 0.3472222222222222 0.658203125 0.3263888888888889 0.662109375 0.3229166666666667
0 0.09375 0.6909722222222222 0.1015625 0.71875 0.10546875 0.71875 0.111328125 0.7048611111111112 0.115234375 0.7118055555555556 0.115234375 0.7361111111111112 0.109375 0.75 0.09765625 0.7534722222222222 0.091796875 0.7638888888888888 0.091796875 0.7673611111111112 0.083984375 0.7777777777777778 0.080078125 0.7708333333333334 0.080078125 0.7534722222222222 0.078125 0.75 0.076171875 0.7222222222222222 0.078125 0.71875 0.080078125 0.6944444444444444 0.08203125 0.6909722222222222 0.091796875 0.6909722222222222
0 0.68359375 0.3402777777777778 0.689453125 0.3402777777777778 0.689453125 0.3611111111111111 0.685546875 0.3680555555555556 0.681640625 0.3645833333333333 0.681640625 0.3472222222222222 0.68359375 0.34375
0 0.90625 0.6284722222222222 0.912109375 0.6423611111111112 0.916015625 0.6423611111111112 0.91796875 0.6388888888888888 0.927734375 0.6388888888888888 0.931640625 0.6666666666666666 0.927734375 0.6840277777777778 0.921875 0.6909722222222222 0.919921875 0.6875 0.916015625 0.6875 0.9140625 0.6805555555555556 0.904296875 0.6631944444444444 0.90234375 0.6631944444444444 0.900390625 0.65625 0.900390625 0.6423611111111112 0.8984375 0.6388888888888888 0.900390625 0.6319444444444444 0.904296875 0.6284722222222222
0 0.994140625 0.5347222222222222 0.998046875 0.5381944444444444 0.998046875 0.5798611111111112 0.990234375 0.5798611111111112 0.98046875 0.5659722222222222 0.98046875 0.5416666666666666 0.982421875 0.5347222222222222 0.984375 0.53125 0.9921875 0.5347222222222222
0 0.55078125 0.3645833333333333 0.552734375 0.3680555555555556 0.556640625 0.3680555555555556 0.55859375 0.375 0.55859375 0.3993055555555556 0.556640625 0.4027777777777778 0.548828125 0.4027777777777778 0.5390625 0.3958333333333333 0.5390625 0.3784722222222222 0.541015625 0.3715277777777778 0.548828125 0.3645833333333333
0 0.71484375 0.34375 0.716796875 0.3472222222222222 0.716796875 0.3680555555555556 0.71484375 0.3715277777777778 0.708984375 0.3715277777777778 0.708984375 0.3472222222222222 0.712890625 0.34375
0 0.232421875 0.5798611111111112 0.236328125 0.5833333333333334 0.236328125 0.6041666666666666 0.2421875 0.6145833333333334 0.2421875 0.625 0.23046875 0.6458333333333334 0.2265625 0.6458333333333334 0.22265625 0.6319444444444444 0.22265625 0.5868055555555556 0.23046875 0.5798611111111112