0 0.185546875 0.6319444444444444 0.185546875 0.65625 0.1875 0.6597222222222222 0.1875 0.6666666666666666 0.17578125 0.6631944444444444 0.173828125 0.6666666666666666 0.16796875 0.6666666666666666 0.1640625 0.6736111111111112 0.16015625 0.6701388888888888 0.158203125 0.6631944444444444 0.158203125 0.6388888888888888 0.166015625 0.6388888888888888 0.16796875 0.6354166666666666 0.18359375 0.6319444444444444
0 0.65625 0.3263888888888889 0.66015625 0.3368055555555556 0.658203125 0.3402777777777778 0.658203125 0.3506944444444444 0.654296875 0.3576388888888889 0.650390625 0.3541666666666667 0.650390625 0.3298611111111111 0.654296875 0.3263888888888889
0 0.16796875 0.46875 0.171875 0.4791666666666667 0.171875 0.4895833333333333 0.173828125 0.4930555555555556 0.173828125 0.5138888888888888 0.171875 0.5208333333333334 0.16796875 0.5243055555555556 0.158203125 0.5243055555555556 0.15625 0.5208333333333334 0.154296875 0.4861111111111111 0.15234375 0.4826388888888889 0.15625 0.46875 0.166015625 0.46875
0 0.208984375 0.3611111111111111 0.208984375 0.3368055555555556 0.2109375 0.3333333333333333 0.216796875 0.3333333333333333 0.21875 0.3368055555555556 0.21875 0.3576388888888889 0.216796875 0.3611111111111111 0.2109375 0.3611111111111111
0 0.69140625 0.3368055555555556 0.697265625 0.3368055555555556 0.69921875 0.3402777777777778 0.69921875 0.3576388888888889 0.69140625 0.3680555555555556 0.69140625 0.3611111111111111 0.689453125 0.3576388888888889 0.689453125 0.34375 0.69140625 0.3402777777777778
0 0.9296875 0.53125 0.927734375 0.5243055555555556 0.927734375 0.5 0.9296875 0.4965277777777778 0.943359375 0.4965277777777778 0.955078125 0.4861111111111111 0.96484375 0.4930555555555556 0.96484375 0.5243055555555556 0.962890625 0.5277777777777778 0.955078125 0.5277777777777778 0.947265625 0.5347222222222222 0.93359375 0.5347222222222222 0.931640625 0.53125
0 0.22265625 0.5659722222222222 0.2265625 0.5729166666666666 0.234375 0.5694444444444444 0.23828125 0.5798611111111112 0.2421875 0.5798611111111112 0.244140625 0.5729166666666666 0.244140625 0.5972222222222222 0.232421875 0.6111111111111112 0.224609375 0.625 0.22265625 0.625 0.22265625 0.6180555555555556 0.220703125 0.6145833333333334 0.220703125 0.5694444444444444
0 0.26953125 0.5434027777777778 0.0234375 0.059027777777777776
0 0.1865234375 0.5711805555555556 0.025390625 0.052083333333333336
0 0.794921875 0.5381944444444444 0.80859375 0.5381944444444444 0.8125 0.5520833333333334 0.810546875 0.5555555555555556 0.810546875 0.5659722222222222 0.806640625 0.5694444444444444 0.798828125 0.5694444444444444 0.794921875 0.5625 0.794921875 0.5555555555555556 0.79296875 0.5520833333333334 0.79296875 0.5451388888888888 0.794921875 0.5416666666666666
0 0.072265625 0.7118055555555556 0.0859375 0.7361111111111112 0.087890625 0.7430555555555556 0.087890625 0.7534722222222222 0.08203125 0.7673611111111112 0.072265625 0.7743055555555556 0.060546875 0.7916666666666666 0.0546875 0.7847222222222222 0.0546875 0.7743055555555556 0.056640625 0.7708333333333334 0.056640625 0.7534722222222222 0.052734375 0.7430555555555556 0.0546875 0.7395833333333334 0.0546875 0.7152777777777778 0.056640625 0.7118055555555556 0.0703125 0.7118055555555556
0 0.19921875 0.3645833333333333 0.208984375 0.3784722222222222 0.208984375 0.3854166666666667 0.205078125 0.3923611111111111 0.197265625 0.3923611111111111 0.1953125 0.3958333333333333 0.19140625 0.3923611111111111 0.19140625 0.375 0.193359375 0.3680555555555556 0.197265625 0.3645833333333333
0 0.197265625 0.6111111111111112 0.20703125 0.6111111111111112 0.21875 0.6284722222222222 0.21875 0.6354166666666666 0.220703125 0.6388888888888888 0.21875 0.6423611111111112 0.21875 0.6527777777777778 0.21484375 0.6597222222222222 0.201171875 0.6701388888888888 0.197265625 0.6631944444444444 0.197265625 0.6145833333333334
0 0.740234375 0.3333333333333333 0.744140625 0.3333333333333333 0.748046875 0.3402777777777778 0.748046875 0.3506944444444444 0.744140625 0.3576388888888889 0.740234375 0.3576388888888889 0.73828125 0.3541666666666667 0.73828125 0.3402777777777778 0.740234375 0.3368055555555556
0 0.17578125 0.5868055555555556 0.185546875 0.5972222222222222 0.185546875 0.65625 0.1875 0.6597222222222222 0.1875 0.6666666666666666 0.18359375 0.6631944444444444 0.173828125 0.6631944444444444 0.171875 0.6666666666666666 0.16796875 0.6666666666666666 0.1640625 0.6736111111111112 0.158203125 0.6666666666666666 0.158203125 0.6423611111111112 0.154296875 0.6354166666666666 0.15625 0.6284722222222222 0.15625 0.6111111111111112 0.1640625 0.5902777777777778 0.16796875 0.5868055555555556 0.173828125 0.5868055555555556
0 0.248046875 0.3576388888888889 0.251953125 0.3680555555555556 0.25 0.3854166666666667 0.240234375 0.3854166666666667 0.23828125 0.3888888888888889 0.234375 0.3854166666666667 0.234375 0.3611111111111111 0.23828125 0.3541666666666667 0.244140625 0.3541666666666667 0.24609375 0.3576388888888889
0 0.720703125 0.4444444444444444 0.728515625 0.4444444444444444 0.732421875 0.4479166666666667 0.732421875 0.4618055555555556 0.73046875 0.46875 0.7265625 0.4722222222222222 0.720703125 0.4652777777777778 0.720703125 0.4479166666666667
0 0.146484375 0.7604166666666666 0.150390625 0.7673611111111112 0.150390625 0.7777777777777778 0.1484375 0.78125 0.1484375 0.7916666666666666 0.14453125 0.8090277777777778 0.12890625 0.8263888888888888 0.12109375 0.8402777777777778 0.12109375 0.8472222222222222 0.11328125 0.8611111111111112 0.109375 0.8611111111111112 0.103515625 0.8506944444444444 0.103515625 0.8402777777777778 0.1015625 0.8368055555555556 0.1015625 0.8229166666666666 0.103515625 0.8194444444444444 0.1015625 0.8125 0.1015625 0.7916666666666666 0.103515625 0.7881944444444444 0.1015625 0.7638888888888888 0.140625 0.7638888888888888 0.14453125 0.7604166666666666
0 0.98046875 0.5208333333333334 0.986328125 0.5208333333333334 0.998046875 0.53125 0.998046875 0.59375 0.98046875 0.5659722222222222 0.98046875 0.5590277777777778 0.978515625 0.5555555555555556 0.978515625 0.53125 0.98046875 0.5243055555555556