0 0.708984375 0.3385416666666667 0.01171875 0.03125
0 0.607421875 0.3125 0.611328125 0.3229166666666667 0.609375 0.3368055555555556 0.6015625 0.3368055555555556 0.6015625 0.3159722222222222 0.60546875 0.3125
0 0.806640625 0.53125 0.810546875 0.53125 0.8125 0.5381944444444444 0.822265625 0.5381944444444444 0.828125 0.5451388888888888 0.828125 0.5625 0.822265625 0.5729166666666666 0.8203125 0.5729166666666666 0.814453125 0.5659722222222222 0.8125 0.5520833333333334 0.806640625 0.5347222222222222
0 0.98046875 0.5243055555555556 0.98828125 0.5243055555555556 0.998046875 0.5347222222222222 0.998046875 0.5659722222222222 0.99609375 0.5659722222222222 0.990234375 0.5798611111111112 0.98046875 0.5659722222222222 0.98046875 0.5590277777777778 0.978515625 0.5555555555555556 0.978515625 0.5381944444444444 0.98046875 0.5347222222222222 0.98046875 0.5277777777777778
0 0.662109375 0.3576388888888889 0.666015625 0.3645833333333333 0.666015625 0.3819444444444444 0.66015625 0.3888888888888889 0.658203125 0.3888888888888889 0.65625 0.3819444444444444 0.65625 0.3715277777777778 0.654296875 0.3680555555555556 0.654296875 0.3645833333333333 0.66015625 0.3576388888888889
0 0.9375 0.6423611111111112 0.947265625 0.6423611111111112 0.953125 0.6354166666666666 0.974609375 0.6354166666666666 0.9765625 0.6423611111111112 0.974609375 0.6458333333333334 0.9765625 0.6527777777777778 0.9765625 0.6666666666666666 0.96875 0.6840277777777778 0.962890625 0.6840277777777778 0.955078125 0.6701388888888888 0.947265625 0.6631944444444444 0.943359375 0.6631944444444444 0.939453125 0.65625 0.9375 0.6458333333333334
0 0.16796875 0.4756944444444444 0.171875 0.4826388888888889 0.171875 0.4895833333333333 0.173828125 0.4930555555555556 0.173828125 0.5104166666666666 0.171875 0.5173611111111112 0.166015625 0.5243055555555556 0.15625 0.5173611111111112 0.15625 0.4826388888888889 0.16015625 0.4756944444444444 0.166015625 0.4756944444444444
0 0.8125 0.5416666666666666 0.818359375 0.5381944444444444 0.828125 0.5486111111111112 0.828125 0.5625 0.8203125 0.5729166666666666 0.8125 0.5590277777777778 0.8125 0.5451388888888888
0 0.212890625 0.3576388888888889 0.21875 0.3784722222222222 0.21875 0.3888888888888889 0.216796875 0.3923611111111111 0.19921875 0.3923611111111111 0.197265625 0.3888888888888889 0.197265625 0.3784722222222222 0.201171875 0.3715277777777778 0.203125 0.3611111111111111 0.20703125 0.3541666666666667 0.2109375 0.3576388888888889
0 0.279296875 0.4201388888888889 0.279296875 0.4479166666666667 0.27734375 0.4513888888888889 0.26171875 0.4513888888888889 0.2578125 0.4409722222222222 0.2578125 0.4305555555555556 0.259765625 0.4270833333333333 0.263671875 0.4270833333333333 0.267578125 0.4201388888888889 0.27734375 0.4201388888888889
0 0.66796875 0.4166666666666667 0.673828125 0.4166666666666667 0.67578125 0.4201388888888889 0.67578125 0.4409722222222222 0.671875 0.4548611111111111 0.66796875 0.4548611111111111 0.66796875 0.4409722222222222 0.666015625 0.4375 0.666015625 0.4236111111111111 0.66796875 0.4201388888888889
0 0 0.6770833333333334 0.00390625 0.6770833333333334 0.009765625 0.6840277777777778 0.01171875 0.6909722222222222 0.013671875 0.7222222222222222 0.025390625 0.7430555555555556 0.025390625 0.7534722222222222 0.021484375 0.7673611111111112 0.017578125 0.7708333333333334 0.01171875 0.7708333333333334 0.0078125 0.78125 0 0.7847222222222222 0 0.6805555555555556
0 0.591796875 0.3263888888888889 0.59765625 0.3263888888888889 0.59765625 0.3506944444444444 0.59375 0.3541666666666667 0.591796875 0.3506944444444444 0.591796875 0.3298611111111111
0 0.568359375 0.3368055555555556 0.5703125 0.34375 0.5703125 0.3541666666666667 0.56640625 0.3611111111111111 0.5625 0.3611111111111111 0.55859375 0.3541666666666667 0.55859375 0.3402777777777778 0.560546875 0.3368055555555556 0.56640625 0.3368055555555556
0 0.5791015625 0.3541666666666667 0.013671875 0.034722222222222224
0 0.234375 0.40625 0.236328125 0.4097222222222222 0.24609375 0.4131944444444444 0.248046875 0.4201388888888889 0.240234375 0.4340277777777778 0.234375 0.4340277777777778 0.232421875 0.4375 0.220703125 0.4375 0.21875 0.4409722222222222 0.216796875 0.4375 0.212890625 0.4375 0.2109375 0.4305555555555556 0.212890625 0.4166666666666667 0.220703125 0.40625 0.2265625 0.40625 0.228515625 0.4027777777777778 0.232421875 0.40625
0 0.78515625 0.46875 0.787109375 0.4756944444444444 0.791015625 0.4756944444444444 0.79296875 0.4791666666666667 0.796875 0.4756944444444444 0.798828125 0.4791666666666667 0.798828125 0.4965277777777778 0.796875 0.5034722222222222 0.79296875 0.5034722222222222 0.78515625 0.4895833333333333 0.78515625 0.4791666666666667 0.783203125 0.4722222222222222
0 0.26953125 0.4253472222222222 0.0234375 0.059027777777777776
0 0.8515625 0.5381944444444444 0.857421875 0.5451388888888888 0.861328125 0.5416666666666666 0.8671875 0.5416666666666666 0.869140625 0.5451388888888888 0.869140625 0.5590277777777778 0.87109375 0.5659722222222222 0.86328125 0.5798611111111112 0.84765625 0.5729166666666666 0.84765625 0.5520833333333334 0.849609375 0.5486111111111112 0.849609375 0.5416666666666666
0 0.712890625 0.4166666666666667 0.712890625 0.4270833333333333 0.708984375 0.4409722222222222 0.703125 0.4409722222222222 0.701171875 0.4375 0.701171875 0.4236111111111111 0.705078125 0.4166666666666667 0.7109375 0.4166666666666667
0 0.666015625 0.8298611111111112 0.677734375 0.8194444444444444 0.69140625 0.8194444444444444 0.693359375 0.8229166666666666 0.693359375 0.8506944444444444 0.6953125 0.8541666666666666 0.693359375 0.8576388888888888 0.6953125 0.8611111111111112 0.6953125 0.8680555555555556 0.689453125 0.875 0.6875 0.8888888888888888 0.6796875 0.8888888888888888 0.669921875 0.8715277777777778 0.669921875 0.8645833333333334 0.66796875 0.8611111111111112 0.66796875 0.8333333333333334
0 0.751953125 0.4270833333333333 0.75390625 0.4305555555555556 0.75390625 0.4409722222222222 0.75 0.4548611111111111 0.744140625 0.4548611111111111 0.744140625 0.4375 0.7421875 0.4340277777777778 0.744140625 0.4270833333333333 0.75 0.4270833333333333
0 0.73046875 0.4340277777777778 0.7421875 0.4340277777777778 0.7421875 0.4513888888888889 0.734375 0.46875 0.728515625 0.4652777777777778 0.728515625 0.4409722222222222 0.73046875 0.4375
0 0.96484375 0.4965277777777778 0.96484375 0.5034722222222222 0.962890625 0.5069444444444444 0.96484375 0.5104166666666666 0.96484375 0.5277777777777778 0.94921875 0.5277777777777778 0.943359375 0.5347222222222222 0.93359375 0.5347222222222222 0.9296875 0.53125 0.927734375 0.5243055555555556 0.927734375 0.5069444444444444 0.9296875 0.5 0.931640625 0.4965277777777778 0.9375 0.4965277777777778 0.939453125 0.5 0.94921875 0.5034722222222222 0.955078125 0.4895833333333333 0.9609375 0.4895833333333333 0.962890625 0.4965277777777778