0 0.697265625 0.3402777777777778 0.703125 0.3402777777777778 0.705078125 0.3472222222222222 0.703125 0.3541666666666667 0.703125 0.3645833333333333 0.69921875 0.3680555555555556 0.697265625 0.3645833333333333 0.697265625 0.3506944444444444 0.6953125 0.3472222222222222 0.697265625 0.34375
0 0.7265625 0.3611111111111111 0.73046875 0.3611111111111111 0.736328125 0.3680555555555556 0.734375 0.3854166666666667 0.732421875 0.3888888888888889 0.728515625 0.3888888888888889 0.7265625 0.3854166666666667 0.7265625 0.3645833333333333
0 0.66015625 0.3506944444444444 0.666015625 0.34375 0.671875 0.34375 0.673828125 0.3472222222222222 0.673828125 0.3541666666666667 0.6640625 0.3819444444444444 0.66015625 0.3819444444444444 0.66015625 0.3541666666666667
0 0.921875 0.8854166666666666 0.931640625 0.8888888888888888 0.93359375 0.8923611111111112 0.939453125 0.8923611111111112 0.94140625 0.8958333333333334 0.94921875 0.8958333333333334 0.951171875 0.8993055555555556 0.951171875 0.9166666666666666 0.955078125 0.9305555555555556 0.955078125 0.9409722222222222 0.953125 0.9409722222222222 0.947265625 0.9513888888888888 0.947265625 0.9618055555555556 0.9453125 0.9652777777777778 0.9375 0.9618055555555556 0.9375 0.9583333333333334 0.91796875 0.9270833333333334 0.919921875 0.90625 0.921875 0.9027777777777778 0.921875 0.8888888888888888
0 0.53515625 0.4097222222222222 0.5390625 0.4097222222222222 0.541015625 0.4131944444444444 0.548828125 0.4131944444444444 0.552734375 0.4097222222222222 0.556640625 0.4201388888888889 0.5546875 0.4236111111111111 0.5546875 0.4340277777777778 0.55078125 0.4444444444444444 0.5390625 0.4444444444444444 0.53515625 0.4375 0.53515625 0.4131944444444444
0 0.681640625 0.3506944444444444 0.6875 0.3506944444444444 0.689453125 0.3541666666666667 0.689453125 0.3680555555555556 0.685546875 0.375 0.68359375 0.375 0.681640625 0.3680555555555556 0.681640625 0.3541666666666667
0 0.1640625 0.4756944444444444 0.16796875 0.4791666666666667 0.173828125 0.4930555555555556 0.173828125 0.5104166666666666 0.171875 0.5173611111111112 0.16796875 0.5243055555555556 0.162109375 0.5243055555555556 0.15625 0.5173611111111112 0.15625 0.4826388888888889 0.162109375 0.4791666666666667
0 0.908203125 0.5069444444444444 0.91015625 0.5104166666666666 0.91015625 0.53125 0.908203125 0.5347222222222222 0.908203125 0.5451388888888888 0.90625 0.5520833333333334 0.900390625 0.5625 0.8984375 0.5625 0.892578125 0.5520833333333334 0.890625 0.5451388888888888 0.890625 0.53125 0.892578125 0.5277777777777778 0.892578125 0.5173611111111112 0.896484375 0.5069444444444444 0.90625 0.5069444444444444
0 0.546875 0.3090277777777778 0.552734375 0.3090277777777778 0.556640625 0.3159722222222222 0.556640625 0.3298611111111111 0.548828125 0.3333333333333333 0.544921875 0.3229166666666667 0.544921875 0.3159722222222222 0.546875 0.3125
0 0.59765625 0.3263888888888889 0.59765625 0.3020833333333333 0.599609375 0.2986111111111111 0.603515625 0.3020833333333333 0.603515625 0.3159722222222222 0.6015625 0.3194444444444444 0.6015625 0.3263888888888889 0.599609375 0.3263888888888889
0 0.240234375 0.4392361111111111 0.03515625 0.03819444444444445
0 0.8125 0.4930555555555556 0.826171875 0.5034722222222222 0.830078125 0.5104166666666666 0.830078125 0.5208333333333334 0.82421875 0.5277777777777778 0.8203125 0.5277777777777778 0.81640625 0.5347222222222222 0.81640625 0.5416666666666666 0.8125 0.5520833333333334 0.806640625 0.5520833333333334 0.796875 0.5347222222222222 0.796875 0.5208333333333334 0.798828125 0.5173611111111112 0.798828125 0.5034722222222222 0.796875 0.4965277777777778 0.80078125 0.4895833333333333 0.806640625 0.4965277777777778 0.810546875 0.4930555555555556
0 0.5078125 0.3680555555555556 0.509765625 0.375 0.509765625 0.3854166666666667 0.5078125 0.3888888888888889 0.5078125 0.40625 0.505859375 0.4097222222222222 0.501953125 0.4097222222222222 0.501953125 0.3993055555555556 0.5 0.3958333333333333 0.5 0.3784722222222222 0.501953125 0.3715277777777778 0.505859375 0.3680555555555556
0 0.875 0.7256944444444444 0.88671875 0.7256944444444444 0.888671875 0.7291666666666666 0.892578125 0.7291666666666666 0.896484375 0.7361111111111112 0.896484375 0.7430555555555556 0.90234375 0.7604166666666666 0.900390625 0.7708333333333334 0.896484375 0.7777777777777778 0.88671875 0.7847222222222222 0.873046875 0.7604166666666666 0.869140625 0.7465277777777778 0.869140625 0.7395833333333334 0.875 0.7291666666666666
0 0.990234375 0.53125 0.9921875 0.5347222222222222 0.99609375 0.5347222222222222 0.998046875 0.5416666666666666 0.998046875 0.59375 0.99609375 0.59375 0.9921875 0.5833333333333334 0.98046875 0.5659722222222222 0.98046875 0.5555555555555556 0.978515625 0.5520833333333334 0.98046875 0.5486111111111112 0.98046875 0.5347222222222222 0.982421875 0.53125 0.98828125 0.53125
0 0.8671875 0.6840277777777778 0.87109375 0.6840277777777778 0.873046875 0.6875 0.873046875 0.6944444444444444 0.87109375 0.6979166666666666 0.873046875 0.7048611111111112 0.873046875 0.71875 0.8828125 0.7256944444444444 0.89453125 0.7256944444444444 0.896484375 0.7326388888888888 0.896484375 0.7430555555555556 0.90234375 0.7604166666666666 0.900390625 0.7708333333333334 0.888671875 0.7847222222222222 0.88671875 0.7847222222222222 0.873046875 0.7604166666666666 0.869140625 0.75 0.869140625 0.7361111111111112 0.87109375 0.7291666666666666 0.875 0.7256944444444444 0.875 0.7222222222222222 0.873046875 0.71875 0.869140625 0.7222222222222222 0.8671875 0.6875
0 0.6484375 0.5590277777777778 0.650390625 0.5625 0.66015625 0.5625 0.66015625 0.5833333333333334 0.65625 0.59375 0.65625 0.6006944444444444 0.646484375 0.6006944444444444 0.64453125 0.59375 0.642578125 0.5625 0.646484375 0.5590277777777778
0 0.685546875 0.4027777777777778 0.69140625 0.4027777777777778 0.6953125 0.4097222222222222 0.6953125 0.4270833333333333 0.69140625 0.4270833333333333 0.685546875 0.4166666666666667 0.685546875 0.40625
0 0.751953125 0.7934027777777778 0.03125 0.07291666666666667
0 0.7109375 0.4027777777777778 0.71875 0.4027777777777778 0.71875 0.4305555555555556 0.716796875 0.4340277777777778 0.7109375 0.4340277777777778 0.708984375 0.4305555555555556 0.708984375 0.4097222222222222 0.7109375 0.40625
0 0.771484375 0.5138888888888888 0.775390625 0.5243055555555556 0.775390625 0.53125 0.771484375 0.5451388888888888 0.76171875 0.5451388888888888 0.7578125 0.53125 0.76171875 0.5208333333333334 0.76953125 0.5138888888888888