0 0.9609375 0.4861111111111111 0.96484375 0.4861111111111111 0.966796875 0.4895833333333333 0.966796875 0.4965277777777778 0.96484375 0.5 0.96484375 0.5173611111111112 0.966796875 0.5243055555555556 0.962890625 0.5277777777777778 0.947265625 0.5277777777777778 0.939453125 0.5347222222222222 0.935546875 0.5347222222222222 0.927734375 0.5243055555555556 0.927734375 0.5069444444444444 0.931640625 0.5 0.94140625 0.4965277777777778 0.943359375 0.5 0.955078125 0.5034722222222222 0.9609375 0.4895833333333333
0 0.892578125 0.9409722222222222 0.89453125 0.9513888888888888 0.8984375 0.9583333333333334 0.896484375 0.9618055555555556 0.90625 0.9826388888888888 0.91015625 0.9826388888888888 0.916015625 0.9930555555555556 0.919921875 0.9930555555555556 0.92578125 0.9826388888888888 0.92578125 0.9756944444444444 0.9296875 0.96875 0.93359375 0.96875 0.94140625 0.9618055555555556 0.9453125 0.9618055555555556 0.9453125 0.9861111111111112 0.947265625 0.9895833333333334 0.9453125 0.9965277777777778 0.90625 0.9965277777777778 0.904296875 0.9930555555555556 0.896484375 0.9930555555555556 0.892578125 0.9895833333333334 0.892578125 0.9826388888888888 0.890625 0.9791666666666666 0.892578125 0.9444444444444444
0 0.720703125 0.3819444444444444 0.732421875 0.3819444444444444 0.73046875 0.3854166666666667 0.73046875 0.4027777777777778 0.728515625 0.40625 0.724609375 0.40625 0.72265625 0.4027777777777778 0.720703125 0.3854166666666667
0 0.5390625 0.3611111111111111 0.541015625 0.3645833333333333 0.548828125 0.3645833333333333 0.55078125 0.3715277777777778 0.55078125 0.3958333333333333 0.53515625 0.3958333333333333 0.53125 0.3923611111111111 0.53125 0.375 0.533203125 0.3680555555555556 0.537109375 0.3645833333333333
0 0.900390625 0.65625 0.90234375 0.6631944444444444 0.90234375 0.6770833333333334 0.904296875 0.6805555555555556 0.904296875 0.6875 0.90234375 0.6909722222222222 0.896484375 0.6840277777777778 0.888671875 0.6840277777777778 0.884765625 0.6875 0.876953125 0.6770833333333334 0.876953125 0.6597222222222222 0.8828125 0.6458333333333334 0.888671875 0.6423611111111112 0.89453125 0.65625 0.8984375 0.65625
0 0.619140625 0.9375 0.623046875 0.9375 0.625 0.9409722222222222 0.634765625 0.9409722222222222 0.642578125 0.9340277777777778 0.646484375 0.9409722222222222 0.646484375 0.9618055555555556 0.64453125 0.96875 0.6484375 0.9826388888888888 0.6484375 0.9930555555555556 0.646484375 0.9965277777777778 0.625 0.9965277777777778 0.62109375 0.9826388888888888 0.623046875 0.96875 0.62109375 0.9652777777777778 0.62109375 0.9479166666666666 0.619140625 0.9409722222222222
0 0.1015625 0.5729166666666666 0.111328125 0.5902777777777778 0.111328125 0.6041666666666666 0.11328125 0.6111111111111112 0.107421875 0.6215277777777778 0.099609375 0.625 0.095703125 0.6319444444444444 0.087890625 0.6319444444444444 0.0859375 0.6284722222222222 0.0859375 0.6041666666666666 0.091796875 0.5833333333333334 0.09765625 0.5729166666666666 0.099609375 0.5729166666666666
0 0.646484375 0.3506944444444444 0.650390625 0.3576388888888889 0.650390625 0.375 0.6484375 0.3784722222222222 0.6484375 0.3854166666666667 0.64453125 0.3854166666666667 0.642578125 0.3819444444444444 0.642578125 0.3576388888888889 0.64453125 0.3541666666666667
0 0.1328125 0.5590277777777778 0.14453125 0.5555555555555556 0.150390625 0.5694444444444444 0.15234375 0.59375 0.146484375 0.6041666666666666 0.142578125 0.6041666666666666 0.13671875 0.5902777777777778 0.13671875 0.5729166666666666 0.134765625 0.5694444444444444 0.134765625 0.5625
0 0.705078125 0.4305555555555556 0.71484375 0.4305555555555556 0.712890625 0.4548611111111111 0.708984375 0.4548611111111111 0.708984375 0.4479166666666667 0.705078125 0.4409722222222222 0.705078125 0.4340277777777778
0 0.66015625 0.4027777777777778 0.66796875 0.40625 0.66796875 0.4270833333333333 0.6640625 0.4305555555555556 0.66015625 0.4270833333333333 0.66015625 0.40625
0 0.828125 0.4409722222222222 0.830078125 0.4479166666666667 0.830078125 0.4583333333333333 0.83203125 0.4618055555555556 0.83203125 0.46875 0.828125 0.4756944444444444 0.822265625 0.4722222222222222 0.814453125 0.4548611111111111 0.814453125 0.4444444444444444 0.81640625 0.4409722222222222 0.826171875 0.4409722222222222
0 0.861328125 0.7743055555555556 0.8671875 0.7986111111111112 0.873046875 0.8055555555555556 0.875 0.8055555555555556 0.880859375 0.7916666666666666 0.89453125 0.7916666666666666 0.8984375 0.7986111111111112 0.8984375 0.8333333333333334 0.89453125 0.8472222222222222 0.888671875 0.8576388888888888 0.8828125 0.8576388888888888 0.875 0.8368055555555556 0.859375 0.8055555555555556 0.859375 0.7881944444444444 0.861328125 0.7847222222222222 0.861328125 0.7777777777777778
0 0.705078125 0.4652777777777778 0.705078125 0.4791666666666667 0.70703125 0.4826388888888889 0.705078125 0.4895833333333333 0.705078125 0.5 0.697265625 0.5 0.6953125 0.4965277777777778 0.6953125 0.4826388888888889 0.693359375 0.4791666666666667 0.693359375 0.4722222222222222 0.697265625 0.4652777777777778 0.703125 0.4652777777777778
0 0.623046875 0.3784722222222222 0.623046875 0.3680555555555556 0.62109375 0.3645833333333333 0.62109375 0.3576388888888889 0.623046875 0.3541666666666667 0.62890625 0.3541666666666667 0.630859375 0.3576388888888889 0.62890625 0.3784722222222222 0.625 0.3784722222222222
0 0.759765625 0.6006944444444444 0.0234375 0.04861111111111111
0 0.62109375 0.9409722222222222 0.625 0.9444444444444444 0.638671875 0.9444444444444444 0.640625 0.9479166666666666 0.646484375 0.9479166666666666 0.64453125 0.9722222222222222 0.6484375 0.9861111111111112 0.6484375 0.9930555555555556 0.64453125 0.9965277777777778 0.625 0.9965277777777778 0.623046875 0.9930555555555556 0.625 0.9583333333333334 0.62109375 0.9444444444444444
0 0.25390625 0.4826388888888889 0.267578125 0.4826388888888889 0.271484375 0.4895833333333333 0.271484375 0.5173611111111112 0.263671875 0.5243055555555556 0.255859375 0.5243055555555556 0.255859375 0.5138888888888888 0.25390625 0.5104166666666666 0.25390625 0.4861111111111111
0 0.9921875 0.53125 0.994140625 0.5347222222222222 0.998046875 0.5347222222222222 0.998046875 0.5833333333333334 0.9921875 0.5833333333333334 0.986328125 0.5763888888888888 0.98046875 0.5625 0.98046875 0.5416666666666666 0.982421875 0.5347222222222222 0.984375 0.53125 0.990234375 0.53125