0 0.55078125 0.4756944444444444 0.564453125 0.4756944444444444 0.56640625 0.4791666666666667 0.56640625 0.4861111111111111 0.564453125 0.4895833333333333 0.564453125 0.5104166666666666 0.5625 0.5173611111111112 0.560546875 0.5173611111111112 0.55859375 0.5034722222222222 0.5546875 0.4965277777777778 0.55078125 0.4791666666666667
0 0.900390625 0.5798611111111112 0.908203125 0.5902777777777778 0.921875 0.5902777777777778 0.927734375 0.6041666666666666 0.927734375 0.6111111111111112 0.923828125 0.6215277777777778 0.919921875 0.6284722222222222 0.916015625 0.6284722222222222 0.91015625 0.6180555555555556 0.8984375 0.6076388888888888 0.896484375 0.6041666666666666 0.896484375 0.5833333333333334 0.8984375 0.5833333333333334
0 0.900390625 0.5520833333333334 0.904296875 0.5555555555555556 0.904296875 0.5625 0.900390625 0.5694444444444444 0.904296875 0.5729166666666666 0.90234375 0.5763888888888888 0.90625 0.5833333333333334 0.91796875 0.5833333333333334 0.919921875 0.5798611111111112 0.927734375 0.6041666666666666 0.927734375 0.6111111111111112 0.919921875 0.6284722222222222 0.916015625 0.6284722222222222 0.912109375 0.6215277777777778 0.90234375 0.6145833333333334 0.896484375 0.6041666666666666 0.89453125 0.5902777777777778 0.900390625 0.5763888888888888 0.900390625 0.5694444444444444 0.89453125 0.5555555555555556 0.8984375 0.5520833333333334
0 0.984375 0.5347222222222222 0.998046875 0.5347222222222222 0.998046875 0.59375 0.994140625 0.59375 0.98046875 0.5659722222222222 0.98046875 0.5451388888888888 0.984375 0.5381944444444444
0 0.7734375 0.4791666666666667 0.775390625 0.5 0.771484375 0.5138888888888888 0.763671875 0.5104166666666666 0.76171875 0.5034722222222222 0.76171875 0.4930555555555556 0.759765625 0.4895833333333333 0.76171875 0.4826388888888889 0.767578125 0.4826388888888889 0.771484375 0.4791666666666667
0 0.20703125 0.6979166666666666 0.2109375 0.7083333333333334 0.2109375 0.7222222222222222 0.21484375 0.7326388888888888 0.212890625 0.7361111111111112 0.212890625 0.7465277777777778 0.205078125 0.7604166666666666 0.19921875 0.78125 0.193359375 0.78125 0.19140625 0.7777777777777778 0.19140625 0.7465277777777778 0.1875 0.7395833333333334 0.1875 0.7256944444444444 0.19140625 0.7152777777777778 0.19140625 0.7083333333333334 0.1953125 0.7013888888888888 0.19921875 0.6979166666666666 0.205078125 0.6979166666666666
0 0.26953125 0.5694444444444444 0.271484375 0.5729166666666666 0.271484375 0.6076388888888888 0.26953125 0.6076388888888888 0.26171875 0.625 0.2578125 0.6215277777777778 0.2578125 0.6111111111111112 0.255859375 0.6076388888888888 0.255859375 0.5729166666666666 0.263671875 0.5659722222222222 0.267578125 0.5694444444444444
0 0.1875 0.5520833333333334 0.205078125 0.5555555555555556 0.20703125 0.5625 0.20703125 0.5763888888888888 0.205078125 0.5833333333333334 0.193359375 0.6006944444444444 0.1875 0.6006944444444444 0.185546875 0.59375 0.1875 0.5555555555555556
0 0.962890625 0.5034722222222222 0.96484375 0.5104166666666666 0.96484375 0.5208333333333334 0.966796875 0.5243055555555556 0.962890625 0.53125 0.953125 0.53125 0.951171875 0.5347222222222222 0.93359375 0.5347222222222222 0.9296875 0.53125 0.92578125 0.5173611111111112 0.927734375 0.5034722222222222 0.9296875 0.5 0.9609375 0.5034722222222222
0 0.740234375 0.4340277777777778 0.74609375 0.4305555555555556 0.75 0.4375 0.75 0.4548611111111111 0.744140625 0.4652777777777778 0.73828125 0.4513888888888889 0.73828125 0.4409722222222222 0.740234375 0.4375
0 0.8212890625 0.5086805555555556 0.021484375 0.03819444444444445