0 0.619140625 0.3194444444444444 0.619140625 0.3402777777777778 0.6171875 0.3472222222222222 0.611328125 0.3472222222222222 0.611328125 0.3263888888888889 0.6171875 0.3194444444444444
0 0.724609375 0.4895833333333333 0.732421875 0.4895833333333333 0.732421875 0.4965277777777778 0.734375 0.5 0.734375 0.5069444444444444 0.732421875 0.5104166666666666 0.732421875 0.5277777777777778 0.73046875 0.53125 0.724609375 0.53125 0.720703125 0.5277777777777778 0.720703125 0.5104166666666666 0.72265625 0.5069444444444444 0.720703125 0.5034722222222222 0.724609375 0.4930555555555556
0 0.888671875 0.7222222222222222 0.892578125 0.71875 0.89453125 0.7222222222222222 0.90625 0.7222222222222222 0.91015625 0.7256944444444444 0.91015625 0.7430555555555556 0.904296875 0.75 0.904296875 0.7743055555555556 0.890625 0.7951388888888888 0.884765625 0.7916666666666666 0.869140625 0.7604166666666666 0.875 0.7604166666666666 0.87890625 0.7534722222222222 0.88671875 0.75 0.888671875 0.7465277777777778 0.890625 0.7256944444444444
0 0.955078125 0.4826388888888889 0.958984375 0.4826388888888889 0.96484375 0.4895833333333333 0.96484375 0.5208333333333334 0.966796875 0.5243055555555556 0.962890625 0.5277777777777778 0.951171875 0.5277777777777778 0.9453125 0.5347222222222222 0.93359375 0.5347222222222222 0.9296875 0.53125 0.927734375 0.5243055555555556 0.927734375 0.5034722222222222 0.931640625 0.4965277777777778 0.947265625 0.4965277777777778 0.94921875 0.4895833333333333 0.953125 0.4895833333333333 0.955078125 0.4861111111111111
0 0.552734375 0.4201388888888889 0.56640625 0.4201388888888889 0.56640625 0.4270833333333333 0.568359375 0.4305555555555556 0.568359375 0.4375 0.564453125 0.4479166666666667 0.556640625 0.4479166666666667 0.552734375 0.4444444444444444 0.552734375 0.4236111111111111
0 0.232421875 0.4131944444444444 0.232421875 0.4305555555555556 0.23046875 0.4340277777777778 0.232421875 0.4375 0.228515625 0.4444444444444444 0.224609375 0.4444444444444444 0.22265625 0.4375 0.22265625 0.4236111111111111 0.220703125 0.4201388888888889 0.224609375 0.4131944444444444 0.23046875 0.4131944444444444
0 0.6015625 0.3576388888888889 0.60546875 0.3645833333333333 0.603515625 0.3680555555555556 0.60546875 0.3715277777777778 0.603515625 0.375 0.603515625 0.3819444444444444 0.599609375 0.3854166666666667 0.595703125 0.3819444444444444 0.595703125 0.3611111111111111 0.599609375 0.3576388888888889
0 0.169921875 0.4756944444444444 0.173828125 0.5034722222222222 0.171875 0.5069444444444444 0.171875 0.5173611111111112 0.16796875 0.5243055555555556 0.15625 0.5208333333333334 0.15625 0.5069444444444444 0.154296875 0.5034722222222222 0.15625 0.4791666666666667 0.158203125 0.4756944444444444 0.16796875 0.4756944444444444
0 0.98046875 0.5208333333333334 0.998046875 0.53125 0.998046875 0.59375 0.99609375 0.59375 0.990234375 0.5833333333333334 0.990234375 0.5798611111111112 0.98046875 0.5659722222222222 0.98046875 0.5590277777777778 0.978515625 0.5555555555555556 0.98046875 0.5243055555555556
0 0.21875 0.3229166666666667 0.22265625 0.3333333333333333 0.220703125 0.3576388888888889 0.2109375 0.3576388888888889 0.208984375 0.3541666666666667 0.208984375 0.3368055555555556 0.2109375 0.3298611111111111 0.216796875 0.3229166666666667
0 0.7578125 0.3715277777777778 0.76171875 0.3888888888888889 0.76171875 0.4027777777777778 0.759765625 0.4097222222222222 0.751953125 0.4097222222222222 0.751953125 0.3923611111111111 0.75 0.3854166666666667 0.751953125 0.3784722222222222 0.755859375 0.375
0 0.69140625 0.3993055555555556 0.6953125 0.4097222222222222 0.6953125 0.4236111111111111 0.69140625 0.4340277777777778 0.6875 0.4340277777777778 0.685546875 0.4305555555555556 0.685546875 0.4027777777777778 0.689453125 0.3993055555555556
0 0.56640625 0.5416666666666666 0.580078125 0.5416666666666666 0.580078125 0.5729166666666666 0.5703125 0.5798611111111112 0.564453125 0.5694444444444444 0.56640625 0.5451388888888888
0 0.615234375 0.6215277777777778 0.625 0.6215277777777778 0.62890625 0.6319444444444444 0.642578125 0.6319444444444444 0.64453125 0.6354166666666666 0.65234375 0.6354166666666666 0.654296875 0.6388888888888888 0.654296875 0.6458333333333334 0.650390625 0.65625 0.650390625 0.6770833333333334 0.646484375 0.6909722222222222 0.646484375 0.7048611111111112 0.642578125 0.7152777777777778 0.63671875 0.7152777777777778 0.6328125 0.7048611111111112 0.6328125 0.6979166666666666 0.623046875 0.6770833333333334 0.62109375 0.6770833333333334 0.619140625 0.6805555555555556 0.619140625 0.6875 0.6171875 0.6875 0.6171875 0.6354166666666666 0.615234375 0.6319444444444444 0.615234375 0.625
0 0.70703125 0.3958333333333333 0.705078125 0.3888888888888889 0.705078125 0.375 0.708984375 0.3680555555555556 0.71484375 0.3680555555555556 0.716796875 0.375 0.71484375 0.3888888888888889 0.708984375 0.3958333333333333