0 0.6943359375 0.375 0.013671875 0.041666666666666664
0 0.625 0.3506944444444444 0.638671875 0.3506944444444444 0.642578125 0.3541666666666667 0.642578125 0.3680555555555556 0.640625 0.3715277777777778 0.62890625 0.3715277777777778 0.625 0.3680555555555556 0.625 0.3541666666666667
0 0.9453125 0.7048611111111112 0.951171875 0.7048611111111112 0.951171875 0.7118055555555556 0.955078125 0.7152777777777778 0.955078125 0.7291666666666666 0.95703125 0.7326388888888888 0.95703125 0.7395833333333334 0.94921875 0.7534722222222222 0.94921875 0.7743055555555556 0.947265625 0.7777777777777778 0.953125 0.7847222222222222 0.955078125 0.78125 0.955078125 0.7743055555555556 0.962890625 0.7604166666666666 0.970703125 0.7569444444444444 0.98046875 0.7638888888888888 0.982421875 0.7604166666666666 0.98828125 0.7638888888888888 0.986328125 0.7708333333333334 0.986328125 0.78125 0.990234375 0.7881944444444444 0.990234375 0.7951388888888888 0.982421875 0.8055555555555556 0.98046875 0.8194444444444444 0.97265625 0.8229166666666666 0.96875 0.8194444444444444 0.947265625 0.7777777777777778 0.94140625 0.7743055555555556 0.9375 0.7604166666666666 0.9375 0.7465277777777778 0.939453125 0.7430555555555556 0.94140625 0.7222222222222222 0.9453125 0.7152777777777778 0.9453125 0.7083333333333334
0 0 0.75 0.009765625 0.75 0.01171875 0.7569444444444444 0.01171875 0.7673611111111112 0.013671875 0.7708333333333334 0.01171875 0.7743055555555556 0.01171875 0.8055555555555556 0.0078125 0.8159722222222222 0 0.8194444444444444 0 0.7534722222222222
0 0.1875 0.5902777777777778 0.193359375 0.5902777777777778 0.203125 0.6041666666666666 0.205078125 0.6006944444444444 0.208984375 0.6006944444444444 0.208984375 0.6284722222222222 0.205078125 0.6354166666666666 0.201171875 0.6354166666666666 0.1953125 0.6458333333333334 0.1875 0.6527777777777778 0.185546875 0.6493055555555556 0.185546875 0.6215277777777778 0.1875 0.6180555555555556 0.185546875 0.6111111111111112 0.185546875 0.5972222222222222 0.1875 0.59375
0 0.861328125 0.6423611111111112 0.873046875 0.6527777777777778 0.875 0.6597222222222222 0.873046875 0.6666666666666666 0.873046875 0.6770833333333334 0.87109375 0.6805555555555556 0.861328125 0.6805555555555556 0.8515625 0.6979166666666666 0.84375 0.6840277777777778 0.83203125 0.6770833333333334 0.828125 0.6631944444444444 0.828125 0.65625 0.82421875 0.6493055555555556 0.82421875 0.6388888888888888 0.828125 0.6319444444444444 0.828125 0.625 0.83203125 0.6215277777777778 0.833984375 0.6284722222222222 0.830078125 0.6319444444444444 0.8359375 0.6423611111111112 0.859375 0.6423611111111112
0 0.259765625 0.65625 0.28515625 0.6527777777777778 0.28515625 0.6597222222222222 0.287109375 0.6631944444444444 0.28515625 0.6666666666666666 0.287109375 0.6701388888888888 0.28515625 0.6770833333333334 0.287109375 0.6840277777777778 0.283203125 0.7013888888888888 0.267578125 0.7256944444444444 0.26171875 0.7256944444444444 0.259765625 0.6944444444444444 0.2578125 0.6909722222222222 0.2578125 0.6701388888888888 0.259765625 0.6666666666666666 0.2578125 0.6631944444444444 0.259765625 0.6597222222222222
0 0.0625 0.8159722222222222 0.068359375 0.8229166666666666 0.068359375 0.8368055555555556 0.0703125 0.8402777777777778 0.0703125 0.8680555555555556 0.06640625 0.8784722222222222 0.06640625 0.8854166666666666 0.052734375 0.9097222222222222 0.048828125 0.9097222222222222 0.04296875 0.8958333333333334 0.03515625 0.8958333333333334 0.029296875 0.90625 0.025390625 0.9201388888888888 0.025390625 0.9270833333333334 0.017578125 0.9409722222222222 0.015625 0.9409722222222222 0.015625 0.9097222222222222 0.017578125 0.90625 0.017578125 0.8993055555555556 0.013671875 0.8888888888888888 0.013671875 0.8784722222222222 0.017578125 0.8715277777777778 0.017578125 0.8506944444444444 0.021484375 0.8472222222222222 0.02734375 0.8472222222222222 0.029296875 0.84375 0.03515625 0.84375 0.041015625 0.8506944444444444 0.046875 0.8506944444444444 0.04296875 0.8611111111111112 0.044921875 0.8854166666666666 0.05078125 0.8923611111111112 0.0546875 0.8923611111111112 0.060546875 0.8819444444444444 0.060546875 0.8715277777777778 0.05078125 0.8541666666666666 0.05078125 0.8472222222222222 0.056640625 0.8402777777777778 0.05859375 0.8333333333333334 0.056640625 0.8229166666666666 0.060546875 0.8194444444444444
0 0.1845703125 0.4861111111111111 0.017578125 0.04861111111111111
0 0.18359375 0.6979166666666666 0.185546875 0.7013888888888888 0.185546875 0.7083333333333334 0.177734375 0.7291666666666666 0.177734375 0.7361111111111112 0.1796875 0.7395833333333334 0.1796875 0.7465277777777778 0.177734375 0.75 0.1796875 0.7534722222222222 0.1796875 0.7708333333333334 0.171875 0.7986111111111112 0.16796875 0.7986111111111112 0.162109375 0.7847222222222222 0.15234375 0.7743055555555556 0.146484375 0.7743055555555556 0.142578125 0.7777777777777778 0.146484375 0.7569444444444444 0.142578125 0.7395833333333334 0.13671875 0.7291666666666666 0.140625 0.7291666666666666 0.146484375 0.7361111111111112 0.154296875 0.7256944444444444 0.1640625 0.7395833333333334 0.166015625 0.7361111111111112 0.173828125 0.7361111111111112 0.17578125 0.7326388888888888 0.173828125 0.7013888888888888 0.181640625 0.6979166666666666
0 0.275390625 0.4861111111111111 0.275390625 0.4444444444444444 0.27734375 0.4409722222222222 0.279296875 0.4409722222222222 0.28125 0.4479166666666667 0.28125 0.4756944444444444 0.283203125 0.4791666666666667 0.28125 0.4895833333333333 0.27734375 0.4861111111111111
0 0.13671875 0.6145833333333334 0.138671875 0.6215277777777778 0.138671875 0.6527777777777778 0.13671875 0.6597222222222222 0.1328125 0.6666666666666666 0.126953125 0.6666666666666666 0.111328125 0.6909722222222222 0.10546875 0.6909722222222222 0.103515625 0.6875 0.10546875 0.625 0.107421875 0.6215277777777778 0.1171875 0.6215277777777778 0.12109375 0.6284722222222222 0.12109375 0.6354166666666666 0.123046875 0.6388888888888888 0.12109375 0.6423611111111112 0.125 0.6597222222222222 0.12890625 0.6527777777777778 0.126953125 0.6493055555555556 0.12890625 0.6458333333333334 0.126953125 0.6388888888888888 0.130859375 0.6284722222222222 0.130859375 0.6180555555555556 0.134765625 0.6145833333333334
0 0.0625 0.9340277777777778 0.06640625 0.9375 0.0703125 0.9513888888888888 0.0703125 0.9618055555555556 0.06640625 0.96875 0.068359375 0.9722222222222222 0.0703125 0.9930555555555556 0.068359375 0.9965277777777778 0.052734375 0.9965277777777778 0.05078125 0.9930555555555556 0.046875 0.9930555555555556 0.052734375 0.9791666666666666 0.056640625 0.9618055555555556 0.0546875 0.9548611111111112 0.056640625 0.9513888888888888 0.056640625 0.9375 0.060546875 0.9375
0 0.728515625 0.3611111111111111 0.73046875 0.3645833333333333 0.73046875 0.3819444444444444 0.724609375 0.3888888888888889 0.72265625 0.3958333333333333 0.716796875 0.3958333333333333 0.712890625 0.3715277777777778 0.71484375 0.3715277777777778 0.716796875 0.3645833333333333 0.720703125 0.3611111111111111 0.7265625 0.3611111111111111
0 0.68359375 0.4583333333333333 0.6875 0.4618055555555556 0.6875 0.4861111111111111 0.681640625 0.4930555555555556 0.67578125 0.4861111111111111 0.67578125 0.4791666666666667 0.673828125 0.4756944444444444 0.67578125 0.4722222222222222 0.673828125 0.46875 0.673828125 0.4618055555555556 0.681640625 0.4583333333333333
0 0.26953125 0.3333333333333333 0.275390625 0.3333333333333333 0.275390625 0.34375 0.27734375 0.3472222222222222 0.27734375 0.3715277777777778 0.275390625 0.375 0.267578125 0.3715277777777778 0.265625 0.3680555555555556 0.265625 0.3576388888888889 0.267578125 0.3541666666666667 0.267578125 0.34375 0.26953125 0.3368055555555556
0 0.25 0.5833333333333334 0.275390625 0.5902777777777778 0.275390625 0.6006944444444444 0.2734375 0.6006944444444444 0.265625 0.6145833333333334 0.265625 0.625 0.2578125 0.6388888888888888 0.2578125 0.6458333333333334 0.255859375 0.6458333333333334 0.25390625 0.5902777777777778 0.251953125 0.5868055555555556
0 0.224609375 0.3541666666666667 0.228515625 0.3680555555555556 0.2265625 0.3819444444444444 0.220703125 0.3923611111111111 0.208984375 0.3923611111111111 0.20703125 0.3958333333333333 0.203125 0.3958333333333333 0.201171875 0.3923611111111111 0.201171875 0.3819444444444444 0.205078125 0.375 0.208984375 0.3576388888888889 0.212890625 0.3541666666666667 0.22265625 0.3541666666666667
0 0.2734375 0.7881944444444444 0.275390625 0.7881944444444444 0.27734375 0.8263888888888888 0.265625 0.8611111111111112 0.248046875 0.8923611111111112 0.24609375 0.8993055555555556 0.2421875 0.8993055555555556 0.240234375 0.8958333333333334 0.240234375 0.8854166666666666 0.23828125 0.8819444444444444 0.23828125 0.875 0.240234375 0.8715277777777778 0.23828125 0.8680555555555556 0.23828125 0.8333333333333334 0.236328125 0.8298611111111112 0.236328125 0.8159722222222222 0.23828125 0.8125 0.236328125 0.7986111111111112 0.240234375 0.7916666666666666 0.255859375 0.7916666666666666 0.2578125 0.7951388888888888 0.271484375 0.7951388888888888 0.2734375 0.7916666666666666
0 0.740234375 0.3472222222222222 0.74609375 0.34375 0.748046875 0.3506944444444444 0.748046875 0.375 0.744140625 0.3819444444444444 0.744140625 0.3923611111111111 0.7421875 0.3958333333333333 0.73828125 0.3958333333333333 0.734375 0.3854166666666667 0.734375 0.3611111111111111 0.736328125 0.3541666666666667 0.740234375 0.3506944444444444
0 0.96484375 0.4861111111111111 0.966796875 0.4895833333333333 0.966796875 0.4965277777777778 0.96484375 0.5 0.96484375 0.5173611111111112 0.966796875 0.5243055555555556 0.962890625 0.53125 0.947265625 0.53125 0.9453125 0.5347222222222222 0.93359375 0.5347222222222222 0.927734375 0.5243055555555556 0.9296875 0.5173611111111112 0.927734375 0.5138888888888888 0.931640625 0.5 0.955078125 0.5 0.958984375 0.4895833333333333 0.962890625 0.4861111111111111
0 0.14453125 0.8368055555555556 0.154296875 0.84375 0.154296875 0.8576388888888888 0.158203125 0.8715277777777778 0.158203125 0.8888888888888888 0.15625 0.8923611111111112 0.158203125 0.8993055555555556 0.15625 0.9027777777777778 0.16015625 0.9097222222222222 0.1484375 0.9236111111111112 0.13671875 0.9479166666666666 0.1328125 0.9479166666666666 0.12890625 0.9375 0.12890625 0.9027777777777778 0.130859375 0.8993055555555556 0.12890625 0.8958333333333334 0.126953125 0.8784722222222222 0.12890625 0.875 0.130859375 0.8541666666666666 0.125 0.8402777777777778 0.142578125 0.8368055555555556
0 0.990234375 0.5572916666666666 0.01953125 0.04513888888888889
0 0.8203125 0.5381944444444444 0.822265625 0.5416666666666666 0.822265625 0.5763888888888888 0.8203125 0.5833333333333334 0.81640625 0.5868055555555556 0.8046875 0.5729166666666666 0.802734375 0.5590277777777778 0.806640625 0.5520833333333334 0.806640625 0.5451388888888888 0.810546875 0.5347222222222222 0.818359375 0.5381944444444444