0 0.625 0.3715277777777778 0.623046875 0.3645833333333333 0.623046875 0.3402777777777778 0.625 0.3368055555555556 0.630859375 0.3368055555555556 0.634765625 0.3506944444444444 0.634765625 0.3680555555555556 0.6328125 0.3715277777777778 0.626953125 0.3715277777777778
0 0.62890625 0.3888888888888889 0.63671875 0.3888888888888889 0.638671875 0.3923611111111111 0.63671875 0.4131944444444444 0.6328125 0.4166666666666667 0.62890625 0.40625 0.62890625 0.3923611111111111
0 0.95703125 0.4861111111111111 0.958984375 0.4895833333333333 0.962890625 0.4895833333333333 0.962890625 0.4965277777777778 0.96484375 0.5 0.962890625 0.5069444444444444 0.96484375 0.5104166666666666 0.96484375 0.5243055555555556 0.962890625 0.5277777777777778 0.951171875 0.5277777777777778 0.9453125 0.5347222222222222 0.93359375 0.5347222222222222 0.927734375 0.5243055555555556 0.927734375 0.5034722222222222 0.931640625 0.4965277777777778 0.9453125 0.4965277777777778 0.94921875 0.4895833333333333 0.955078125 0.4861111111111111
0 0.822265625 0.5104166666666666 0.82421875 0.5138888888888888 0.82421875 0.5451388888888888 0.8203125 0.5520833333333334 0.814453125 0.5520833333333334 0.810546875 0.5486111111111112 0.806640625 0.5416666666666666 0.806640625 0.5347222222222222 0.8046875 0.53125 0.806640625 0.5138888888888888 0.810546875 0.5104166666666666 0.8203125 0.5104166666666666
0 0.275390625 0.4201388888888889 0.279296875 0.4236111111111111 0.279296875 0.4513888888888889 0.27734375 0.4548611111111111 0.255859375 0.4548611111111111 0.25390625 0.4513888888888889 0.25390625 0.4340277777777778 0.2578125 0.4270833333333333 0.263671875 0.4201388888888889 0.2734375 0.4201388888888889
0 0.560546875 0.4583333333333333 0.5703125 0.4583333333333333 0.572265625 0.4618055555555556 0.572265625 0.4756944444444444 0.568359375 0.4895833333333333 0.564453125 0.4895833333333333 0.5625 0.4861111111111111 0.560546875 0.4791666666666667 0.560546875 0.4618055555555556
0 0.67578125 0.46875 0.67578125 0.4861111111111111 0.671875 0.5034722222222222 0.66796875 0.5034722222222222 0.6640625 0.4930555555555556 0.666015625 0.4895833333333333 0.666015625 0.4722222222222222 0.66796875 0.46875 0.673828125 0.46875
0 0.1650390625 0.4965277777777778 0.021484375 0.0625
0 0.53515625 0.3888888888888889 0.5390625 0.3888888888888889 0.546875 0.3958333333333333 0.552734375 0.3958333333333333 0.552734375 0.4097222222222222 0.548828125 0.4166666666666667 0.537109375 0.4166666666666667 0.533203125 0.4027777777777778 0.53515625 0.3923611111111111
0 0.78125 0.40625 0.787109375 0.4027777777777778 0.79296875 0.4097222222222222 0.79296875 0.4340277777777778 0.791015625 0.4409722222222222 0.787109375 0.4444444444444444 0.78515625 0.4444444444444444 0.779296875 0.4305555555555556 0.779296875 0.4131944444444444 0.78125 0.4097222222222222
0 0.193359375 0.4305555555555556 0.1953125 0.4409722222222222 0.201171875 0.4513888888888889 0.201171875 0.4652777777777778 0.19921875 0.46875 0.17578125 0.46875 0.173828125 0.4652777777777778 0.1796875 0.4409722222222222 0.185546875 0.4305555555555556 0.19140625 0.4305555555555556
0 0.982421875 0.53125 0.990234375 0.53125 0.998046875 0.5381944444444444 0.998046875 0.59375 0.994140625 0.5902777777777778 0.98828125 0.5763888888888888 0.982421875 0.5729166666666666 0.98046875 0.5659722222222222 0.98046875 0.5555555555555556 0.978515625 0.5520833333333334 0.982421875 0.5347222222222222
0 0.5732421875 0.3663194444444444 0.029296875 0.03819444444444445
0 0.60546875 0.3263888888888889 0.611328125 0.3333333333333333 0.611328125 0.3541666666666667 0.6015625 0.3611111111111111 0.59375 0.3611111111111111 0.591796875 0.3541666666666667 0.591796875 0.3368055555555556 0.595703125 0.3298611111111111 0.603515625 0.3263888888888889
0 0.75390625 0.3680555555555556 0.755859375 0.375 0.755859375 0.3854166666666667 0.75390625 0.3888888888888889 0.75390625 0.3958333333333333 0.75 0.4027777777777778 0.74609375 0.4027777777777778 0.744140625 0.3993055555555556 0.744140625 0.3715277777777778 0.74609375 0.3680555555555556 0.751953125 0.3680555555555556
0 0.236328125 0.4097222222222222 0.248046875 0.4270833333333333 0.248046875 0.4340277777777778 0.240234375 0.4409722222222222 0.2265625 0.4409722222222222 0.224609375 0.4444444444444444 0.216796875 0.4409722222222222 0.212890625 0.4340277777777778 0.21484375 0.4305555555555556 0.21484375 0.4236111111111111 0.220703125 0.4131944444444444 0.234375 0.4097222222222222