0 0.5390625 0.4097222222222222 0.54296875 0.4166666666666667 0.54296875 0.4375 0.541015625 0.4409722222222222 0.541015625 0.4479166666666667 0.53515625 0.4479166666666667 0.53125 0.4444444444444444 0.53125 0.4131944444444444 0.537109375 0.4097222222222222
0 0.845703125 0.5347222222222222 0.84765625 0.5486111111111112 0.84375 0.5659722222222222 0.83984375 0.5729166666666666 0.83203125 0.5694444444444444 0.828125 0.5625 0.828125 0.5381944444444444 0.830078125 0.5347222222222222 0.833984375 0.5381944444444444 0.837890625 0.5347222222222222 0.84375 0.5347222222222222
0 0.65625 0.3784722222222222 0.654296875 0.3715277777777778 0.654296875 0.3472222222222222 0.65625 0.34375 0.662109375 0.34375 0.6640625 0.3506944444444444 0.662109375 0.3541666666666667 0.6640625 0.3576388888888889 0.658203125 0.375
0 0.94140625 0.71875 0.943359375 0.71875 0.94140625 0.7222222222222222 0.94140625 0.7326388888888888 0.9453125 0.7361111111111112 0.943359375 0.7430555555555556 0.943359375 0.7534722222222222 0.94140625 0.7569444444444444 0.94140625 0.7673611111111112 0.943359375 0.7708333333333334 0.951171875 0.7743055555555556 0.958984375 0.7638888888888888 0.962890625 0.7638888888888888 0.96484375 0.7604166666666666 0.974609375 0.7604166666666666 0.978515625 0.7638888888888888 0.982421875 0.7743055555555556 0.982421875 0.8090277777777778 0.970703125 0.8263888888888888 0.96484375 0.8263888888888888 0.9609375 0.8229166666666666 0.9453125 0.7986111111111112 0.94140625 0.7881944444444444 0.94140625 0.78125 0.9375 0.7743055555555556 0.9375 0.7326388888888888 0.94140625 0.7222222222222222
0 0.9296875 0.4965277777777778 0.943359375 0.4965277777777778 0.951171875 0.5034722222222222 0.958984375 0.5 0.962890625 0.5034722222222222 0.962890625 0.5104166666666666 0.96484375 0.5138888888888888 0.96484375 0.5277777777777778 0.9609375 0.5277777777777778 0.958984375 0.53125 0.951171875 0.5277777777777778 0.9453125 0.5347222222222222 0.93359375 0.5347222222222222 0.927734375 0.5243055555555556 0.9296875 0.5
0 0.16796875 0.4652777777777778 0.171875 0.4756944444444444 0.171875 0.4895833333333333 0.173828125 0.4930555555555556 0.173828125 0.5104166666666666 0.16796875 0.5243055555555556 0.162109375 0.5243055555555556 0.15625 0.5173611111111112 0.15625 0.5069444444444444 0.15234375 0.4895833333333333 0.15234375 0.4791666666666667 0.154296875 0.4722222222222222 0.16015625 0.4652777777777778 0.166015625 0.4652777777777778
0 0.267578125 0.4097222222222222 0.279296875 0.4236111111111111 0.279296875 0.4513888888888889 0.2734375 0.4513888888888889 0.271484375 0.4548611111111111 0.2578125 0.4548611111111111 0.255859375 0.4513888888888889 0.255859375 0.4270833333333333 0.259765625 0.4270833333333333 0.265625 0.4131944444444444
0 0.998046875 0.6944444444444444 0.998046875 0.7465277777777778 0.99609375 0.7534722222222222 0.9921875 0.7534722222222222 0.990234375 0.75 0.990234375 0.7430555555555556 0.984375 0.7326388888888888 0.978515625 0.7152777777777778 0.978515625 0.7083333333333334 0.98046875 0.7048611111111112 0.984375 0.7013888888888888 0.990234375 0.7013888888888888 0.99609375 0.6944444444444444
0 0.2578125 0.5590277777777778 0.26953125 0.5590277777777778 0.28515625 0.5798611111111112 0.28515625 0.5972222222222222 0.283203125 0.6041666666666666 0.26171875 0.6319444444444444 0.2578125 0.6215277777777778 0.2578125 0.5625
0 0.203125 0.625 0.208984375 0.6388888888888888 0.20703125 0.6423611111111112 0.20703125 0.6493055555555556 0.2109375 0.65625 0.212890625 0.65625 0.216796875 0.6493055555555556 0.216796875 0.6423611111111112 0.2265625 0.625 0.228515625 0.625 0.228515625 0.6319444444444444 0.23046875 0.6354166666666666 0.23046875 0.6527777777777778 0.224609375 0.6666666666666666 0.212890625 0.6770833333333334 0.208984375 0.6770833333333334 0.19921875 0.6909722222222222 0.1953125 0.6909722222222222 0.193359375 0.6875 0.19140625 0.6736111111111112 0.1953125 0.6597222222222222 0.193359375 0.6354166666666666 0.19921875 0.625 0.201171875 0.625
0 0.22265625 0.4097222222222222 0.23046875 0.4201388888888889 0.236328125 0.4236111111111111 0.240234375 0.4375 0.236328125 0.4479166666666667 0.208984375 0.4479166666666667 0.20703125 0.4444444444444444 0.1953125 0.4444444444444444 0.19140625 0.4409722222222222 0.19140625 0.4340277777777778 0.193359375 0.4305555555555556 0.203125 0.4305555555555556 0.208984375 0.4166666666666667 0.220703125 0.4097222222222222
0 0.5859375 0.3420138888888889 0.01171875 0.03125
0 0.751953125 0.4131944444444444 0.75390625 0.4166666666666667 0.75390625 0.4270833333333333 0.75 0.4409722222222222 0.744140625 0.4409722222222222 0.744140625 0.4340277777777778 0.740234375 0.4236111111111111 0.744140625 0.4131944444444444 0.75 0.4131944444444444
0 0.255859375 0.4270833333333333 0.263671875 0.4270833333333333 0.265625 0.4305555555555556 0.26953125 0.4270833333333333 0.275390625 0.4270833333333333 0.279296875 0.4340277777777778 0.279296875 0.4513888888888889 0.275390625 0.4513888888888889 0.2734375 0.4548611111111111 0.2578125 0.4548611111111111 0.255859375 0.4513888888888889 0.255859375 0.4305555555555556
0 0.89453125 0.4756944444444444 0.8984375 0.4722222222222222 0.908203125 0.4722222222222222 0.91015625 0.4756944444444444 0.91015625 0.4930555555555556 0.90625 0.5069444444444444 0.8984375 0.5069444444444444 0.892578125 0.4965277777777778 0.892578125 0.4826388888888889 0.89453125 0.4791666666666667
0 0.95703125 0.9236111111111112 0.9609375 0.9201388888888888 0.966796875 0.9270833333333334 0.982421875 0.9340277777777778 0.98828125 0.9409722222222222 0.990234375 0.9479166666666666 0.98828125 0.9513888888888888 0.990234375 0.9548611111111112 0.994140625 0.9548611111111112 0.994140625 0.9618055555555556 0.998046875 0.96875 0.998046875 0.9930555555555556 0.9921875 0.9930555555555556 0.990234375 0.9965277777777778 0.953125 0.9965277777777778 0.951171875 0.9930555555555556 0.953125 0.9895833333333334 0.953125 0.9618055555555556 0.958984375 0.9479166666666666 0.958984375 0.9340277777777778 0.9609375 0.9305555555555556 0.958984375 0.9270833333333334
0 0.57421875 0.3402777777777778 0.578125 0.34375 0.580078125 0.3506944444444444 0.580078125 0.3611111111111111 0.576171875 0.375 0.56640625 0.375 0.564453125 0.3715277777777778 0.56640625 0.3472222222222222 0.572265625 0.3402777777777778
0 0.673828125 0.3958333333333333 0.67578125 0.3923611111111111 0.673828125 0.3888888888888889 0.673828125 0.3819444444444444 0.67578125 0.3784722222222222 0.681640625 0.3784722222222222 0.68359375 0.3854166666666667 0.681640625 0.3888888888888889 0.681640625 0.3958333333333333 0.677734375 0.4097222222222222 0.67578125 0.40625 0.67578125 0.3993055555555556
0 0.701171875 0.4270833333333333 0.701171875 0.4027777777777778 0.703125 0.3993055555555556 0.708984375 0.3993055555555556 0.7109375 0.4027777777777778 0.708984375 0.4236111111111111 0.705078125 0.4305555555555556 0.703125 0.4270833333333333
0 0.56640625 0.6458333333333334 0.5703125 0.6527777777777778 0.5703125 0.6736111111111112 0.5625 0.6840277777777778 0.5625 0.6909722222222222 0.55859375 0.6909722222222222 0.552734375 0.6701388888888888 0.552734375 0.6527777777777778 0.55859375 0.6458333333333334 0.564453125 0.6458333333333334
0 0.740234375 0.3333333333333333 0.744140625 0.3333333333333333 0.748046875 0.34375 0.748046875 0.3506944444444444 0.744140625 0.3576388888888889 0.73828125 0.3576388888888889 0.73828125 0.3402777777777778 0.740234375 0.3368055555555556
0 0.7734375 0.4340277777777778 0.787109375 0.4409722222222222 0.787109375 0.4583333333333333 0.78515625 0.4652777777777778 0.78125 0.46875 0.7734375 0.4513888888888889 0.7734375 0.4375