0 0.939453125 0.4965277777777778 0.94140625 0.5 0.947265625 0.5 0.953125 0.4895833333333333 0.958984375 0.4895833333333333 0.96484375 0.5 0.962890625 0.5034722222222222 0.96484375 0.5104166666666666 0.96484375 0.5243055555555556 0.962890625 0.5277777777777778 0.951171875 0.5277777777777778 0.9453125 0.5347222222222222 0.93359375 0.5347222222222222 0.9296875 0.53125 0.927734375 0.5243055555555556 0.927734375 0.5 0.931640625 0.4965277777777778 0.9375 0.4965277777777778
0 0.24609375 0.9340277777777778 0.25390625 0.9409722222222222 0.25390625 0.9479166666666666 0.255859375 0.9513888888888888 0.255859375 0.9756944444444444 0.259765625 0.9826388888888888 0.26953125 0.9826388888888888 0.275390625 0.9722222222222222 0.2734375 0.9513888888888888 0.275390625 0.9479166666666666 0.275390625 0.9409722222222222 0.27734375 0.9444444444444444 0.27734375 0.9618055555555556 0.275390625 0.9652777777777778 0.275390625 0.9826388888888888 0.27734375 0.9861111111111112 0.27734375 0.9930555555555556 0.2734375 0.9930555555555556 0.271484375 0.9965277777777778 0.23046875 0.9965277777777778 0.23046875 0.9861111111111112 0.228515625 0.9826388888888888 0.23046875 0.9618055555555556 0.236328125 0.9444444444444444 0.236328125 0.9375 0.23828125 0.9340277777777778 0.244140625 0.9340277777777778
0 0.048828125 0.6840277777777778 0.0546875 0.6979166666666666 0.05859375 0.7013888888888888 0.064453125 0.7013888888888888 0.06640625 0.7048611111111112 0.0703125 0.6979166666666666 0.0703125 0.6875 0.072265625 0.6840277777777778 0.076171875 0.6840277777777778 0.076171875 0.7013888888888888 0.07421875 0.7048611111111112 0.07421875 0.7152777777777778 0.068359375 0.7256944444444444 0.052734375 0.7291666666666666 0.048828125 0.7326388888888888 0.041015625 0.75 0.037109375 0.75 0.033203125 0.7430555555555556 0.033203125 0.7256944444444444 0.029296875 0.7083333333333334 0.033203125 0.6909722222222222 0.037109375 0.6840277777777778 0.046875 0.6840277777777778
0 0.236328125 0.7152777777777778 0.240234375 0.7291666666666666 0.240234375 0.7604166666666666 0.23828125 0.7673611111111112 0.23046875 0.78125 0.228515625 0.78125 0.212890625 0.8125 0.208984375 0.8125 0.205078125 0.8020833333333334 0.205078125 0.7465277777777778 0.20703125 0.7430555555555556 0.20703125 0.7326388888888888 0.203125 0.7256944444444444 0.205078125 0.7222222222222222 0.20703125 0.7256944444444444 0.228515625 0.7256944444444444 0.234375 0.71875
0 0.1015625 0.6041666666666666 0.109375 0.6041666666666666 0.1171875 0.6180555555555556 0.126953125 0.625 0.13671875 0.6597222222222222 0.134765625 0.6666666666666666 0.13671875 0.6701388888888888 0.134765625 0.6840277777777778 0.130859375 0.6909722222222222 0.119140625 0.7013888888888888 0.11328125 0.7013888888888888 0.109375 0.6944444444444444 0.109375 0.6840277777777778 0.111328125 0.6805555555555556 0.109375 0.6736111111111112 0.10546875 0.6701388888888888 0.1015625 0.6736111111111112 0.09375 0.6736111111111112 0.09375 0.6666666666666666 0.095703125 0.6631944444444444 0.09375 0.6597222222222222 0.09375 0.6458333333333334 0.099609375 0.6284722222222222 0.099609375 0.6145833333333334 0.1015625 0.6076388888888888
0 0.95703125 0.65625 0.958984375 0.6597222222222222 0.958984375 0.6840277777777778 0.955078125 0.6979166666666666 0.94921875 0.7048611111111112 0.943359375 0.7048611111111112 0.9375 0.6979166666666666 0.921875 0.6979166666666666 0.919921875 0.6944444444444444 0.921875 0.6701388888888888 0.923828125 0.6631944444444444 0.92578125 0.6631944444444444 0.931640625 0.6527777777777778 0.953125 0.6527777777777778 0.955078125 0.65625
0 0.216796875 0.5416666666666666 0.22265625 0.5486111111111112 0.22265625 0.5902777777777778 0.220703125 0.5972222222222222 0.216796875 0.6006944444444444 0.20703125 0.6006944444444444 0.203125 0.59375 0.203125 0.5451388888888888 0.205078125 0.5416666666666666 0.21484375 0.5416666666666666
0 0.681640625 0.5381944444444444 0.68359375 0.5347222222222222 0.697265625 0.5347222222222222 0.69921875 0.5381944444444444 0.69921875 0.5555555555555556 0.6953125 0.5659722222222222 0.685546875 0.5659722222222222 0.68359375 0.5590277777777778 0.68359375 0.5416666666666666
0 0.107421875 0.7048611111111112 0.115234375 0.7048611111111112 0.115234375 0.7291666666666666 0.1171875 0.7326388888888888 0.1171875 0.7534722222222222 0.115234375 0.7569444444444444 0.115234375 0.7638888888888888 0.107421875 0.7743055555555556 0.09765625 0.7743055555555556 0.09375 0.7777777777777778 0.087890625 0.7881944444444444 0.087890625 0.7951388888888888 0.080078125 0.8090277777777778 0.076171875 0.8090277777777778 0.072265625 0.8020833333333334 0.072265625 0.7430555555555556 0.076171875 0.7326388888888888 0.07421875 0.7291666666666666 0.078125 0.7222222222222222 0.087890625 0.7222222222222222 0.09375 0.7326388888888888 0.09375 0.7395833333333334 0.1015625 0.7569444444444444 0.10546875 0.7465277777777778 0.103515625 0.7395833333333334 0.107421875 0.7291666666666666 0.10546875 0.7222222222222222 0.107421875 0.71875 0.107421875 0.7083333333333334
0 0.169921875 0.4756944444444444 0.173828125 0.4930555555555556 0.173828125 0.5104166666666666 0.171875 0.5173611111111112 0.166015625 0.5243055555555556 0.158203125 0.5208333333333334 0.15625 0.5138888888888888 0.15625 0.5034722222222222 0.154296875 0.5 0.154296875 0.4861111111111111 0.15625 0.4791666666666667 0.16796875 0.4756944444444444
0 0.25390625 0.6354166666666666 0.255859375 0.6423611111111112 0.255859375 0.6631944444444444 0.25390625 0.6666666666666666 0.2578125 0.6736111111111112 0.255859375 0.6770833333333334 0.25390625 0.6944444444444444 0.25 0.7013888888888888 0.244140625 0.7048611111111112 0.240234375 0.7152777777777778 0.2265625 0.6805555555555556 0.228515625 0.65625 0.232421875 0.6527777777777778 0.23828125 0.6527777777777778 0.240234375 0.65625 0.251953125 0.6388888888888888
0 0.82421875 0.7430555555555556 0.828125 0.7465277777777778 0.830078125 0.7534722222222222 0.830078125 0.7847222222222222 0.82421875 0.7951388888888888 0.82421875 0.7986111111111112 0.8203125 0.8020833333333334 0.81640625 0.8020833333333334 0.810546875 0.7916666666666666 0.810546875 0.7881944444444444 0.802734375 0.7777777777777778 0.798828125 0.7638888888888888 0.798828125 0.7534722222222222 0.802734375 0.7569444444444444 0.8046875 0.7534722222222222 0.80859375 0.7534722222222222 0.81640625 0.7430555555555556 0.822265625 0.7430555555555556
0 0.73046875 0.5173611111111112 0.73828125 0.5243055555555556 0.73828125 0.5347222222222222 0.734375 0.5520833333333334 0.728515625 0.5520833333333334 0.7265625 0.5486111111111112 0.724609375 0.5277777777777778 0.728515625 0.5208333333333334
0 0.126953125 0.9756944444444444 0.130859375 0.9826388888888888 0.130859375 0.9930555555555556 0.12890625 0.9965277777777778 0.0859375 0.9965277777777778 0.087890625 0.9895833333333334 0.09375 0.9895833333333334 0.1015625 0.9826388888888888 0.1171875 0.9826388888888888 0.125 0.9756944444444444
0 0.556640625 0.4618055555555556 0.55859375 0.4652777777777778 0.56640625 0.4618055555555556 0.568359375 0.46875 0.568359375 0.5 0.56640625 0.5034722222222222 0.560546875 0.5034722222222222 0.5546875 0.4895833333333333 0.5546875 0.46875 0.556640625 0.4652777777777778
0 0.251953125 0.4479166666666667 0.26171875 0.4479166666666667 0.263671875 0.4513888888888889 0.263671875 0.4652777777777778 0.265625 0.46875 0.265625 0.4861111111111111 0.2578125 0.5 0.25390625 0.5 0.251953125 0.4930555555555556 0.251953125 0.4756944444444444 0.25 0.4722222222222222 0.25 0.4548611111111111 0.251953125 0.4513888888888889
0 0.84765625 0.6909722222222222 0.85546875 0.6944444444444444 0.859375 0.6840277777777778 0.876953125 0.6840277777777778 0.876953125 0.7118055555555556 0.875 0.7152777777777778 0.875 0.7222222222222222 0.869140625 0.7326388888888888 0.86328125 0.7326388888888888 0.849609375 0.7083333333333334 0.84765625 0.6944444444444444
0 0.25390625 0.5451388888888888 0.2578125 0.5416666666666666 0.271484375 0.5416666666666666 0.275390625 0.5520833333333334 0.275390625 0.5729166666666666 0.2734375 0.5763888888888888 0.267578125 0.5763888888888888 0.2578125 0.5833333333333334 0.25390625 0.5729166666666666 0.25390625 0.5486111111111112
0 0.3125 0.8680555555555556 0.314453125 0.8715277777777778 0.328125 0.8715277777777778 0.33203125 0.875 0.3359375 0.8819444444444444 0.3359375 0.8888888888888888 0.337890625 0.8923611111111112 0.337890625 0.90625 0.3359375 0.9131944444444444 0.328125 0.9201388888888888 0.322265625 0.9305555555555556 0.314453125 0.9583333333333334 0.310546875 0.9583333333333334 0.306640625 0.9409722222222222 0.306640625 0.9305555555555556 0.30859375 0.9270833333333334 0.30859375 0.875 0.306640625 0.8715277777777778 0.310546875 0.8680555555555556
0 0.591796875 0.4791666666666667 0.595703125 0.4965277777777778 0.591796875 0.5138888888888888 0.576171875 0.5034722222222222 0.576171875 0.4791666666666667 0.578125 0.4756944444444444 0.58984375 0.4791666666666667
0 0.162109375 0.7326388888888888 0.169921875 0.7534722222222222 0.173828125 0.7534722222222222 0.177734375 0.7465277777777778 0.181640625 0.7465277777777778 0.185546875 0.7361111111111112 0.185546875 0.7673611111111112 0.18359375 0.7708333333333334 0.185546875 0.7777777777777778 0.185546875 0.7916666666666666 0.181640625 0.7986111111111112 0.177734375 0.7986111111111112 0.17578125 0.7951388888888888 0.162109375 0.7986111111111112 0.158203125 0.8159722222222222 0.154296875 0.8229166666666666 0.1484375 0.8229166666666666 0.14453125 0.8159722222222222 0.14453125 0.8090277777777778 0.142578125 0.8055555555555556 0.142578125 0.7916666666666666 0.14453125 0.7881944444444444 0.142578125 0.7569444444444444 0.14453125 0.7534722222222222 0.14453125 0.7361111111111112 0.146484375 0.7326388888888888 0.16015625 0.7326388888888888
0 0.69140625 0.4166666666666667 0.6953125 0.4131944444444444 0.701171875 0.4131944444444444 0.705078125 0.4201388888888889 0.705078125 0.4270833333333333 0.701171875 0.4409722222222222 0.697265625 0.4409722222222222 0.6953125 0.4444444444444444 0.69140625 0.4305555555555556 0.69140625 0.4201388888888889
0 0.697265625 0.3680555555555556 0.69921875 0.3854166666666667 0.693359375 0.3958333333333333 0.689453125 0.3958333333333333 0.6875 0.3888888888888889 0.6875 0.3715277777777778 0.689453125 0.3680555555555556 0.6953125 0.3680555555555556