0 0.767578125 0.40625 0.771484375 0.4131944444444444 0.771484375 0.4236111111111111 0.767578125 0.4340277777777778 0.76171875 0.4305555555555556 0.7578125 0.4236111111111111 0.7578125 0.4097222222222222 0.759765625 0.40625 0.765625 0.40625
0 0.642578125 0.3333333333333333 0.642578125 0.3263888888888889 0.640625 0.3229166666666667 0.640625 0.3090277777777778 0.642578125 0.3055555555555556 0.650390625 0.3090277777777778 0.650390625 0.3298611111111111 0.646484375 0.3368055555555556 0.64453125 0.3333333333333333
0 0.865234375 0.7048611111111112 0.869140625 0.7048611111111112 0.875 0.6909722222222222 0.892578125 0.6909722222222222 0.89453125 0.6944444444444444 0.89453125 0.7083333333333334 0.896484375 0.7118055555555556 0.896484375 0.7291666666666666 0.89453125 0.7291666666666666 0.888671875 0.7430555555555556 0.884765625 0.7430555555555556 0.87890625 0.7326388888888888 0.87890625 0.7291666666666666 0.865234375 0.7083333333333334
0 0.65625 0.3819444444444444 0.66015625 0.3819444444444444 0.666015625 0.3888888888888889 0.6640625 0.4097222222222222 0.658203125 0.4097222222222222 0.65625 0.4027777777777778 0.65625 0.3854166666666667
0 0.8984375 0.5798611111111112 0.900390625 0.5833333333333334 0.9140625 0.5833333333333334 0.916015625 0.5972222222222222 0.919921875 0.6076388888888888 0.919921875 0.6145833333333334 0.9140625 0.625 0.9140625 0.6319444444444444 0.908203125 0.6319444444444444 0.890625 0.6076388888888888 0.888671875 0.5833333333333334 0.892578125 0.5763888888888888 0.896484375 0.5798611111111112
0 0 0.7708333333333334 0.00390625 0.7708333333333334 0.013671875 0.7951388888888888 0.01171875 0.8263888888888888 0.0078125 0.8333333333333334 0 0.8368055555555556 0 0.7743055555555556
0 0.802734375 0.4861111111111111 0.8046875 0.5138888888888888 0.798828125 0.5208333333333334 0.796875 0.5173611111111112 0.79296875 0.5173611111111112 0.7890625 0.5104166666666666 0.787109375 0.4965277777777778 0.791015625 0.4861111111111111 0.80078125 0.4861111111111111
0 0.541015625 0.3229166666666667 0.54296875 0.3194444444444444 0.54296875 0.3090277777777778 0.552734375 0.2986111111111111 0.55859375 0.2986111111111111 0.560546875 0.3020833333333333 0.560546875 0.3055555555555556 0.56640625 0.3159722222222222 0.56640625 0.3263888888888889 0.544921875 0.3263888888888889 0.54296875 0.3229166666666667
0 0.767578125 0.3854166666666667 0.771484375 0.3923611111111111 0.771484375 0.4236111111111111 0.767578125 0.4340277777777778 0.76171875 0.4305555555555556 0.7578125 0.4236111111111111 0.7578125 0.3958333333333333 0.759765625 0.3888888888888889 0.765625 0.3854166666666667
0 0.7578125 0.4652777777777778 0.7578125 0.4791666666666667 0.759765625 0.4861111111111111 0.755859375 0.5 0.748046875 0.5 0.744140625 0.4965277777777778 0.7421875 0.4895833333333333 0.7421875 0.4756944444444444 0.75 0.4652777777777778 0.755859375 0.4652777777777778
0 0.99609375 0.5347222222222222 0.998046875 0.5381944444444444 0.998046875 0.5729166666666666 0.99609375 0.5763888888888888 0.986328125 0.5763888888888888 0.98046875 0.5659722222222222 0.98046875 0.5451388888888888 0.982421875 0.5381944444444444 0.986328125 0.53125 0.9921875 0.53125 0.994140625 0.5347222222222222
0 0.74609375 0.6354166666666666 0.755859375 0.6458333333333334 0.767578125 0.6458333333333334 0.771484375 0.6631944444444444 0.76953125 0.6701388888888888 0.76953125 0.6875 0.763671875 0.7048611111111112 0.759765625 0.7048611111111112 0.748046875 0.6840277777777778 0.748046875 0.6770833333333334 0.744140625 0.6666666666666666 0.74609375 0.6597222222222222 0.744140625 0.6527777777777778 0.744140625 0.6423611111111112 0.74609375 0.6388888888888888
0 0.748046875 0.6423611111111112 0.75390625 0.6493055555555556 0.767578125 0.6527777777777778 0.76953125 0.65625 0.771484375 0.6631944444444444 0.76953125 0.6666666666666666 0.76953125 0.6875 0.765625 0.7013888888888888 0.76171875 0.7048611111111112 0.75 0.6875 0.74609375 0.6736111111111112 0.74609375 0.6458333333333334
0 0.806640625 0.5625 0.810546875 0.5694444444444444 0.810546875 0.6006944444444444 0.80859375 0.6076388888888888 0.806640625 0.6111111111111112 0.80078125 0.6111111111111112 0.79296875 0.59375 0.79296875 0.5763888888888888 0.798828125 0.5659722222222222 0.8046875 0.5659722222222222
0 0.68359375 0.3506944444444444 0.01171875 0.027777777777777776
0 0.9482421875 0.5121527777777778 0.041015625 0.052083333333333336