0 0.7265625 0.3645833333333333 0.732421875 0.3680555555555556 0.732421875 0.3923611111111111 0.73046875 0.3993055555555556 0.724609375 0.3993055555555556 0.724609375 0.3715277777777778 0.7265625 0.3680555555555556
0 0.806640625 0.6111111111111112 0.80859375 0.6145833333333334 0.82421875 0.6145833333333334 0.826171875 0.6180555555555556 0.828125 0.625 0.828125 0.6493055555555556 0.826171875 0.65625 0.818359375 0.6631944444444444 0.810546875 0.65625 0.80859375 0.6493055555555556 0.8046875 0.6458333333333334 0.802734375 0.6388888888888888 0.802734375 0.6284722222222222 0.8046875 0.625 0.802734375 0.6215277777777778 0.8046875 0.6145833333333334
0 0.712890625 0.4618055555555556 0.71484375 0.4652777777777778 0.724609375 0.4652777777777778 0.7265625 0.4722222222222222 0.7265625 0.4895833333333333 0.72265625 0.4965277777777778 0.712890625 0.4965277777777778 0.708984375 0.4861111111111111 0.708984375 0.4652777777777778 0.7109375 0.4652777777777778
0 0.9453125 0.7569444444444444 0.9453125 0.7638888888888888 0.947265625 0.7673611111111112 0.9453125 0.7708333333333334 0.9453125 0.8020833333333334 0.943359375 0.8020833333333334 0.935546875 0.8159722222222222 0.916015625 0.7881944444444444 0.9140625 0.78125 0.9140625 0.7673611111111112 0.919921875 0.7534722222222222 0.94140625 0.7534722222222222 0.943359375 0.7569444444444444
0 0.923828125 0.5729166666666666 0.923828125 0.5798611111111112 0.92578125 0.5833333333333334 0.923828125 0.5868055555555556 0.923828125 0.59375 0.921875 0.6006944444444444 0.916015625 0.6076388888888888 0.912109375 0.6076388888888888 0.90625 0.5972222222222222 0.896484375 0.5902777777777778 0.896484375 0.5833333333333334 0.89453125 0.5798611111111112 0.8984375 0.5694444444444444 0.90234375 0.5729166666666666 0.921875 0.5729166666666666
0 0.552734375 0.4305555555555556 0.55859375 0.4444444444444444 0.55859375 0.4548611111111111 0.556640625 0.4583333333333333 0.556640625 0.4652777777777778 0.55078125 0.4722222222222222 0.5390625 0.46875 0.53125 0.4583333333333333 0.525390625 0.4583333333333333 0.521484375 0.4479166666666667 0.525390625 0.4375 0.525390625 0.4305555555555556 0.533203125 0.4201388888888889 0.537109375 0.4236111111111111 0.537109375 0.4305555555555556 0.541015625 0.4444444444444444 0.54296875 0.4444444444444444 0.546875 0.4340277777777778 0.55078125 0.4305555555555556
0 0.162109375 0.6493055555555556 0.158203125 0.6666666666666666 0.15625 0.6666666666666666 0.142578125 0.6875 0.140625 0.6875 0.140625 0.6527777777777778 0.14453125 0.6458333333333334 0.158203125 0.6458333333333334 0.16015625 0.6493055555555556
0 0.654296875 0.3263888888888889 0.662109375 0.3263888888888889 0.662109375 0.3506944444444444 0.66015625 0.3541666666666667 0.65625 0.3541666666666667 0.654296875 0.3506944444444444 0.654296875 0.3298611111111111
0 0.84765625 0.5763888888888888 0.857421875 0.5763888888888888 0.857421875 0.5902777777777778 0.8515625 0.6041666666666666 0.8515625 0.6111111111111112 0.8515625 0.6041666666666666 0.84765625 0.5972222222222222 0.84765625 0.5798611111111112
0 0.560546875 0.3576388888888889 0.5625 0.3611111111111111 0.5625 0.3819444444444444 0.55859375 0.3888888888888889 0.5546875 0.3819444444444444 0.5546875 0.3611111111111111 0.55859375 0.3576388888888889
0 0.158203125 0.5208333333333334 0.158203125 0.5138888888888888 0.15234375 0.4930555555555556 0.15234375 0.4756944444444444 0.15625 0.4652777777777778 0.166015625 0.4652777777777778 0.169921875 0.4722222222222222 0.171875 0.4791666666666667 0.171875 0.4895833333333333 0.173828125 0.4930555555555556 0.173828125 0.5104166666666666 0.171875 0.5173611111111112 0.16796875 0.5243055555555556 0.16015625 0.5208333333333334
0 0.95703125 0.9548611111111112 0.958984375 0.9583333333333334 0.9609375 0.9548611111111112 0.96484375 0.9548611111111112 0.974609375 0.96875 0.98046875 0.96875 0.986328125 0.9583333333333334 0.998046875 0.9583333333333334 0.998046875 0.9965277777777778 0.951171875 0.9965277777777778 0.94921875 0.9930555555555556 0.94921875 0.96875 0.951171875 0.9618055555555556 0.955078125 0.9583333333333334
0 0.6171875 0.6631944444444444 0.62109375 0.6631944444444444 0.626953125 0.6736111111111112 0.626953125 0.6979166666666666 0.623046875 0.7083333333333334 0.6171875 0.7152777777777778 0.60546875 0.7152777777777778 0.59765625 0.7256944444444444 0.591796875 0.7256944444444444 0.583984375 0.7152777777777778 0.5859375 0.7083333333333334 0.5859375 0.6875 0.587890625 0.6840277777777778 0.587890625 0.6736111111111112 0.61328125 0.6770833333333334 0.6171875 0.6666666666666666
0 0.771484375 0.5486111111111112 0.7734375 0.5555555555555556 0.7734375 0.5729166666666666 0.76953125 0.5902777777777778 0.763671875 0.5902777777777778 0.755859375 0.5833333333333334 0.755859375 0.5555555555555556 0.7578125 0.5520833333333334 0.765625 0.5520833333333334 0.76953125 0.5486111111111112
0 0.041015625 0.84375 0.04296875 0.84375 0.048828125 0.8541666666666666 0.044921875 0.8715277777777778 0.044921875 0.8923611111111112 0.04296875 0.8993055555555556 0.029296875 0.9270833333333334 0.01953125 0.9340277777777778 0.00390625 0.9583333333333334 0 0.9583333333333334 0 0.8715277777777778 0.01171875 0.8715277777777778 0.015625 0.8888888888888888 0.015625 0.9027777777777778 0.017578125 0.9097222222222222 0.0234375 0.9201388888888888 0.033203125 0.9201388888888888 0.03515625 0.9166666666666666 0.03515625 0.90625 0.0390625 0.8958333333333334 0.037109375 0.8576388888888888 0.041015625 0.8472222222222222
0 0.564453125 0.6388888888888888 0.5703125 0.6284722222222222 0.580078125 0.6284722222222222 0.5859375 0.6423611111111112 0.5859375 0.6597222222222222 0.578125 0.6770833333333334 0.572265625 0.6770833333333334 0.572265625 0.6736111111111112 0.564453125 0.6631944444444444 0.56640625 0.65625 0.56640625 0.6423611111111112
0 0.1953125 0.5868055555555556 0.19140625 0.5694444444444444 0.19140625 0.5555555555555556 0.1953125 0.5486111111111112 0.1953125 0.5416666666666666 0.201171875 0.53125 0.203125 0.53125 0.203125 0.5381944444444444 0.21484375 0.5625 0.21484375 0.5729166666666666 0.201171875 0.5868055555555556 0.197265625 0.5868055555555556
0 0.833984375 0.4930555555555556 0.837890625 0.5 0.837890625 0.5347222222222222 0.8359375 0.5381944444444444 0.830078125 0.5381944444444444 0.826171875 0.5347222222222222 0.8203125 0.5208333333333334 0.8203125 0.4965277777777778 0.828125 0.4965277777777778 0.83203125 0.4930555555555556
0 0.798828125 0.5173611111111112 0.810546875 0.5173611111111112 0.8125 0.5208333333333334 0.8125 0.5416666666666666 0.80859375 0.5520833333333334 0.80859375 0.5590277777777778 0.802734375 0.5659722222222222 0.796875 0.5520833333333334 0.796875 0.5277777777777778 0.798828125 0.5208333333333334
0 0.73046875 0.4479166666666667 0.736328125 0.4548611111111111 0.740234375 0.4513888888888889 0.74609375 0.4618055555555556 0.74609375 0.4652777777777778 0.75 0.46875 0.748046875 0.4791666666666667 0.736328125 0.4965277777777778 0.728515625 0.4930555555555556 0.728515625 0.4826388888888889 0.7265625 0.4791666666666667 0.7265625 0.4583333333333333 0.728515625 0.4513888888888889
0 0.966796875 0.8888888888888888 0.96875 0.8923611111111112 0.97265625 0.8888888888888888 0.96875 0.8958333333333334 0.970703125 0.8993055555555556 0.96875 0.9027777777777778 0.978515625 0.9166666666666666 0.98046875 0.9236111111111112 0.98046875 0.9375 0.982421875 0.9409722222222222 0.986328125 0.9409722222222222 0.98828125 0.9444444444444444 0.986328125 0.9479166666666666 0.990234375 0.9548611111111112 0.998046875 0.9548611111111112 0.998046875 0.9965277777777778 0.951171875 0.9965277777777778 0.94921875 0.9930555555555556 0.94921875 0.96875 0.953125 0.9583333333333334 0.955078125 0.8993055555555556 0.9609375 0.8923611111111112 0.96484375 0.8923611111111112
0 0.94921875 0.4895833333333333 0.9609375 0.4861111111111111 0.96484375 0.4930555555555556 0.96484375 0.5208333333333334 0.966796875 0.5243055555555556 0.96484375 0.5277777777777778 0.953125 0.5277777777777778 0.9453125 0.5347222222222222 0.93359375 0.5347222222222222 0.92578125 0.5173611111111112 0.92578125 0.5069444444444444 0.9296875 0.4965277777777778 0.947265625 0.4965277777777778 0.94921875 0.4930555555555556
0 0.8408203125 0.6215277777777778 0.025390625 0.05555555555555555
0 0.6875 0.4131944444444444 0.69140625 0.4201388888888889 0.689453125 0.4236111111111111 0.689453125 0.4409722222222222 0.6875 0.4444444444444444 0.68359375 0.4444444444444444 0.6796875 0.4270833333333333 0.6796875 0.4201388888888889 0.685546875 0.4131944444444444
0 0.650390625 0.6388888888888888 0.65234375 0.6388888888888888 0.658203125 0.6527777777777778 0.666015625 0.6493055555555556 0.669921875 0.65625 0.673828125 0.65625 0.673828125 0.6770833333333334 0.66796875 0.6875 0.66796875 0.6909722222222222 0.654296875 0.6909722222222222 0.654296875 0.6770833333333334 0.650390625 0.6666666666666666 0.650390625 0.6423611111111112
0 0.69140625 0.4965277777777778 0.6953125 0.4965277777777778 0.69921875 0.5034722222222222 0.708984375 0.5034722222222222 0.7109375 0.5104166666666666 0.7109375 0.5243055555555556 0.70703125 0.5347222222222222 0.70703125 0.5416666666666666 0.703125 0.5416666666666666 0.693359375 0.5277777777777778 0.693359375 0.5208333333333334 0.69140625 0.5173611111111112 0.69140625 0.5
0 0.7109375 0.3888888888888889 0.712890625 0.3923611111111111 0.712890625 0.40625 0.708984375 0.4201388888888889 0.705078125 0.4201388888888889 0.701171875 0.4131944444444444 0.701171875 0.3923611111111111 0.708984375 0.3888888888888889
0 0.775390625 0.5381944444444444 0.779296875 0.5416666666666666 0.783203125 0.5381944444444444 0.79296875 0.5381944444444444 0.796875 0.5520833333333334 0.794921875 0.5694444444444444 0.7890625 0.5763888888888888 0.783203125 0.5763888888888888 0.779296875 0.5694444444444444 0.779296875 0.5520833333333334 0.775390625 0.5416666666666666
0 0.794921875 0.4548611111111111 0.80078125 0.46875 0.80078125 0.4861111111111111 0.794921875 0.4965277777777778 0.787109375 0.4930555555555556 0.78515625 0.4861111111111111 0.78515625 0.4618055555555556 0.79296875 0.4548611111111111
0 0.98046875 0.5243055555555556 0.98828125 0.53125 0.994140625 0.53125 0.998046875 0.5347222222222222 0.998046875 0.59375 0.99609375 0.59375 0.98828125 0.5763888888888888 0.982421875 0.5729166666666666 0.98046875 0.5659722222222222 0.98046875 0.5555555555555556 0.978515625 0.5520833333333334 0.982421875 0.5381944444444444 0.982421875 0.5277777777777778