0 0.765625 0.4618055555555556 0.7734375 0.46875 0.76953125 0.5138888888888888 0.76171875 0.5138888888888888 0.755859375 0.5 0.755859375 0.4756944444444444 0.7578125 0.4722222222222222 0.7578125 0.4652777777777778 0.763671875 0.4652777777777778
0 0.755859375 0.4131944444444444 0.7578125 0.4166666666666667 0.765625 0.4166666666666667 0.765625 0.4375 0.76171875 0.4444444444444444 0.7578125 0.4444444444444444 0.755859375 0.4409722222222222 0.755859375 0.4305555555555556 0.75390625 0.4270833333333333 0.755859375 0.4236111111111111 0.75390625 0.4166666666666667
0 0.96484375 0.4826388888888889 0.966796875 0.4861111111111111 0.966796875 0.4965277777777778 0.96484375 0.5 0.96484375 0.5243055555555556 0.962890625 0.5277777777777778 0.939453125 0.53125 0.9375 0.5347222222222222 0.935546875 0.53125 0.931640625 0.53125 0.927734375 0.5208333333333334 0.927734375 0.5104166666666666 0.9296875 0.5034722222222222 0.939453125 0.4965277777777778 0.943359375 0.5 0.94921875 0.5 0.951171875 0.5034722222222222 0.95703125 0.5034722222222222 0.958984375 0.5 0.958984375 0.4861111111111111 0.962890625 0.4826388888888889
0 0.708984375 0.3784722222222222 0.7109375 0.3819444444444444 0.7109375 0.3958333333333333 0.708984375 0.3993055555555556 0.708984375 0.40625 0.705078125 0.4097222222222222 0.701171875 0.40625 0.69921875 0.3819444444444444 0.701171875 0.3784722222222222 0.70703125 0.3784722222222222
0 0.18359375 0.3611111111111111 0.185546875 0.3611111111111111 0.19921875 0.3819444444444444 0.19921875 0.3958333333333333 0.197265625 0.3993055555555556 0.189453125 0.3958333333333333 0.18359375 0.375 0.18359375 0.3645833333333333
0 0 0.6319444444444444 0.005859375 0.6319444444444444 0.015625 0.6458333333333334 0.02734375 0.6840277777777778 0.02734375 0.6979166666666666 0.025390625 0.7013888888888888 0.025390625 0.7083333333333334 0.021484375 0.7152777777777778 0.017578125 0.7152777777777778 0.013671875 0.7222222222222222 0 0.7222222222222222 0 0.6354166666666666
0 0.544921875 0.3263888888888889 0.552734375 0.3402777777777778 0.552734375 0.3506944444444444 0.55078125 0.3576388888888889 0.544921875 0.3645833333333333 0.537109375 0.3645833333333333 0.533203125 0.3541666666666667 0.533203125 0.3368055555555556 0.537109375 0.3298611111111111 0.54296875 0.3263888888888889
0 0.99609375 0.5347222222222222 0.998046875 0.5381944444444444 0.998046875 0.5833333333333334 0.9921875 0.5833333333333334 0.98828125 0.5798611111111112 0.98046875 0.5659722222222222 0.98046875 0.5416666666666666 0.984375 0.5347222222222222 0.994140625 0.5347222222222222
0 0.7109375 0.4548611111111111 0.716796875 0.4548611111111111 0.71875 0.4513888888888889 0.72265625 0.4548611111111111 0.72265625 0.4722222222222222 0.71875 0.4861111111111111 0.7109375 0.4826388888888889 0.7109375 0.4583333333333333
0 0.107421875 0.5694444444444444 0.109375 0.5729166666666666 0.109375 0.5868055555555556 0.11328125 0.6006944444444444 0.11328125 0.6145833333333334 0.109375 0.6215277777777778 0.099609375 0.625 0.08984375 0.6354166666666666 0.0859375 0.6319444444444444 0.0859375 0.6180555555555556 0.087890625 0.6145833333333334 0.087890625 0.5972222222222222 0.08984375 0.59375 0.091796875 0.5763888888888888 0.09375 0.5729166666666666 0.1015625 0.5729166666666666 0.10546875 0.5694444444444444
0 0.24609375 0.4791666666666667 0.248046875 0.4826388888888889 0.248046875 0.5208333333333334 0.23828125 0.5277777777777778 0.232421875 0.5277777777777778 0.232421875 0.5208333333333334 0.23046875 0.5173611111111112 0.23046875 0.4861111111111111 0.232421875 0.4826388888888889 0.240234375 0.4826388888888889 0.244140625 0.4791666666666667
0 0.853515625 0.6493055555555556 0.857421875 0.6423611111111112 0.87890625 0.6423611111111112 0.8828125 0.6527777777777778 0.87890625 0.6666666666666666 0.87890625 0.6805555555555556 0.873046875 0.6875 0.8671875 0.6840277777777778 0.859375 0.6736111111111112 0.85546875 0.6631944444444444 0.85546875 0.6527777777777778
0 0.6015625 0.3333333333333333 0.60546875 0.3402777777777778 0.60546875 0.3506944444444444 0.6015625 0.3576388888888889 0.59765625 0.3576388888888889 0.59375 0.3506944444444444 0.595703125 0.3368055555555556 0.599609375 0.3333333333333333
0 0.5703125 0.3368055555555556 0.572265625 0.3402777777777778 0.576171875 0.3402777777777778 0.580078125 0.3472222222222222 0.580078125 0.3541666666666667 0.568359375 0.3645833333333333 0.564453125 0.3715277777777778 0.556640625 0.3715277777777778 0.5546875 0.3680555555555556 0.5546875 0.3541666666666667 0.556640625 0.3472222222222222 0.560546875 0.3402777777777778 0.568359375 0.3402777777777778
0 0.154296875 0.4826388888888889 0.162109375 0.4826388888888889 0.16796875 0.5034722222222222 0.16796875 0.5173611111111112 0.158203125 0.5243055555555556 0.154296875 0.5173611111111112 0.154296875 0.4861111111111111
0 0.740234375 0.4340277777777778 0.7421875 0.4375 0.7421875 0.4548611111111111 0.740234375 0.4618055555555556 0.732421875 0.4618055555555556 0.732421875 0.4548611111111111 0.73046875 0.4513888888888889 0.73046875 0.4375 0.732421875 0.4340277777777778 0.73828125 0.4340277777777778
0 0.8515625 0.5694444444444444 0.853515625 0.5729166666666666 0.853515625 0.59375 0.85546875 0.5972222222222222 0.8515625 0.6076388888888888 0.84765625 0.6076388888888888 0.83203125 0.5833333333333334 0.83203125 0.5694444444444444 0.833984375 0.5659722222222222 0.84375 0.5659722222222222 0.845703125 0.5694444444444444 0.849609375 0.5694444444444444
0 0.619140625 0.3333333333333333 0.619140625 0.3472222222222222 0.615234375 0.3541666666666667 0.615234375 0.3611111111111111 0.609375 0.3611111111111111 0.607421875 0.3576388888888889 0.607421875 0.3506944444444444 0.609375 0.3472222222222222 0.609375 0.3368055555555556 0.611328125 0.3333333333333333 0.6171875 0.3333333333333333
0 0.7578125 0.4791666666666667 0.759765625 0.4826388888888889 0.76953125 0.4826388888888889 0.771484375 0.4861111111111111 0.76953125 0.4895833333333333 0.771484375 0.4965277777777778 0.76953125 0.5138888888888888 0.76171875 0.5138888888888888 0.7578125 0.5069444444444444 0.7578125 0.5 0.755859375 0.4965277777777778 0.755859375 0.4861111111111111 0.7578125 0.4826388888888889
0 0.564453125 0.4756944444444444 0.5703125 0.4756944444444444 0.58203125 0.4861111111111111 0.578125 0.4965277777777778 0.578125 0.5034722222222222 0.576171875 0.5069444444444444 0.572265625 0.5069444444444444 0.56640625 0.5 0.564453125 0.4930555555555556 0.564453125 0.4791666666666667
0 0.56640625 0.4513888888888889 0.568359375 0.4513888888888889 0.56640625 0.4548611111111111 0.568359375 0.46875 0.572265625 0.4756944444444444 0.576171875 0.4756944444444444 0.578125 0.4791666666666667 0.580078125 0.4756944444444444 0.580078125 0.4826388888888889 0.58203125 0.4861111111111111 0.576171875 0.5069444444444444 0.5703125 0.5069444444444444 0.56640625 0.5034722222222222 0.564453125 0.4791666666666667 0.560546875 0.4618055555555556 0.560546875 0.4548611111111111 0.564453125 0.4513888888888889
0 0.79296875 0.4479166666666667 0.794921875 0.4513888888888889 0.802734375 0.4479166666666667 0.806640625 0.4548611111111111 0.806640625 0.4722222222222222 0.798828125 0.4722222222222222 0.79296875 0.4652777777777778 0.79296875 0.4513888888888889
0 0.8125 0.4722222222222222 0.81640625 0.4756944444444444 0.8203125 0.4722222222222222 0.826171875 0.4722222222222222 0.830078125 0.4861111111111111 0.826171875 0.5 0.818359375 0.5 0.8125 0.4930555555555556 0.8125 0.4756944444444444