0 0.9609375 0.4861111111111111 0.966796875 0.4861111111111111 0.966796875 0.4930555555555556 0.962890625 0.5034722222222222 0.96484375 0.5104166666666666 0.96484375 0.5208333333333334 0.966796875 0.5243055555555556 0.96484375 0.5277777777777778 0.951171875 0.5277777777777778 0.94921875 0.53125 0.935546875 0.5347222222222222 0.927734375 0.5243055555555556 0.9296875 0.5208333333333334 0.9296875 0.5034722222222222 0.931640625 0.5 0.935546875 0.4965277777777778 0.943359375 0.4965277777777778 0.9453125 0.5 0.953125 0.5 0.955078125 0.5034722222222222 0.9609375 0.4930555555555556 0.9609375 0.4895833333333333
0 0.685546875 0.3298611111111111 0.685546875 0.3090277777777778 0.689453125 0.3020833333333333 0.69140625 0.3020833333333333 0.693359375 0.3090277777777778 0.693359375 0.3229166666666667 0.6875 0.3298611111111111
0 0.88671875 0.6319444444444444 0.890625 0.6354166666666666 0.890625 0.6631944444444444 0.88671875 0.6770833333333334 0.890625 0.6875 0.896484375 0.6875 0.908203125 0.6736111111111112 0.912109375 0.6736111111111112 0.9140625 0.6770833333333334 0.916015625 0.6736111111111112 0.919921875 0.6736111111111112 0.92578125 0.6805555555555556 0.92578125 0.6875 0.927734375 0.6909722222222222 0.923828125 0.7118055555555556 0.916015625 0.7256944444444444 0.896484375 0.7083333333333334 0.890625 0.6979166666666666 0.88671875 0.6840277777777778 0.88671875 0.6354166666666666
0 0.7265625 0.3472222222222222 0.728515625 0.3611111111111111 0.7265625 0.3645833333333333 0.7265625 0.3715277777777778 0.72265625 0.3784722222222222 0.71875 0.3784722222222222 0.716796875 0.375 0.716796875 0.3506944444444444 0.71875 0.3472222222222222 0.724609375 0.3472222222222222
0 0.234375 0.4236111111111111 0.263671875 0.4236111111111111 0.26953125 0.4340277777777778 0.26953125 0.4409722222222222 0.265625 0.4479166666666667 0.23828125 0.4513888888888889 0.232421875 0.4340277777777778 0.234375 0.4270833333333333
0 0.09375 0.5729166666666666 0.111328125 0.5694444444444444 0.115234375 0.5763888888888888 0.115234375 0.6111111111111112 0.111328125 0.6180555555555556 0.08984375 0.6354166666666666 0.08203125 0.6319444444444444 0.080078125 0.6215277777777778 0.08203125 0.6180555555555556 0.08203125 0.6111111111111112 0.087890625 0.6041666666666666 0.08984375 0.5972222222222222 0.08984375 0.5868055555555556 0.09375 0.5763888888888888
0 0.873046875 0.84375 0.880859375 0.84375 0.888671875 0.8298611111111112 0.888671875 0.8229166666666666 0.89453125 0.8125 0.908203125 0.8125 0.91015625 0.8159722222222222 0.908203125 0.8784722222222222 0.90234375 0.8993055555555556 0.8984375 0.90625 0.892578125 0.90625 0.888671875 0.8993055555555556 0.88671875 0.8888888888888888 0.880859375 0.8784722222222222 0.875 0.8611111111111112 0.875 0.8541666666666666 0.876953125 0.8506944444444444 0.875 0.84375
0 0.955078125 0.7326388888888888 0.95703125 0.7291666666666666 0.958984375 0.7118055555555556 0.962890625 0.7048611111111112 0.96875 0.7048611111111112 0.96875 0.7118055555555556 0.96484375 0.71875 0.962890625 0.7291666666666666 0.96484375 0.7326388888888888 0.96875 0.7326388888888888 0.9765625 0.7534722222222222 0.98046875 0.7534722222222222 0.98828125 0.7604166666666666 0.994140625 0.7604166666666666 0.998046875 0.7708333333333334 0.998046875 0.7916666666666666 0.994140625 0.8020833333333334 0.994140625 0.8090277777777778 0.986328125 0.8125 0.9765625 0.7951388888888888 0.97265625 0.78125 0.966796875 0.7708333333333334 0.9609375 0.7708333333333334 0.955078125 0.7638888888888888 0.955078125 0.7465277777777778 0.95703125 0.7430555555555556 0.95703125 0.7361111111111112
0 0.720703125 0.5034722222222222 0.720703125 0.5208333333333334 0.71484375 0.5381944444444444 0.7109375 0.5381944444444444 0.708984375 0.5347222222222222 0.705078125 0.5104166666666666 0.708984375 0.5034722222222222 0.71875 0.5034722222222222
0 0.04296875 0.59375 0.046875 0.6180555555555556 0.0546875 0.6284722222222222 0.0546875 0.6388888888888888 0.05859375 0.65625 0.05859375 0.6701388888888888 0.056640625 0.6736111111111112 0.04296875 0.6736111111111112 0.03515625 0.6840277777777778 0.03125 0.6840277777777778 0.029296875 0.625 0.03125 0.6215277777777778 0.03125 0.6006944444444444 0.03515625 0.59375 0.041015625 0.59375
0 0.203125 0.3576388888888889 0.20703125 0.3645833333333333 0.20703125 0.3715277777777778 0.208984375 0.375 0.208984375 0.3958333333333333 0.1953125 0.3958333333333333 0.189453125 0.3854166666666667 0.189453125 0.3715277777777778 0.19140625 0.3645833333333333 0.1953125 0.3576388888888889 0.201171875 0.3576388888888889
0 0.6015625 0.3229166666666667 0.609375 0.3333333333333333 0.611328125 0.3472222222222222 0.607421875 0.3541666666666667 0.591796875 0.3506944444444444 0.58984375 0.34375 0.58984375 0.3298611111111111 0.591796875 0.3263888888888889 0.599609375 0.3263888888888889
0 0.974609375 0.8715277777777778 0.984375 0.8715277777777778 0.986328125 0.875 0.99609375 0.875 0.998046875 0.8784722222222222 0.998046875 0.9166666666666666 0.994140625 0.9270833333333334 0.994140625 0.9375 0.990234375 0.9409722222222222 0.9765625 0.9131944444444444 0.9765625 0.9027777777777778 0.974609375 0.8993055555555556 0.9765625 0.8923611111111112 0.974609375 0.8888888888888888 0.974609375 0.875
0 0.990234375 0.5625 0.01953125 0.04861111111111111
0 0.5703125 0.5868055555555556 0.58203125 0.5868055555555556 0.583984375 0.5902777777777778 0.583984375 0.6111111111111112 0.578125 0.6284722222222222 0.57421875 0.625 0.57421875 0.6180555555555556 0.572265625 0.6145833333333334 0.572265625 0.5972222222222222 0.5703125 0.5902777777777778
0 0.177734375 0.4409722222222222 0.1796875 0.4409722222222222 0.185546875 0.4270833333333333 0.1953125 0.4270833333333333 0.20703125 0.4479166666666667 0.20703125 0.4548611111111111 0.203125 0.4618055555555556 0.1796875 0.4652777777777778 0.171875 0.4583333333333333 0.171875 0.4548611111111111 0.177734375 0.4444444444444444
0 0.87890625 0.5381944444444444 0.884765625 0.5451388888888888 0.87890625 0.5659722222222222 0.873046875 0.5659722222222222 0.8671875 0.5590277777777778 0.86328125 0.5590277777777778 0.859375 0.5520833333333334 0.859375 0.53125 0.861328125 0.5277777777777778 0.869140625 0.53125 0.873046875 0.5381944444444444 0.876953125 0.5381944444444444