0 0.58203125 0.6319444444444444 0.58203125 0.6666666666666666 0.576171875 0.6805555555555556 0.5703125 0.6770833333333334 0.5703125 0.6701388888888888 0.568359375 0.6666666666666666 0.568359375 0.6388888888888888 0.57421875 0.6319444444444444 0.580078125 0.6319444444444444
0 0.703125 0.4201388888888889 0.716796875 0.4201388888888889 0.720703125 0.4236111111111111 0.71875 0.4270833333333333 0.716796875 0.4444444444444444 0.708984375 0.4409722222222222 0.708984375 0.4340277777777778 0.703125 0.4236111111111111
0 0.90625 0.6076388888888888 0.91015625 0.6111111111111112 0.912109375 0.625 0.91015625 0.6284722222222222 0.91015625 0.6423611111111112 0.908203125 0.6493055555555556 0.90234375 0.65625 0.890625 0.6458333333333334 0.884765625 0.625 0.89453125 0.6076388888888888 0.904296875 0.6076388888888888
0 0.5703125 0.9097222222222222 0.57421875 0.9131944444444444 0.578125 0.9270833333333334 0.58203125 0.9270833333333334 0.5859375 0.9340277777777778 0.59765625 0.9340277777777778 0.6015625 0.9270833333333334 0.6015625 0.9479166666666666 0.603515625 0.9513888888888888 0.603515625 0.9652777777777778 0.60546875 0.96875 0.60546875 0.9930555555555556 0.603515625 0.9965277777777778 0.572265625 0.9965277777777778 0.572265625 0.9583333333333334 0.5703125 0.9548611111111112 0.5703125 0.9409722222222222 0.57421875 0.9270833333333334 0.5703125 0.9201388888888888 0.5703125 0.9131944444444444
0 0.58203125 0.5972222222222222 0.587890625 0.5972222222222222 0.583984375 0.6145833333333334 0.580078125 0.6180555555555556 0.58203125 0.6215277777777778 0.583984375 0.6597222222222222 0.580078125 0.6736111111111112 0.576171875 0.6805555555555556 0.572265625 0.6805555555555556 0.56640625 0.6597222222222222 0.568359375 0.6354166666666666 0.5703125 0.6284722222222222 0.576171875 0.6284722222222222 0.580078125 0.6215277777777778 0.58203125 0.6145833333333334 0.58203125 0.6041666666666666 0.583984375 0.6006944444444444
0 0.6533203125 0.4461805555555556 0.013671875 0.03125
0 0.158203125 0.5208333333333334 0.15625 0.5138888888888888 0.15625 0.5034722222222222 0.154296875 0.5 0.154296875 0.4791666666666667 0.15625 0.4722222222222222 0.162109375 0.4652777777777778 0.16796875 0.4652777777777778 0.169921875 0.46875 0.171875 0.4895833333333333 0.173828125 0.4930555555555556 0.173828125 0.5069444444444444 0.169921875 0.5208333333333334 0.166015625 0.5243055555555556 0.16015625 0.5208333333333334
0 0.5458984375 0.3506944444444444 0.013671875 0.027777777777777776
0 0.1953125 0.3576388888888889 0.203125 0.3715277777777778 0.205078125 0.3854166666666667 0.19921875 0.3958333333333333 0.193359375 0.3958333333333333 0.19140625 0.3923611111111111 0.189453125 0.3819444444444444 0.19140625 0.3784722222222222 0.19140625 0.3680555555555556 0.193359375 0.3611111111111111
0 0.7607421875 0.4166666666666667 0.013671875 0.034722222222222224
0 0.56640625 0.3229166666666667 0.5703125 0.3333333333333333 0.5703125 0.3472222222222222 0.568359375 0.3506944444444444 0.5625 0.3506944444444444 0.55859375 0.34375 0.55859375 0.3333333333333333 0.560546875 0.3263888888888889 0.564453125 0.3229166666666667
0 0.67578125 0.3680555555555556 0.681640625 0.3680555555555556 0.685546875 0.3715277777777778 0.685546875 0.3854166666666667 0.681640625 0.3923611111111111 0.677734375 0.3923611111111111 0.67578125 0.3715277777777778
0 0.220703125 0.4166666666666667 0.2265625 0.4270833333333333 0.234375 0.4201388888888889 0.2421875 0.4201388888888889 0.244140625 0.4236111111111111 0.25 0.4409722222222222 0.236328125 0.4513888888888889 0.234375 0.4479166666666667 0.216796875 0.4479166666666667 0.21484375 0.4444444444444444 0.212890625 0.4270833333333333 0.21484375 0.4201388888888889 0.21875 0.4166666666666667
0 0.91015625 0.84375 0.91796875 0.8541666666666666 0.92578125 0.8541666666666666 0.927734375 0.8576388888888888 0.931640625 0.8576388888888888 0.935546875 0.8645833333333334 0.9375 0.9027777777777778 0.93359375 0.90625 0.92578125 0.9236111111111112 0.916015625 0.9236111111111112 0.892578125 0.875 0.892578125 0.8680555555555556 0.900390625 0.8680555555555556 0.90234375 0.8645833333333334 0.90234375 0.8541666666666666 0.904296875 0.8472222222222222 0.908203125 0.84375
0 0.521484375 0.4201388888888889 0.529296875 0.4201388888888889 0.533203125 0.4236111111111111 0.537109375 0.4340277777777778 0.537109375 0.4513888888888889 0.533203125 0.4583333333333333 0.529296875 0.4583333333333333 0.521484375 0.4513888888888889 0.521484375 0.4444444444444444 0.51953125 0.4409722222222222 0.521484375 0.4236111111111111
0 0.755859375 0.4722222222222222 0.7578125 0.4756944444444444 0.76171875 0.4756944444444444 0.76171875 0.5 0.7578125 0.5034722222222222 0.75 0.5034722222222222 0.74609375 0.5 0.74609375 0.4756944444444444 0.75 0.46875 0.75390625 0.4722222222222222
0 0.95703125 0.7708333333333334 0.9609375 0.7777777777777778 0.95703125 0.7916666666666666 0.958984375 0.7951388888888888 0.958984375 0.8020833333333334 0.962890625 0.8090277777777778 0.96484375 0.8090277777777778 0.96875 0.7986111111111112 0.97265625 0.7951388888888888 0.978515625 0.8020833333333334 0.982421875 0.8020833333333334 0.986328125 0.8090277777777778 0.99609375 0.8090277777777778 0.998046875 0.8125 0.998046875 0.8402777777777778 0.99609375 0.84375 0.99609375 0.8541666666666666 0.994140625 0.8611111111111112 0.990234375 0.8680555555555556 0.984375 0.8680555555555556 0.970703125 0.84375 0.96875 0.84375 0.96875 0.8402777777777778 0.96484375 0.8368055555555556 0.9609375 0.8263888888888888 0.95703125 0.8229166666666666 0.953125 0.8090277777777778 0.955078125 0.7743055555555556
0 0.837890625 0.5 0.85546875 0.5 0.85546875 0.5173611111111112 0.84765625 0.5243055555555556 0.841796875 0.5416666666666666 0.837890625 0.5416666666666666 0.837890625 0.5034722222222222
0 0.654296875 0.5 0.65625 0.5034722222222222 0.666015625 0.5034722222222222 0.669921875 0.5 0.677734375 0.5104166666666666 0.673828125 0.5347222222222222 0.66796875 0.5416666666666666 0.650390625 0.5347222222222222 0.6484375 0.5277777777777778 0.6484375 0.5034722222222222 0.65234375 0.5
0 0.951171875 0.4895833333333333 0.955078125 0.4861111111111111 0.9609375 0.4861111111111111 0.962890625 0.4895833333333333 0.96484375 0.4965277777777778 0.96484375 0.5034722222222222 0.962890625 0.5069444444444444 0.96484375 0.5104166666666666 0.962890625 0.5173611111111112 0.96484375 0.5243055555555556 0.962890625 0.5277777777777778 0.953125 0.5277777777777778 0.9453125 0.5347222222222222 0.93359375 0.5347222222222222 0.9296875 0.53125 0.92578125 0.5138888888888888 0.9296875 0.4965277777777778 0.94921875 0.5 0.953125 0.4930555555555556
0 0.830078125 0.7013888888888888 0.841796875 0.7118055555555556 0.85546875 0.7118055555555556 0.857421875 0.7152777777777778 0.857421875 0.7291666666666666 0.85546875 0.7326388888888888 0.853515625 0.75 0.849609375 0.7569444444444444 0.83984375 0.7569444444444444 0.830078125 0.7395833333333334 0.830078125 0.7326388888888888 0.828125 0.7291666666666666 0.828125 0.7048611111111112
0 0.654296875 0.5 0.65625 0.5034722222222222 0.673828125 0.5 0.67578125 0.5034722222222222 0.6796875 0.5034722222222222 0.681640625 0.5104166666666666 0.685546875 0.5104166666666666 0.689453125 0.5 0.697265625 0.5 0.69921875 0.5208333333333334 0.6953125 0.5277777777777778 0.689453125 0.5277777777777778 0.681640625 0.5173611111111112 0.673828125 0.53125 0.673828125 0.5347222222222222 0.66796875 0.5416666666666666 0.6640625 0.5416666666666666 0.65625 0.5347222222222222 0.650390625 0.5347222222222222 0.6484375 0.5277777777777778 0.6484375 0.5034722222222222 0.65234375 0.5
0 0.67578125 0.5034722222222222 0.6796875 0.5034722222222222 0.685546875 0.5104166666666666 0.69140625 0.4965277777777778 0.697265625 0.4965277777777778 0.69921875 0.5208333333333334 0.6953125 0.53125 0.69140625 0.53125 0.68359375 0.5173611111111112 0.6796875 0.5173611111111112 0.677734375 0.5208333333333334 0.677734375 0.5069444444444444
0 0.8125 0.5486111111111112 0.81640625 0.5590277777777778 0.81640625 0.5729166666666666 0.8125 0.5833333333333334 0.802734375 0.5833333333333334 0.798828125 0.5729166666666666 0.798828125 0.5590277777777778 0.8046875 0.5486111111111112 0.810546875 0.5486111111111112
0 0.98046875 0.5243055555555556 0.986328125 0.5243055555555556 0.998046875 0.5347222222222222 0.998046875 0.59375 0.994140625 0.59375 0.990234375 0.5798611111111112 0.982421875 0.5729166666666666 0.98046875 0.5659722222222222 0.98046875 0.5555555555555556 0.978515625 0.5520833333333334 0.98046875 0.5277777777777778
0 0.869140625 0.5520833333333334 0.873046875 0.5555555555555556 0.873046875 0.5729166666666666 0.865234375 0.59375 0.861328125 0.59375 0.859375 0.5902777777777778 0.85546875 0.5763888888888888 0.85546875 0.5694444444444444 0.857421875 0.5659722222222222 0.857421875 0.5590277777777778 0.861328125 0.5520833333333334 0.8671875 0.5520833333333334