0 0.962890625 0.4826388888888889 0.966796875 0.4895833333333333 0.966796875 0.4965277777777778 0.96484375 0.5 0.96484375 0.5208333333333334 0.966796875 0.5243055555555556 0.962890625 0.53125 0.9453125 0.53125 0.943359375 0.5347222222222222 0.93359375 0.5347222222222222 0.927734375 0.5277777777777778 0.927734375 0.5104166666666666 0.931640625 0.5 0.947265625 0.5 0.94921875 0.5034722222222222 0.95703125 0.5034722222222222 0.9609375 0.4861111111111111
0 0.708984375 0.3576388888888889 0.712890625 0.3611111111111111 0.712890625 0.375 0.7109375 0.3784722222222222 0.703125 0.3784722222222222 0.703125 0.3611111111111111 0.70703125 0.3611111111111111
0 0.666015625 0.2847222222222222 0.669921875 0.2951388888888889 0.66796875 0.2986111111111111 0.669921875 0.3020833333333333 0.666015625 0.3090277777777778 0.66015625 0.3090277777777778 0.66015625 0.2986111111111111 0.658203125 0.2951388888888889 0.66015625 0.2881944444444444 0.6640625 0.2847222222222222
0 0.736328125 0.4444444444444444 0.73828125 0.4479166666666667 0.744140625 0.4479166666666667 0.74609375 0.4548611111111111 0.74609375 0.4618055555555556 0.7421875 0.4756944444444444 0.740234375 0.4791666666666667 0.736328125 0.4791666666666667 0.732421875 0.4722222222222222 0.732421875 0.4479166666666667 0.734375 0.4479166666666667
0 0.7578125 0.4861111111111111 0.7578125 0.5243055555555556 0.75390625 0.5347222222222222 0.744140625 0.5277777777777778 0.7421875 0.5208333333333334 0.744140625 0.5138888888888888 0.7421875 0.5104166666666666 0.7421875 0.4965277777777778 0.744140625 0.4895833333333333 0.751953125 0.4895833333333333 0.755859375 0.4861111111111111
0 0.96484375 0.7743055555555556 0.970703125 0.7743055555555556 0.97265625 0.78125 0.982421875 0.7881944444444444 0.984375 0.8125 0.986328125 0.8159722222222222 0.990234375 0.8159722222222222 0.990234375 0.8229166666666666 0.994140625 0.8298611111111112 0.994140625 0.8402777777777778 0.998046875 0.84375 0.998046875 0.8993055555555556 0.978515625 0.8645833333333334 0.96484375 0.8506944444444444 0.962890625 0.8472222222222222 0.9609375 0.8229166666666666 0.96875 0.7881944444444444 0.966796875 0.7777777777777778
0 0.763671875 0.4375 0.765625 0.4409722222222222 0.765625 0.4548611111111111 0.763671875 0.4583333333333333 0.76171875 0.4756944444444444 0.7578125 0.4722222222222222 0.751953125 0.4513888888888889 0.751953125 0.4409722222222222 0.76171875 0.4409722222222222
0 0.501953125 0.4201388888888889 0.505859375 0.4201388888888889 0.509765625 0.4270833333333333 0.509765625 0.4444444444444444 0.5078125 0.4513888888888889 0.50390625 0.4548611111111111 0.501953125 0.4513888888888889 0.501953125 0.4236111111111111
0 0.595703125 0.5590277777777778 0.595703125 0.5833333333333334 0.591796875 0.5972222222222222 0.587890625 0.5972222222222222 0.583984375 0.5902777777777778 0.583984375 0.5833333333333334 0.580078125 0.5694444444444444 0.583984375 0.5590277777777778 0.59375 0.5590277777777778
0 0.87890625 0.5798611111111112 0.884765625 0.5798611111111112 0.8828125 0.5833333333333334 0.8828125 0.5902777777777778 0.876953125 0.6006944444444444 0.876953125 0.6076388888888888 0.875 0.6111111111111112 0.876953125 0.6180555555555556 0.88671875 0.6319444444444444 0.896484375 0.6284722222222222 0.896484375 0.6527777777777778 0.892578125 0.6527777777777778 0.88671875 0.6423611111111112 0.88671875 0.6388888888888888 0.869140625 0.6111111111111112 0.869140625 0.6006944444444444 0.875 0.5902777777777778 0.876953125 0.5902777777777778 0.87890625 0.5833333333333334
0 0.568359375 0.3090277777777778 0.576171875 0.3090277777777778 0.578125 0.3159722222222222 0.578125 0.3229166666666667 0.576171875 0.3263888888888889 0.5703125 0.3263888888888889 0.568359375 0.3229166666666667 0.568359375 0.3125
0 0.19140625 0.3888888888888889 0.20703125 0.3888888888888889 0.2109375 0.3923611111111111 0.212890625 0.3993055555555556 0.212890625 0.40625 0.2109375 0.4097222222222222 0.1953125 0.4097222222222222 0.19140625 0.3993055555555556 0.19140625 0.3923611111111111
0 0.8125 0.5138888888888888 0.83203125 0.5208333333333334 0.833984375 0.5277777777777778 0.833984375 0.5381944444444444 0.8359375 0.5416666666666666 0.8359375 0.5486111111111112 0.83203125 0.5555555555555556 0.82421875 0.5451388888888888 0.8125 0.5416666666666666 0.80859375 0.5347222222222222 0.8125 0.5243055555555556 0.8125 0.5173611111111112
0 0 0.7118055555555556 0.00390625 0.7152777777777778 0.009765625 0.7152777777777778 0.013671875 0.7222222222222222 0.015625 0.7291666666666666 0.015625 0.7430555555555556 0.017578125 0.7465277777777778 0.017578125 0.7673611111111112 0.015625 0.7708333333333334 0.017578125 0.7743055555555556 0.017578125 0.7847222222222222 0.015625 0.7916666666666666 0.00390625 0.8020833333333334 0 0.8020833333333334 0 0.7152777777777778
0 0.080078125 0.8541666666666666 0.083984375 0.8611111111111112 0.08203125 0.8645833333333334 0.083984375 0.8680555555555556 0.083984375 0.8819444444444444 0.08984375 0.8923611111111112 0.091796875 0.8923611111111112 0.09375 0.8888888888888888 0.091796875 0.875 0.095703125 0.8645833333333334 0.091796875 0.8611111111111112 0.09375 0.8576388888888888 0.09375 0.8402777777777778 0.095703125 0.8333333333333334 0.1015625 0.8263888888888888 0.107421875 0.8333333333333334 0.107421875 0.8506944444444444 0.1015625 0.8680555555555556 0.1015625 0.8854166666666666 0.103515625 0.8888888888888888 0.1015625 0.8923611111111112 0.103515625 0.8958333333333334 0.103515625 0.9027777777777778 0.09765625 0.9131944444444444 0.08203125 0.9270833333333334 0.07421875 0.9305555555555556 0.068359375 0.9583333333333334 0.0625 0.96875 0.056640625 0.96875 0.052734375 0.9618055555555556 0.052734375 0.9375 0.0546875 0.9340277777777778 0.0546875 0.9236111111111112 0.060546875 0.8958333333333334 0.060546875 0.875 0.056640625 0.8680555555555556 0.056640625 0.8576388888888888 0.0625 0.8506944444444444 0.072265625 0.8506944444444444 0.07421875 0.8541666666666666 0.078125 0.8541666666666666
0 0.197265625 0.3645833333333333 0.201171875 0.3611111111111111 0.20703125 0.3645833333333333 0.212890625 0.3854166666666667 0.212890625 0.40625 0.2109375 0.4097222222222222 0.1953125 0.4097222222222222 0.19140625 0.3993055555555556 0.19140625 0.3819444444444444 0.197265625 0.3680555555555556
0 0.12890625 0.65625 0.1328125 0.6597222222222222 0.1328125 0.6666666666666666 0.140625 0.6840277777777778 0.150390625 0.6666666666666666 0.15234375 0.6736111111111112 0.150390625 0.7013888888888888 0.138671875 0.7118055555555556 0.1328125 0.7118055555555556 0.123046875 0.6944444444444444 0.1171875 0.6909722222222222 0.1171875 0.6631944444444444 0.126953125 0.65625
0 0.115234375 0.7395833333333334 0.1171875 0.7465277777777778 0.12109375 0.7465277777777778 0.126953125 0.7534722222222222 0.1328125 0.7534722222222222 0.13671875 0.7743055555555556 0.134765625 0.7777777777777778 0.134765625 0.7881944444444444 0.1328125 0.7951388888888888 0.125 0.7986111111111112 0.119140625 0.8055555555555556 0.109375 0.8055555555555556 0.10546875 0.8125 0.09765625 0.8125 0.09375 0.8090277777777778 0.08984375 0.7951388888888888 0.091796875 0.75 0.10546875 0.7256944444444444 0.107421875 0.7256944444444444 0.107421875 0.7291666666666666 0.11328125 0.7395833333333334
0 0.107421875 0.625 0.109375 0.6284722222222222 0.115234375 0.6284722222222222 0.1171875 0.6354166666666666 0.1171875 0.6493055555555556 0.111328125 0.6701388888888888 0.109375 0.6736111111111112 0.103515625 0.6736111111111112 0.09765625 0.6840277777777778 0.09765625 0.6875 0.091796875 0.6944444444444444 0.087890625 0.6909722222222222 0.087890625 0.6805555555555556 0.0859375 0.6770833333333334 0.0859375 0.6701388888888888 0.087890625 0.6666666666666666 0.0859375 0.6631944444444444 0.0859375 0.6354166666666666 0.091796875 0.6284722222222222 0.1015625 0.6284722222222222 0.10546875 0.625
0 0.806640625 0.4166666666666667 0.80859375 0.4201388888888889 0.80859375 0.4409722222222222 0.80078125 0.4479166666666667 0.794921875 0.4409722222222222 0.79296875 0.4340277777777778 0.79296875 0.4236111111111111 0.798828125 0.4166666666666667 0.8046875 0.4166666666666667
0 0.65234375 0.5763888888888888 0.6640625 0.5729166666666666 0.66796875 0.5798611111111112 0.66796875 0.5972222222222222 0.6640625 0.6076388888888888 0.6640625 0.6180555555555556 0.66015625 0.6180555555555556 0.654296875 0.6076388888888888 0.65234375 0.5798611111111112
0 0.552734375 0.3541666666666667 0.54296875 0.3472222222222222 0.54296875 0.3298611111111111 0.544921875 0.3263888888888889 0.55078125 0.3263888888888889 0.55859375 0.3402777777777778 0.55859375 0.3472222222222222 0.5546875 0.3506944444444444
0 0.5712890625 0.6371527777777778 0.017578125 0.06597222222222222
0 0.609375 0.5520833333333334 0.619140625 0.5520833333333334 0.623046875 0.5659722222222222 0.623046875 0.5833333333333334 0.619140625 0.5972222222222222 0.611328125 0.5833333333333334 0.611328125 0.5763888888888888 0.607421875 0.5659722222222222 0.607421875 0.5590277777777778 0.609375 0.5555555555555556
0 0.69140625 0.3368055555555556 0.697265625 0.3368055555555556 0.69921875 0.3402777777777778 0.69921875 0.3506944444444444 0.697265625 0.3541666666666667 0.69140625 0.3541666666666667 0.69140625 0.3402777777777778
0 0.62890625 0.6354166666666666 0.626953125 0.6284722222222222 0.626953125 0.6145833333333334 0.6328125 0.6006944444444444 0.638671875 0.6006944444444444 0.64453125 0.6111111111111112 0.64453125 0.6180555555555556 0.63671875 0.6354166666666666 0.630859375 0.6354166666666666
0 0.98828125 0.53125 0.990234375 0.5347222222222222 0.998046875 0.5347222222222222 0.998046875 0.59375 0.99609375 0.59375 0.9921875 0.5833333333333334 0.98046875 0.5659722222222222 0.982421875 0.5347222222222222 0.986328125 0.53125
0 0.796875 0.4826388888888889 0.806640625 0.4826388888888889 0.80859375 0.4861111111111111 0.8125 0.4861111111111111 0.814453125 0.4930555555555556 0.8125 0.5 0.8125 0.5104166666666666 0.810546875 0.5138888888888888 0.802734375 0.5138888888888888 0.798828125 0.5069444444444444 0.798828125 0.4930555555555556 0.796875 0.4861111111111111