0 0.625 0.3333333333333333 0.6328125 0.3298611111111111 0.634765625 0.3368055555555556 0.6328125 0.3402777777777778 0.6328125 0.3541666666666667 0.626953125 0.3541666666666667 0.625 0.3472222222222222 0.625 0.3368055555555556
0 0.990234375 0.78125 0.99609375 0.7881944444444444 0.99609375 0.7986111111111112 0.998046875 0.8020833333333334 0.99609375 0.8055555555555556 0.998046875 0.8090277777777778 0.998046875 0.8506944444444444 0.990234375 0.84375 0.9765625 0.8472222222222222 0.974609375 0.84375 0.974609375 0.8229166666666666 0.96875 0.8090277777777778 0.970703125 0.7743055555555556 0.97265625 0.7708333333333334 0.98046875 0.7673611111111112 0.98828125 0.78125
0 0.9609375 0.4895833333333333 0.96484375 0.4895833333333333 0.96484375 0.5277777777777778 0.962890625 0.53125 0.93359375 0.5347222222222222 0.9296875 0.53125 0.927734375 0.5243055555555556 0.927734375 0.5104166666666666 0.931640625 0.5 0.947265625 0.5 0.951171875 0.5034722222222222 0.953125 0.5 0.95703125 0.5 0.9609375 0.4930555555555556
0 0.28515625 0.5694444444444444 0.28515625 0.5972222222222222 0.275390625 0.6111111111111112 0.26953125 0.6145833333333334 0.267578125 0.6111111111111112 0.267578125 0.59375 0.265625 0.5902777777777778 0.265625 0.5763888888888888 0.279296875 0.5763888888888888 0.283203125 0.5729166666666666
0 0.837890625 0.5555555555555556 0.84375 0.5555555555555556 0.859375 0.5694444444444444 0.859375 0.5902777777777778 0.85546875 0.6006944444444444 0.853515625 0.6041666666666666 0.845703125 0.6041666666666666 0.83984375 0.5972222222222222 0.837890625 0.5902777777777778 0.837890625 0.5590277777777778
0 0.0234375 0.6423611111111112 0.029296875 0.6423611111111112 0.03125 0.6388888888888888 0.03515625 0.6423611111111112 0.0546875 0.6423611111111112 0.056640625 0.6493055555555556 0.056640625 0.6701388888888888 0.048828125 0.6840277777777778 0.041015625 0.6875 0.017578125 0.7118055555555556 0.01171875 0.7118055555555556 0.01171875 0.6979166666666666 0.021484375 0.6631944444444444 0.021484375 0.6493055555555556 0.0234375 0.6458333333333334
0 0.248046875 0.3506944444444444 0.25390625 0.3715277777777778 0.25390625 0.3784722222222222 0.25 0.3854166666666667 0.240234375 0.3854166666666667 0.236328125 0.3819444444444444 0.236328125 0.3645833333333333 0.23828125 0.3611111111111111 0.23828125 0.3541666666666667 0.2421875 0.3472222222222222 0.24609375 0.3506944444444444
0 0.88671875 0.5104166666666666 0.890625 0.5208333333333334 0.888671875 0.5243055555555556 0.888671875 0.5381944444444444 0.884765625 0.5451388888888888 0.880859375 0.5451388888888888 0.876953125 0.5381944444444444 0.869140625 0.5347222222222222 0.869140625 0.5138888888888888 0.87109375 0.5104166666666666 0.884765625 0.5104166666666666
0 0.1875 0.6805555555555556 0.189453125 0.6840277777777778 0.189453125 0.7430555555555556 0.181640625 0.75 0.171875 0.7673611111111112 0.1640625 0.7743055555555556 0.158203125 0.7673611111111112 0.158203125 0.7326388888888888 0.154296875 0.7152777777777778 0.154296875 0.7048611111111112 0.16015625 0.6944444444444444 0.16015625 0.6909722222222222 0.169921875 0.6909722222222222 0.177734375 0.7048611111111112 0.185546875 0.7048611111111112 0.1875 0.7013888888888888 0.1875 0.6840277777777778
0 0.216796875 0.3576388888888889 0.224609375 0.3715277777777778 0.224609375 0.3923611111111111 0.22265625 0.3958333333333333 0.20703125 0.3958333333333333 0.205078125 0.3923611111111111 0.205078125 0.3715277777777778 0.208984375 0.3611111111111111 0.21484375 0.3576388888888889
0 0.994140625 0.5347222222222222 0.998046875 0.5416666666666666 0.998046875 0.5625 0.9921875 0.5763888888888888 0.986328125 0.5763888888888888 0.98046875 0.5659722222222222 0.98046875 0.5520833333333334 0.978515625 0.5486111111111112 0.982421875 0.5347222222222222 0.9921875 0.5347222222222222
0 0.74609375 0.4826388888888889 0.75 0.4930555555555556 0.75 0.5034722222222222 0.74609375 0.5138888888888888 0.73828125 0.5138888888888888 0.736328125 0.5104166666666666 0.736328125 0.4861111111111111 0.73828125 0.4826388888888889 0.744140625 0.4826388888888889
0 0.53515625 0.375 0.544921875 0.375 0.544921875 0.3958333333333333 0.54296875 0.3993055555555556 0.53515625 0.3993055555555556 0.53515625 0.3784722222222222
0 0.79296875 0.4583333333333333 0.8046875 0.4548611111111111 0.80859375 0.4652777777777778 0.80859375 0.4791666666666667 0.8046875 0.4861111111111111 0.798828125 0.4861111111111111 0.791015625 0.4791666666666667 0.791015625 0.4652777777777778 0.79296875 0.4618055555555556
0 0.677734375 0.3194444444444444 0.681640625 0.3263888888888889 0.677734375 0.34375 0.673828125 0.34375 0.671875 0.3402777777777778 0.671875 0.3229166666666667 0.67578125 0.3194444444444444
0 0.783203125 0.40625 0.79296875 0.40625 0.794921875 0.4131944444444444 0.794921875 0.4305555555555556 0.791015625 0.4375 0.787109375 0.4375 0.783203125 0.4270833333333333 0.783203125 0.4097222222222222