0 0.962890625 0.4861111111111111 0.96484375 0.4895833333333333 0.962890625 0.5104166666666666 0.966796875 0.5243055555555556 0.962890625 0.53125 0.947265625 0.53125 0.9453125 0.5347222222222222 0.93359375 0.5347222222222222 0.9296875 0.53125 0.927734375 0.5243055555555556 0.927734375 0.5104166666666666 0.931640625 0.5 0.95703125 0.5034722222222222 0.962890625 0.4930555555555556 0.9609375 0.4895833333333333
0 0.1650390625 0.4982638888888889 0.021484375 0.059027777777777776
0 0.62109375 0.3229166666666667 0.62890625 0.3229166666666667 0.626953125 0.3472222222222222 0.62109375 0.3472222222222222 0.62109375 0.3263888888888889
0 0.982421875 0.5729166666666666 0.978515625 0.5486111111111112 0.984375 0.5347222222222222 0.9921875 0.5381944444444444 0.998046875 0.5520833333333334 0.998046875 0.5590277777777778 0.994140625 0.5659722222222222 0.994140625 0.5729166666666666 0.9921875 0.5763888888888888 0.986328125 0.5763888888888888 0.984375 0.5729166666666666
0 0.275390625 0.5034722222222222 0.279296875 0.5069444444444444 0.28125 0.5138888888888888 0.28125 0.53125 0.283203125 0.5347222222222222 0.283203125 0.5486111111111112 0.28515625 0.5520833333333334 0.28125 0.5625 0.2734375 0.5694444444444444 0.26953125 0.5694444444444444 0.265625 0.5625 0.263671875 0.5416666666666666 0.26171875 0.5381944444444444 0.26171875 0.5173611111111112 0.263671875 0.5104166666666666 0.267578125 0.5034722222222222 0.2734375 0.5034722222222222
0 0.86328125 0.7361111111111112 0.869140625 0.7430555555555556 0.876953125 0.7430555555555556 0.87890625 0.7395833333333334 0.89453125 0.7395833333333334 0.896484375 0.7430555555555556 0.896484375 0.7743055555555556 0.892578125 0.78125 0.884765625 0.7847222222222222 0.8828125 0.7777777777777778 0.87109375 0.7708333333333334 0.87109375 0.7673611111111112 0.861328125 0.75 0.861328125 0.7395833333333334
0 0.826171875 0.5625 0.83203125 0.5625 0.833984375 0.5590277777777778 0.84375 0.5590277777777778 0.845703125 0.5625 0.845703125 0.5833333333333334 0.83984375 0.59375 0.826171875 0.5763888888888888 0.82421875 0.5694444444444444 0.826171875 0.5659722222222222
0 0.037109375 0.71875 0.041015625 0.7222222222222222 0.056640625 0.7534722222222222 0.05859375 0.7534722222222222 0.064453125 0.7430555555555556 0.064453125 0.7395833333333334 0.06640625 0.7395833333333334 0.068359375 0.7326388888888888 0.07421875 0.7256944444444444 0.07421875 0.7534722222222222 0.0703125 0.7673611111111112 0.052734375 0.7847222222222222 0.0390625 0.8055555555555556 0.03125 0.8055555555555556 0.029296875 0.8020833333333334 0.02734375 0.7951388888888888 0.02734375 0.7638888888888888 0.025390625 0.7604166666666666 0.025390625 0.7395833333333334 0.02734375 0.7361111111111112 0.02734375 0.7291666666666666 0.033203125 0.71875 0.03515625 0.71875
0 0.9375 0.7361111111111112 0.939453125 0.7395833333333334 0.970703125 0.7395833333333334 0.974609375 0.7465277777777778 0.974609375 0.7638888888888888 0.97265625 0.7673611111111112 0.97265625 0.7743055555555556 0.96875 0.78125 0.96875 0.7881944444444444 0.962890625 0.7986111111111112 0.958984375 0.7986111111111112 0.958984375 0.7951388888888888 0.951171875 0.78125 0.94921875 0.78125 0.931640625 0.7534722222222222 0.931640625 0.7465277777777778 0.935546875 0.7395833333333334
0 0.248046875 0.6319444444444444 0.0234375 0.041666666666666664
0 0.623046875 0.59375 0.625 0.5972222222222222 0.62890625 0.59375 0.6328125 0.6076388888888888 0.630859375 0.625 0.625 0.6423611111111112 0.62109375 0.6423611111111112 0.6171875 0.6354166666666666 0.61328125 0.6354166666666666 0.609375 0.6180555555555556 0.611328125 0.6006944444444444 0.62109375 0.5972222222222222
0 0.140625 0.6597222222222222 0.146484375 0.6666666666666666 0.16015625 0.6666666666666666 0.162109375 0.6701388888888888 0.166015625 0.6701388888888888 0.169921875 0.6770833333333334 0.169921875 0.6979166666666666 0.16796875 0.7013888888888888 0.16796875 0.7118055555555556 0.1640625 0.71875 0.1484375 0.7326388888888888 0.14453125 0.7430555555555556 0.13671875 0.7465277777777778 0.1328125 0.7395833333333334 0.130859375 0.6805555555555556 0.1328125 0.6770833333333334 0.1328125 0.6701388888888888 0.138671875 0.6631944444444444
0 0.203125 0.6215277777777778 0.02734375 0.0625
0 0.673828125 0.3402777777777778 0.6796875 0.3402777777777778 0.681640625 0.34375 0.681640625 0.3611111111111111 0.677734375 0.3715277777777778 0.673828125 0.3715277777777778 0.673828125 0.34375
0 0.75390625 0.46875 0.76171875 0.4791666666666667 0.763671875 0.5 0.75 0.5 0.74609375 0.4965277777777778 0.74609375 0.4826388888888889 0.748046875 0.4756944444444444 0.751953125 0.4722222222222222
0 0.966796875 0.7395833333333334 0.974609375 0.7465277777777778 0.974609375 0.7638888888888888 0.97265625 0.7673611111111112 0.97265625 0.7743055555555556 0.962890625 0.7986111111111112 0.94921875 0.78125 0.943359375 0.7673611111111112 0.935546875 0.7604166666666666 0.931640625 0.75 0.935546875 0.7430555555555556 0.9609375 0.7430555555555556 0.96484375 0.7395833333333334
0 0.740234375 0.9131944444444444 0.751953125 0.9270833333333334 0.763671875 0.9270833333333334 0.767578125 0.9340277777777778 0.767578125 0.9652777777777778 0.76953125 0.96875 0.76953125 0.9756944444444444 0.763671875 0.9861111111111112 0.763671875 0.9930555555555556 0.759765625 0.9965277777777778 0.75390625 0.9965277777777778 0.751953125 0.9895833333333334 0.7421875 0.9756944444444444 0.73828125 0.9618055555555556 0.73828125 0.9479166666666666 0.734375 0.9305555555555556 0.734375 0.9201388888888888 0.73828125 0.9166666666666666
0 0.58203125 0.625 0.595703125 0.6284722222222222 0.599609375 0.6388888888888888 0.59765625 0.6458333333333334 0.59765625 0.6631944444444444 0.599609375 0.6666666666666666 0.591796875 0.6805555555555556 0.5859375 0.6805555555555556 0.583984375 0.6770833333333334 0.58203125 0.6597222222222222 0.578125 0.6527777777777778 0.58203125 0.6458333333333334 0.58203125 0.6354166666666666 0.580078125 0.6319444444444444 0.58203125 0.6284722222222222
0 0.689453125 0.4131944444444444 0.697265625 0.4131944444444444 0.701171875 0.4201388888888889 0.69921875 0.4375 0.697265625 0.4409722222222222 0.69140625 0.4409722222222222 0.689453125 0.4375 0.689453125 0.4166666666666667
0 0.64453125 0.3125 0.646484375 0.3159722222222222 0.650390625 0.3159722222222222 0.650390625 0.3229166666666667 0.6484375 0.3263888888888889 0.650390625 0.3298611111111111 0.6484375 0.3333333333333333 0.6484375 0.34375 0.646484375 0.3472222222222222 0.642578125 0.3472222222222222 0.642578125 0.3159722222222222
0 0.23046875 0.5173611111111112 0.2421875 0.5173611111111112 0.24609375 0.5277777777777778 0.24609375 0.5451388888888888 0.240234375 0.5486111111111112 0.23046875 0.5694444444444444 0.2265625 0.5520833333333334 0.2265625 0.5347222222222222 0.224609375 0.53125 0.23046875 0.5208333333333334
0 0.796875 0.4618055555555556 0.8125 0.4618055555555556 0.8125 0.4791666666666667 0.80859375 0.4895833333333333 0.8046875 0.4895833333333333 0.798828125 0.4826388888888889 0.796875 0.4756944444444444 0.796875 0.4652777777777778