0 0.259765625 0.2951388888888889 0.25390625 0.28125 0.23828125 0.2847222222222222 0.23828125 0.3055555555555556 0.259765625 0.2951388888888889
0 0.361328125 0.3680555555555556 0.373046875 0.375 0.3671875 0.34375 0.361328125 0.34375 0.361328125 0.3680555555555556
0 0.6875 0.9930555555555556 0.701171875 0.9930555555555556 0.7109375 0.96875 0.728515625 0.9652777777777778 0.73828125 0.9513888888888888 0.767578125 0.9618055555555556 0.76953125 0.9548611111111112 0.767578125 0.9236111111111112 0.75 0.875 0.724609375 0.8993055555555556 0.6796875 0.9027777777777778 0.6796875 0.9791666666666666 0.6875 0.9930555555555556
0 0.380859375 0.4305555555555556 0.38671875 0.4375 0.39453125 0.4305555555555556 0.392578125 0.40625 0.380859375 0.40625 0.380859375 0.4305555555555556
0 0.662109375 0.9375 0.677734375 0.9583333333333334 0.6875 0.9930555555555556 0.701171875 0.9930555555555556 0.7109375 0.96875 0.734375 0.9618055555555556 0.73828125 0.9513888888888888 0.7578125 0.9513888888888888 0.76171875 0.9618055555555556 0.76953125 0.9548611111111112 0.767578125 0.9201388888888888 0.76171875 0.9131944444444444 0.767578125 0.8611111111111112 0.755859375 0.8298611111111112 0.734375 0.8576388888888888 0.7109375 0.8472222222222222 0.705078125 0.8923611111111112 0.6796875 0.8993055555555556 0.673828125 0.8888888888888888 0.673828125 0.9097222222222222 0.662109375 0.9375
0 0.236328125 0.2673611111111111 0.234375 0.25 0.23046875 0.2743055555555556 0.236328125 0.2673611111111111
0 0.166015625 0.9930555555555556 0.166015625 0.9236111111111112 0.154296875 0.9375 0.134765625 0.9375 0.130859375 0.9965277777777778 0.166015625 0.9930555555555556
0 0.34375 0.4965277777777778 0.349609375 0.4618055555555556 0.337890625 0.4548611111111111 0.3359375 0.4861111111111111 0.34375 0.4965277777777778
0 0.349609375 0.4409722222222222 0.35546875 0.4409722222222222 0.35546875 0.40625 0.349609375 0.4097222222222222 0.34375 0.4201388888888889 0.349609375 0.4409722222222222
0 0.2734375 0.2326388888888889 0.26953125 0.2152777777777778 0.267578125 0.22569444444444445 0.2734375 0.2326388888888889
0 0.306640625 0.4027777777777778 0.3125 0.4097222222222222 0.318359375 0.4027777777777778 0.318359375 0.375 0.306640625 0.375 0.306640625 0.4027777777777778
0 0.478515625 0.5138888888888888 0.48828125 0.5 0.517578125 0.5 0.517578125 0.4826388888888889 0.505859375 0.4618055555555556 0.474609375 0.46875 0.47265625 0.5 0.478515625 0.5138888888888888
0 0.34765625 0.3263888888888889 0.34375 0.3090277777777778 0.333984375 0.3263888888888889 0.330078125 0.3090277777777778 0.326171875 0.3125 0.326171875 0.3298611111111111 0.34765625 0.3263888888888889
0 0.224609375 0.4826388888888889 0.236328125 0.5 0.23828125 0.4618055555555556 0.23046875 0.4548611111111111 0.224609375 0.4618055555555556 0.224609375 0.4826388888888889
0 0.443359375 0.46875 0.44921875 0.4652777777777778 0.44921875 0.4305555555555556 0.4375 0.4340277777777778 0.4375 0.4548611111111111 0.443359375 0.46875
0 0.720703125 0.8871527777777778 0.0078125 0.003472222222222222
0 0.662109375 0.9479166666666666 0.677734375 0.9513888888888888 0.67578125 0.9131944444444444 0.681640625 0.9027777777777778 0.69140625 0.8923611111111112 0.705078125 0.9027777777777778 0.712890625 0.8784722222222222 0.73046875 0.875 0.73828125 0.8576388888888888 0.728515625 0.8611111111111112 0.72265625 0.8298611111111112 0.705078125 0.8263888888888888 0.69921875 0.8298611111111112 0.70703125 0.8611111111111112 0.703125 0.875 0.66015625 0.8819444444444444 0.65625 0.9201388888888888 0.662109375 0.9479166666666666
0 0.302734375 0.21180555555555555 0.00390625 0.013888888888888888
0 0.3984375 0.5625 0.3984375 0.53125 0.388671875 0.5277777777777778 0.38671875 0.5486111111111112 0.3984375 0.5625
0 0.40625 0.3680555555555556 0.435546875 0.3680555555555556 0.421875 0.3298611111111111 0.412109375 0.3298611111111111 0.400390625 0.3402777777777778 0.40625 0.3680555555555556
0 0.55078125 0.7118055555555556 0.5625 0.7118055555555556 0.572265625 0.6909722222222222 0.587890625 0.6840277777777778 0.609375 0.6875 0.609375 0.6701388888888888 0.59765625 0.6493055555555556 0.546875 0.6527777777777778 0.54296875 0.6909722222222222 0.55078125 0.7118055555555556
0 0.427734375 0.9375 0.435546875 0.90625 0.4296875 0.8576388888888888 0.41015625 0.8576388888888888 0.40625 0.9097222222222222 0.427734375 0.9375