0 0.404296875 0.6666666666666666 0.41015625 0.6041666666666666 0.40625 0.5972222222222222 0.38671875 0.6076388888888888 0.38671875 0.6666666666666666 0.404296875 0.6666666666666666
0 0.23828125 0.5902777777777778 0.25 0.5868055555555556 0.25 0.5555555555555556 0.234375 0.5555555555555556 0.23828125 0.5902777777777778
0 0.3671875 0.7118055555555556 0.375 0.7013888888888888 0.373046875 0.65625 0.359375 0.65625 0.349609375 0.6840277777777778 0.349609375 0.71875 0.3671875 0.7118055555555556
0 0.205078125 0.46875 0.220703125 0.46875 0.220703125 0.4479166666666667 0.205078125 0.4479166666666667 0.205078125 0.46875
0 0.5546875 0.7118055555555556 0.587890625 0.6805555555555556 0.58203125 0.6597222222222222 0.546875 0.65625 0.54296875 0.6875 0.5546875 0.7118055555555556
0 0.375 0.6180555555555556 0.375 0.5798611111111112 0.36328125 0.5729166666666666 0.36328125 0.6041666666666666 0.375 0.6180555555555556
0 0.693359375 0.9930555555555556 0.712890625 0.96875 0.740234375 0.9548611111111112 0.748046875 0.9375 0.75390625 0.8888888888888888 0.67578125 0.9097222222222222 0.681640625 0.9791666666666666 0.693359375 0.9930555555555556
0 0.330078125 0.6180555555555556 0.3359375 0.6076388888888888 0.3359375 0.5729166666666666 0.326171875 0.5659722222222222 0.318359375 0.5902777777777778 0.330078125 0.6180555555555556
0 0.2734375 0.4965277777777778 0.28125 0.4826388888888889 0.2734375 0.4652777777777778 0.267578125 0.46875 0.2734375 0.4965277777777778
0 0.216796875 0.5381944444444444 0.212890625 0.5451388888888888 0.22265625 0.5451388888888888 0.224609375 0.4826388888888889 0.21875 0.46875 0.2109375 0.4722222222222222 0.20703125 0.5173611111111112 0.216796875 0.5381944444444444
0 0.236328125 0.3090277777777778 0.25 0.3055555555555556 0.244140625 0.28125 0.234375 0.28125 0.236328125 0.3090277777777778
0 0.662109375 0.9375 0.6875 0.9861111111111112 0.701171875 0.9861111111111112 0.712890625 0.96875 0.740234375 0.9548611111111112 0.75390625 0.8993055555555556 0.74609375 0.8715277777777778 0.75 0.8541666666666666 0.716796875 0.8576388888888888 0.712890625 0.84375 0.70703125 0.8472222222222222 0.71875 0.8611111111111112 0.712890625 0.8715277777777778 0.671875 0.875 0.66015625 0.8888888888888888 0.65625 0.9097222222222222 0.662109375 0.9375
0 0.70703125 0.8402777777777778 0.705078125 0.8298611111111112 0.701171875 0.8402777777777778 0.70703125 0.8402777777777778
0 0.46875 0.8090277777777778 0.4921875 0.8263888888888888 0.494140625 0.7743055555555556 0.474609375 0.7638888888888888 0.46875 0.7743055555555556 0.46875 0.8090277777777778
0 0.205078125 0.7916666666666666 0.216796875 0.7951388888888888 0.224609375 0.78125 0.21875 0.7118055555555556 0.19921875 0.7118055555555556 0.19921875 0.7777777777777778 0.205078125 0.7916666666666666
0 0.318359375 0.3263888888888889 0.31640625 0.3090277777777778 0.3046875 0.3090277777777778 0.30078125 0.3298611111111111 0.318359375 0.3263888888888889
0 0.3203125 0.3888888888888889 0.32421875 0.3541666666666667 0.318359375 0.34375 0.314453125 0.3506944444444444 0.3125 0.3854166666666667 0.3203125 0.3888888888888889
0 0.224609375 0.4375 0.23046875 0.4236111111111111 0.228515625 0.3993055555555556 0.21875 0.3993055555555556 0.224609375 0.4375
0 0.271484375 0.7534722222222222 0.28125 0.7430555555555556 0.28515625 0.7013888888888888 0.27734375 0.6666666666666666 0.26171875 0.6666666666666666 0.263671875 0.75 0.271484375 0.7534722222222222
0 0.22265625 0.9930555555555556 0.224609375 0.9513888888888888 0.216796875 0.9201388888888888 0.2109375 0.9027777777777778 0.193359375 0.90625 0.193359375 0.9930555555555556 0.22265625 0.9930555555555556
0 0.513671875 0.4965277777777778 0.505859375 0.4618055555555556 0.474609375 0.4722222222222222 0.474609375 0.5104166666666666 0.513671875 0.4965277777777778
0 0.3125 0.2951388888888889 0.3125 0.2743055555555556 0.30078125 0.28125 0.298828125 0.2916666666666667 0.3125 0.2951388888888889
0 0.5234375 0.9826388888888888 0.53125 0.9930555555555556 0.548828125 0.9930555555555556 0.560546875 0.9618055555555556 0.5546875 0.8888888888888888 0.54296875 0.875 0.51953125 0.8993055555555556 0.513671875 0.9375 0.5234375 0.9826388888888888
0 0.41015625 0.375 0.435546875 0.3680555555555556 0.4296875 0.3402777777777778 0.41796875 0.3298611111111111 0.404296875 0.3368055555555556 0.400390625 0.34375 0.41015625 0.375
0 0.45703125 0.5972222222222222 0.455078125 0.5451388888888888 0.443359375 0.5451388888888888 0.443359375 0.5798611111111112 0.45703125 0.5972222222222222