0 0.400390625 0.5729166666666666 0.40625 0.5590277777777778 0.404296875 0.5416666666666666 0.388671875 0.53125 0.38671875 0.5625 0.400390625 0.5729166666666666
0 0.46875 0.4930555555555556 0.486328125 0.4513888888888889 0.462890625 0.4548611111111111 0.4609375 0.4791666666666667 0.46875 0.4930555555555556
0 0.6875 0.9930555555555556 0.75390625 0.9965277777777778 0.7734375 0.9791666666666666 0.791015625 0.9791666666666666 0.76171875 0.9166666666666666 0.767578125 0.8854166666666666 0.7421875 0.8888888888888888 0.720703125 0.9201388888888888 0.69921875 0.9166666666666666 0.681640625 0.9479166666666666 0.6796875 0.9756944444444444 0.6875 0.9930555555555556
0 0.39453125 0.5763888888888888 0.404296875 0.5763888888888888 0.400390625 0.5138888888888888 0.38671875 0.5138888888888888 0.38671875 0.5625 0.39453125 0.5763888888888888
0 0.341796875 0.5902777777777778 0.34765625 0.5763888888888888 0.34375 0.5451388888888888 0.33203125 0.5451388888888888 0.330078125 0.5868055555555556 0.341796875 0.5902777777777778
0 0.46875 0.7083333333333334 0.484375 0.71875 0.4921875 0.6701388888888888 0.48828125 0.6423611111111112 0.482421875 0.6493055555555556 0.474609375 0.6388888888888888 0.4609375 0.65625 0.46875 0.7083333333333334
0 0.236328125 0.5729166666666666 0.2421875 0.5868055555555556 0.25 0.5798611111111112 0.248046875 0.5277777777777778 0.236328125 0.5277777777777778 0.236328125 0.5729166666666666
0 0.330078125 0.2743055555555556 0.31640625 0.2638888888888889 0.3125 0.2847222222222222 0.330078125 0.2743055555555556
0 0.345703125 0.2951388888888889 0.353515625 0.28125 0.33984375 0.2638888888888889 0.33203125 0.2708333333333333 0.33203125 0.2951388888888889 0.345703125 0.2951388888888889
0 0.279296875 0.2951388888888889 0.279296875 0.28125 0.26953125 0.2743055555555556 0.267578125 0.2951388888888889 0.279296875 0.2951388888888889
0 0.474609375 0.5104166666666666 0.517578125 0.4930555555555556 0.505859375 0.4618055555555556 0.474609375 0.4722222222222222 0.46875 0.4861111111111111 0.474609375 0.5104166666666666
0 0.234375 0.5034722222222222 0.2421875 0.4826388888888889 0.23828125 0.46875 0.23046875 0.4722222222222222 0.224609375 0.4861111111111111 0.234375 0.5034722222222222
0 0.51953125 0.875 0.525390625 0.875 0.53125 0.8611111111111112 0.53125 0.8298611111111112 0.5234375 0.8125 0.513671875 0.8159722222222222 0.505859375 0.84375 0.51953125 0.875
0 0.494140625 0.78125 0.4921875 0.7673611111111112 0.48828125 0.7743055555555556 0.494140625 0.78125
0 0.412109375 0.3715277777777778 0.42578125 0.3611111111111111 0.4296875 0.34375 0.419921875 0.3229166666666667 0.404296875 0.3368055555555556 0.400390625 0.3472222222222222 0.412109375 0.3715277777777778
0 0.51953125 0.875 0.52734375 0.875 0.529296875 0.8263888888888888 0.5234375 0.8159722222222222 0.5078125 0.8263888888888888 0.505859375 0.84375 0.51953125 0.875
0 0.671875 0.9548611111111112 0.69921875 0.90625 0.72265625 0.90625 0.73046875 0.8784722222222222 0.748046875 0.8576388888888888 0.728515625 0.8576388888888888 0.72265625 0.8402777777777778 0.705078125 0.8263888888888888 0.69921875 0.8298611111111112 0.70703125 0.8472222222222222 0.703125 0.8715277777777778 0.66796875 0.875 0.66015625 0.8854166666666666 0.65625 0.9236111111111112 0.671875 0.9548611111111112