0 0.2421875 0.3576388888888889 0.248046875 0.3576388888888889 0.248046875 0.3263888888888889 0.23828125 0.3263888888888889 0.2421875 0.3576388888888889
0 0.359375 0.2847222222222222 0.361328125 0.2638888888888889 0.35546875 0.2638888888888889 0.353515625 0.28125 0.359375 0.2847222222222222
0 0.384765625 0.6388888888888888 0.38671875 0.5972222222222222 0.369140625 0.6076388888888888 0.3671875 0.6388888888888888 0.384765625 0.6388888888888888
0 0.662109375 0.9479166666666666 0.67578125 0.9548611111111112 0.69921875 0.9097222222222222 0.72265625 0.9166666666666666 0.736328125 0.9027777777777778 0.736328125 0.8888888888888888 0.755859375 0.8472222222222222 0.728515625 0.8541666666666666 0.69921875 0.8298611111111112 0.7109375 0.8611111111111112 0.708984375 0.8715277777777778 0.666015625 0.875 0.66015625 0.8888888888888888 0.65625 0.9236111111111112 0.662109375 0.9479166666666666
0 0.267578125 0.4652777777777778 0.26953125 0.4305555555555556 0.26171875 0.4305555555555556 0.259765625 0.4548611111111111 0.267578125 0.4652777777777778
0 0.216796875 0.5729166666666666 0.22265625 0.5729166666666666 0.224609375 0.5555555555555556 0.216796875 0.5625 0.2109375 0.5486111111111112 0.224609375 0.5277777777777778 0.22265625 0.5138888888888888 0.2109375 0.5138888888888888 0.20703125 0.5451388888888888 0.216796875 0.5729166666666666
0 0.232421875 0.3784722222222222 0.234375 0.3472222222222222 0.224609375 0.3402777777777778 0.22265625 0.3680555555555556 0.232421875 0.3784722222222222
0 0.34375 0.8680555555555556 0.35546875 0.7986111111111112 0.33203125 0.7951388888888888 0.33203125 0.8611111111111112 0.34375 0.8680555555555556
0 0.28515625 0.8229166666666666 0.29296875 0.84375 0.306640625 0.8090277777777778 0.306640625 0.78125 0.28515625 0.78125 0.28515625 0.8229166666666666
0 0.33203125 0.6979166666666666 0.34765625 0.7118055555555556 0.35546875 0.6875 0.35546875 0.65625 0.337890625 0.6527777777777778 0.33203125 0.6597222222222222 0.33203125 0.6979166666666666
0 0.513671875 0.5 0.517578125 0.4826388888888889 0.505859375 0.4618055555555556 0.48828125 0.4618055555555556 0.4765625 0.4756944444444444 0.474609375 0.5104166666666666 0.513671875 0.5
0 0.28125 0.34375 0.291015625 0.3402777777777778 0.287109375 0.3090277777777778 0.28125 0.3090277777777778 0.28125 0.34375
0 0.3046875 0.6701388888888888 0.31640625 0.6979166666666666 0.32421875 0.6493055555555556 0.3125 0.6284722222222222 0.3046875 0.6284722222222222 0.3046875 0.6701388888888888
0 0.244140625 0.4305555555555556 0.248046875 0.40625 0.23828125 0.3923611111111111 0.236328125 0.4270833333333333 0.244140625 0.4305555555555556
0 0.21875 0.4618055555555556 0.224609375 0.4722222222222222 0.23046875 0.4722222222222222 0.234375 0.4375 0.21875 0.4375 0.21875 0.4618055555555556
0 0.44921875 0.7743055555555556 0.4609375 0.7916666666666666 0.47265625 0.78125 0.466796875 0.7326388888888888 0.44921875 0.7326388888888888 0.44921875 0.7743055555555556
0 0.5625 0.9722222222222222 0.568359375 0.9965277777777778 0.587890625 0.9965277777777778 0.59765625 0.9791666666666666 0.599609375 0.9513888888888888 0.587890625 0.9236111111111112 0.57421875 0.9236111111111112 0.5625 0.9340277777777778 0.5625 0.9722222222222222
0 0.50390625 0.9305555555555556 0.5234375 0.8993055555555556 0.5234375 0.8576388888888888 0.5 0.8576388888888888 0.498046875 0.9166666666666666 0.50390625 0.9305555555555556
0 0.353515625 0.4652777777777778 0.35546875 0.4340277777777778 0.34375 0.4340277777777778 0.34375 0.4652777777777778 0.353515625 0.4652777777777778
0 0.40234375 0.9340277777777778 0.4140625 0.9166666666666666 0.41796875 0.8854166666666666 0.41015625 0.8715277777777778 0.3984375 0.8715277777777778 0.39453125 0.8854166666666666 0.392578125 0.9131944444444444 0.40234375 0.9340277777777778
0 0.40625 0.3680555555555556 0.423828125 0.3680555555555556 0.423828125 0.3298611111111111 0.400390625 0.3298611111111111 0.400390625 0.3576388888888889 0.40625 0.3680555555555556
0 0.53515625 0.8402777777777778 0.53515625 0.7986111111111112 0.5234375 0.7951388888888888 0.51953125 0.8125 0.53515625 0.8402777777777778
0 0.373046875 0.2673611111111111 0.375 0.25 0.36328125 0.2465277777777778 0.36328125 0.2673611111111111 0.373046875 0.2673611111111111
0 0.46875 0.4930555555555556 0.486328125 0.4513888888888889 0.462890625 0.4583333333333333 0.4609375 0.4826388888888889 0.46875 0.4930555555555556
0 0.48046875 0.71875 0.484375 0.6666666666666666 0.46875 0.6597222222222222 0.46875 0.7118055555555556 0.48046875 0.71875
0 0.47265625 0.9930555555555556 0.494140625 0.9618055555555556 0.490234375 0.9166666666666666 0.474609375 0.9201388888888888 0.47265625 0.9340277777777778 0.4609375 0.9409722222222222 0.45703125 0.96875 0.47265625 0.9930555555555556
0 0.37890625 0.9930555555555556 0.373046875 0.9409722222222222 0.359375 0.9340277777777778 0.337890625 0.9513888888888888 0.330078125 0.9930555555555556 0.37890625 0.9930555555555556