0 0.44921875 0.7430555555555556 0.455078125 0.71875 0.451171875 0.6840277777777778 0.435546875 0.6840277777777778 0.431640625 0.7222222222222222 0.44921875 0.7430555555555556
0 0.341796875 0.5243055555555556 0.349609375 0.5104166666666666 0.34375 0.46875 0.330078125 0.4652777777777778 0.326171875 0.5 0.341796875 0.5243055555555556
0 0.6796875 0.9618055555555556 0.693359375 0.9930555555555556 0.79296875 0.9930555555555556 0.79296875 0.96875 0.767578125 0.9166666666666666 0.767578125 0.8854166666666666 0.736328125 0.8923611111111112 0.72265625 0.9201388888888888 0.693359375 0.9236111111111112 0.693359375 0.9375 0.6796875 0.9618055555555556
0 0.236328125 0.6493055555555556 0.24609375 0.6527777777777778 0.25390625 0.6354166666666666 0.25390625 0.59375 0.234375 0.5902777777777778 0.23046875 0.6076388888888888 0.236328125 0.6493055555555556
0 0.375 0.5138888888888888 0.384765625 0.5138888888888888 0.38671875 0.4826388888888889 0.373046875 0.4826388888888889 0.375 0.5138888888888888
0 0.66796875 0.9548611111111112 0.677734375 0.9548611111111112 0.689453125 0.9201388888888888 0.69921875 0.9097222222222222 0.72265625 0.9097222222222222 0.732421875 0.8888888888888888 0.7421875 0.8854166666666666 0.755859375 0.8472222222222222 0.728515625 0.8541666666666666 0.705078125 0.8263888888888888 0.69921875 0.8368055555555556 0.7109375 0.8611111111111112 0.70703125 0.8680555555555556 0.66796875 0.875 0.66015625 0.8854166666666666 0.65625 0.9201388888888888 0.66796875 0.9548611111111112
0 0.35546875 0.4930555555555556 0.01171875 0.041666666666666664
0 0.505859375 0.7951388888888888 0.5234375 0.8125 0.53515625 0.78125 0.51953125 0.7465277777777778 0.505859375 0.75 0.505859375 0.7951388888888888
0 0.19921875 0.6736111111111112 0.205078125 0.7534722222222222 0.224609375 0.7465277777777778 0.21875 0.65625 0.19140625 0.65625 0.19921875 0.6736111111111112
0 0.474609375 0.5104166666666666 0.513671875 0.4965277777777778 0.513671875 0.4826388888888889 0.5 0.4548611111111111 0.474609375 0.4722222222222222 0.46875 0.4930555555555556 0.474609375 0.5104166666666666
0 0.39453125 0.5729166666666666 0.40625 0.5868055555555556 0.404296875 0.53125 0.392578125 0.5277777777777778 0.388671875 0.5416666666666666 0.39453125 0.5729166666666666
0 0.20703125 0.6076388888888888 0.2109375 0.6180555555555556 0.212890625 0.59375 0.205078125 0.5729166666666666 0.197265625 0.5729166666666666 0.193359375 0.6076388888888888 0.20703125 0.6076388888888888
0 0.46875 0.4930555555555556 0.486328125 0.4513888888888889 0.462890625 0.4513888888888889 0.4609375 0.4791666666666667 0.46875 0.4930555555555556
0 0.357421875 0.2847222222222222 0.353515625 0.2638888888888889 0.349609375 0.28125 0.357421875 0.2847222222222222
0 0.4296875 0.6875 0.431640625 0.7291666666666666 0.44921875 0.7430555555555556 0.455078125 0.71875 0.455078125 0.6388888888888888 0.447265625 0.6388888888888888 0.44140625 0.6180555555555556 0.423828125 0.6284722222222222 0.421875 0.6805555555555556 0.4296875 0.6875
0 0.423828125 0.5729166666666666 0.4296875 0.5659722222222222 0.4296875 0.5347222222222222 0.416015625 0.53125 0.412109375 0.5625 0.423828125 0.5729166666666666
0 0.421875 0.3958333333333333 0.4296875 0.3993055555555556 0.4375 0.3854166666666667 0.4375 0.3680555555555556 0.42578125 0.3611111111111111 0.41796875 0.375 0.421875 0.3958333333333333
0 0.49609375 0.8923611111111112 0.501953125 0.8888888888888888 0.505859375 0.8263888888888888 0.482421875 0.8298611111111112 0.48046875 0.8715277777777778 0.49609375 0.8923611111111112
0 0.40625 0.3715277777777778 0.423828125 0.3680555555555556 0.421875 0.3298611111111111 0.404296875 0.3298611111111111 0.400390625 0.3576388888888889 0.40625 0.3715277777777778