0 0.392578125 0.5451388888888888 0.392578125 0.5138888888888888 0.380859375 0.5138888888888888 0.380859375 0.5486111111111112 0.392578125 0.5451388888888888
0 0.236328125 0.3298611111111111 0.236328125 0.2986111111111111 0.23046875 0.2986111111111111 0.236328125 0.3298611111111111
0 0.3984375 0.5 0.40625 0.5138888888888888 0.412109375 0.5138888888888888 0.412109375 0.4722222222222222 0.3984375 0.4722222222222222 0.3984375 0.5
0 0.693359375 0.9930555555555556 0.708984375 0.9826388888888888 0.712890625 0.96875 0.744140625 0.9513888888888888 0.755859375 0.96875 0.76953125 0.9513888888888888 0.75 0.875 0.73828125 0.875 0.7265625 0.8993055555555556 0.716796875 0.8923611111111112 0.708984375 0.9027777777777778 0.681640625 0.90625 0.6796875 0.9791666666666666 0.693359375 0.9930555555555556
0 0.76171875 0.9548611111111112 0.767578125 0.9375 0.755859375 0.9375 0.76171875 0.9548611111111112
0 0.693359375 0.9097222222222222 0.708984375 0.90625 0.716796875 0.8923611111111112 0.73046875 0.8993055555555556 0.73828125 0.875 0.748046875 0.875 0.755859375 0.8888888888888888 0.755859375 0.90625 0.76953125 0.8993055555555556 0.7734375 0.84375 0.755859375 0.8159722222222222 0.7421875 0.8298611111111112 0.740234375 0.84375 0.7109375 0.8298611111111112 0.703125 0.84375 0.69921875 0.8298611111111112 0.708984375 0.8715277777777778 0.673828125 0.875 0.66015625 0.8888888888888888 0.65625 0.9097222222222222 0.662109375 0.9479166666666666 0.673828125 0.9548611111111112 0.693359375 0.9097222222222222
0 0.279296875 0.4513888888888889 0.287109375 0.4409722222222222 0.287109375 0.4201388888888889 0.2734375 0.4201388888888889 0.279296875 0.4513888888888889
0 0.23046875 0.4791666666666667 0.23828125 0.4409722222222222 0.22265625 0.4375 0.21875 0.4409722222222222 0.23046875 0.4791666666666667
0 0.255859375 0.3263888888888889 0.26171875 0.3229166666666667 0.26171875 0.2951388888888889 0.25390625 0.2951388888888889 0.255859375 0.3263888888888889
0 0.435546875 0.6388888888888888 0.44140625 0.6284722222222222 0.44140625 0.6041666666666666 0.4375 0.59375 0.423828125 0.59375 0.423828125 0.6388888888888888 0.435546875 0.6388888888888888
0 0.265625 0.4861111111111111 0.26953125 0.4513888888888889 0.259765625 0.4479166666666667 0.255859375 0.4791666666666667 0.265625 0.4861111111111111
0 0.2421875 0.5902777777777778 0.248046875 0.6041666666666666 0.255859375 0.5868055555555556 0.255859375 0.5625 0.244140625 0.5590277777777778 0.2421875 0.5902777777777778
0 0.28125 0.5277777777777778 0.28125 0.5486111111111112 0.267578125 0.53125 0.2734375 0.5590277777777778 0.28125 0.5625 0.28515625 0.5347222222222222 0.279296875 0.5034722222222222 0.2734375 0.5 0.267578125 0.5034722222222222 0.28125 0.5277777777777778
0 0.2734375 0.3888888888888889 0.28515625 0.3888888888888889 0.28515625 0.3576388888888889 0.2734375 0.3611111111111111 0.2734375 0.3888888888888889
0 0.23046875 0.4097222222222222 0.234375 0.4201388888888889 0.2421875 0.40625 0.236328125 0.3923611111111111 0.23046875 0.4097222222222222
0 0.474609375 0.5104166666666666 0.517578125 0.4965277777777778 0.517578125 0.4826388888888889 0.498046875 0.4652777777777778 0.47265625 0.46875 0.474609375 0.5104166666666666
0 0.46875 0.8888888888888888 0.48828125 0.9305555555555556 0.5 0.9097222222222222 0.5 0.8576388888888888 0.46875 0.8576388888888888 0.46875 0.8888888888888888
0 0.4375 0.3680555555555556 0.435546875 0.3472222222222222 0.421875 0.3298611111111111 0.40234375 0.3402777777777778 0.40625 0.3715277777777778 0.4375 0.3680555555555556
0 0.54296875 0.6875 0.55078125 0.7118055555555556 0.5625 0.7118055555555556 0.576171875 0.6875 0.59375 0.6805555555555556 0.59375 0.6701388888888888 0.578125 0.6527777777777778 0.55078125 0.6527777777777778 0.54296875 0.65625 0.54296875 0.6875
0 0.259765625 0.4201388888888889 0.26171875 0.3784722222222222 0.25 0.375 0.25 0.40625 0.259765625 0.4201388888888889
0 0.263671875 0.8854166666666666 0.28125 0.8854166666666666 0.287109375 0.8159722222222222 0.275390625 0.7951388888888888 0.263671875 0.7986111111111112 0.255859375 0.8125 0.263671875 0.8854166666666666