0 0.388671875 0.4097222222222222 0.392578125 0.3854166666666667 0.38671875 0.3784722222222222 0.380859375 0.3993055555555556 0.388671875 0.4097222222222222
0 0.22265625 0.3888888888888889 0.224609375 0.3715277777777778 0.216796875 0.3611111111111111 0.224609375 0.3472222222222222 0.21875 0.34375 0.212890625 0.3576388888888889 0.22265625 0.3888888888888889
0 0.36328125 0.40625 0.373046875 0.40625 0.373046875 0.3784722222222222 0.36328125 0.3784722222222222 0.36328125 0.40625
0 0.38671875 0.4861111111111111 0.392578125 0.4791666666666667 0.392578125 0.4548611111111111 0.380859375 0.4513888888888889 0.37890625 0.4756944444444444 0.38671875 0.4861111111111111
0 0.6796875 0.90625 0.681640625 0.9826388888888888 0.697265625 0.9930555555555556 0.712890625 0.9652777777777778 0.7265625 0.9652777777777778 0.748046875 0.9375 0.75390625 0.8888888888888888 0.75 0.875 0.7421875 0.875 0.73828125 0.8888888888888888 0.724609375 0.875 0.705078125 0.90625 0.6796875 0.90625
0 0.255859375 0.9513888888888888 0.26171875 0.9930555555555556 0.3046875 0.9930555555555556 0.30078125 0.9409722222222222 0.28125 0.9375 0.27734375 0.9513888888888888 0.255859375 0.9513888888888888
0 0.23046875 0.4409722222222222 0.236328125 0.4305555555555556 0.234375 0.40625 0.224609375 0.3993055555555556 0.23046875 0.4409722222222222
0 0.19921875 0.78125 0.2109375 0.7638888888888888 0.2109375 0.6875 0.1875 0.6875 0.1875 0.75 0.19921875 0.78125
0 0.248046875 0.3888888888888889 0.248046875 0.3576388888888889 0.2421875 0.3541666666666667 0.23828125 0.375 0.248046875 0.3888888888888889
0 0.2421875 0.9305555555555556 0.25390625 0.9340277777777778 0.259765625 0.9201388888888888 0.26171875 0.8611111111111112 0.255859375 0.8402777777777778 0.236328125 0.84375 0.236328125 0.9131944444444444 0.2421875 0.9305555555555556
0 0.66796875 0.9513888888888888 0.67578125 0.9513888888888888 0.677734375 0.90625 0.693359375 0.8923611111111112 0.705078125 0.9027777777777778 0.712890625 0.8888888888888888 0.724609375 0.8888888888888888 0.7265625 0.875 0.75 0.8680555555555556 0.755859375 0.8472222222222222 0.73046875 0.8541666666666666 0.701171875 0.8298611111111112 0.70703125 0.8472222222222222 0.705078125 0.8715277777777778 0.66796875 0.875 0.66015625 0.8854166666666666 0.65625 0.9236111111111112 0.66796875 0.9513888888888888
0 0.375 0.6527777777777778 0.38671875 0.65625 0.392578125 0.6493055555555556 0.392578125 0.6180555555555556 0.380859375 0.6111111111111112 0.375 0.6215277777777778 0.375 0.6527777777777778
0 0.4375 0.6666666666666666 0.447265625 0.6423611111111112 0.44140625 0.6111111111111112 0.4296875 0.6180555555555556 0.423828125 0.65625 0.4375 0.6666666666666666
0 0.1796875 0.9930555555555556 0.193359375 0.9930555555555556 0.205078125 0.96875 0.19921875 0.9097222222222222 0.193359375 0.8993055555555556 0.173828125 0.9027777777777778 0.173828125 0.9826388888888888 0.1796875 0.9930555555555556
0 0.25 0.75 0.26171875 0.7743055555555556 0.26953125 0.75 0.267578125 0.7013888888888888 0.25 0.7013888888888888 0.25 0.75
0 0.255859375 0.3090277777777778 0.26171875 0.3020833333333333 0.26171875 0.28125 0.255859375 0.28125 0.255859375 0.3090277777777778
0 0.23828125 0.6041666666666666 0.248046875 0.6354166666666666 0.255859375 0.6215277777777778 0.25390625 0.5763888888888888 0.23828125 0.5763888888888888 0.23828125 0.6041666666666666
0 0.525390625 0.9305555555555556 0.548828125 0.9513888888888888 0.556640625 0.9340277777777778 0.55078125 0.8854166666666666 0.53515625 0.8854166666666666 0.529296875 0.875 0.5234375 0.875 0.525390625 0.9305555555555556
0 0.23046875 0.4722222222222222 0.240234375 0.5034722222222222 0.244140625 0.46875 0.2421875 0.4513888888888889 0.236328125 0.4513888888888889 0.23046875 0.4548611111111111 0.23046875 0.4722222222222222
0 0.28125 0.59375 0.28515625 0.5347222222222222 0.26953125 0.5451388888888888 0.267578125 0.5729166666666666 0.28125 0.59375
0 0.474609375 0.5104166666666666 0.517578125 0.4965277777777778 0.517578125 0.4826388888888889 0.505859375 0.4618055555555556 0.478515625 0.4722222222222222 0.47265625 0.4826388888888889 0.474609375 0.5104166666666666
0 0.353515625 0.4097222222222222 0.35546875 0.3680555555555556 0.34375 0.3611111111111111 0.34375 0.4027777777777778 0.353515625 0.4097222222222222
0 0.337890625 0.5451388888888888 0.349609375 0.5451388888888888 0.349609375 0.5138888888888888 0.3359375 0.5138888888888888 0.337890625 0.5451388888888888
0 0.236328125 0.3055555555555556 0.25 0.2951388888888889 0.2421875 0.2777777777777778 0.236328125 0.2777777777777778 0.236328125 0.3055555555555556
0 0.421875 0.5 0.421875 0.4826388888888889 0.41015625 0.4791666666666667 0.41015625 0.5138888888888888 0.421875 0.5
0 0.46875 0.4930555555555556 0.486328125 0.4513888888888889 0.474609375 0.4479166666666667 0.462890625 0.4618055555555556 0.4609375 0.4791666666666667 0.46875 0.4930555555555556
0 0.421875 0.5902777777777778 0.431640625 0.5729166666666666 0.431640625 0.5555555555555556 0.4140625 0.5451388888888888 0.412109375 0.5729166666666666 0.421875 0.5902777777777778
0 0.236328125 0.6875 0.23828125 0.625 0.224609375 0.6180555555555556 0.22265625 0.6666666666666666 0.236328125 0.6875
0 0.35546875 0.46875 0.359375 0.4340277777777778 0.345703125 0.4340277777777778 0.349609375 0.46875 0.35546875 0.46875
0 0.3671875 0.5277777777777778 0.37890625 0.5243055555555556 0.37890625 0.4791666666666667 0.361328125 0.4791666666666667 0.3671875 0.5277777777777778
0 0.525390625 0.9305555555555556 0.546875 0.9513888888888888 0.556640625 0.9340277777777778 0.55078125 0.8854166666666666 0.5234375 0.875 0.51953125 0.8993055555555556 0.525390625 0.9305555555555556
0 0.513671875 0.8194444444444444 0.51171875 0.8680555555555556 0.517578125 0.875 0.5234375 0.8125 0.51171875 0.8090277777777778 0.505859375 0.8125 0.513671875 0.8194444444444444
0 0.37109375 0.3159722222222222 0.373046875 0.28125 0.3671875 0.2916666666666667 0.37109375 0.3159722222222222
0 0.40625 0.3715277777777778 0.4296875 0.3576388888888889 0.421875 0.3298611111111111 0.40625 0.3298611111111111 0.400390625 0.3368055555555556 0.40625 0.3715277777777778
0 0.255859375 0.5451388888888888 0.26171875 0.5451388888888888 0.263671875 0.4965277777777778 0.25 0.4965277777777778 0.255859375 0.5451388888888888