0 0.373046875 0.6840277777777778 0.38671875 0.6875 0.38671875 0.65625 0.369140625 0.6527777777777778 0.3671875 0.6701388888888888 0.373046875 0.6840277777777778
0 0.212890625 0.46875 0.23046875 0.4861111111111111 0.23046875 0.4513888888888889 0.212890625 0.4513888888888889 0.212890625 0.46875
0 0.6796875 0.9409722222222222 0.6796875 0.9756944444444444 0.6875 0.9930555555555556 0.697265625 0.9930555555555556 0.7109375 0.96875 0.73046875 0.9652777777777778 0.7421875 0.9513888888888888 0.75 0.9340277777777778 0.75390625 0.8888888888888888 0.7421875 0.875 0.7265625 0.8993055555555556 0.681640625 0.9201388888888888 0.685546875 0.9305555555555556 0.6796875 0.9409722222222222
0 0.33203125 0.4826388888888889 0.34375 0.46875 0.341796875 0.4479166666666667 0.330078125 0.4479166666666667 0.33203125 0.4826388888888889
0 0.392578125 0.4513888888888889 0.392578125 0.4201388888888889 0.384765625 0.4201388888888889 0.380859375 0.4513888888888889 0.392578125 0.4513888888888889
0 0.373046875 0.5763888888888888 0.375 0.5347222222222222 0.361328125 0.5347222222222222 0.361328125 0.5694444444444444 0.373046875 0.5763888888888888
0 0.19921875 0.6180555555555556 0.21484375 0.625 0.212890625 0.59375 0.205078125 0.5868055555555556 0.197265625 0.5868055555555556 0.19921875 0.6180555555555556
0 0.25 0.4201388888888889 0.255859375 0.40625 0.255859375 0.375 0.2421875 0.375 0.25 0.4201388888888889
0 0.388671875 0.5416666666666666 0.39453125 0.5451388888888888 0.404296875 0.5104166666666666 0.3984375 0.5 0.38671875 0.5034722222222222 0.388671875 0.5416666666666666
0 0.2109375 0.5277777777777778 0.216796875 0.5347222222222222 0.21875 0.5798611111111112 0.23046875 0.5868055555555556 0.23046875 0.5 0.224609375 0.4965277777777778 0.2109375 0.5 0.2109375 0.5277777777777778
0 0.271484375 0.53125 0.2734375 0.4826388888888889 0.267578125 0.4618055555555556 0.255859375 0.4618055555555556 0.259765625 0.5208333333333334 0.271484375 0.53125
0 0.474609375 0.5104166666666666 0.513671875 0.4930555555555556 0.505859375 0.46875 0.478515625 0.4722222222222222 0.46875 0.4861111111111111 0.474609375 0.5104166666666666
0 0.337890625 0.5451388888888888 0.349609375 0.5486111111111112 0.353515625 0.5138888888888888 0.34375 0.5104166666666666 0.3359375 0.5173611111111112 0.337890625 0.5451388888888888
0 0.2109375 0.9930555555555556 0.228515625 0.96875 0.228515625 0.9236111111111112 0.21875 0.8784722222222222 0.201171875 0.8888888888888888 0.19921875 0.9548611111111112 0.2109375 0.9930555555555556
0 0.3984375 0.5451388888888888 0.404296875 0.5243055555555556 0.404296875 0.4722222222222222 0.388671875 0.4826388888888889 0.38671875 0.53125 0.3984375 0.5451388888888888
0 0.66796875 0.9548611111111112 0.673828125 0.9548611111111112 0.685546875 0.9201388888888888 0.69921875 0.90625 0.724609375 0.9027777777777778 0.734375 0.8854166666666666 0.732421875 0.875 0.748046875 0.8541666666666666 0.728515625 0.8576388888888888 0.720703125 0.8402777777777778 0.70703125 0.8472222222222222 0.705078125 0.8263888888888888 0.69921875 0.8368055555555556 0.7109375 0.8611111111111112 0.70703125 0.8715277777777778 0.662109375 0.8819444444444444 0.65625 0.9201388888888888 0.66796875 0.9548611111111112
0 0.4921875 0.8229166666666666 0.5 0.7986111111111112 0.498046875 0.7604166666666666 0.478515625 0.7638888888888888 0.474609375 0.7986111111111112 0.4921875 0.8229166666666666
0 0.46875 0.7361111111111112 0.46875 0.7048611111111112 0.462890625 0.7048611111111112 0.4609375 0.7291666666666666 0.46875 0.7361111111111112
0 0.40625 0.3715277777777778 0.4375 0.3680555555555556 0.423828125 0.3298611111111111 0.412109375 0.3298611111111111 0.400390625 0.3368055555555556 0.40625 0.3715277777777778
0 0.486328125 0.8229166666666666 0.4921875 0.8229166666666666 0.5 0.7986111111111112 0.498046875 0.7638888888888888 0.48046875 0.7638888888888888 0.474609375 0.7916666666666666 0.486328125 0.8229166666666666
0 0.54296875 0.6909722222222222 0.55078125 0.7118055555555556 0.5625 0.7118055555555556 0.576171875 0.6875 0.591796875 0.6805555555555556 0.5859375 0.6597222222222222 0.548828125 0.65625 0.54296875 0.6597222222222222 0.54296875 0.6909722222222222
0 0.41015625 0.7048611111111112 0.412109375 0.7291666666666666 0.41796875 0.7291666666666666 0.42578125 0.6875 0.40625 0.6875 0.404296875 0.7013888888888888 0.41015625 0.7048611111111112
0 0.212890625 0.9930555555555556 0.23046875 0.96875 0.23046875 0.9236111111111112 0.22265625 0.8784722222222222 0.19921875 0.8888888888888888 0.19921875 0.9548611111111112 0.212890625 0.9930555555555556
0 0.228515625 0.8888888888888888 0.2421875 0.875 0.2421875 0.8611111111111112 0.23046875 0.8472222222222222 0.234375 0.875 0.228515625 0.8888888888888888