0 0.40625 0.7222222222222222 0.40625 0.7604166666666666 0.412109375 0.7673611111111112 0.435546875 0.7291666666666666 0.435546875 0.6875 0.42578125 0.6736111111111112 0.421875 0.6909722222222222 0.41015625 0.6909722222222222 0.41796875 0.6979166666666666 0.40625 0.7222222222222222
0 0.236328125 0.4166666666666667 0.234375 0.375 0.224609375 0.375 0.22265625 0.40625 0.236328125 0.4166666666666667
0 0.693359375 0.9930555555555556 0.78125 0.9930555555555556 0.7734375 0.9826388888888888 0.7734375 0.9340277777777778 0.76171875 0.9166666666666666 0.767578125 0.8888888888888888 0.7421875 0.8888888888888888 0.724609375 0.9201388888888888 0.69921875 0.9166666666666666 0.681640625 0.9513888888888888 0.6796875 0.9722222222222222 0.693359375 0.9930555555555556
0 0.662109375 0.9479166666666666 0.6796875 0.9618055555555556 0.6953125 0.9201388888888888 0.705078125 0.9097222222222222 0.724609375 0.9166666666666666 0.755859375 0.8715277777777778 0.755859375 0.84375 0.728515625 0.8541666666666666 0.72265625 0.8368055555555556 0.705078125 0.8263888888888888 0.69921875 0.8368055555555556 0.705078125 0.8541666666666666 0.71875 0.8611111111111112 0.712890625 0.8715277777777778 0.66796875 0.875 0.66015625 0.8854166666666666 0.65625 0.9201388888888888 0.662109375 0.9479166666666666
0 0.33203125 0.4861111111111111 0.349609375 0.4791666666666667 0.34375 0.4409722222222222 0.330078125 0.4513888888888889 0.33203125 0.4861111111111111
0 0.40625 0.5138888888888888 0.41796875 0.5243055555555556 0.421875 0.4826388888888889 0.412109375 0.4791666666666667 0.40625 0.4826388888888889 0.40625 0.5138888888888888
0 0.22265625 0.53125 0.22265625 0.4826388888888889 0.2109375 0.4826388888888889 0.2109375 0.5277777777777778 0.22265625 0.53125
0 0.291015625 0.2916666666666667 0.298828125 0.2916666666666667 0.294921875 0.2638888888888889 0.287109375 0.2638888888888889 0.291015625 0.2916666666666667
0 0.35546875 0.7465277777777778 0.37890625 0.75 0.380859375 0.7118055555555556 0.373046875 0.6875 0.35546875 0.6979166666666666 0.349609375 0.7118055555555556 0.35546875 0.7465277777777778
0 0.349609375 0.6388888888888888 0.359375 0.6423611111111112 0.3671875 0.6284722222222222 0.365234375 0.6041666666666666 0.349609375 0.5972222222222222 0.349609375 0.6388888888888888
0 0.451171875 0.7638888888888888 0.466796875 0.7638888888888888 0.46875 0.7118055555555556 0.45703125 0.7048611111111112 0.44921875 0.7118055555555556 0.451171875 0.7638888888888888
0 0.326171875 0.6527777777777778 0.333984375 0.6527777777777778 0.34375 0.6388888888888888 0.34375 0.6076388888888888 0.3359375 0.5902777777777778 0.3359375 0.5625 0.330078125 0.5451388888888888 0.32421875 0.5486111111111112 0.322265625 0.6388888888888888 0.326171875 0.6527777777777778
0 0.28125 0.3125 0.28125 0.28125 0.26953125 0.28125 0.26953125 0.3125 0.28125 0.3125
0 0.37890625 0.4826388888888889 0.37890625 0.4479166666666667 0.36328125 0.4479166666666667 0.36328125 0.4826388888888889 0.37890625 0.4826388888888889
0 0.517578125 0.4965277777777778 0.517578125 0.4826388888888889 0.505859375 0.4618055555555556 0.474609375 0.4722222222222222 0.474609375 0.5104166666666666 0.517578125 0.4965277777777778
0 0.447265625 0.6388888888888888 0.4609375 0.6527777777777778 0.462890625 0.6111111111111112 0.451171875 0.6041666666666666 0.443359375 0.6215277777777778 0.447265625 0.6388888888888888
0 0.421875 0.3680555555555556 0.4296875 0.3472222222222222 0.423828125 0.3298611111111111 0.404296875 0.3298611111111111 0.404296875 0.3680555555555556 0.421875 0.3680555555555556
0 0.380859375 0.6666666666666666 0.3984375 0.6701388888888888 0.3984375 0.625 0.37890625 0.625 0.380859375 0.6666666666666666
0 0.234375 0.4652777777777778 0.236328125 0.4236111111111111 0.224609375 0.4201388888888889 0.224609375 0.4548611111111111 0.234375 0.4652777777777778
0 0.38671875 0.5625 0.400390625 0.5625 0.3984375 0.5173611111111112 0.384765625 0.5208333333333334 0.380859375 0.5347222222222222 0.38671875 0.5625
0 0.548828125 0.90625 0.548828125 0.9652777777777778 0.556640625 0.9930555555555556 0.619140625 0.9930555555555556 0.625 0.9652777777777778 0.6171875 0.9409722222222222 0.599609375 0.9305555555555556 0.578125 0.8715277777777778 0.560546875 0.875 0.564453125 0.8854166666666666 0.548828125 0.90625
0 0.236328125 0.2951388888888889 0.248046875 0.2951388888888889 0.248046875 0.28125 0.236328125 0.2673611111111111 0.23046875 0.28125 0.236328125 0.2951388888888889
0 0.40625 0.5798611111111112 0.416015625 0.5798611111111112 0.423828125 0.59375 0.423828125 0.5451388888888888 0.41015625 0.5277777777777778 0.404296875 0.5451388888888888 0.400390625 0.5625 0.40625 0.5798611111111112
0 0.48828125 0.8611111111111112 0.5 0.8854166666666666 0.51171875 0.8611111111111112 0.51171875 0.8368055555555556 0.486328125 0.8368055555555556 0.48828125 0.8611111111111112
0 0.44921875 0.6736111111111112 0.44140625 0.6770833333333334 0.447265625 0.6805555555555556 0.4609375 0.6527777777777778 0.4609375 0.6388888888888888 0.451171875 0.6284722222222222 0.443359375 0.6388888888888888 0.44140625 0.65625 0.44921875 0.6736111111111112
0 0.326171875 0.6527777777777778 0.34375 0.6388888888888888 0.341796875 0.6041666666666666 0.33203125 0.5902777777777778 0.32421875 0.59375 0.326171875 0.6527777777777778
0 0.4609375 0.4791666666666667 0.46875 0.4930555555555556 0.4765625 0.4722222222222222 0.46875 0.4513888888888889 0.462890625 0.4548611111111111 0.4609375 0.4791666666666667
0 0.4296875 0.5763888888888888 0.4375 0.5763888888888888 0.443359375 0.5625 0.443359375 0.53125 0.4296875 0.53125 0.42578125 0.5625 0.4296875 0.5763888888888888
0 0.4453125 0.8888888888888888 0.44921875 0.8263888888888888 0.4453125 0.8125 0.431640625 0.8159722222222222 0.42578125 0.84375 0.4453125 0.8888888888888888
0 0.380859375 0.9027777777777778 0.3984375 0.9027777777777778 0.40625 0.8888888888888888 0.3984375 0.875 0.400390625 0.8472222222222222 0.380859375 0.84375 0.375 0.8854166666666666 0.380859375 0.9027777777777778