0 0.40625 0.6701388888888888 0.416015625 0.6111111111111112 0.412109375 0.5972222222222222 0.3984375 0.6076388888888888 0.392578125 0.6597222222222222 0.40625 0.6701388888888888
0 0.46875 0.4930555555555556 0.486328125 0.4513888888888889 0.462890625 0.4513888888888889 0.4609375 0.4791666666666667 0.46875 0.4930555555555556
0 0.2421875 0.5138888888888888 0.2421875 0.46875 0.228515625 0.4722222222222222 0.228515625 0.5138888888888888 0.2421875 0.5138888888888888
0 0.583984375 0.9340277777777778 0.00390625 0.006944444444444444
0 0.5390625 0.9513888888888888 0.53125 0.90625 0.53125 0.9479166666666666 0.541015625 0.9930555555555556 0.57421875 0.9930555555555556 0.580078125 0.9513888888888888 0.568359375 0.9340277777777778 0.5625 0.9479166666666666 0.5390625 0.9513888888888888
0 0.541015625 0.8784722222222222 0.53515625 0.875 0.53125 0.8888888888888888 0.541015625 0.8784722222222222
0 0.568359375 0.875 0.56640625 0.8611111111111112 0.5625 0.875 0.568359375 0.875
0 0.69140625 0.9930555555555556 0.763671875 0.9930555555555556 0.7734375 0.9513888888888888 0.7734375 0.9305555555555556 0.76171875 0.9166666666666666 0.767578125 0.8854166666666666 0.73828125 0.8888888888888888 0.720703125 0.9201388888888888 0.697265625 0.9166666666666666 0.681640625 0.9479166666666666 0.6796875 0.9756944444444444 0.69140625 0.9930555555555556
0 0.474609375 0.5104166666666666 0.513671875 0.5 0.517578125 0.4826388888888889 0.505859375 0.4618055555555556 0.48046875 0.46875 0.47265625 0.4826388888888889 0.474609375 0.5104166666666666
0 0.6796875 0.9618055555555556 0.69921875 0.9097222222222222 0.724609375 0.9166666666666666 0.740234375 0.8888888888888888 0.75 0.8854166666666666 0.76171875 0.8402777777777778 0.75 0.8263888888888888 0.74609375 0.84375 0.732421875 0.8472222222222222 0.705078125 0.8263888888888888 0.69921875 0.8402777777777778 0.7109375 0.8611111111111112 0.708984375 0.8715277777777778 0.662109375 0.8784722222222222 0.662109375 0.9409722222222222 0.6796875 0.9618055555555556
0 0.341796875 0.5243055555555556 0.34375 0.4861111111111111 0.333984375 0.4826388888888889 0.330078125 0.5138888888888888 0.341796875 0.5243055555555556
0 0.224609375 0.5798611111111112 0.224609375 0.5416666666666666 0.21875 0.53125 0.208984375 0.5347222222222222 0.2109375 0.5763888888888888 0.224609375 0.5798611111111112
0 0.19921875 0.7291666666666666 0.2109375 0.7048611111111112 0.2109375 0.65625 0.19140625 0.65625 0.1875 0.6909722222222222 0.19921875 0.7291666666666666
0 0.37890625 0.65625 0.375 0.6215277777777778 0.36328125 0.6215277777777778 0.36328125 0.6527777777777778 0.37890625 0.65625
0 0.2578125 0.5590277777777778 0.263671875 0.5138888888888888 0.26171875 0.5 0.251953125 0.5069444444444444 0.25 0.5347222222222222 0.2578125 0.5590277777777778
0 0.392578125 0.625 0.392578125 0.6631944444444444 0.3984375 0.6701388888888888 0.40625 0.6701388888888888 0.416015625 0.625 0.416015625 0.5972222222222222 0.408203125 0.5763888888888888 0.412109375 0.5590277777777778 0.404296875 0.5625 0.40625 0.59375 0.392578125 0.625
0 0.44140625 0.53125 0.4296875 0.53125 0.423828125 0.5486111111111112 0.4375 0.5555555555555556 0.44140625 0.5451388888888888 0.44140625 0.53125
0 0.423828125 0.5763888888888888 0.4296875 0.5763888888888888 0.4375 0.5555555555555556 0.423828125 0.5763888888888888
0 0.22265625 0.3993055555555556 0.228515625 0.3784722222222222 0.224609375 0.3715277777777778 0.21875 0.3715277777777778 0.22265625 0.3993055555555556
0 0.359375 0.7465277777777778 0.375 0.75 0.373046875 0.7152777777777778 0.359375 0.7118055555555556 0.353515625 0.7152777777777778 0.359375 0.7465277777777778
0 0.66796875 0.9548611111111112 0.677734375 0.9548611111111112 0.69921875 0.9097222222222222 0.72265625 0.9097222222222222 0.73046875 0.8993055555555556 0.732421875 0.8680555555555556 0.7421875 0.8576388888888888 0.7265625 0.8576388888888888 0.72265625 0.8402777777777778 0.705078125 0.8263888888888888 0.69921875 0.8368055555555556 0.70703125 0.8472222222222222 0.708984375 0.8715277777777778 0.66796875 0.875 0.66015625 0.8854166666666666 0.65625 0.9201388888888888 0.66796875 0.9548611111111112
0 0.16796875 0.8888888888888888 0.185546875 0.9097222222222222 0.197265625 0.8715277777777778 0.19140625 0.8541666666666666 0.193359375 0.8263888888888888 0.185546875 0.8125 0.166015625 0.8159722222222222 0.162109375 0.8298611111111112 0.16796875 0.8888888888888888
0 0.373046875 0.5277777777777778 0.3671875 0.5173611111111112 0.375 0.4930555555555556 0.3671875 0.4930555555555556 0.36328125 0.5138888888888888 0.373046875 0.5277777777777778
0 0.421875 0.3680555555555556 0.421875 0.3298611111111111 0.404296875 0.3298611111111111 0.404296875 0.3680555555555556 0.421875 0.3680555555555556
0 0.412109375 0.46875 0.41015625 0.4409722222222222 0.39453125 0.4479166666666667 0.392578125 0.4791666666666667 0.412109375 0.46875
0 0.4375 0.7013888888888888 0.44921875 0.7048611111111112 0.455078125 0.6875 0.44921875 0.65625 0.435546875 0.6631944444444444 0.431640625 0.6875 0.4375 0.7013888888888888
0 0.38671875 0.90625 0.3984375 0.9201388888888888 0.416015625 0.9201388888888888 0.416015625 0.8402777777777778 0.41015625 0.8298611111111112 0.388671875 0.8402777777777778 0.380859375 0.8472222222222222 0.38671875 0.90625
0 0.427734375 0.78125 0.431640625 0.7326388888888888 0.41015625 0.7326388888888888 0.40625 0.7743055555555556 0.427734375 0.78125
0 0.46875 0.6840277777777778 0.484375 0.6909722222222222 0.4921875 0.6736111111111112 0.486328125 0.6076388888888888 0.474609375 0.5798611111111112 0.46875 0.5868055555555556 0.4609375 0.6111111111111112 0.46875 0.6840277777777778
0 0.458984375 0.625 0.4609375 0.5902777777777778 0.451171875 0.5868055555555556 0.44921875 0.6076388888888888 0.458984375 0.625
0 0.44921875 0.9930555555555556 0.478515625 0.9965277777777778 0.48046875 0.9479166666666666 0.462890625 0.9375 0.44921875 0.9409722222222222 0.44921875 0.9930555555555556
0 0.33203125 0.9791666666666666 0.3359375 0.9930555555555556 0.34765625 0.9930555555555556 0.349609375 0.9270833333333334 0.330078125 0.9201388888888888 0.326171875 0.9375 0.33203125 0.9791666666666666