0 0.375 0.6076388888888888 0.380859375 0.59375 0.37890625 0.5486111111111112 0.373046875 0.5347222222222222 0.365234375 0.5381944444444444 0.36328125 0.59375 0.375 0.6076388888888888
0 0.5546875 0.7152777777777778 0.591796875 0.6805555555555556 0.591796875 0.6701388888888888 0.578125 0.65625 0.546875 0.65625 0.54296875 0.6979166666666666 0.5546875 0.7152777777777778
0 0.349609375 0.4027777777777778 0.357421875 0.4027777777777778 0.359375 0.3611111111111111 0.34765625 0.3576388888888889 0.34375 0.3854166666666667 0.349609375 0.4027777777777778
0 0.224609375 0.9791666666666666 0.224609375 0.9965277777777778 0.26171875 0.9930555555555556 0.255859375 0.9444444444444444 0.263671875 0.90625 0.25390625 0.8784722222222222 0.224609375 0.8784722222222222 0.20703125 0.9236111111111112 0.205078125 0.9375 0.224609375 0.9791666666666666
0 0.216796875 0.4861111111111111 0.21875 0.5138888888888888 0.224609375 0.5138888888888888 0.234375 0.4965277777777778 0.234375 0.46875 0.21875 0.4618055555555556 0.2109375 0.4791666666666667 0.216796875 0.4861111111111111
0 0.234375 0.5868055555555556 0.23828125 0.5451388888888888 0.234375 0.53125 0.224609375 0.53125 0.21875 0.5625 0.234375 0.5868055555555556
0 0.263671875 0.5729166666666666 0.279296875 0.5868055555555556 0.28125 0.5277777777777778 0.263671875 0.5277777777777778 0.255859375 0.53125 0.263671875 0.5729166666666666
0 0.65625 0.9340277777777778 0.6875 0.9930555555555556 0.705078125 0.9930555555555556 0.744140625 0.96875 0.75390625 0.9340277777777778 0.751953125 0.8541666666666666 0.7109375 0.8541666666666666 0.7060546875 0.875 0.673828125 0.875 0.66015625 0.8888888888888888 0.662109375 0.9131944444444444 0.65625 0.9340277777777778
0 0.3486328125 0.2725694444444444 0.009765625 0.017361111111111112
0 0.236328125 0.40625 0.23828125 0.375 0.23046875 0.3576388888888889 0.224609375 0.3611111111111111 0.22265625 0.3854166666666667 0.236328125 0.40625
0 0.23828125 0.7430555555555556 0.248046875 0.7534722222222222 0.255859375 0.7361111111111112 0.255859375 0.6875 0.251953125 0.6701388888888888 0.236328125 0.6701388888888888 0.23046875 0.7048611111111112 0.23828125 0.7430555555555556
0 0.2109375 0.8784722222222222 0.2109375 0.90625 0.228515625 0.8715277777777778 0.234375 0.8229166666666666 0.2265625 0.7951388888888888 0.205078125 0.8020833333333334 0.201171875 0.84375 0.2109375 0.8784722222222222
0 0.28515625 0.3020833333333333 0.291015625 0.3090277777777778 0.296875 0.2986111111111111 0.29296875 0.28125 0.28515625 0.28125 0.28515625 0.3020833333333333
0 0.322265625 0.2916666666666667 0.322265625 0.2673611111111111 0.314453125 0.2673611111111111 0.3125 0.2916666666666667 0.322265625 0.2916666666666667
0 0.369140625 0.25 0.375 0.2465277777777778 0.375 0.2326388888888889 0.3671875 0.2326388888888889 0.369140625 0.25
0 0.265625 0.4201388888888889 0.267578125 0.3993055555555556 0.255859375 0.3923611111111111 0.25390625 0.4201388888888889 0.265625 0.4201388888888889
0 0.26171875 0.5104166666666666 0.267578125 0.46875 0.26171875 0.4513888888888889 0.25 0.4548611111111111 0.25 0.4965277777777778 0.26171875 0.5104166666666666
0 0.330078125 0.4340277777777778 0.3359375 0.4166666666666667 0.32421875 0.3993055555555556 0.3359375 0.3854166666666667 0.32421875 0.375 0.322265625 0.4166666666666667 0.330078125 0.4340277777777778
0 0.375 0.34375 0.380859375 0.34375 0.380859375 0.2986111111111111 0.375 0.2986111111111111 0.375 0.34375
0 0.478515625 0.5138888888888888 0.490234375 0.5 0.517578125 0.5 0.517578125 0.4861111111111111 0.505859375 0.46875 0.474609375 0.4722222222222222 0.47265625 0.5 0.478515625 0.5138888888888888
0 0.373046875 0.5347222222222222 0.375 0.5034722222222222 0.36328125 0.5034722222222222 0.36328125 0.53125 0.373046875 0.5347222222222222
0 0.40625 0.3715277777777778 0.435546875 0.3680555555555556 0.42578125 0.3368055555555556 0.412109375 0.3298611111111111 0.400390625 0.3402777777777778 0.40625 0.3715277777777778
0 0.435546875 0.6909722222222222 0.443359375 0.6736111111111112 0.44140625 0.6076388888888888 0.421875 0.6076388888888888 0.41796875 0.65625 0.435546875 0.6909722222222222
0 0.255859375 0.3090277777777778 0.26953125 0.2986111111111111 0.26171875 0.2777777777777778 0.255859375 0.2777777777777778 0.255859375 0.3090277777777778
0 0.55078125 0.9409722222222222 0.5625 0.9409722222222222 0.5625 0.9618055555555556 0.5546875 0.9652777777777778 0.556640625 0.9930555555555556 0.57421875 0.9861111111111112 0.57421875 0.9965277777777778 0.580078125 0.9826388888888888 0.591796875 0.9965277777777778 0.603515625 0.9930555555555556 0.60546875 0.9652777777777778 0.599609375 0.9548611111111112 0.58203125 0.9513888888888888 0.56640625 0.96875 0.5625 0.8784722222222222 0.556640625 0.8888888888888888 0.55078125 0.9166666666666666 0.55078125 0.9409722222222222