0 0.423828125 0.5277777777777778 0.435546875 0.5416666666666666 0.435546875 0.4965277777777778 0.4296875 0.4930555555555556 0.423828125 0.4965277777777778 0.423828125 0.5277777777777778
0 0.23046875 0.4305555555555556 0.23828125 0.4236111111111111 0.23828125 0.3888888888888889 0.228515625 0.3888888888888889 0.23046875 0.4305555555555556
0 0.37109375 0.28125 0.375 0.25 0.3671875 0.25 0.36328125 0.2743055555555556 0.37109375 0.28125
0 0.6875 0.9930555555555556 0.79296875 0.9930555555555556 0.79296875 0.96875 0.7734375 0.9236111111111112 0.763671875 0.9166666666666666 0.767578125 0.8888888888888888 0.7421875 0.8888888888888888 0.724609375 0.9201388888888888 0.705078125 0.9097222222222222 0.693359375 0.9236111111111112 0.6796875 0.9513888888888888 0.6875 0.9930555555555556
0 0.662109375 0.9479166666666666 0.673828125 0.9548611111111112 0.69921875 0.9097222222222222 0.724609375 0.9166666666666666 0.73828125 0.8888888888888888 0.759765625 0.8715277777777778 0.759765625 0.8576388888888888 0.755859375 0.84375 0.728515625 0.8541666666666666 0.72265625 0.8368055555555556 0.705078125 0.8263888888888888 0.69921875 0.8402777777777778 0.7109375 0.8611111111111112 0.708984375 0.8715277777777778 0.66796875 0.875 0.66015625 0.8854166666666666 0.65625 0.9236111111111112 0.662109375 0.9479166666666666
0 0.380859375 0.6041666666666666 0.388671875 0.5902777777777778 0.388671875 0.5590277777777778 0.375 0.5625 0.369140625 0.59375 0.380859375 0.6041666666666666
0 0.3125 0.2847222222222222 0.32421875 0.2847222222222222 0.32421875 0.2638888888888889 0.3125 0.2638888888888889 0.3125 0.2847222222222222
0 0.412109375 0.9826388888888888 0.412109375 0.9965277777777778 0.431000255859375 0.9864526423611112 0.423828125 0.9791666666666666 0.412109375 0.9826388888888888
0 0.39453125 0.9340277777777778 0.404296875 0.9201388888888888 0.396484375 0.90625 0.388671875 0.90625 0.39453125 0.9340277777777778
0 0.435546875 0.9201388888888888 0.4296875 0.8993055555555556 0.423828125 0.9166666666666666 0.435546875 0.9201388888888888
0 0.16796875 0.9097222222222222 0.17578125 0.90625 0.1875 0.8854166666666666 0.185546875 0.8472222222222222 0.1796875 0.8402777777777778 0.185546875 0.8159722222222222 0.15625 0.8125 0.15625 0.875 0.16796875 0.9097222222222222
0 0.287109375 0.2951388888888889 0.296875 0.2951388888888889 0.29296875 0.2673611111111111 0.287109375 0.2743055555555556 0.287109375 0.2951388888888889
0 0.224609375 0.3125 0.236328125 0.3090277777777778 0.232421875 0.2951388888888889 0.224609375 0.2951388888888889 0.224609375 0.3125
0 0.373046875 0.7951388888888888 0.37890625 0.7847222222222222 0.37890625 0.7604166666666666 0.361328125 0.7604166666666666 0.359375 0.7777777777777778 0.373046875 0.7951388888888888
0 0.412109375 0.6909722222222222 0.423828125 0.6979166666666666 0.423828125 0.6527777777777778 0.412109375 0.65625 0.40625 0.6701388888888888 0.412109375 0.6909722222222222
0 0.3515625 0.7048611111111112 0.361328125 0.6805555555555556 0.373046875 0.6840277777777778 0.373046875 0.6701388888888888 0.3671875 0.6388888888888888 0.34765625 0.6458333333333334 0.34375 0.6909722222222222 0.3515625 0.7048611111111112
0 0.482421875 0.8923611111111112 0.484375 0.8298611111111112 0.4609375 0.8229166666666666 0.458984375 0.8819444444444444 0.482421875 0.8923611111111112
0 0.23046875 0.7951388888888888 0.25390625 0.7951388888888888 0.25 0.7291666666666666 0.244140625 0.71875 0.23046875 0.71875 0.224609375 0.7222222222222222 0.23046875 0.7951388888888888
0 0.275390625 0.3125 0.26953125 0.2847222222222222 0.255859375 0.2847222222222222 0.255859375 0.3125 0.275390625 0.3125
0 0.474609375 0.5104166666666666 0.513671875 0.4965277777777778 0.505859375 0.4618055555555556 0.48046875 0.46875 0.47265625 0.4826388888888889 0.474609375 0.5104166666666666
0 0.25390625 0.3923611111111111 0.255859375 0.3611111111111111 0.244140625 0.3611111111111111 0.244140625 0.3784722222222222 0.25390625 0.3923611111111111
0 0.2265625 0.65625 0.236328125 0.6493055555555556 0.236328125 0.5972222222222222 0.23046875 0.5763888888888888 0.21875 0.5763888888888888 0.21875 0.625 0.2265625 0.65625
0 0.46875 0.4930555555555556 0.486328125 0.4513888888888889 0.462890625 0.4548611111111111 0.4609375 0.4791666666666667 0.46875 0.4930555555555556
0 0.53125 0.90625 0.537109375 0.9409722222222222 0.5546875 0.9548611111111112 0.5625 0.9097222222222222 0.5546875 0.8784722222222222 0.548828125 0.8784722222222222 0.53125 0.8888888888888888 0.53125 0.90625
0 0.48046875 0.7604166666666666 0.486328125 0.71875 0.474609375 0.7118055555555556 0.46875 0.7326388888888888 0.48046875 0.7604166666666666
0 0.423828125 0.8125 0.4296875 0.7951388888888888 0.423828125 0.7534722222222222 0.40625 0.7534722222222222 0.40625 0.8125 0.423828125 0.8125
0 0.40625 0.3715277777777778 0.4296875 0.3611111111111111 0.421875 0.3298611111111111 0.404296875 0.3298611111111111 0.400390625 0.3576388888888889 0.40625 0.3715277777777778
0 0.5234375 0.8263888888888888 0.53515625 0.78125 0.5234375 0.75 0.513671875 0.75 0.505859375 0.7638888888888888 0.505859375 0.8263888888888888 0.5234375 0.8263888888888888
0 0.35546875 0.9201388888888888 0.3671875 0.9201388888888888 0.375 0.875 0.353515625 0.8715277777777778 0.349609375 0.8923611111111112 0.35546875 0.9201388888888888