0 0.228515625 0.2743055555555556 0.224609375 0.2638888888888889 0.227376302734375 0.27700617361111113 0.228515625 0.2743055555555556
0 0.22265625 0.2881944444444444 0.23046875 0.2916666666666667 0.227376302734375 0.27700617361111113 0.22265625 0.2881944444444444
0 0.337890625 0.25 0.3359375 0.22916666666666666 0.33203125 0.2361111111111111 0.337890625 0.25
0 0.3359375 0.40625 0.345703125 0.4097222222222222 0.349609375 0.3888888888888889 0.341796875 0.375 0.3359375 0.3784722222222222 0.3359375 0.40625
0 0.205078125 0.5763888888888888 0.212890625 0.5590277777777778 0.208984375 0.5104166666666666 0.19921875 0.5104166666666666 0.205078125 0.5763888888888888
0 0.36328125 0.4826388888888889 0.375 0.4826388888888889 0.375 0.4513888888888889 0.361328125 0.4513888888888889 0.36328125 0.4826388888888889
0 0.6796875 0.9618055555555556 0.6796875 0.9791666666666666 0.6875 0.9930555555555556 0.701171875 0.9930555555555556 0.7109375 0.96875 0.736328125 0.9548611111111112 0.7578125 0.9513888888888888 0.763671875 0.9618055555555556 0.76953125 0.9513888888888888 0.759765625 0.8888888888888888 0.7421875 0.8541666666666666 0.70703125 0.875 0.705078125 0.8923611111111112 0.681640625 0.8993055555555556 0.662109375 0.8854166666666666 0.662109375 0.9409722222222222 0.6796875 0.9618055555555556
0 0.71875 0.8576388888888888 0.712890625 0.8472222222222222 0.7109375 0.8611111111111112 0.71875 0.8576388888888888
0 0.25 0.2743055555555556 0.25 0.2534722222222222 0.244140625 0.25 0.244140625 0.2743055555555556 0.25 0.2743055555555556
0 0.46875 0.7013888888888888 0.5 0.7430555555555556 0.5 0.6701388888888888 0.474609375 0.6805555555555556 0.46875 0.6840277777777778 0.46875 0.7013888888888888
0 0.474609375 0.6666666666666666 0.47265625 0.6388888888888888 0.466796875 0.6388888888888888 0.474609375 0.6666666666666666
0 0.22265625 0.7361111111111112 0.224609375 0.78125 0.236328125 0.8055555555555556 0.2421875 0.7951388888888888 0.248046875 0.7291666666666666 0.244140625 0.7152777777777778 0.21484375 0.7152777777777778 0.2109375 0.7291666666666666 0.22265625 0.7361111111111112
0 0.3125 0.2986111111111111 0.322265625 0.3090277777777778 0.32421875 0.2916666666666667 0.318359375 0.28125 0.3125 0.2847222222222222 0.3125 0.2986111111111111
0 0.23046875 0.4652777777777778 0.236328125 0.4375 0.224609375 0.4201388888888889 0.21875 0.4479166666666667 0.23046875 0.4652777777777778
0 0.478515625 0.5138888888888888 0.48828125 0.5 0.517578125 0.5 0.517578125 0.4826388888888889 0.505859375 0.4652777777777778 0.474609375 0.46875 0.47265625 0.5 0.478515625 0.5138888888888888
0 0.26171875 0.2638888888888889 0.259765625 0.2465277777777778 0.255859375 0.2638888888888889 0.26171875 0.2638888888888889
0 0.4375 0.4618055555555556 0.4453125 0.46875 0.44921875 0.4305555555555556 0.443359375 0.4305555555555556 0.4375 0.4340277777777778 0.4375 0.4618055555555556
0 0.40625 0.3680555555555556 0.4375 0.3680555555555556 0.421875 0.3298611111111111 0.412109375 0.3298611111111111 0.400390625 0.3402777777777778 0.40625 0.3680555555555556
0 0.54296875 0.6909722222222222 0.55078125 0.7118055555555556 0.5625 0.7118055555555556 0.572265625 0.6909722222222222 0.587890625 0.6840277777777778 0.609375 0.6875 0.609375 0.6701388888888888 0.59375 0.6423611111111112 0.580078125 0.65625 0.5546875 0.6493055555555556 0.54296875 0.6527777777777778 0.54296875 0.6909722222222222
0 0.236328125 0.8055555555555556 0.2421875 0.7951388888888888 0.2421875 0.7534722222222222 0.224609375 0.7534722222222222 0.224609375 0.78125 0.236328125 0.8055555555555556