0 0.2265625 0.4097222222222222 0.23046875 0.375 0.22265625 0.3715277777777778 0.21875 0.3923611111111111 0.2265625 0.4097222222222222
0 0.34375 0.4930555555555556 0.361328125 0.5138888888888888 0.361328125 0.4826388888888889 0.353515625 0.46875 0.34375 0.4722222222222222 0.34375 0.4930555555555556
0 0.25 0.4027777777777778 0.26171875 0.3993055555555556 0.26171875 0.3784722222222222 0.248046875 0.3784722222222222 0.25 0.4027777777777778
0 0.66796875 0.9375 0.6875 0.9930555555555556 0.701171875 0.9930555555555556 0.7109375 0.96875 0.724609375 0.96875 0.73828125 0.9513888888888888 0.751953125 0.9444444444444444 0.763671875 0.9618055555555556 0.76953125 0.9513888888888888 0.75 0.8576388888888888 0.755859375 0.8298611111111112 0.75 0.8298611111111112 0.74609375 0.8541666666666666 0.728515625 0.8576388888888888 0.728515625 0.875 0.71875 0.875 0.703125 0.8993055555555556 0.693359375 0.8923611111111112 0.67578125 0.90625 0.66796875 0.9201388888888888 0.66796875 0.9375
0 0.361328125 0.2951388888888889 0.3515625 0.2743055555555556 0.337890625 0.28125 0.337890625 0.2986111111111111 0.361328125 0.2951388888888889
0 0.2421875 0.3125 0.2421875 0.2951388888888889 0.234375 0.2916666666666667 0.23046875 0.3125 0.2421875 0.3125
0 0.224609375 0.4652777777777778 0.23046875 0.4340277777777778 0.216796875 0.4201388888888889 0.212890625 0.4479166666666667 0.224609375 0.4652777777777778
0 0.4296875 0.6423611111111112 0.4296875 0.65625 0.4375 0.65625 0.44140625 0.6180555555555556 0.4375 0.6041666666666666 0.42578125 0.6076388888888888 0.423828125 0.6388888888888888 0.4296875 0.6423611111111112
0 0.26171875 0.3125 0.267578125 0.3090277777777778 0.26171875 0.2847222222222222 0.255859375 0.2951388888888889 0.26171875 0.3125
0 0.373046875 0.4479166666666667 0.375 0.4236111111111111 0.36328125 0.4201388888888889 0.361328125 0.4444444444444444 0.373046875 0.4479166666666667
0 0.326171875 0.4722222222222222 0.3359375 0.4548611111111111 0.33203125 0.4375 0.322265625 0.4375 0.326171875 0.4722222222222222
0 0.478515625 0.5138888888888888 0.48828125 0.5 0.517578125 0.5 0.517578125 0.4826388888888889 0.5078125 0.4756944444444444 0.505859375 0.4548611111111111 0.474609375 0.4791666666666667 0.47265625 0.5 0.478515625 0.5138888888888888
0 0.298828125 0.3090277777777778 0.29296875 0.2847222222222222 0.28125 0.2847222222222222 0.275390625 0.3090277777777778 0.298828125 0.3090277777777778
0 0.4140625 0.4548611111111111 0.416015625 0.4375 0.40625 0.4305555555555556 0.400390625 0.4513888888888889 0.4140625 0.4548611111111111
0 0.46875 0.4930555555555556 0.484375 0.4409722222222222 0.46875 0.4375 0.466796875 0.4513888888888889 0.45703125 0.4548611111111111 0.455078125 0.4791666666666667 0.46875 0.4930555555555556
0 0.662109375 0.9479166666666666 0.673828125 0.9548611111111112 0.6796875 0.9409722222222222 0.677734375 0.90625 0.703125 0.875 0.708984375 0.8923611111111112 0.71875 0.8784722222222222 0.728515625 0.8888888888888888 0.73828125 0.8576388888888888 0.728515625 0.8576388888888888 0.72265625 0.8298611111111112 0.69921875 0.8298611111111112 0.70703125 0.8472222222222222 0.70703125 0.8680555555555556 0.66015625 0.8819444444444444 0.65625 0.9236111111111112 0.662109375 0.9479166666666666
0 0.384765625 0.4930555555555556 0.392578125 0.4791666666666667 0.388671875 0.4548611111111111 0.37890625 0.4513888888888889 0.375 0.4791666666666667 0.384765625 0.4930555555555556
0 0.39453125 0.5763888888888888 0.3984375 0.5347222222222222 0.38671875 0.53125 0.384765625 0.5590277777777778 0.39453125 0.5763888888888888
0 0.423828125 0.6354166666666666 0.4296875 0.65625 0.4375 0.65625 0.44140625 0.6111111111111112 0.4296875 0.6041666666666666 0.423828125 0.6076388888888888 0.423828125 0.6354166666666666
0 0.40625 0.3680555555555556 0.4375 0.3680555555555556 0.4296875 0.3368055555555556 0.40625 0.3298611111111111 0.400390625 0.3368055555555556 0.40625 0.3680555555555556
0 0.46875 0.8854166666666666 0.466796875 0.9305555555555556 0.474609375 0.9340277777777778 0.47265625 0.9479166666666666 0.486328125 0.9826388888888888 0.49609375 0.9861111111111112 0.505859375 0.9618055555555556 0.50390625 0.8784722222222222 0.513671875 0.8611111111111112 0.51171875 0.8472222222222222 0.498046875 0.8263888888888888 0.494140625 0.8368055555555556 0.48046875 0.8368055555555556 0.478515625 0.8263888888888888 0.46875 0.8368055555555556 0.4609375 0.8263888888888888 0.45703125 0.8368055555555556 0.46875 0.8854166666666666
0 0.5546875 0.7152777777777778 0.57421875 0.6909722222222222 0.609375 0.6875 0.609375 0.6701388888888888 0.587890625 0.6388888888888888 0.580078125 0.6388888888888888 0.578125 0.6527777777777778 0.546875 0.6527777777777778 0.54296875 0.6909722222222222 0.5546875 0.7152777777777778