0 0.455078125 0.6493055555555556 0.4609375 0.65625 0.46875 0.6493055555555556 0.46875 0.6076388888888888 0.455078125 0.6076388888888888 0.455078125 0.6493055555555556
0 0.42578125 0.59375 0.4296875 0.5416666666666666 0.41796875 0.5416666666666666 0.41796875 0.5868055555555556 0.42578125 0.59375
0 0.6796875 0.9791666666666666 0.693359375 0.9930555555555556 0.708984375 0.96875 0.740234375 0.9513888888888888 0.75 0.9305555555555556 0.75 0.8784722222222222 0.736328125 0.8888888888888888 0.724609375 0.875 0.708984375 0.8993055555555556 0.693359375 0.8923611111111112 0.6796875 0.90625 0.6796875 0.9791666666666666
0 0.662109375 0.9479166666666666 0.677734375 0.9513888888888888 0.681640625 0.9027777777777778 0.728515625 0.8888888888888888 0.728515625 0.8784722222222222 0.7421875 0.875 0.748046875 0.8541666666666666 0.73046875 0.8541666666666666 0.7109375 0.8298611111111112 0.70703125 0.8472222222222222 0.69921875 0.8298611111111112 0.697265625 0.875 0.66796875 0.875 0.66015625 0.8854166666666666 0.65625 0.9236111111111112 0.662109375 0.9479166666666666
0 0.44921875 0.5590277777777778 0.44921875 0.5243055555555556 0.443359375 0.5138888888888888 0.4375 0.5277777777777778 0.431640625 0.5555555555555556 0.44921875 0.5590277777777778
0 0.21875 0.5104166666666666 0.216796875 0.5381944444444444 0.205078125 0.53125 0.216796875 0.5625 0.22265625 0.5138888888888888 0.21875 0.5 0.208984375 0.5 0.205078125 0.5034722222222222 0.21875 0.5104166666666666
0 0.197265625 0.7361111111111112 0.205078125 0.7534722222222222 0.2109375 0.7465277777777778 0.19921875 0.7048611111111112 0.19140625 0.7013888888888888 0.181640625 0.71875 0.181640625 0.75 0.197265625 0.7361111111111112
0 0.2734375 0.40625 0.28125 0.4201388888888889 0.287109375 0.4027777777777778 0.28515625 0.3784722222222222 0.2734375 0.3784722222222222 0.2734375 0.40625
0 0.34765625 0.5451388888888888 0.35546875 0.5347222222222222 0.35546875 0.5 0.341796875 0.5 0.337890625 0.5138888888888888 0.34765625 0.5451388888888888
0 0.66796875 0.9513888888888888 0.677734375 0.9513888888888888 0.6796875 0.9722222222222222 0.69140625 0.9861111111111112 0.705078125 0.9826388888888888 0.7109375 0.9652777777777778 0.73046875 0.9618055555555556 0.748046875 0.9340277777777778 0.76953125 0.9513888888888888 0.76953125 0.8611111111111112 0.755859375 0.8298611111111112 0.740234375 0.8472222222222222 0.701171875 0.8298611111111112 0.708984375 0.8715277777777778 0.662109375 0.8784722222222222 0.66015625 0.9340277777777778 0.66796875 0.9513888888888888
0 0.375 0.8993055555555556 0.38671875 0.9305555555555556 0.3984375 0.9201388888888888 0.390625 0.8576388888888888 0.375 0.8576388888888888 0.375 0.8993055555555556
0 0.431640625 0.875 0.44140625 0.9131944444444444 0.44921875 0.9166666666666666 0.4609375 0.8923611111111112 0.4609375 0.8680555555555556 0.455078125 0.8368055555555556 0.4375 0.8402777777777778 0.431640625 0.84375 0.431640625 0.875
0 0.193359375 0.90625 0.19921875 0.90625 0.2109375 0.8680555555555556 0.2109375 0.8368055555555556 0.20703125 0.8055555555555556 0.201171875 0.7951388888888888 0.1875 0.7951388888888888 0.1875 0.8576388888888888 0.193359375 0.90625
0 0.2021484375 0.7760416666666666 0.005859375 0.003472222222222222
0 0.404296875 0.5 0.404296875 0.4618055555555556 0.3984375 0.4548611111111111 0.388671875 0.46875 0.388671875 0.4965277777777778 0.404296875 0.5
0 0.404296875 0.53125 0.404296875 0.5138888888888888 0.392578125 0.5034722222222222 0.38671875 0.5277777777777778 0.404296875 0.53125
0 0.349609375 0.8090277777777778 0.361328125 0.8159722222222222 0.3671875 0.7743055555555556 0.35546875 0.7638888888888888 0.349609375 0.7743055555555556 0.349609375 0.8090277777777778
0 0.318359375 0.5243055555555556 0.33203125 0.53125 0.3359375 0.5104166666666666 0.330078125 0.4826388888888889 0.32421875 0.4826388888888889 0.318359375 0.4861111111111111 0.318359375 0.5243055555555556
0 0.375 0.5104166666666666 0.38671875 0.5138888888888888 0.38671875 0.4826388888888889 0.375 0.4826388888888889 0.375 0.5104166666666666
0 0.41796875 0.9826388888888888 0.42578125 0.9965277777777778 0.4453125 0.9965277777777778 0.447265625 0.9791666666666666 0.4375 0.9618055555555556 0.41796875 0.96875 0.41796875 0.9826388888888888
0 0.400390625 0.8541666666666666 0.40625 0.8541666666666666 0.412109375 0.8229166666666666 0.400390625 0.78125 0.392578125 0.7916666666666666 0.400390625 0.8541666666666666
0 0.234375 0.6041666666666666 0.2421875 0.6076388888888888 0.2421875 0.5555555555555556 0.23828125 0.5451388888888888 0.228515625 0.5486111111111112 0.224609375 0.5763888888888888 0.234375 0.6041666666666666
0 0.474609375 0.5104166666666666 0.517578125 0.4965277777777778 0.517578125 0.4826388888888889 0.505859375 0.4618055555555556 0.48046875 0.46875 0.47265625 0.4826388888888889 0.474609375 0.5104166666666666
0 0.521484375 0.9548611111111112 0.53125 0.9201388888888888 0.53125 0.875 0.5234375 0.8576388888888888 0.5 0.8611111111111112 0.505859375 0.9513888888888888 0.521484375 0.9548611111111112
0 0.517578125 0.9930555555555556 0.505859375 0.9513888888888888 0.484375 0.9618055555555556 0.474609375 0.9479166666666666 0.48046875 0.9965277777777778 0.517578125 0.9930555555555556
0 0.431640625 0.7534722222222222 0.44921875 0.7465277777777778 0.443359375 0.7013888888888888 0.42578125 0.7013888888888888 0.431640625 0.7534722222222222
0 0.40625 0.3680555555555556 0.4296875 0.3576388888888889 0.421875 0.3298611111111111 0.40625 0.3263888888888889 0.400390625 0.3368055555555556 0.40625 0.3680555555555556
0 0.4921875 0.71875 0.5 0.7118055555555556 0.50390625 0.6701388888888888 0.5 0.6527777777777778 0.486328125 0.65625 0.484375 0.6979166666666666 0.4921875 0.71875
0 0.46875 0.4930555555555556 0.484375 0.4513888888888889 0.462890625 0.4548611111111111 0.4609375 0.4791666666666667 0.46875 0.4930555555555556