0 0.361328125 0.3055555555555556 0.3671875 0.3055555555555556 0.365234375 0.28125 0.359375 0.28125 0.361328125 0.3055555555555556
0 0.71875 0.8888888888888888 0.70703125 0.90625 0.6796875 0.90625 0.6796875 0.9791666666666666 0.69921875 0.9930555555555556 0.712890625 0.96875 0.736328125 0.9618055555555556 0.75390625 0.9166666666666666 0.75390625 0.8888888888888888 0.75 0.875 0.7421875 0.875 0.736328125 0.8888888888888888 0.71875 0.8888888888888888
0 0.21875 0.375 0.23046875 0.3784722222222222 0.23046875 0.34375 0.224609375 0.3402777777777778 0.216796875 0.34375 0.21875 0.375
0 0.349609375 0.4826388888888889 0.361328125 0.4861111111111111 0.36328125 0.4513888888888889 0.35546875 0.4409722222222222 0.349609375 0.4513888888888889 0.349609375 0.4826388888888889
0 0.39453125 0.5416666666666666 0.38671875 0.5538194444444444 0.38671875 0.5729166666666666 0.392578125 0.5763888888888888 0.3984375 0.5625 0.3984375 0.5138888888888888 0.38671875 0.5138888888888888 0.384765625 0.53125 0.39453125 0.5416666666666666
0 0.2421875 0.625 0.2578125 0.625 0.259765625 0.5625 0.23828125 0.5555555555555556 0.234375 0.5590277777777778 0.2421875 0.625
0 0.337890625 0.5763888888888888 0.35546875 0.5763888888888888 0.35546875 0.5347222222222222 0.34375 0.5277777777777778 0.337890625 0.5347222222222222 0.337890625 0.5763888888888888
0 0.34765625 0.4826388888888889 0.341796875 0.4375 0.326171875 0.4375 0.326171875 0.4826388888888889 0.34765625 0.4826388888888889
0 0.255859375 0.3090277777777778 0.263671875 0.3055555555555556 0.255859375 0.2986111111111111 0.255859375 0.3090277777777778
0 0.255859375 0.3298611111111111 0.26171875 0.3298611111111111 0.255859375 0.3090277777777778 0.255859375 0.3298611111111111
0 0.474609375 0.5104166666666666 0.51171875 0.5 0.517578125 0.4826388888888889 0.505859375 0.4618055555555556 0.474609375 0.4722222222222222 0.46875 0.4861111111111111 0.474609375 0.5104166666666666
0 0.66796875 0.9513888888888888 0.677734375 0.9513888888888888 0.697265625 0.90625 0.73046875 0.8923611111111112 0.736328125 0.875 0.75 0.8715277777777778 0.755859375 0.8472222222222222 0.728515625 0.8541666666666666 0.705078125 0.8263888888888888 0.69921875 0.8368055555555556 0.70703125 0.8472222222222222 0.708984375 0.8715277777777778 0.666015625 0.875 0.66015625 0.8854166666666666 0.65625 0.9201388888888888 0.66796875 0.9513888888888888
0 0.5546875 0.7118055555555556 0.5859375 0.6805555555555556 0.583984375 0.6631944444444444 0.5703125 0.6527777777777778 0.546875 0.6597222222222222 0.54296875 0.6909722222222222 0.5546875 0.7118055555555556
0 0.400390625 0.5902777777777778 0.416015625 0.59375 0.41796875 0.5625 0.40625 0.5555555555555556 0.400390625 0.5590277777777778 0.400390625 0.5902777777777778
0 0.251953125 0.3125 0.25390625 0.2847222222222222 0.2421875 0.28125 0.2421875 0.3125 0.251953125 0.3125
0 0.41015625 0.375 0.4375 0.3680555555555556 0.421875 0.3298611111111111 0.40625 0.3298611111111111 0.400390625 0.3576388888888889 0.41015625 0.375