0 0.21875 0.5138888888888888 0.2265625 0.5138888888888888 0.23046875 0.4618055555555556 0.21875 0.4618055555555556 0.212890625 0.4826388888888889 0.21875 0.5138888888888888
0 0.263671875 0.875 0.279296875 0.9166666666666666 0.291015625 0.8854166666666666 0.28515625 0.8125 0.26171875 0.8125 0.263671875 0.875
0 0.2109375 0.59375 0.216796875 0.6076388888888888 0.228515625 0.59375 0.22265625 0.5590277777777778 0.2109375 0.5625 0.2109375 0.59375
0 0.7109375 0.8784722222222222 0.705078125 0.8993055555555556 0.69140625 0.8923611111111112 0.67578125 0.90625 0.681640625 0.9340277777777778 0.67578125 0.9652777777777778 0.685546875 0.9930555555555556 0.705078125 0.9930555555555556 0.71484375 0.9722222222222222 0.734375 0.9652777777777778 0.75 0.9409722222222222 0.767578125 0.9548611111111112 0.76171875 0.9027777777777778 0.767578125 0.8993055555555556 0.76953125 0.8576388888888888 0.7578125 0.84375 0.72265625 0.8576388888888888 0.72265625 0.8715277777777778 0.7109375 0.8784722222222222
0 0.31640625 0.3611111111111111 0.318359375 0.3368055555555556 0.3125 0.3298611111111111 0.306640625 0.3472222222222222 0.31640625 0.3611111111111111
0 0.0078125 0.8298611111111112 0.017578125 0.8159722222222222 0.0234375 0.7743055555555556 0.0078125 0.7604166666666666 0.001953125 0.7673611111111112 0 0.8298611111111112 0.0078125 0.8298611111111112
0 0.28125 0.3229166666666667 0.2890625 0.3263888888888889 0.291015625 0.3055555555555556 0.28125 0.3055555555555556 0.28125 0.3229166666666667
0 0.2333984375 0.2864583333333333 0.005859375 0.017361111111111112
0 0.2421875 0.75 0.25 0.75 0.25 0.6597222222222222 0.23046875 0.6666666666666666 0.23046875 0.7013888888888888 0.2421875 0.75
0 0.369140625 0.5555555555555556 0.380859375 0.53125 0.36328125 0.5173611111111112 0.361328125 0.5451388888888888 0.369140625 0.5555555555555556
0 0.162109375 0.9201388888888888 0.173828125 0.9826388888888888 0.185546875 0.9930555555555556 0.193359375 0.9618055555555556 0.1875 0.8784722222222222 0.16796875 0.875 0.162109375 0.8854166666666666 0.162109375 0.9201388888888888
0 0.26953125 0.34375 0.275390625 0.3368055555555556 0.2734375 0.3090277777777778 0.267578125 0.3125 0.26953125 0.34375
0 0.330078125 0.4305555555555556 0.3359375 0.4201388888888889 0.3359375 0.3888888888888889 0.32421875 0.3888888888888889 0.330078125 0.4305555555555556
0 0.26171875 0.34375 0.26171875 0.3263888888888889 0.248046875 0.3125 0.244140625 0.3368055555555556 0.26171875 0.34375
0 0.271484375 0.5451388888888888 0.28125 0.5277777777777778 0.28125 0.4861111111111111 0.2734375 0.4826388888888889 0.259765625 0.5 0.25 0.4826388888888889 0.25 0.53125 0.271484375 0.5451388888888888
0 0.2744140625 0.4704861111111111 0.001953125 0.003472222222222222
0 0.48828125 0.5 0.517578125 0.5 0.517578125 0.4826388888888889 0.5078125 0.4756944444444444 0.50390625 0.4513888888888889 0.494140625 0.46875 0.474609375 0.46875 0.474609375 0.5138888888888888 0.48828125 0.5
0 0.224609375 0.3888888888888889 0.224609375 0.3611111111111111 0.21875 0.3576388888888889 0.216796875 0.375 0.224609375 0.3888888888888889
0 0.22265625 0.4375 0.216796875 0.4236111111111111 0.224609375 0.4097222222222222 0.21875 0.3923611111111111 0.212890625 0.4201388888888889 0.22265625 0.4375
0 0.404296875 0.3680555555555556 0.4296875 0.3715277777777778 0.435546875 0.3611111111111111 0.42578125 0.3368055555555556 0.404296875 0.3298611111111111 0.3984375 0.3402777777777778 0.404296875 0.3680555555555556
0 0.65625 0.9340277777777778 0.662109375 0.9513888888888888 0.673828125 0.9548611111111112 0.6796875 0.9479166666666666 0.6796875 0.9131944444444444 0.71875 0.8888888888888888 0.71875 0.8784722222222222 0.728515625 0.8715277777777778 0.720703125 0.8611111111111112 0.734375 0.8472222222222222 0.705078125 0.8298611111111112 0.69921875 0.8402777777777778 0.7109375 0.8645833333333334 0.708984375 0.875 0.66015625 0.8854166666666666 0.662109375 0.9131944444444444 0.65625 0.9340277777777778
0 0.349609375 0.40625 0.35546875 0.4027777777777778 0.34765625 0.3923611111111111 0.35546875 0.375 0.34375 0.375 0.349609375 0.40625
0 0.296875 0.2743055555555556 0.294921875 0.2534722222222222 0.287109375 0.25 0.28125 0.2673611111111111 0.296875 0.2743055555555556
0 0.3359375 0.5798611111111112 0.349609375 0.59375 0.353515625 0.5555555555555556 0.34375 0.5451388888888888 0.3359375 0.5555555555555556 0.3359375 0.5798611111111112
0 0.361328125 0.4618055555555556 0.373046875 0.46875 0.375 0.4479166666666667 0.3671875 0.4375 0.361328125 0.4340277777777778 0.361328125 0.4618055555555556
0 0.44921875 0.5902777777777778 0.45703125 0.5694444444444444 0.455078125 0.5451388888888888 0.443359375 0.5486111111111112 0.4375 0.5729166666666666 0.44921875 0.5902777777777778
0 0.5546875 0.7152777777777778 0.591796875 0.6805555555555556 0.578125 0.65625 0.546875 0.6597222222222222 0.54296875 0.6979166666666666 0.5546875 0.7152777777777778
0 0.380859375 0.4375 0.38671875 0.4305555555555556 0.38671875 0.3888888888888889 0.375 0.3888888888888889 0.380859375 0.4375
0 0.3125 0.2465277777777778 0.3125 0.2326388888888889 0.306640625 0.22916666666666666 0.306640625 0.2465277777777778 0.3125 0.2465277777777778