0 0.439453125 0.6597222222222222 0.447265625 0.6493055555555556 0.447265625 0.625 0.443359375 0.6076388888888888 0.4296875 0.6076388888888888 0.423828125 0.6319444444444444 0.439453125 0.6597222222222222
0 0.41796875 0.4201388888888889 0.423828125 0.4201388888888889 0.41796875 0.4097222222222222 0.42578125 0.3888888888888889 0.416015625 0.3854166666666667 0.412109375 0.3923611111111111 0.41796875 0.4201388888888889
0 0.23046875 0.3472222222222222 0.224609375 0.3576388888888889 0.23046875 0.3611111111111111 0.234375 0.3298611111111111 0.228515625 0.3263888888888889 0.224609375 0.3298611111111111 0.23046875 0.3472222222222222
0 0.728515625 0.8576388888888888 0.73046875 0.875 0.724609375 0.8888888888888888 0.70703125 0.8888888888888888 0.703125 0.8993055555555556 0.693359375 0.8923611111111112 0.6796875 0.90625 0.681640625 0.9861111111111112 0.701171875 0.9930555555555556 0.7109375 0.96875 0.724609375 0.96875 0.7421875 0.9513888888888888 0.767578125 0.9618055555555556 0.763671875 0.90625 0.76953125 0.8680555555555556 0.751953125 0.8541666666666666 0.75390625 0.8298611111111112 0.74609375 0.8541666666666666 0.728515625 0.8576388888888888
0 0.29296875 0.3263888888888889 0.298828125 0.3368055555555556 0.298828125 0.2986111111111111 0.29296875 0.2986111111111111 0.29296875 0.3263888888888889
0 0.2578125 0.5798611111111112 0.26171875 0.53125 0.25 0.5243055555555556 0.25 0.5659722222222222 0.2578125 0.5798611111111112
0 0.3984375 0.4236111111111111 0.3984375 0.3854166666666667 0.38671875 0.3923611111111111 0.38671875 0.4201388888888889 0.3984375 0.4236111111111111
0 0.36328125 0.28125 0.3671875 0.2638888888888889 0.359375 0.2534722222222222 0.35546875 0.2777777777777778 0.36328125 0.28125
0 0.25 0.4479166666666667 0.255859375 0.4548611111111111 0.26171875 0.4513888888888889 0.26171875 0.4166666666666667 0.25 0.4166666666666667 0.25 0.4479166666666667
0 0.474609375 0.5104166666666666 0.48046875 0.5138888888888888 0.48828125 0.5 0.517578125 0.5 0.517578125 0.4826388888888889 0.5 0.4618055555555556 0.47265625 0.46875 0.474609375 0.5104166666666666
0 0.39453125 0.4791666666666667 0.3984375 0.4513888888888889 0.390625 0.4340277777777778 0.38671875 0.4513888888888889 0.39453125 0.4791666666666667
0 0.353515625 0.2951388888888889 0.34765625 0.2673611111111111 0.34375 0.2986111111111111 0.353515625 0.2951388888888889
0 0.67578125 0.9548611111111112 0.681640625 0.90625 0.693359375 0.8923611111111112 0.73046875 0.8923611111111112 0.728515625 0.8576388888888888 0.73828125 0.8576388888888888 0.724609375 0.8506944444444444 0.72265625 0.8298611111111112 0.701171875 0.8298611111111112 0.705078125 0.875 0.673828125 0.875 0.662109375 0.8854166666666666 0.662109375 0.9479166666666666 0.67578125 0.9548611111111112
0 0.41796875 0.5868055555555556 0.4296875 0.5659722222222222 0.4296875 0.5416666666666666 0.416015625 0.5347222222222222 0.412109375 0.5729166666666666 0.41796875 0.5868055555555556
0 0.517578125 0.84375 0.517578125 0.8576388888888888 0.525390625 0.8611111111111112 0.53515625 0.8263888888888888 0.53515625 0.78125 0.5234375 0.7673611111111112 0.521484375 0.7777777777777778 0.505859375 0.7847222222222222 0.505859375 0.8263888888888888 0.517578125 0.84375
0 0.494140625 0.7430555555555556 0.50390625 0.7326388888888888 0.494140625 0.7291666666666666 0.48828125 0.7326388888888888 0.494140625 0.7430555555555556
0 0.40625 0.3680555555555556 0.412109375 0.3715277777777778 0.41796875 0.3541666666666667 0.4296875 0.3576388888888889 0.423828125 0.3298611111111111 0.400390625 0.3298611111111111 0.400390625 0.3576388888888889 0.40625 0.3680555555555556
0 0.5546875 0.7152777777777778 0.58203125 0.6875 0.609375 0.6875 0.609375 0.6701388888888888 0.59375 0.6493055555555556 0.580078125 0.6597222222222222 0.57421875 0.6493055555555556 0.546875 0.6527777777777778 0.54296875 0.6909722222222222 0.5546875 0.7152777777777778