0 0.6796875 0.9618055555555556 0.6796875 0.9791666666666666 0.6875 0.9930555555555556 0.79296875 0.9930555555555556 0.787109375 0.9513888888888888 0.7734375 0.9236111111111112 0.76171875 0.9166666666666666 0.767578125 0.8854166666666666 0.7421875 0.8888888888888888 0.7265625 0.9201388888888888 0.693359375 0.9201388888888888 0.69140625 0.9409722222222222 0.6796875 0.9618055555555556
0 0.662109375 0.9409722222222222 0.66796875 0.9548611111111112 0.6796875 0.9548611111111112 0.701171875 0.9097222222222222 0.724609375 0.9166666666666666 0.73828125 0.8888888888888888 0.759765625 0.8784722222222222 0.76171875 0.8576388888888888 0.7578125 0.84375 0.728515625 0.8541666666666666 0.724609375 0.8402777777777778 0.705078125 0.8263888888888888 0.69921875 0.8368055555555556 0.7109375 0.8611111111111112 0.703125 0.875 0.666015625 0.875 0.66015625 0.8888888888888888 0.65625 0.9097222222222222 0.662109375 0.9409722222222222
0 0.423828125 0.9409722222222222 0.41796875 0.9548611111111112 0.423828125 0.9965277777777778 0.455078125 0.9826388888888888 0.455078125 0.96875 0.4375 0.96875 0.423828125 0.9340277777777778 0.41796875 0.9340277777777778 0.423828125 0.9409722222222222
0 0.21875 0.4826388888888889 0.23046875 0.4861111111111111 0.23046875 0.4513888888888889 0.224609375 0.4479166666666667 0.21875 0.4513888888888889 0.21875 0.4826388888888889
0 0.37109375 0.4791666666666667 0.375 0.5 0.380859375 0.5 0.384765625 0.4826388888888889 0.376953125 0.4583333333333333 0.36328125 0.4548611111111111 0.361328125 0.4791666666666667 0.37109375 0.4791666666666667
0 0.421875 0.3958333333333333 0.4296875 0.3993055555555556 0.4375 0.375 0.423828125 0.3680555555555556 0.41796875 0.3784722222222222 0.421875 0.3958333333333333
0 0.216796875 0.3888888888888889 0.21875 0.3506944444444444 0.20703125 0.34375 0.205078125 0.3715277777777778 0.216796875 0.3888888888888889
0 0.375 0.9965277777777778 0.40625 0.9930555555555556 0.39453125 0.9097222222222222 0.369140625 0.9097222222222222 0.375 0.9965277777777778
0 0.3671875 0.8715277777777778 0.36328125 0.8611111111111112 0.359375 0.8645833333333334 0.3671875 0.8715277777777778
0 0.205078125 0.7638888888888888 0.21875 0.7465277777777778 0.21875 0.7152777777777778 0.2109375 0.7048611111111112 0.208984375 0.6805555555555556 0.193359375 0.6840277777777778 0.193359375 0.7361111111111112 0.205078125 0.7638888888888888
0 0.3359375 0.4861111111111111 0.32421875 0.4895833333333333 0.326171875 0.5 0.3359375 0.5 0.337890625 0.4826388888888889 0.349609375 0.4756944444444444 0.345703125 0.4479166666666667 0.33203125 0.4548611111111111 0.32421875 0.4652777777777778 0.3359375 0.4861111111111111
0 0.404296875 0.3680555555555556 0.423828125 0.3680555555555556 0.421875 0.3298611111111111 0.40625 0.3298611111111111 0.400390625 0.3402777777777778 0.404296875 0.3680555555555556
0 0.517578125 0.4965277777777778 0.517578125 0.4826388888888889 0.505859375 0.4618055555555556 0.474609375 0.4722222222222222 0.474609375 0.5104166666666666 0.517578125 0.4965277777777778
0 0.236328125 0.4513888888888889 0.2421875 0.4583333333333333 0.23828125 0.46875 0.25 0.4409722222222222 0.25 0.4201388888888889 0.2421875 0.4201388888888889 0.236328125 0.4236111111111111 0.236328125 0.4513888888888889
0 0.42578125 0.5798611111111112 0.4375 0.5902777777777778 0.44140625 0.5416666666666666 0.4296875 0.5416666666666666 0.423828125 0.5451388888888888 0.42578125 0.5798611111111112
0 0.44140625 0.6111111111111112 0.455078125 0.6388888888888888 0.4609375 0.625 0.4609375 0.5868055555555556 0.44921875 0.5868055555555556 0.44140625 0.59375 0.44140625 0.6111111111111112
0 0.3984375 0.5763888888888888 0.412109375 0.5763888888888888 0.412109375 0.5243055555555556 0.3984375 0.5243055555555556 0.39453125 0.5625 0.3984375 0.5763888888888888
0 0.474609375 0.9409722222222222 0.494140625 0.96875 0.505859375 0.9340277777777778 0.50390625 0.8888888888888888 0.484375 0.8888888888888888 0.47265625 0.9097222222222222 0.474609375 0.9409722222222222
0 0.466796875 0.8298611111111112 0.462890625 0.8576388888888888 0.46875 0.8715277777777778 0.46875 0.8506944444444444 0.478515625 0.8298611111111112 0.4609375 0.8229166666666666 0.45703125 0.8263888888888888 0.466796875 0.8298611111111112
0 0.486328125 0.7326388888888888 0.48828125 0.7152777777777778 0.498046875 0.7152777777777778 0.49609375 0.6875 0.47265625 0.6944444444444444 0.46875 0.7326388888888888 0.486328125 0.7326388888888888
0 0.466796875 0.4861111111111111 0.486328125 0.4513888888888889 0.462890625 0.4513888888888889 0.4609375 0.4791666666666667 0.466796875 0.4861111111111111