0 0.23046875 0.4340277777777778 0.23828125 0.4479166666666667 0.240234375 0.40625 0.23046875 0.40625 0.23046875 0.4340277777777778
0 0.35546875 0.6875 0.36328125 0.6979166666666666 0.373046875 0.6701388888888888 0.373046875 0.6388888888888888 0.35546875 0.6388888888888888 0.35546875 0.6875
0 0.380859375 0.5 0.38671875 0.4930555555555556 0.388671875 0.4548611111111111 0.37890625 0.4513888888888889 0.375 0.4548611111111111 0.380859375 0.5
0 0.705078125 0.9027777777777778 0.6796875 0.9027777777777778 0.681640625 0.9826388888888888 0.697265625 0.9930555555555556 0.708984375 0.96875 0.7265625 0.9652777777777778 0.748046875 0.9340277777777778 0.751953125 0.8819444444444444 0.736328125 0.8888888888888888 0.724609375 0.875 0.7109375 0.8854166666666666 0.705078125 0.9027777777777778
0 0.34765625 0.5138888888888888 0.349609375 0.46875 0.337890625 0.46875 0.3359375 0.5104166666666666 0.34765625 0.5138888888888888
0 0.26953125 0.4479166666666667 0.2734375 0.3993055555555556 0.263671875 0.3993055555555556 0.26171875 0.4201388888888889 0.26953125 0.4479166666666667
0 0.375 0.6041666666666666 0.37890625 0.5486111111111112 0.365234375 0.5451388888888888 0.361328125 0.5763888888888888 0.375 0.6041666666666666
0 0.21875 0.6666666666666666 0.228515625 0.65625 0.228515625 0.6111111111111112 0.224609375 0.5902777777777778 0.20703125 0.5902777777777778 0.205078125 0.625 0.21875 0.6666666666666666
0 0.21875 0.3993055555555556 0.224609375 0.3680555555555556 0.21484375 0.3541666666666667 0.2109375 0.3888888888888889 0.21875 0.3993055555555556
0 0.3984375 0.6388888888888888 0.404296875 0.6076388888888888 0.392578125 0.6041666666666666 0.388671875 0.625 0.3984375 0.6388888888888888
0 0.41796875 0.6805555555555556 0.4296875 0.7048611111111112 0.439453125 0.7048611111111112 0.443359375 0.6909722222222222 0.44140625 0.6597222222222222 0.435546875 0.6527777777777778 0.41796875 0.6527777777777778 0.41796875 0.6805555555555556
0 0.2421875 0.5173611111111112 0.244140625 0.4791666666666667 0.234375 0.4722222222222222 0.23046875 0.5034722222222222 0.2421875 0.5173611111111112
0 0.2421875 0.3888888888888889 0.251953125 0.4027777777777778 0.25390625 0.3715277777777778 0.248046875 0.3611111111111111 0.2421875 0.3680555555555556 0.2421875 0.3888888888888889
0 0.517578125 0.4965277777777778 0.517578125 0.4826388888888889 0.505859375 0.4618055555555556 0.4765625 0.4722222222222222 0.474609375 0.5104166666666666 0.517578125 0.4965277777777778
0 0.40625 0.3715277777777778 0.4296875 0.3576388888888889 0.421875 0.3298611111111111 0.40625 0.3298611111111111 0.400390625 0.3402777777777778 0.40625 0.3715277777777778
0 0.26953125 0.5138888888888888 0.2734375 0.4791666666666667 0.26171875 0.46875 0.255859375 0.5 0.26953125 0.5138888888888888
0 0.3984375 0.46875 0.40625 0.46875 0.408203125 0.4375 0.39453125 0.4375 0.3984375 0.46875
0 0.43359375 0.5763888888888888 0.421875 0.5833333333333334 0.423828125 0.5902777777777778 0.435546875 0.5763888888888888 0.435546875 0.5486111111111112 0.4296875 0.5486111111111112 0.421875 0.5555555555555556 0.43359375 0.5763888888888888
0 0.671875 0.9548611111111112 0.681640625 0.9305555555555556 0.681640625 0.9027777777777778 0.693359375 0.8923611111111112 0.705078125 0.9027777777777778 0.71484375 0.8784722222222222 0.740234375 0.8715277777777778 0.744140625 0.8541666666666666 0.73046875 0.8541666666666666 0.72265625 0.8402777777777778 0.708984375 0.8472222222222222 0.703125 0.8402777777777778 0.70703125 0.8298611111111112 0.701171875 0.8298611111111112 0.705078125 0.8715277777777778 0.66796875 0.875 0.66015625 0.8854166666666666 0.65625 0.9236111111111112 0.671875 0.9548611111111112
0 0.455078125 0.65625 0.4609375 0.6180555555555556 0.455078125 0.6041666666666666 0.443359375 0.6076388888888888 0.443359375 0.6423611111111112 0.455078125 0.65625
0 0.439453125 0.4027777777777778 0.44140625 0.375 0.4296875 0.3715277777777778 0.42578125 0.3888888888888889 0.439453125 0.4027777777777778
0 0.455078125 0.875 0.455078125 0.8611111111111112 0.4609375 0.8576388888888888 0.4609375 0.8125 0.443359375 0.8159722222222222 0.4375 0.8576388888888888 0.455078125 0.875
0 0.466796875 0.4930555555555556 0.486328125 0.4513888888888889 0.46875 0.4513888888888889 0.4609375 0.4652777777777778 0.466796875 0.4930555555555556
0 0.267578125 0.6909722222222222 0.2734375 0.6527777777777778 0.259765625 0.6388888888888888 0.255859375 0.6597222222222222 0.267578125 0.6909722222222222