0 0.412109375 0.8576388888888888 0.412109375 0.8888888888888888 0.4296875 0.9340277777777778 0.435546875 0.9340277777777778 0.443359375 0.8923611111111112 0.4375 0.8715277777777778 0.447265625 0.8576388888888888 0.4375 0.8368055555555556 0.40625 0.84375 0.412109375 0.8576388888888888
0 0.4052734375 0.7864583333333334 0.001953125 0.010416666666666666
0 0.3525390625 0.3576388888888889 0.005859375 0.027777777777777776
0 0.546875 0.6979166666666666 0.5546875 0.7118055555555556 0.5859375 0.6840277777777778 0.61328125 0.6840277777777778 0.59375 0.6388888888888888 0.548828125 0.6493055555555556 0.54296875 0.65625 0.546875 0.6979166666666666
0 0.380859375 0.4618055555555556 0.392578125 0.4652777777777778 0.392578125 0.4201388888888889 0.38671875 0.4201388888888889 0.37890625 0.4236111111111111 0.380859375 0.4618055555555556
0 0.6796875 0.9826388888888888 0.697265625 0.9965277777777778 0.76171875 0.9930555555555556 0.76953125 0.96875 0.767578125 0.9305555555555556 0.75390625 0.8888888888888888 0.736328125 0.9027777777777778 0.728515625 0.9340277777777778 0.693359375 0.9375 0.681640625 0.9513888888888888 0.685546875 0.9652777777777778 0.6796875 0.9826388888888888
0 0.392578125 0.4652777777777778 0.392578125 0.4375 0.384765625 0.4375 0.380859375 0.4618055555555556 0.392578125 0.4652777777777778
0 0.48828125 0.8888888888888888 0.4921875 0.8263888888888888 0.486328125 0.8125 0.46875 0.8263888888888888 0.466796875 0.8576388888888888 0.48828125 0.8888888888888888
0 0.330078125 0.2326388888888889 0.326171875 0.2152777777777778 0.32421875 0.22569444444444445 0.330078125 0.2326388888888889
0 0.3359375 0.4375 0.337890625 0.40625 0.326171875 0.40625 0.326171875 0.4236111111111111 0.3359375 0.4375
0 0.5078125 0.5138888888888888 0.517578125 0.4930555555555556 0.513671875 0.4791666666666667 0.48046875 0.4791666666666667 0.48046875 0.5173611111111112 0.5078125 0.5138888888888888
0 0.23046875 0.3055555555555556 0.248046875 0.2986111111111111 0.232421875 0.2743055555555556 0.224609375 0.2743055555555556 0.23046875 0.3055555555555556
0 0.19921875 0.65625 0.2109375 0.6875 0.21875 0.6701388888888888 0.21875 0.6284722222222222 0.205078125 0.6076388888888888 0.19921875 0.6111111111111112 0.19921875 0.65625
0 0.662109375 0.9409722222222222 0.677734375 0.9548611111111112 0.685546875 0.9409722222222222 0.73046875 0.9201388888888888 0.734375 0.8715277777777778 0.7421875 0.8541666666666666 0.728515625 0.8541666666666666 0.72265625 0.8368055555555556 0.70703125 0.8472222222222222 0.7109375 0.8715277777777778 0.66015625 0.875 0.65625 0.9097222222222222 0.662109375 0.9409722222222222
0 0.7109375 0.8402777777777778 0.705078125 0.8263888888888888 0.69921875 0.8368055555555556 0.7109375 0.8402777777777778
0 0.3984375 0.6493055555555556 0.40625 0.6076388888888888 0.3984375 0.59375 0.388671875 0.6006944444444444 0.38671875 0.6388888888888888 0.3984375 0.6493055555555556
0 0.46875 0.4479166666666667 0.46875 0.3993055555555556 0.45703125 0.3923611111111111 0.455078125 0.4444444444444444 0.46875 0.4479166666666667
0 0.400390625 0.3576388888888889 0.431640625 0.3541666666666667 0.427734375 0.3368055555555556 0.412109375 0.3298611111111111 0.400390625 0.3402777777777778 0.400390625 0.3576388888888889
0 0.1796875 0.7222222222222222 0.19921875 0.8263888888888888 0.212890625 0.7777777777777778 0.205078125 0.7222222222222222 0.197265625 0.71875 0.185546875 0.7291666666666666 0.1796875 0.7222222222222222
0 0.47265625 0.5 0.50390625 0.46875 0.490234375 0.4513888888888889 0.46875 0.4548611111111111 0.466796875 0.4826388888888889 0.47265625 0.5
0 0.35546875 0.421875 0.01171875 0.03125