0 0.421875 0.3958333333333333 0.4296875 0.3993055555555556 0.4375 0.3888888888888889 0.4375 0.3680555555555556 0.42578125 0.3611111111111111 0.41796875 0.375 0.421875 0.3958333333333333
0 0.40625 0.3715277777777778 0.423828125 0.3680555555555556 0.423828125 0.3368055555555556 0.404296875 0.3368055555555556 0.400390625 0.3541666666666667 0.40625 0.3715277777777778
0 0.693359375 0.9930555555555556 0.787109375 0.9930555555555556 0.783203125 0.9861111111111112 0.791015625 0.9791666666666666 0.78515625 0.9513888888888888 0.763671875 0.9166666666666666 0.767578125 0.8854166666666666 0.73828125 0.8888888888888888 0.720703125 0.9166666666666666 0.697265625 0.9166666666666666 0.681640625 0.9479166666666666 0.6796875 0.9722222222222222 0.693359375 0.9930555555555556
0 0.666015625 0.9513888888888888 0.67578125 0.9548611111111112 0.6875 0.9201388888888888 0.69921875 0.9097222222222222 0.71875 0.9166666666666666 0.732421875 0.8923611111111112 0.75 0.8854166666666666 0.755859375 0.8472222222222222 0.728515625 0.8541666666666666 0.705078125 0.8263888888888888 0.69921875 0.8298611111111112 0.70703125 0.8472222222222222 0.705078125 0.8715277777777778 0.66796875 0.875 0.66015625 0.8854166666666666 0.65625 0.9201388888888888 0.666015625 0.9513888888888888
0 0.22265625 0.3715277777777778 0.216796875 0.3472222222222222 0.224609375 0.3402777777777778 0.216796875 0.3298611111111111 0.212890625 0.34375 0.22265625 0.3715277777777778
0 0.39453125 0.5555555555555556 0.404296875 0.5763888888888888 0.412109375 0.5763888888888888 0.41796875 0.53125 0.404296875 0.5243055555555556 0.39453125 0.53125 0.39453125 0.5555555555555556
0 0.466796875 0.6666666666666666 0.48046875 0.6666666666666666 0.486328125 0.6493055555555556 0.48046875 0.6423611111111112 0.478515625 0.6111111111111112 0.462890625 0.6180555555555556 0.462890625 0.65625 0.466796875 0.6666666666666666
0 0.236328125 0.3298611111111111 0.2421875 0.3090277777777778 0.234375 0.2986111111111111 0.23046875 0.3263888888888889 0.236328125 0.3298611111111111
0 0.4765625 0.8194444444444444 0.48828125 0.84375 0.50390625 0.84375 0.51171875 0.8263888888888888 0.505859375 0.7847222222222222 0.486328125 0.7847222222222222 0.474609375 0.7951388888888888 0.4765625 0.8194444444444444
0 0.51953125 0.8055555555555556 0.54296875 0.8229166666666666 0.548828125 0.8125 0.548828125 0.7673611111111112 0.525390625 0.7604166666666666 0.517578125 0.7638888888888888 0.51953125 0.8055555555555556
0 0.25 0.5763888888888888 0.25390625 0.5416666666666666 0.2421875 0.53125 0.23828125 0.5625 0.25 0.5763888888888888
0 0.443359375 0.5763888888888888 0.455078125 0.5902777777777778 0.455078125 0.5486111111111112 0.44921875 0.5347222222222222 0.4375 0.5451388888888888 0.443359375 0.5763888888888888
0 0.474609375 0.5104166666666666 0.513671875 0.4965277777777778 0.505859375 0.4618055555555556 0.48046875 0.46875 0.47265625 0.4826388888888889 0.474609375 0.5104166666666666
0 0.5078125 0.75 0.51171875 0.71875 0.505859375 0.7048611111111112 0.494140625 0.71875 0.5078125 0.75
0 0.59765625 0.9930555555555556 0.5859375 0.9583333333333334 0.5859375 0.9201388888888888 0.57421875 0.9479166666666666 0.556640625 0.9513888888888888 0.55078125 0.9930555555555556 0.59765625 0.9930555555555556
0 0.455078125 0.7013888888888888 0.4609375 0.6875 0.4609375 0.6527777777777778 0.455078125 0.6423611111111112 0.4375 0.6493055555555556 0.4375 0.6979166666666666 0.455078125 0.7013888888888888
0 0.46875 0.4930555555555556 0.486328125 0.4513888888888889 0.462890625 0.4548611111111111 0.4609375 0.4791666666666667 0.46875 0.4930555555555556
0 0.5478515625 0.9392361111111112 0.001953125 0.003472222222222222
0 0.548828125 0.9930555555555556 0.599609375 0.9930555555555556 0.5859375 0.9583333333333334 0.5859375 0.9201388888888888 0.580078125 0.9201388888888888 0.580078125 0.9340277777777778 0.5703125 0.9479166666666666 0.5546875 0.9513888888888888 0.546875 0.96875 0.548828125 0.9930555555555556
0 0.5546875 0.875 0.5546875 0.8576388888888888 0.548828125 0.8680555555555556 0.546875 0.8888888888888888 0.5546875 0.875