0 0.46875 0.4930555555555556 0.486328125 0.4513888888888889 0.462890625 0.4548611111111111 0.4609375 0.4791666666666667 0.46875 0.4930555555555556
0 0.37890625 0.90625 0.38671875 0.9201388888888888 0.392578125 0.9201388888888888 0.39453125 0.9027777777777778 0.390625 0.8576388888888888 0.37890625 0.8576388888888888 0.37890625 0.90625
0 0.443359375 0.5902777777777778 0.443359375 0.6145833333333334 0.4296875 0.6284722222222222 0.44140625 0.6423611111111112 0.447265625 0.59375 0.443359375 0.5798611111111112 0.431640625 0.5868055555555556 0.4296875 0.5972222222222222 0.443359375 0.5902777777777778
0 0.23046875 0.5868055555555556 0.23828125 0.5416666666666666 0.228515625 0.5277777777777778 0.224609375 0.5625 0.23046875 0.5868055555555556
0 0.2109375 0.5243055555555556 0.21875 0.5138888888888888 0.220703125 0.4930555555555556 0.205078125 0.4930555555555556 0.2109375 0.5243055555555556
0 0.69921875 0.9930555555555556 0.708984375 0.96875 0.728515625 0.9652777777777778 0.7421875 0.9479166666666666 0.75390625 0.8888888888888888 0.75 0.8784722222222222 0.7421875 0.8888888888888888 0.73046875 0.8854166666666666 0.724609375 0.8993055555555556 0.70703125 0.9027777777777778 0.693359375 0.8923611111111112 0.681640625 0.9027777777777778 0.6796875 0.9756944444444444 0.69921875 0.9930555555555556
0 0.517578125 0.4965277777777778 0.517578125 0.4826388888888889 0.505859375 0.4618055555555556 0.474609375 0.4722222222222222 0.474609375 0.5104166666666666 0.517578125 0.4965277777777778
0 0.216796875 0.6875 0.21875 0.6597222222222222 0.212890625 0.6388888888888888 0.193359375 0.6388888888888888 0.19921875 0.6875 0.216796875 0.6875
0 0.279296875 0.5902777777777778 0.287109375 0.5868055555555556 0.287109375 0.53125 0.26953125 0.53125 0.279296875 0.5902777777777778
0 0.39453125 0.8159722222222222 0.400390625 0.8541666666666666 0.40625 0.8541666666666666 0.412109375 0.8229166666666666 0.40625 0.7847222222222222 0.3984375 0.78125 0.392578125 0.7847222222222222 0.39453125 0.8159722222222222
0 0.25 0.46875 0.255859375 0.4826388888888889 0.26171875 0.4826388888888889 0.263671875 0.46875 0.26171875 0.4375 0.25 0.4375 0.25 0.46875
0 0.337890625 0.5555555555555556 0.35546875 0.5243055555555556 0.353515625 0.5 0.34375 0.5034722222222222 0.3359375 0.5138888888888888 0.337890625 0.5555555555555556
0 0.66796875 0.9513888888888888 0.681640625 0.9444444444444444 0.697265625 0.90625 0.7109375 0.9027777777777778 0.70703125 0.8715277777777778 0.66796875 0.875 0.66015625 0.8854166666666666 0.65625 0.9340277777777778 0.66796875 0.9513888888888888
0 0.71875 0.8611111111111112 0.71875 0.875 0.744140625 0.9027777777777778 0.73828125 0.9166666666666666 0.748046875 0.9097222222222222 0.76171875 0.9513888888888888 0.76953125 0.9513888888888888 0.76171875 0.90625 0.76953125 0.8993055555555556 0.76953125 0.8680555555555556 0.755859375 0.8368055555555556 0.73046875 0.8541666666666666 0.72265625 0.8368055555555556 0.701171875 0.8298611111111112 0.70703125 0.8541666666666666 0.71875 0.8611111111111112
0 0.443359375 0.9166666666666666 0.44921875 0.9166666666666666 0.4609375 0.8993055555555556 0.4609375 0.8611111111111112 0.455078125 0.8368055555555556 0.435546875 0.8402777777777778 0.431640625 0.8784722222222222 0.443359375 0.9166666666666666
0 0.46875 0.8055555555555556 0.474609375 0.8229166666666666 0.4921875 0.7986111111111112 0.486328125 0.7638888888888888 0.478515625 0.7604166666666666 0.46875 0.7638888888888888 0.46875 0.8055555555555556
0 0.15625 0.9479166666666666 0.166015625 0.9826388888888888 0.1796875 0.9930555555555556 0.1875 0.96875 0.185546875 0.8923611111111112 0.1796875 0.875 0.162109375 0.8784722222222222 0.15625 0.8888888888888888 0.15625 0.9479166666666666
0 0.28125 0.8402777777777778 0.29296875 0.84375 0.298828125 0.8298611111111112 0.298828125 0.7777777777777778 0.28125 0.7673611111111112 0.275390625 0.8090277777777778 0.28125 0.8402777777777778
0 0.388671875 0.53125 0.392578125 0.5 0.380859375 0.4965277777777778 0.37890625 0.53125 0.388671875 0.53125
0 0.25 0.6701388888888888 0.255859375 0.6527777777777778 0.25390625 0.6111111111111112 0.23828125 0.6145833333333334 0.236328125 0.6527777777777778 0.25 0.6701388888888888
0 0.580078125 0.9826388888888888 0.586587890625 0.9965277777777778 0.609375 0.9930555555555556 0.599609375 0.9791666666666666 0.576171875 0.9791666666666666 0.576171875 0.9965277777777778 0.580078125 0.9826388888888888
0 0.5625 0.9930555555555556 0.556640625 0.96875 0.556640625 0.9930555555555556 0.5625 0.9930555555555556
0 0.5625 0.9305555555555556 0.556640625 0.9236111111111112 0.5546875 0.9409722222222222 0.5625 0.9305555555555556
0 0.4921875 0.7326388888888888 0.498046875 0.7118055555555556 0.498046875 0.6875 0.4921875 0.6805555555555556 0.48046875 0.6840277777777778 0.4921875 0.7326388888888888
0 0.40625 0.3680555555555556 0.4296875 0.3576388888888889 0.421875 0.3298611111111111 0.40625 0.3298611111111111 0.400390625 0.3402777777777778 0.40625 0.3680555555555556
0 0.267578125 0.7326388888888888 0.2734375 0.7326388888888888 0.287109375 0.7013888888888888 0.287109375 0.6736111111111112 0.267578125 0.6736111111111112 0.263671875 0.7118055555555556 0.267578125 0.7326388888888888
0 0.48046875 0.9965277777777778 0.517578125 0.9930555555555556 0.517578125 0.9722222222222222 0.5078125 0.9513888888888888 0.48046875 0.9618055555555556 0.474609375 0.9722222222222222 0.48046875 0.9965277777777778
0 0.51953125 0.8125 0.525390625 0.8125 0.53125 0.7638888888888888 0.52734375 0.75 0.513671875 0.75 0.51171875 0.78125 0.51953125 0.8125
0 0.2734375 0.5104166666666666 0.287109375 0.5 0.287109375 0.46875 0.28125 0.4548611111111111 0.26953125 0.4513888888888889 0.267578125 0.5104166666666666 0.2734375 0.5104166666666666
0 0.359375 0.8229166666666666 0.3671875 0.7743055555555556 0.361328125 0.7638888888888888 0.349609375 0.7673611111111112 0.34765625 0.7951388888888888 0.359375 0.8229166666666666
0 0.25 0.5416666666666666 0.255859375 0.5034722222222222 0.248046875 0.4861111111111111 0.23828125 0.4861111111111111 0.23828125 0.5138888888888888 0.25 0.5416666666666666
0 0.447265625 0.9930555555555556 0.4375 0.9548611111111112 0.41796875 0.96875 0.41796875 0.9930555555555556 0.447265625 0.9930555555555556
0 0.54296875 0.875 0.56640625 0.9027777777777778 0.576171875 0.8784722222222222 0.57421875 0.8263888888888888 0.556640625 0.8229166666666666 0.54296875 0.8368055555555556 0.54296875 0.875
0 0.50390625 0.9201388888888888 0.509765625 0.9375 0.521484375 0.9409722222222222 0.53125 0.9201388888888888 0.53125 0.875 0.501953125 0.8611111111111112 0.498046875 0.875 0.50390625 0.9201388888888888
0 0.486328125 0.8368055555555556 0.48046875 0.8368055555555556 0.482421875 0.8611111111111112 0.486328125 0.8368055555555556
0 0.4921875 0.7986111111111112 0.484375 0.7951388888888888 0.48046875 0.8229166666666666 0.4921875 0.7986111111111112
0 0.373046875 0.53125 0.373046875 0.5034722222222222 0.361328125 0.5034722222222222 0.35546875 0.53125 0.373046875 0.53125
0 0.443359375 0.6979166666666666 0.42578125 0.7013888888888888 0.4296875 0.7118055555555556 0.4453125 0.7152777777777778 0.443359375 0.6979166666666666
0 0.4453125 0.7152777777777778 0.4296875 0.7430555555555556 0.431640625 0.7534722222222222 0.44921875 0.75 0.4453125 0.7152777777777778
0 0.5234375 0.9409722222222222 0.53125 0.9201388888888888 0.53125 0.8854166666666666 0.51171875 0.8611111111111112 0.5 0.8680555555555556 0.505859375 0.9305555555555556 0.5234375 0.9409722222222222
0 0.224609375 0.8090277777777778 0.236328125 0.8298611111111112 0.23046875 0.8402777777777778 0.234375 0.84375 0.25 0.8125 0.248046875 0.7638888888888888 0.224609375 0.7638888888888888 0.224609375 0.8090277777777778
0 0.4609375 0.6701388888888888 0.46875 0.6701388888888888 0.47265625 0.6180555555555556 0.455078125 0.6111111111111112 0.4609375 0.6701388888888888