0 0.5546875 0.7118055555555556 0.591796875 0.6805555555555556 0.591796875 0.6701388888888888 0.57421875 0.65625 0.546875 0.6631944444444444 0.54296875 0.6875 0.5546875 0.7118055555555556
0 0.44140625 0.59375 0.447265625 0.5798611111111112 0.443359375 0.5555555555555556 0.4296875 0.5625 0.42578125 0.5972222222222222 0.44140625 0.59375
0 0.6796875 0.90625 0.681640625 0.9826388888888888 0.69921875 0.9930555555555556 0.712890625 0.96875 0.7421875 0.9513888888888888 0.75390625 0.8888888888888888 0.75 0.875 0.7421875 0.875 0.724609375 0.8993055555555556 0.6796875 0.90625
0 0.474609375 0.5104166666666666 0.51171875 0.5 0.517578125 0.4826388888888889 0.505859375 0.4548611111111111 0.482421875 0.4652777777777778 0.46875 0.4861111111111111 0.474609375 0.5104166666666666
0 0.23046875 0.4444444444444444 0.224609375 0.4618055555555556 0.23046875 0.4652777777777778 0.234375 0.4097222222222222 0.224609375 0.40625 0.224609375 0.4427083333333333 0.23046875 0.4444444444444444
0 0.390625 0.5277777777777778 0.392578125 0.4930555555555556 0.380859375 0.4965277777777778 0.380859375 0.53125 0.390625 0.5277777777777778
0 0.400390625 0.5138888888888888 0.412109375 0.5416666666666666 0.416015625 0.4722222222222222 0.400390625 0.4722222222222222 0.400390625 0.5138888888888888
0 0.724609375 0.9166666666666666 0.740234375 0.8888888888888888 0.742431640625 0.8914930555555556 0.755859375 0.84375 0.728515625 0.8541666666666666 0.705078125 0.8263888888888888 0.69921875 0.8368055555555556 0.70703125 0.8472222222222222 0.708984375 0.8715277777777778 0.66796875 0.875 0.66015625 0.8854166666666666 0.65625 0.9236111111111112 0.673828125 0.9548611111111112 0.701171875 0.90625 0.724609375 0.9166666666666666
0 0.443359375 0.9375 0.46484375 0.9826388888888888 0.4609375 0.9722222222222222 0.46875 0.9548611111111112 0.466796875 0.90625 0.451171875 0.8993055555555556 0.443359375 0.9097222222222222 0.443359375 0.9375
0 0.435546875 0.84375 0.44140625 0.8263888888888888 0.43359375 0.8229166666666666 0.4296875 0.8298611111111112 0.435546875 0.84375
0 0.4619140625 0.8107638888888888 0.001953125 0.003472222222222222
0 0.4609375 0.6875 0.478515625 0.71875 0.486328125 0.7048611111111112 0.484375 0.6701388888888888 0.4609375 0.6701388888888888 0.4609375 0.6875
0 0.251953125 0.9166666666666666 0.259765625 0.9201388888888888 0.248046875 0.8923611111111112 0.263671875 0.8854166666666666 0.26171875 0.8263888888888888 0.251953125 0.8125 0.2421875 0.8159722222222222 0.2421875 0.8819444444444444 0.251953125 0.9166666666666666
0 0.349609375 0.59375 0.34765625 0.6006944444444444 0.361328125 0.6145833333333334 0.361328125 0.59375 0.349609375 0.59375
0 0.34765625 0.6319444444444444 0.361328125 0.6388888888888888 0.361328125 0.6145833333333334 0.34765625 0.6319444444444444
0 0.2734375 0.4513888888888889 0.28125 0.4722222222222222 0.287109375 0.4305555555555556 0.279296875 0.4236111111111111 0.2734375 0.4513888888888889
0 0.423828125 0.7326388888888888 0.421875 0.6736111111111112 0.404296875 0.6736111111111112 0.400390625 0.71875 0.423828125 0.7326388888888888
0 0.5546875 0.9826388888888888 0.5625 0.9791666666666666 0.568359375 0.9548611111111112 0.580078125 0.9548611111111112 0.587890625 0.9375 0.5859375 0.9201388888888888 0.560546875 0.9027777777777778 0.537109375 0.9166666666666666 0.53515625 0.9444444444444444 0.5546875 0.9826388888888888
0 0.392578125 0.78125 0.392578125 0.7291666666666666 0.384765625 0.7222222222222222 0.3671875 0.7326388888888888 0.36328125 0.78125 0.392578125 0.78125
0 0.400390625 0.71875 0.421875 0.7326388888888888 0.42578125 0.7048611111111112 0.41796875 0.625 0.39453125 0.6423611111111112 0.392578125 0.6701388888888888 0.400390625 0.71875
0 0.4375 0.3611111111111111 0.423828125 0.3298611111111111 0.40625 0.3402777777777778 0.40625 0.375 0.4375 0.3611111111111111
0 0.287109375 0.7534722222222222 0.302734375 0.7534722222222222 0.3046875 0.6979166666666666 0.30078125 0.6875 0.28515625 0.6875 0.28125 0.7291666666666666 0.287109375 0.7534722222222222