0 0.400390625 0.3576388888888889 0.41796875 0.375 0.43359375 0.3715277777777778 0.4296875 0.34375 0.412109375 0.3298611111111111 0.400390625 0.3402777777777778 0.400390625 0.3576388888888889
0 0.375 0.4027777777777778 0.384765625 0.40625 0.38671875 0.3715277777777778 0.380859375 0.3715277777777778 0.375 0.375 0.375 0.4027777777777778
0 0.6796875 0.9791666666666666 0.6875 0.9930555555555556 0.705078125 0.9930555555555556 0.7109375 0.96875 0.73046875 0.9652777777777778 0.73828125 0.9513888888888888 0.759765625 0.9513888888888888 0.763671875 0.9618055555555556 0.76953125 0.9548611111111112 0.767578125 0.9201388888888888 0.75 0.875 0.73828125 0.8784722222222222 0.728515625 0.90625 0.6796875 0.9027777777777778 0.67578125 0.9375 0.6796875 0.9791666666666666
0 0.224609375 0.375 0.228515625 0.34375 0.22265625 0.3402777777777778 0.21875 0.3680555555555556 0.224609375 0.375
0 0.31640625 0.40625 0.32421875 0.3993055555555556 0.32421875 0.375 0.3125 0.375 0.31640625 0.40625
0 0.3671875 0.4583333333333333 0.375 0.4618055555555556 0.37890625 0.4340277777777778 0.369140625 0.4236111111111111 0.375 0.4409722222222222 0.3671875 0.4583333333333333
0 0.677734375 0.9583333333333334 0.6875 0.9930555555555556 0.701171875 0.9930555555555556 0.7109375 0.96875 0.724609375 0.96875 0.7421875 0.9513888888888888 0.7578125 0.9513888888888888 0.76171875 0.9618055555555556 0.76953125 0.9548611111111112 0.76171875 0.90625 0.767578125 0.8923611111111112 0.767578125 0.8611111111111112 0.755859375 0.8472222222222222 0.740234375 0.8576388888888888 0.7109375 0.8472222222222222 0.70703125 0.8576388888888888 0.716796875 0.8715277777777778 0.70703125 0.875 0.705078125 0.8923611111111112 0.69921875 0.8784722222222222 0.6796875 0.8888888888888888 0.671875 0.90625 0.662109375 0.8854166666666666 0.662109375 0.9375 0.677734375 0.9583333333333334
0 0.42578125 0.4027777777777778 0.4375 0.40625 0.44140625 0.375 0.42578125 0.375 0.42578125 0.4027777777777778
0 0.248046875 0.2604166666666667 0.244140625 0.25 0.2421875 0.2673611111111111 0.248046875 0.2604166666666667
0 0.224609375 0.5729166666666666 0.23046875 0.5104166666666666 0.21484375 0.5104166666666666 0.212890625 0.5451388888888888 0.224609375 0.5729166666666666
0 0.33203125 0.46875 0.337890625 0.4548611111111111 0.3359375 0.4305555555555556 0.32421875 0.4305555555555556 0.33203125 0.46875
0 0.416015625 0.4965277777777778 0.41796875 0.4618055555555556 0.408203125 0.4583333333333333 0.40625 0.4826388888888889 0.416015625 0.4965277777777778
0 0.380859375 0.4791666666666667 0.38671875 0.4861111111111111 0.392578125 0.4861111111111111 0.392578125 0.4513888888888889 0.380859375 0.4513888888888889 0.380859375 0.4791666666666667
0 0.26171875 0.53125 0.25 0.5364583333333334 0.25 0.5590277777777778 0.26171875 0.5763888888888888 0.267578125 0.5486111111111112 0.26171875 0.5138888888888888 0.25390625 0.5104166666666666 0.25 0.5138888888888888 0.26171875 0.53125
0 0.259765625 0.3298611111111111 0.26171875 0.2986111111111111 0.255859375 0.2986111111111111 0.259765625 0.3298611111111111
0 0.259765625 0.3784722222222222 0.26171875 0.34375 0.255859375 0.34375 0.259765625 0.3784722222222222
0 0.23828125 0.3576388888888889 0.244140625 0.3576388888888889 0.2421875 0.3298611111111111 0.236328125 0.3298611111111111 0.23828125 0.3576388888888889
0 0.478515625 0.5138888888888888 0.48828125 0.5 0.517578125 0.5 0.517578125 0.4826388888888889 0.50390625 0.4618055555555556 0.474609375 0.46875 0.47265625 0.5 0.478515625 0.5138888888888888
0 0.662109375 0.9479166666666666 0.677734375 0.9513888888888888 0.681640625 0.9097222222222222 0.69140625 0.9166666666666666 0.6953125 0.90625 0.728515625 0.9027777777777778 0.734375 0.8888888888888888 0.73046875 0.875 0.7421875 0.8576388888888888 0.7265625 0.8576388888888888 0.716796875 0.8298611111111112 0.70703125 0.8472222222222222 0.69921875 0.8298611111111112 0.69140625 0.8784722222222222 0.66015625 0.8819444444444444 0.65625 0.9166666666666666 0.662109375 0.9479166666666666
0 0.353515625 0.4409722222222222 0.359375 0.4236111111111111 0.35546875 0.4097222222222222 0.34765625 0.4097222222222222 0.353515625 0.4409722222222222
0 0.55078125 0.7118055555555556 0.5625 0.7118055555555556 0.587890625 0.6840277777777778 0.609375 0.6875 0.60546875 0.65625 0.59765625 0.6493055555555556 0.546875 0.6527777777777778 0.54296875 0.6909722222222222 0.55078125 0.7118055555555556