0 0.412109375 0.5138888888888888 0.41796875 0.5034722222222222 0.41796875 0.46875 0.3984375 0.4513888888888889 0.39453125 0.4618055555555556 0.412109375 0.5138888888888888
0 0.361328125 0.4618055555555556 0.357421875 0.4375 0.34765625 0.4409722222222222 0.34375 0.4652777777777778 0.361328125 0.4618055555555556
0 0.46875 0.4930555555555556 0.47265625 0.46875 0.45703125 0.4618055555555556 0.458984375 0.4930555555555556 0.46875 0.4930555555555556
0 0.3125 0.3784722222222222 0.32421875 0.375 0.32421875 0.34375 0.3125 0.34375 0.3125 0.3784722222222222
0 0.23046875 0.4548611111111111 0.236328125 0.4305555555555556 0.232421875 0.4131944444444444 0.224609375 0.4097222222222222 0.21875 0.4375 0.23046875 0.4548611111111111
0 0.6875 0.9930555555555556 0.705078125 0.9930555555555556 0.712890625 0.96875 0.7265625 0.96875 0.744140625 0.9513888888888888 0.76171875 0.9618055555555556 0.76953125 0.9513888888888888 0.76171875 0.9166666666666666 0.767578125 0.8611111111111112 0.75390625 0.8576388888888888 0.755859375 0.8298611111111112 0.748046875 0.8541666666666666 0.734375 0.8576388888888888 0.732421875 0.875 0.71875 0.8784722222222222 0.708984375 0.8993055555555556 0.6796875 0.90625 0.6796875 0.9826388888888888 0.6875 0.9930555555555556
0 0.37890625 0.4513888888888889 0.390625 0.4409722222222222 0.392578125 0.4548611111111111 0.392578125 0.4375 0.37890625 0.4375 0.37890625 0.4513888888888889
0 0.44921875 0.6180555555555556 0.45703125 0.5625 0.431640625 0.5659722222222222 0.4296875 0.6041666666666666 0.44921875 0.6180555555555556
0 0.2109375 0.5451388888888888 0.21875 0.5277777777777778 0.216796875 0.5 0.203125 0.4965277777777778 0.201171875 0.5347222222222222 0.2109375 0.5451388888888888
0 0.3046875 0.3090277777777778 0.3125 0.2916666666666667 0.30078125 0.2777777777777778 0.298828125 0.3090277777777778 0.3046875 0.3090277777777778
0 0.361328125 0.3715277777777778 0.3671875 0.3680555555555556 0.36328125 0.34375 0.35546875 0.34375 0.361328125 0.3715277777777778
0 0.234375 0.2916666666666667 0.23828125 0.2638888888888889 0.23046875 0.2638888888888889 0.234375 0.2916666666666667
0 0.330078125 0.4479166666666667 0.330078125 0.4097222222222222 0.322265625 0.4097222222222222 0.318359375 0.4409722222222222 0.330078125 0.4479166666666667
0 0.26171875 0.40625 0.259765625 0.3784722222222222 0.244140625 0.3888888888888889 0.244140625 0.40625 0.26171875 0.40625
0 0.478515625 0.5138888888888888 0.48828125 0.5 0.517578125 0.5 0.517578125 0.4826388888888889 0.50390625 0.4548611111111111 0.48046875 0.46875 0.47265625 0.4826388888888889 0.478515625 0.5138888888888888
0 0.3359375 0.2604166666666667 0.34375 0.2604166666666667 0.341796875 0.2326388888888889 0.3359375 0.2326388888888889 0.3359375 0.2604166666666667
0 0.40625 0.3680555555555556 0.4375 0.3680555555555556 0.4296875 0.3368055555555556 0.404296875 0.3298611111111111 0.400390625 0.3576388888888889 0.40625 0.3680555555555556
0 0.662109375 0.9479166666666666 0.673828125 0.9548611111111112 0.6796875 0.9479166666666666 0.68359375 0.9131944444444444 0.708984375 0.90625 0.71875 0.8819444444444444 0.728515625 0.8888888888888888 0.736328125 0.8576388888888888 0.724609375 0.8541666666666666 0.72265625 0.8298611111111112 0.69921875 0.8298611111111112 0.70703125 0.8472222222222222 0.703125 0.875 0.66015625 0.8819444444444444 0.65625 0.9236111111111112 0.662109375 0.9479166666666666
0 0.3671875 0.3923611111111111 0.37890625 0.3888888888888889 0.373046875 0.3611111111111111 0.3671875 0.3680555555555556 0.3671875 0.3923611111111111
0 0.5546875 0.7152777777777778 0.57421875 0.6909722222222222 0.609375 0.6875 0.609375 0.6701388888888888 0.587890625 0.6388888888888888 0.58203125 0.6388888888888888 0.580078125 0.65625 0.546875 0.6527777777777778 0.54296875 0.6909722222222222 0.5546875 0.7152777777777778
0 0.353515625 0.3888888888888889 0.353515625 0.3715277777777778 0.34765625 0.3680555555555556 0.34375 0.3854166666666667 0.353515625 0.3888888888888889
0 0.3671875 0.2638888888888889 0.361328125 0.2534722222222222 0.36328125 0.2847222222222222 0.3671875 0.2638888888888889
0 0.224609375 0.5798611111111112 0.236328125 0.6041666666666666 0.2421875 0.5625 0.23828125 0.5451388888888888 0.224609375 0.5451388888888888 0.224609375 0.5798611111111112
0 0.330078125 0.2465277777777778 0.326171875 0.2222222222222222 0.32421875 0.2465277777777778 0.330078125 0.2465277777777778