0 0.4375 0.3680555555555556 0.435546875 0.3472222222222222 0.421875 0.3298611111111111 0.400390625 0.3298611111111111 0.40625 0.3715277777777778 0.4375 0.3680555555555556
0 0.205078125 0.3541666666666667 0.205078125 0.3263888888888889 0.19921875 0.3263888888888889 0.197265625 0.34375 0.205078125 0.3541666666666667
0 0.34375 0.2638888888888889 0.33984375 0.24305555555555555 0.33203125 0.25 0.330078125 0.2673611111111111 0.34375 0.2638888888888889
0 0.6796875 0.9826388888888888 0.693359375 0.9965277777777778 0.705078125 0.9930555555555556 0.716796875 0.96875 0.736328125 0.9618055555555556 0.755859375 0.9305555555555556 0.75 0.9201388888888888 0.75390625 0.8923611111111112 0.734375 0.8923611111111112 0.728515625 0.90625 0.697265625 0.90625 0.681640625 0.9340277777777778 0.67578125 0.9548611111111112 0.6796875 0.9826388888888888
0 0.22265625 0.4166666666666667 0.216796875 0.3854166666666667 0.224609375 0.3784722222222222 0.21875 0.3784722222222222 0.212890625 0.3888888888888889 0.22265625 0.4166666666666667
0 0.369140625 0.6493055555555556 0.384765625 0.6597222222222222 0.38671875 0.6076388888888888 0.373046875 0.6111111111111112 0.3671875 0.625 0.369140625 0.6493055555555556
0 0.720703125 0.8888888888888888 0.67578125 0.9097222222222222 0.681640625 0.9305555555555556 0.67578125 0.9618055555555556 0.685546875 0.9930555555555556 0.705078125 0.9930555555555556 0.71875 0.96875 0.748046875 0.9479166666666666 0.76171875 0.9618055555555556 0.767578125 0.9548611111111112 0.765625 0.8506944444444444 0.75 0.84375 0.724609375 0.8576388888888888 0.73046875 0.8715277777777778 0.720703125 0.8888888888888888
0 0.2421875 0.2743055555555556 0.248046875 0.2743055555555556 0.248046875 0.25 0.2421875 0.25 0.2421875 0.2743055555555556
0 0.236328125 0.3263888888888889 0.2421875 0.3229166666666667 0.2421875 0.2986111111111111 0.236328125 0.2986111111111111 0.236328125 0.3263888888888889
0 0.443359375 0.7604166666666666 0.455078125 0.7326388888888888 0.451171875 0.7013888888888888 0.431640625 0.7013888888888888 0.431640625 0.7326388888888888 0.443359375 0.7604166666666666
0 0.359375 0.2604166666666667 0.3671875 0.25 0.36328125 0.2326388888888889 0.35546875 0.2326388888888889 0.359375 0.2604166666666667
0 0.23828125 0.5138888888888888 0.2421875 0.4722222222222222 0.23046875 0.46875 0.23046875 0.5104166666666666 0.23828125 0.5138888888888888
0 0.314453125 0.28125 0.00390625 0.027777777777777776
0 0.490234375 0.5 0.517578125 0.5 0.517578125 0.4826388888888889 0.5 0.4618055555555556 0.474609375 0.46875 0.474609375 0.5138888888888888 0.490234375 0.5
0 0.65625 0.9340277777777778 0.67578125 0.9548611111111112 0.693359375 0.90625 0.720703125 0.8958333333333334 0.73046875 0.9027777777777778 0.736328125 0.8888888888888888 0.75 0.8854166666666666 0.75 0.8645833333333334 0.755859375 0.8576388888888888 0.75 0.84375 0.724609375 0.84375 0.705078125 0.8298611111111112 0.69921875 0.8368055555555556 0.705078125 0.8472222222222222 0.705078125 0.875 0.66015625 0.8854166666666666 0.662109375 0.9131944444444444 0.65625 0.9340277777777778
0 0.349609375 0.3125 0.353515625 0.3090277777777778 0.34765625 0.2951388888888889 0.353515625 0.28125 0.34375 0.28125 0.349609375 0.3125
0 0.486328125 0.9652777777777778 0.498046875 0.9409722222222222 0.4921875 0.9305555555555556 0.4921875 0.8923611111111112 0.46875 0.8888888888888888 0.466796875 0.9340277777777778 0.486328125 0.9652777777777778
0 0.5546875 0.7152777777777778 0.591796875 0.6805555555555556 0.57421875 0.65625 0.548828125 0.6597222222222222 0.54296875 0.6979166666666666 0.5546875 0.7152777777777778
0 0.255859375 0.6979166666666666 0.26171875 0.6909722222222222 0.25390625 0.6805555555555556 0.267578125 0.6597222222222222 0.26171875 0.625 0.25 0.625 0.244140625 0.6388888888888888 0.255859375 0.6979166666666666