0 0.310546875 0.9965277777777778 0.34765625 0.9930555555555556 0.34375 0.96875 0.3125 0.9722222222222222 0.306640625 0.9826388888888888 0.310546875 0.9965277777777778
0 0.3984375 0.7326388888888888 0.416015625 0.7326388888888888 0.41015625 0.6909722222222222 0.392578125 0.6909722222222222 0.388671875 0.7048611111111112 0.3984375 0.7326388888888888
0 0.236328125 0.75 0.244140625 0.7326388888888888 0.244140625 0.6909722222222222 0.23828125 0.6840277777777778 0.228515625 0.7013888888888888 0.236328125 0.75
0 0.69140625 0.9930555555555556 0.76171875 0.9930555555555556 0.775390625 0.9479166666666666 0.771484375 0.9270833333333334 0.76171875 0.9166666666666666 0.767578125 0.8888888888888888 0.7421875 0.8888888888888888 0.724609375 0.9201388888888888 0.7109375 0.9097222222222222 0.693359375 0.9201388888888888 0.6796875 0.9652777777777778 0.69140625 0.9930555555555556
0 0.474609375 0.5104166666666666 0.51171875 0.5 0.517578125 0.4826388888888889 0.50390625 0.4548611111111111 0.48046875 0.46875 0.47265625 0.4826388888888889 0.474609375 0.5104166666666666
0 0.66796875 0.9548611111111112 0.6796875 0.9618055555555556 0.6875 0.9513888888888888 0.6875 0.9305555555555556 0.701171875 0.9097222222222222 0.724609375 0.9166666666666666 0.734375 0.9027777777777778 0.736328125 0.8784722222222222 0.75 0.875 0.755859375 0.8472222222222222 0.73046875 0.8541666666666666 0.705078125 0.8263888888888888 0.69921875 0.8368055555555556 0.70703125 0.8576388888888888 0.71875 0.8611111111111112 0.712890625 0.8715277777777778 0.66796875 0.875 0.66015625 0.8854166666666666 0.65625 0.9236111111111112 0.66796875 0.9548611111111112
0 0.2109375 0.5868055555555556 0.22265625 0.5868055555555556 0.22265625 0.5347222222222222 0.20703125 0.5243055555555556 0.205078125 0.5625 0.2109375 0.5868055555555556
0 0.373046875 0.8090277777777778 0.37890625 0.7777777777777778 0.373046875 0.7638888888888888 0.361328125 0.7638888888888888 0.35546875 0.78125 0.373046875 0.8090277777777778
0 0.443359375 0.84375 0.455078125 0.8576388888888888 0.466796875 0.8368055555555556 0.4609375 0.78125 0.443359375 0.78125 0.443359375 0.84375
0 0.205078125 0.9548611111111112 0.2109375 0.9305555555555556 0.224609375 0.9166666666666666 0.216796875 0.8854166666666666 0.21875 0.84375 0.193359375 0.84375 0.19921875 0.9479166666666666 0.205078125 0.9548611111111112
0 0.267578125 0.3402777777777778 0.279296875 0.3368055555555556 0.27734375 0.3125 0.267578125 0.3125 0.267578125 0.3402777777777778
0 0.380859375 0.4027777777777778 0.38671875 0.375 0.369140625 0.3715277777777778 0.369140625 0.4027777777777778 0.380859375 0.4027777777777778
0 0.529296875 0.7951388888888888 0.53515625 0.7951388888888888 0.529296875 0.78125 0.53515625 0.7777777777777778 0.53125 0.75 0.517578125 0.75 0.529296875 0.7951388888888888
0 0.349609375 0.40625 0.359375 0.4097222222222222 0.35546875 0.3715277777777778 0.349609375 0.375 0.349609375 0.40625
0 0.2109375 0.4965277777777778 0.2265625 0.5277777777777778 0.220703125 0.5069444444444444 0.23046875 0.4930555555555556 0.23046875 0.4722222222222222 0.21875 0.4652777777777778 0.2109375 0.46875 0.2109375 0.4965277777777778
0 0.5546875 0.9375 0.5625 0.9479166666666666 0.5546875 0.9600694444444444 0.556640625 0.9930555555555556 0.57421875 0.9930555555555556 0.5859375 0.9236111111111112 0.576171875 0.9479166666666666 0.5546875 0.9375
0 0.412109375 0.84375 0.412109375 0.7951388888888888 0.39453125 0.7847222222222222 0.38671875 0.7986111111111112 0.38671875 0.8576388888888888 0.412109375 0.84375
0 0.42578125 0.7326388888888888 0.435546875 0.7326388888888888 0.435546875 0.6909722222222222 0.443359375 0.6666666666666666 0.439453125 0.6527777777777778 0.421875 0.65625 0.41796875 0.71875 0.42578125 0.7326388888888888
0 0.5234375 0.9097222222222222 0.5234375 0.8611111111111112 0.529296875 0.8541666666666666 0.53125 0.8263888888888888 0.5078125 0.8298611111111112 0.505859375 0.9027777777777778 0.5234375 0.9097222222222222
0 0.40625 0.3715277777777778 0.42578125 0.3611111111111111 0.4296875 0.3472222222222222 0.421875 0.3298611111111111 0.40625 0.3298611111111111 0.400390625 0.3368055555555556 0.40625 0.3715277777777778
0 0.490234375 0.75 0.498046875 0.71875 0.494140625 0.6840277777777778 0.474609375 0.6840277777777778 0.47265625 0.7291666666666666 0.490234375 0.75
0 0.462890625 0.6423611111111112 0.474609375 0.6215277777777778 0.474609375 0.5972222222222222 0.470703125 0.5868055555555556 0.451171875 0.5972222222222222 0.44921875 0.6215277777777778 0.462890625 0.6423611111111112
0 0.47265625 0.9340277777777778 0.5 0.9513888888888888 0.505859375 0.9375 0.5 0.875 0.474609375 0.8854166666666666 0.46875 0.9201388888888888 0.47265625 0.9340277777777778
0 0.349609375 0.9340277777777778 0.36328125 0.8993055555555556 0.36328125 0.8715277777777778 0.359375 0.8576388888888888 0.34375 0.8611111111111112 0.341796875 0.8993055555555556 0.349609375 0.9340277777777778