0 0.431640625 0.7048611111111112 0.44140625 0.71875 0.455078125 0.6736111111111112 0.447265625 0.6493055555555556 0.4296875 0.6597222222222222 0.42578125 0.7152777777777778 0.431640625 0.7048611111111112
0 0.44921875 0.5243055555555556 0.4375 0.5243055555555556 0.44140625 0.5868055555555556 0.44921875 0.5243055555555556
0 0.685546875 0.9305555555555556 0.6796875 0.9409722222222222 0.6796875 0.9756944444444444 0.693359375 0.9930555555555556 0.7421875 0.9513888888888888 0.75390625 0.9201388888888888 0.75390625 0.8888888888888888 0.75 0.875 0.7421875 0.875 0.724609375 0.90625 0.685546875 0.90625 0.6796875 0.9097222222222222 0.685546875 0.9305555555555556
0 0.380859375 0.53125 0.380859375 0.5 0.369140625 0.4965277777777778 0.3671875 0.5173611111111112 0.380859375 0.53125
0 0.673828125 0.9548611111111112 0.697265625 0.9097222222222222 0.72265625 0.9201388888888888 0.73828125 0.8784722222222222 0.75390625 0.8680555555555556 0.755859375 0.84375 0.728515625 0.8541666666666666 0.72265625 0.8402777777777778 0.70703125 0.8298611111111112 0.701171875 0.8402777777777778 0.69921875 0.8298611111111112 0.697265625 0.875 0.662109375 0.8819444444444444 0.65625 0.9305555555555556 0.673828125 0.9548611111111112
0 0.224609375 0.7013888888888888 0.23046875 0.7013888888888888 0.240234375 0.7326388888888888 0.232421875 0.7048611111111112 0.248046875 0.6875 0.248046875 0.65625 0.2421875 0.6388888888888888 0.224609375 0.6284722222222222 0.21875 0.65625 0.224609375 0.7013888888888888
0 0.357421875 0.6597222222222222 0.359375 0.6215277777777778 0.349609375 0.6111111111111112 0.341796875 0.6215277777777778 0.341796875 0.6666666666666666 0.357421875 0.6597222222222222
0 0.326171875 0.5590277777777778 0.333984375 0.5590277777777778 0.3359375 0.5347222222222222 0.330078125 0.5138888888888888 0.322265625 0.5138888888888888 0.318359375 0.5416666666666666 0.326171875 0.5590277777777778
0 0.3984375 0.6597222222222222 0.41796875 0.6701388888888888 0.421875 0.6284722222222222 0.40625 0.6215277777777778 0.3984375 0.625 0.3984375 0.6597222222222222
0 0.26171875 0.3368055555555556 0.26171875 0.3055555555555556 0.255859375 0.2986111111111111 0.255859375 0.3368055555555556 0.26171875 0.3368055555555556
0 0.22265625 0.5277777777777778 0.228515625 0.5277777777777778 0.224609375 0.5138888888888888 0.234375 0.4826388888888889 0.228515625 0.46875 0.21875 0.46875 0.216796875 0.4930555555555556 0.22265625 0.5277777777777778
0 0.51171875 0.5 0.517578125 0.4826388888888889 0.505859375 0.4618055555555556 0.474609375 0.4722222222222222 0.474609375 0.5104166666666666 0.51171875 0.5
0 0.486328125 0.7013888888888888 0.494140625 0.78125 0.517578125 0.7951388888888888 0.529296875 0.7777777777777778 0.529296875 0.7638888888888888 0.517578125 0.6909722222222222 0.505859375 0.6875 0.50390625 0.6979166666666666 0.486328125 0.7013888888888888
0 0.548828125 0.9826388888888888 0.548828125 0.9930555555555556 0.5546875 0.9965277777777778 0.55859375 0.9826388888888888 0.568359375 0.9826388888888888 0.564453125 0.9965277777777778 0.599609375 0.9930555555555556 0.591796875 0.9201388888888888 0.583984375 0.90625 0.5625 0.90625 0.572265625 0.9722222222222222 0.548828125 0.9826388888888888
0 0.462890625 0.8055555555555556 0.47265625 0.8125 0.48046875 0.7673611111111112 0.466796875 0.7013888888888888 0.4609375 0.6875 0.44921875 0.6875 0.443359375 0.7048611111111112 0.44140625 0.7430555555555556 0.462890625 0.8055555555555556
0 0.41796875 0.6180555555555556 0.423828125 0.6180555555555556 0.435546875 0.5868055555555556 0.427734375 0.5625 0.41796875 0.5625 0.41796875 0.6180555555555556
0 0.53125 0.9861111111111112 0.54296875 0.9618055555555556 0.54296875 0.875 0.537109375 0.8680555555555556 0.541015625 0.8576388888888888 0.529296875 0.8368055555555556 0.501953125 0.8402777777777778 0.513671875 0.9618055555555556 0.53125 0.9861111111111112
0 0.412109375 0.375 0.4296875 0.3680555555555556 0.421875 0.3298611111111111 0.400390625 0.3368055555555556 0.400390625 0.3541666666666667 0.412109375 0.375
0 0.53125 0.9861111111111112 0.54296875 0.9618055555555556 0.541015625 0.90625 0.513671875 0.9097222222222222 0.51171875 0.9479166666666666 0.53125 0.9861111111111112
0 0.5625 0.7118055555555556 0.57421875 0.7118055555555556 0.59765625 0.6875 0.580078125 0.6597222222222222 0.556640625 0.65625 0.5546875 0.7013888888888888 0.5625 0.7118055555555556