0 0.376953125 0.6284722222222222 0.37890625 0.5902777777777778 0.36328125 0.59375 0.36328125 0.6284722222222222 0.376953125 0.6284722222222222
0 0.23046875 0.4340277777777778 0.236328125 0.4201388888888889 0.234375 0.3923611111111111 0.22265625 0.3993055555555556 0.23046875 0.4340277777777778
0 0.693359375 0.9930555555555556 0.748046875 0.9375 0.75390625 0.8888888888888888 0.73046875 0.8854166666666666 0.720703125 0.8993055555555556 0.693359375 0.8923611111111112 0.6796875 0.9027777777777778 0.6796875 0.9756944444444444 0.693359375 0.9930555555555556
0 0.66796875 0.9513888888888888 0.67578125 0.9513888888888888 0.6796875 0.9340277777777778 0.673828125 0.9340277777777778 0.673828125 0.9097222222222222 0.69140625 0.8923611111111112 0.70703125 0.8923611111111112 0.7109375 0.875 0.66796875 0.875 0.66015625 0.8854166666666666 0.65625 0.9236111111111112 0.66796875 0.9513888888888888
0 0.71875 0.8715277777777778 0.724609375 0.8506944444444444 0.734375 0.8576388888888888 0.736328125 0.875 0.7421875 0.8715277777777778 0.7421875 0.8541666666666666 0.705078125 0.8263888888888888 0.69921875 0.8402777777777778 0.71875 0.8715277777777778
0 0.3359375 0.5034722222222222 0.34375 0.5 0.34375 0.4722222222222222 0.330078125 0.4722222222222222 0.3359375 0.5034722222222222
0 0.46875 0.4930555555555556 0.486328125 0.4513888888888889 0.462890625 0.4548611111111111 0.4609375 0.4756944444444444 0.46875 0.4930555555555556
0 0.388671875 0.5868055555555556 0.3984375 0.5868055555555556 0.3984375 0.5451388888888888 0.384765625 0.5451388888888888 0.388671875 0.5868055555555556
0 0.662109375 0.9409722222222222 0.693359375 0.9930555555555556 0.712890625 0.9652777777777778 0.73046875 0.9618055555555556 0.755859375 0.9201388888888888 0.755859375 0.8888888888888888 0.744140625 0.8715277777777778 0.744140625 0.8541666666666666 0.72265625 0.8576388888888888 0.72265625 0.84375 0.70703125 0.8472222222222222 0.7109375 0.875 0.671875 0.875 0.66015625 0.8854166666666666 0.65625 0.9201388888888888 0.662109375 0.9409722222222222
0 0.7109375 0.8402777777777778 0.705078125 0.8298611111111112 0.701171875 0.8368055555555556 0.7109375 0.8402777777777778
0 0.255859375 0.3263888888888889 0.267578125 0.3263888888888889 0.267578125 0.3055555555555556 0.255859375 0.3055555555555556 0.255859375 0.3263888888888889
0 0.1796875 0.7256944444444444 0.1875 0.75 0.19921875 0.7430555555555556 0.19921875 0.6805555555555556 0.1796875 0.6805555555555556 0.1796875 0.7256944444444444
0 0.35546875 0.5277777777777778 0.3671875 0.5243055555555556 0.3671875 0.5 0.361328125 0.4965277777777778 0.353515625 0.5 0.35546875 0.5277777777777778
0 0.29296875 0.34375 0.298828125 0.3194444444444444 0.2890625 0.3159722222222222 0.287109375 0.34375 0.29296875 0.34375
0 0.474609375 0.5104166666666666 0.517578125 0.4965277777777778 0.517578125 0.4826388888888889 0.505859375 0.4618055555555556 0.48046875 0.46875 0.47265625 0.4826388888888889 0.474609375 0.5104166666666666
0 0.205078125 0.6388888888888888 0.2109375 0.6388888888888888 0.216796875 0.59375 0.2109375 0.5763888888888888 0.19921875 0.5763888888888888 0.193359375 0.6076388888888888 0.205078125 0.6388888888888888
0 0.451171875 0.6041666666666666 0.4609375 0.6215277777777778 0.45703125 0.6111111111111112 0.462890625 0.5729166666666666 0.44921875 0.5729166666666666 0.451171875 0.6041666666666666
0 0.41015625 0.5451388888888888 0.412109375 0.5 0.404296875 0.5 0.400390625 0.5416666666666666 0.41015625 0.5451388888888888
0 0.521484375 0.7986111111111112 0.50390625 0.78125 0.51171875 0.8541666666666666 0.53125 0.9027777777777778 0.537109375 0.9027777777777778 0.546875 0.875 0.546875 0.8263888888888888 0.537109375 0.7847222222222222 0.525390625 0.7847222222222222 0.521484375 0.7986111111111112
0 0.416015625 0.6006944444444444 0.431640625 0.6180555555555556 0.435546875 0.5902777777777778 0.4296875 0.5729166666666666 0.416015625 0.5729166666666666 0.416015625 0.6006944444444444
0 0.404296875 0.3715277777777778 0.421875 0.3715277777777778 0.421875 0.3298611111111111 0.40625 0.3263888888888889 0.400390625 0.3298611111111111 0.404296875 0.3715277777777778
0 0.455078125 0.7291666666666666 0.4609375 0.6701388888888888 0.443359375 0.6736111111111112 0.443359375 0.7152777777777778 0.455078125 0.7291666666666666
0 0.3359375 0.6076388888888888 0.341796875 0.6076388888888888 0.34375 0.5659722222222222 0.33203125 0.5659722222222222 0.330078125 0.5868055555555556 0.3359375 0.6076388888888888