0 0.3671875 0.5451388888888888 0.37890625 0.5625 0.384765625 0.53125 0.373046875 0.5277777777777778 0.3671875 0.53125 0.3671875 0.5451388888888888
0 0.3984375 0.4826388888888889 0.404296875 0.4791666666666667 0.404296875 0.4513888888888889 0.392578125 0.4513888888888889 0.3984375 0.4826388888888889
0 0.3828125 0.4965277777777778 0.38671875 0.46875 0.37890625 0.4652777777777778 0.373046875 0.4791666666666667 0.3828125 0.4965277777777778
0 0.69921875 0.9930555555555556 0.708984375 0.96875 0.7265625 0.9652777777777778 0.7421875 0.9479166666666666 0.75390625 0.8888888888888888 0.75 0.8784722222222222 0.734375 0.8888888888888888 0.724609375 0.875 0.7109375 0.8888888888888888 0.708984375 0.9027777777777778 0.681640625 0.9027777777777778 0.6796875 0.9756944444444444 0.69921875 0.9930555555555556
0 0.326171875 0.4375 0.3359375 0.4513888888888889 0.330078125 0.4409722222222222 0.337890625 0.4201388888888889 0.330078125 0.40625 0.32421875 0.4201388888888889 0.326171875 0.4375
0 0.201171875 0.5451388888888888 0.20703125 0.53125 0.205078125 0.4791666666666667 0.197265625 0.4722222222222222 0.19140625 0.4826388888888889 0.1875 0.4965277777777778 0.201171875 0.5451388888888888
0 0.26171875 0.3854166666666667 0.259765625 0.34375 0.255859375 0.375 0.26171875 0.3854166666666667
0 0.38671875 0.53125 0.39453125 0.5243055555555556 0.392578125 0.5 0.380859375 0.5 0.38671875 0.53125
0 0.412109375 0.53125 0.421875 0.53125 0.423828125 0.4965277777777778 0.412109375 0.4965277777777778 0.412109375 0.53125
0 0.4296875 0.7361111111111112 0.4296875 0.7743055555555556 0.44921875 0.8055555555555556 0.455078125 0.78125 0.451171875 0.7430555555555556 0.439453125 0.7465277777777778 0.4296875 0.7361111111111112
0 0.4228515625 0.6927083333333334 0.001953125 0.010416666666666666
0 0.4375 0.65625 0.443359375 0.6701388888888888 0.455078125 0.65625 0.455078125 0.625 0.4375 0.625 0.4375 0.65625
0 0.201171875 0.9930555555555556 0.193359375 0.9513888888888888 0.173828125 0.9583333333333334 0.16796875 0.9930555555555556 0.201171875 0.9930555555555556
0 0.36328125 0.6354166666666666 0.373046875 0.6076388888888888 0.373046875 0.5868055555555556 0.359375 0.5763888888888888 0.35546875 0.6111111111111112 0.36328125 0.6354166666666666
0 0.3359375 0.53125 0.34375 0.5243055555555556 0.34375 0.4930555555555556 0.330078125 0.4930555555555556 0.3359375 0.53125
0 0.474609375 0.5104166666666666 0.513671875 0.4965277777777778 0.505859375 0.4618055555555556 0.478515625 0.4722222222222222 0.47265625 0.4826388888888889 0.474609375 0.5104166666666666
0 0.66796875 0.9513888888888888 0.67578125 0.9513888888888888 0.681640625 0.90625 0.689453125 0.9097222222222222 0.693359375 0.8923611111111112 0.705078125 0.9027777777777778 0.70703125 0.8923611111111112 0.72265625 0.8854166666666666 0.72265625 0.875 0.73828125 0.875 0.75 0.8576388888888888 0.7421875 0.8472222222222222 0.73046875 0.8541666666666666 0.7265625 0.8402777777777778 0.7109375 0.8298611111111112 0.70703125 0.8472222222222222 0.69921875 0.8298611111111112 0.697265625 0.875 0.662109375 0.8784722222222222 0.65625 0.9201388888888888 0.66796875 0.9513888888888888
0 0.404296875 0.6701388888888888 0.41015625 0.6354166666666666 0.40625 0.625 0.39453125 0.625 0.392578125 0.6701388888888888 0.404296875 0.6701388888888888
0 0.421875 0.3680555555555556 0.4296875 0.3472222222222222 0.419921875 0.3263888888888889 0.40234375 0.3333333333333333 0.40625 0.3680555555555556 0.421875 0.3680555555555556
0 0.44921875 0.7986111111111112 0.455078125 0.7534722222222222 0.44921875 0.7430555555555556 0.435546875 0.7465277777777778 0.431640625 0.7777777777777778 0.44921875 0.7986111111111112
0 0.46875 0.4930555555555556 0.486328125 0.4513888888888889 0.462890625 0.4548611111111111 0.4609375 0.4756944444444444 0.46875 0.4930555555555556
0 0.35546875 0.5 0.361328125 0.5 0.361328125 0.4756944444444444 0.353515625 0.4722222222222222 0.361328125 0.4513888888888889 0.349609375 0.4513888888888889 0.35546875 0.5