0 0.40625 0.5729166666666666 0.3984375 0.5868055555555556 0.3984375 0.6076388888888888 0.40625 0.6493055555555556 0.419921875 0.6527777777777778 0.4296875 0.5902777777777778 0.423828125 0.5763888888888888 0.4140625 0.5868055555555556 0.404296875 0.5625 0.3984375 0.5625 0.40625 0.5729166666666666
0 0.392578125 0.4826388888888889 0.404296875 0.46875 0.404296875 0.4513888888888889 0.3984375 0.4479166666666667 0.388671875 0.4479166666666667 0.392578125 0.4826388888888889
0 0.6796875 0.9652777777777778 0.6875 0.9930555555555556 0.705078125 0.9930555555555556 0.712890625 0.9722222222222222 0.736328125 0.9548611111111112 0.755859375 0.9513888888888888 0.763671875 0.9618055555555556 0.76953125 0.9513888888888888 0.76171875 0.90625 0.767578125 0.875 0.755859375 0.8541666666666666 0.755859375 0.8368055555555556 0.7109375 0.8472222222222222 0.703125 0.875 0.66796875 0.875 0.662109375 0.8888888888888888 0.662109375 0.9409722222222222 0.6796875 0.9652777777777778
0 0.490234375 0.5 0.517578125 0.4965277777777778 0.50390625 0.4513888888888889 0.49609375 0.46875 0.474609375 0.46875 0.474609375 0.5138888888888888 0.490234375 0.5
0 0.3359375 0.4930555555555556 0.341796875 0.5138888888888888 0.349609375 0.5173611111111112 0.35546875 0.46875 0.341796875 0.4548611111111111 0.3359375 0.4652777777777778 0.3359375 0.4930555555555556
0 0.103515625 0.9930555555555556 0.13671875 0.9930555555555556 0.138671875 0.9340277777777778 0.130859375 0.8784722222222222 0.125 0.875 0.10546875 0.90625 0.099609375 0.9479166666666666 0.103515625 0.9930555555555556
0 0.3125 0.3854166666666667 0.322265625 0.4027777777777778 0.32421875 0.3472222222222222 0.3125 0.3472222222222222 0.3125 0.3854166666666667
0 0.23046875 0.4548611111111111 0.236328125 0.4097222222222222 0.21875 0.4027777777777778 0.21875 0.4375 0.23046875 0.4548611111111111
0 0.54296875 0.6979166666666666 0.55078125 0.7118055555555556 0.5625 0.7118055555555556 0.57421875 0.6909722222222222 0.591796875 0.6805555555555556 0.57421875 0.65625 0.548828125 0.6597222222222222 0.54296875 0.6701388888888888 0.54296875 0.6979166666666666
0 0.666015625 0.8680555555555556 0.685546875 0.8680555555555556 0.6875 0.7847222222222222 0.6796875 0.7638888888888888 0.65625 0.7604166666666666 0.65625 0.8541666666666666 0.666015625 0.8680555555555556
0 0.638671875 0.8368055555555556 0.642578125 0.7534722222222222 0.6484375 0.75 0.63671875 0.75 0.626953125 0.7743055555555556 0.625 0.7951388888888888 0.638671875 0.8368055555555556
0 0.404296875 0.3680555555555556 0.4296875 0.3715277777777778 0.435546875 0.3472222222222222 0.41015625 0.3263888888888889 0.400390625 0.3298611111111111 0.404296875 0.3680555555555556