0 0.384765625 0.5590277777777778 0.38671875 0.5173611111111112 0.376953125 0.5243055555555556 0.375 0.5590277777777778 0.384765625 0.5590277777777778
0 0.6875 0.9930555555555556 0.701171875 0.9930555555555556 0.7109375 0.96875 0.7265625 0.96875 0.744140625 0.9513888888888888 0.76171875 0.9618055555555556 0.76953125 0.9548611111111112 0.767578125 0.9236111111111112 0.75 0.875 0.7421875 0.875 0.728515625 0.90625 0.6875 0.8993055555555556 0.673828125 0.9166666666666666 0.671875 0.9513888888888888 0.6875 0.9930555555555556
0 0.677734375 0.9583333333333334 0.6796875 0.9826388888888888 0.6875 0.9930555555555556 0.701171875 0.9930555555555556 0.7109375 0.96875 0.7265625 0.96875 0.7421875 0.9513888888888888 0.755859375 0.9513888888888888 0.76171875 0.9618055555555556 0.76953125 0.9548611111111112 0.76171875 0.9131944444444444 0.76953125 0.8472222222222222 0.759765625 0.8298611111111112 0.748046875 0.8298611111111112 0.748046875 0.84375 0.734375 0.8576388888888888 0.7109375 0.8472222222222222 0.705078125 0.8888888888888888 0.662109375 0.8854166666666666 0.662109375 0.9409722222222222 0.677734375 0.9583333333333334
0 0.349609375 0.2638888888888889 0.359375 0.2604166666666667 0.359375 0.24305555555555555 0.349609375 0.24305555555555555 0.349609375 0.2638888888888889
0 0.244140625 0.2638888888888889 0.23828125 0.2604166666666667 0.2421875 0.28125 0.244140625 0.2638888888888889
0 0.412109375 0.7743055555555556 0.41796875 0.7222222222222222 0.4140625 0.7118055555555556 0.3984375 0.7152777777777778 0.3984375 0.75 0.412109375 0.7743055555555556
0 0.43359375 0.6423611111111112 0.44140625 0.6076388888888888 0.43359375 0.5902777777777778 0.423828125 0.5972222222222222 0.421875 0.6180555555555556 0.43359375 0.6423611111111112
0 0.228515625 0.625 0.234375 0.625 0.236328125 0.6111111111111112 0.232421875 0.5555555555555556 0.21875 0.5555555555555556 0.228515625 0.625
0 0.32421875 0.2916666666666667 0.330078125 0.2638888888888889 0.318359375 0.2638888888888889 0.31640625 0.2916666666666667 0.32421875 0.2916666666666667
0 0.3671875 0.59375 0.369140625 0.5625 0.359375 0.5590277777777778 0.35546875 0.5763888888888888 0.3671875 0.59375
0 0.39453125 0.4791666666666667 0.3984375 0.4375 0.388671875 0.4375 0.38671875 0.4583333333333333 0.39453125 0.4791666666666667
0 0.353515625 0.5 0.3671875 0.4861111111111111 0.359375 0.4652777777777778 0.349609375 0.4652777777777778 0.353515625 0.5
0 0.478515625 0.5138888888888888 0.48828125 0.5 0.517578125 0.5 0.517578125 0.4826388888888889 0.505859375 0.46875 0.474609375 0.46875 0.47265625 0.5 0.478515625 0.5138888888888888
0 0.3046875 0.3229166666666667 0.3046875 0.2916666666666667 0.296875 0.2847222222222222 0.287109375 0.2951388888888889 0.3046875 0.3229166666666667
0 0.23046875 0.4513888888888889 0.236328125 0.4166666666666667 0.234375 0.40625 0.224609375 0.40625 0.22265625 0.4305555555555556 0.23046875 0.4513888888888889
0 0.662109375 0.9479166666666666 0.671875 0.9513888888888888 0.67578125 0.90625 0.7109375 0.9027777777777778 0.716796875 0.8923611111111112 0.7265625 0.9027777777777778 0.7421875 0.8541666666666666 0.7265625 0.8576388888888888 0.72265625 0.8298611111111112 0.705078125 0.8263888888888888 0.69921875 0.8402777777777778 0.70703125 0.8680555555555556 0.697265625 0.8923611111111112 0.690755859375 0.875 0.66015625 0.8819444444444444 0.65625 0.9201388888888888 0.662109375 0.9479166666666666
0 0.5546875 0.7152777777777778 0.57421875 0.6909722222222222 0.609375 0.6875 0.60546875 0.65625 0.591796875 0.6423611111111112 0.580078125 0.6597222222222222 0.57421875 0.6493055555555556 0.546875 0.6527777777777778 0.54296875 0.6909722222222222 0.5546875 0.7152777777777778
0 0.373046875 0.6701388888888888 0.384765625 0.6875 0.38671875 0.6354166666666666 0.380859375 0.6284722222222222 0.3671875 0.6388888888888888 0.373046875 0.6701388888888888
0 0.439453125 0.40625 0.44140625 0.375 0.4296875 0.3680555555555556 0.42578125 0.4027777777777778 0.439453125 0.40625
0 0.42578125 0.3715277777777778 0.4296875 0.3368055555555556 0.4140625 0.3263888888888889 0.400390625 0.3368055555555556 0.404296875 0.3680555555555556 0.42578125 0.3715277777777778