0 0.5546875 0.7118055555555556 0.5859375 0.6805555555555556 0.583984375 0.6631944444444444 0.572265625 0.6527777777777778 0.546875 0.6597222222222222 0.54296875 0.6875 0.5546875 0.7118055555555556
0 0.41796875 0.5868055555555556 0.421875 0.5451388888888888 0.41015625 0.5486111111111112 0.40625 0.5625 0.41796875 0.5868055555555556
0 0.6796875 0.90625 0.681640625 0.9791666666666666 0.697265625 0.9930555555555556 0.748046875 0.9375 0.75 0.8854166666666666 0.736328125 0.8888888888888888 0.7109375 0.90625 0.6796875 0.90625
0 0.423828125 0.9930555555555556 0.421875 0.9826388888888888 0.41796875 0.9930555555555556 0.423828125 0.9930555555555556
0 0.419921875 0.9652777777777778 0.00390625 0.006944444444444444
0 0.41796875 0.9027777777777778 0.412109375 0.8993055555555556 0.41015625 0.90625 0.41796875 0.9027777777777778
0 0.453125 0.9965277777777778 0.455078125 0.9513888888888888 0.44921875 0.9340277777777778 0.455078125 0.9375 0.4453125 0.9166666666666666 0.447916666015625 0.9112654305555554 0.431640625 0.9305555555555556 0.4296875 0.9513888888888888 0.435546875 0.9618055555555556 0.4296875 0.96875 0.4296875 0.9930555555555556 0.453125 0.9965277777777778
0 0.244140625 0.4513888888888889 0.255859375 0.4513888888888889 0.255859375 0.40625 0.25 0.3923611111111111 0.2421875 0.3993055555555556 0.244140625 0.4513888888888889
0 0.248046875 0.4548611111111111 0.255859375 0.4513888888888889 0.25390625 0.40625 0.244140625 0.4201388888888889 0.248046875 0.4548611111111111
0 0.380859375 0.640625 0.388671875 0.6458333333333334 0.38671875 0.6597222222222222 0.380859375 0.6597222222222222 0.384765625 0.6701388888888888 0.3984375 0.6284722222222222 0.3984375 0.59375 0.38671875 0.59375 0.380859375 0.6215277777777778 0.380859375 0.640625
0 0.283203125 0.4548611111111111 0.28515625 0.4097222222222222 0.275390625 0.40625 0.2734375 0.4513888888888889 0.283203125 0.4548611111111111
0 0.693359375 0.9930555555555556 0.712890625 0.96875 0.734375 0.9618055555555556 0.76171875 0.9166666666666666 0.744140625 0.8715277777777778 0.75390625 0.8541666666666666 0.75 0.8472222222222222 0.72265625 0.8576388888888888 0.7109375 0.84375 0.7109375 0.8715277777777778 0.662109375 0.8784722222222222 0.66015625 0.9340277777777778 0.693359375 0.9930555555555556
0 0.7060546875 0.8350694444444444 0.009765625 0.010416666666666666
0 0.41796875 0.5 0.41796875 0.4722222222222222 0.408203125 0.4756944444444444 0.40625 0.5034722222222222 0.41796875 0.5
0 0.19921875 0.5555555555555556 0.20703125 0.5798611111111112 0.21875 0.5763888888888888 0.216796875 0.5347222222222222 0.205078125 0.5173611111111112 0.19921875 0.5277777777777778 0.19921875 0.5555555555555556
0 0.35546875 0.7361111111111112 0.373046875 0.71875 0.373046875 0.6736111111111112 0.35546875 0.6909722222222222 0.35546875 0.7361111111111112
0 0.443359375 0.7013888888888888 0.455078125 0.7013888888888888 0.4609375 0.6875 0.4609375 0.65625 0.455078125 0.6527777777777778 0.4375 0.6527777777777778 0.443359375 0.7013888888888888
0 0.375 0.3784722222222222 0.384765625 0.375 0.380859375 0.34375 0.375 0.34375 0.375 0.3784722222222222
0 0.35546875 0.53125 0.361328125 0.53125 0.353515625 0.5173611111111112 0.361328125 0.5 0.349609375 0.5 0.35546875 0.53125
0 0.560546875 0.9791666666666666 0.5625 0.9930555555555556 0.603515625 0.9930555555555556 0.59375 0.9375 0.548828125 0.9513888888888888 0.546875 0.96875 0.560546875 0.9791666666666666
0 0.548828125 0.875 0.5546875 0.8576388888888888 0.5390625 0.8368055555555556 0.54296875 0.875 0.548828125 0.875
0 0.474609375 0.5104166666666666 0.513671875 0.4965277777777778 0.50390625 0.4618055555555556 0.478515625 0.4722222222222222 0.47265625 0.4826388888888889 0.474609375 0.5104166666666666
0 0.33203125 0.5763888888888888 0.34375 0.5729166666666666 0.34765625 0.5451388888888888 0.34765625 0.53125 0.3359375 0.53125 0.330078125 0.5347222222222222 0.33203125 0.5763888888888888
0 0.39453125 0.4513888888888889 0.404296875 0.4479166666666667 0.40234375 0.4201388888888889 0.388671875 0.4201388888888889 0.39453125 0.4513888888888889
0 0.45703125 0.8923611111111112 0.455078125 0.8298611111111112 0.44140625 0.8263888888888888 0.4375 0.875 0.45703125 0.8923611111111112
0 0.41015625 0.375 0.4375 0.3680555555555556 0.42578125 0.3368055555555556 0.404296875 0.3368055555555556 0.400390625 0.34375 0.41015625 0.375
0 0.51171875 0.9826388888888888 0.517578125 0.96875 0.517578125 0.9236111111111112 0.4921875 0.9270833333333334 0.48828125 0.96875 0.51171875 0.9826388888888888
0 0.4375 0.5972222222222222 0.44921875 0.6076388888888888 0.455078125 0.6041666666666666 0.455078125 0.5555555555555556 0.44921875 0.5486111111111112 0.4375 0.5625 0.4375 0.5972222222222222
0 0.4609375 0.90625 0.451171875 0.8888888888888888 0.4609375 0.8819444444444444 0.455078125 0.8298611111111112 0.44140625 0.8263888888888888 0.4375 0.875 0.4609375 0.90625
0 0.3984375 0.8541666666666666 0.39453125 0.7847222222222222 0.375 0.7847222222222222 0.375 0.8541666666666666 0.3984375 0.8541666666666666
0 0.279296875 0.3263888888888889 0.28515625 0.2951388888888889 0.2734375 0.2951388888888889 0.279296875 0.3263888888888889
0 0.484375 0.8090277777777778 0.486328125 0.75 0.462890625 0.7604166666666666 0.462890625 0.7916666666666666 0.484375 0.8090277777777778