0 0.396484375 0.7465277777777778 0.416015625 0.75 0.416015625 0.7013888888888888 0.392578125 0.7013888888888888 0.396484375 0.7465277777777778
0 0.236328125 0.5138888888888888 0.236328125 0.4791666666666667 0.224609375 0.4722222222222222 0.224609375 0.4930555555555556 0.236328125 0.5138888888888888
0 0.412109375 0.6423611111111112 0.412109375 0.6006944444444444 0.404296875 0.5972222222222222 0.400390625 0.6354166666666666 0.412109375 0.6423611111111112
0 0.697265625 0.9930555555555556 0.712890625 0.96875 0.7421875 0.9513888888888888 0.75390625 0.9201388888888888 0.75390625 0.8888888888888888 0.75 0.875 0.724609375 0.875 0.73046875 0.8854166666666666 0.724609375 0.8993055555555556 0.6796875 0.90625 0.6796875 0.9756944444444444 0.697265625 0.9930555555555556
0 0.474609375 0.5104166666666666 0.513671875 0.5 0.505859375 0.4618055555555556 0.474609375 0.4722222222222222 0.46875 0.4861111111111111 0.474609375 0.5104166666666666
0 0.46875 0.4930555555555556 0.484375 0.4513888888888889 0.462890625 0.4548611111111111 0.4609375 0.4756944444444444 0.46875 0.4930555555555556
0 0.203125 0.71875 0.2109375 0.7118055555555556 0.2109375 0.6527777777777778 0.205078125 0.6388888888888888 0.193359375 0.6388888888888888 0.193359375 0.6979166666666666 0.203125 0.71875
0 0.66015625 0.9305555555555556 0.69140625 0.9930555555555556 0.716796875 0.9652777777777778 0.734375 0.9618055555555556 0.759765625 0.9236111111111112 0.751953125 0.875 0.755859375 0.8576388888888888 0.74609375 0.8472222222222222 0.7578125 0.8263888888888888 0.73828125 0.8541666666666666 0.7265625 0.8541666666666666 0.72265625 0.8402777777777778 0.701171875 0.8298611111111112 0.69921875 0.8368055555555556 0.708984375 0.84375 0.70166015625 0.875 0.66796875 0.875 0.66015625 0.8888888888888888 0.66015625 0.9305555555555556
0 0.35546875 0.75 0.3671875 0.7534722222222222 0.375 0.7465277777777778 0.375 0.71875 0.373046875 0.7013888888888888 0.361328125 0.6979166666666666 0.349609375 0.71875 0.35546875 0.75
0 0.474609375 0.7534722222222222 0.490234375 0.7673611111111112 0.498046875 0.7326388888888888 0.4921875 0.7013888888888888 0.48046875 0.7013888888888888 0.474609375 0.7118055555555556 0.474609375 0.7534722222222222
0 0.412109375 0.375 0.431640625 0.3680555555555556 0.42578125 0.3368055555555556 0.400390625 0.3368055555555556 0.400390625 0.3541666666666667 0.412109375 0.375
0 0.34375 0.6423611111111112 0.349609375 0.5972222222222222 0.333984375 0.5972222222222222 0.33203125 0.625 0.34375 0.6423611111111112
0 0.54296875 0.6979166666666666 0.5546875 0.7118055555555556 0.587890625 0.6805555555555556 0.576171875 0.65625 0.5546875 0.65625 0.54296875 0.6701388888888888 0.54296875 0.6979166666666666
0 0.263671875 0.5763888888888888 0.26953125 0.53125 0.255859375 0.5277777777777778 0.255859375 0.5625 0.263671875 0.5763888888888888
0 0.224609375 0.6111111111111112 0.236328125 0.6111111111111112 0.236328125 0.5625 0.224609375 0.5590277777777778 0.21875 0.59375 0.224609375 0.6111111111111112
0 0.41796875 0.6736111111111112 0.4296875 0.6805555555555556 0.435546875 0.6736111111111112 0.435546875 0.6388888888888888 0.423828125 0.6284722222222222 0.41796875 0.6354166666666666 0.41796875 0.6736111111111112
0 0.66796875 0.9513888888888888 0.67578125 0.9513888888888888 0.681640625 0.9097222222222222 0.6875 0.9166666666666666 0.69140625 0.90625 0.708984375 0.90625 0.728515625 0.8888888888888888 0.728515625 0.8715277777777778 0.744140625 0.8715277777777778 0.75390625 0.8541666666666666 0.728515625 0.8541666666666666 0.705078125 0.8263888888888888 0.69921875 0.8402777777777778 0.712890625 0.8611111111111112 0.7109375 0.8715277777777778 0.666015625 0.875 0.66015625 0.8888888888888888 0.65625 0.9236111111111112 0.66796875 0.9513888888888888
0 0.44921875 0.6388888888888888 0.455078125 0.6736111111111112 0.462890625 0.6736111111111112 0.47265625 0.6388888888888888 0.47265625 0.6076388888888888 0.455078125 0.59375 0.44921875 0.5972222222222222 0.44921875 0.6388888888888888
0 0.599609375 0.9930555555555556 0.587890625 0.9513888888888888 0.56640625 0.9513888888888888 0.556640625 0.9756944444444444 0.548828125 0.9722222222222222 0.548828125 0.9965277777777778 0.599609375 0.9930555555555556
0 0.5556640625 0.859375 0.001953125 0.003472222222222222