0 0.5546875 0.875 0.560546875 0.8854166666666666 0.556640625 0.9027777777777778 0.564453125 0.9270833333333334 0.59375 0.96875 0.59375 0.8993055555555556 0.599609375 0.8888888888888888 0.59375 0.8576388888888888 0.564453125 0.8576388888888888 0.556640625 0.8472222222222222 0.5625 0.8576388888888888 0.5546875 0.875
0 0.556640625 0.8402777777777778 0.5625 0.8055555555555556 0.5546875 0.8090277777777778 0.55078125 0.8263888888888888 0.556640625 0.8402777777777778
0 0.70703125 0.90625 0.6796875 0.90625 0.6796875 0.9722222222222222 0.693359375 0.9930555555555556 0.712890625 0.9652777777777778 0.736328125 0.9618055555555556 0.75 0.9305555555555556 0.75 0.8854166666666666 0.736328125 0.8888888888888888 0.732421875 0.875 0.724609375 0.875 0.73046875 0.8854166666666666 0.70703125 0.90625
0 0.517578125 0.4965277777777778 0.517578125 0.4826388888888889 0.505859375 0.4618055555555556 0.474609375 0.4722222222222222 0.474609375 0.5104166666666666 0.517578125 0.4965277777777778
0 0.662109375 0.9479166666666666 0.67578125 0.9548611111111112 0.685546875 0.90625 0.708984375 0.90625 0.712890625 0.8923611111111112 0.728515625 0.8923611111111112 0.732421875 0.875 0.748046875 0.8715277777777778 0.75 0.8541666666666666 0.728515625 0.8576388888888888 0.72265625 0.8402777777777778 0.7109375 0.8402777777777778 0.705078125 0.8263888888888888 0.69921875 0.8298611111111112 0.70703125 0.8472222222222222 0.705078125 0.8715277777777778 0.66796875 0.875 0.66015625 0.8854166666666666 0.65625 0.9305555555555556 0.662109375 0.9479166666666666
0 0.349609375 0.9930555555555556 0.376953125 0.9965277777777778 0.37890625 0.96875 0.36328125 0.9618055555555556 0.349609375 0.9652777777777778 0.349609375 0.9930555555555556
0 0.21875 0.4027777777777778 0.23046875 0.40625 0.23046875 0.375 0.21875 0.375 0.21875 0.4027777777777778
0 0.44140625 0.6111111111111112 0.44140625 0.5798611111111112 0.427734375 0.5833333333333334 0.42578125 0.5972222222222222 0.44140625 0.6111111111111112
0 0.46875 0.7986111111111112 0.46875 0.7326388888888888 0.451171875 0.7291666666666666 0.451171875 0.78125 0.46875 0.7986111111111112
0 0.1875 0.9930555555555556 0.169921875 0.9340277777777778 0.15625 0.9305555555555556 0.1484375 0.9513888888888888 0.14453125 0.9930555555555556 0.1875 0.9930555555555556
0 0.26171875 0.6145833333333334 0.2734375 0.65625 0.279296875 0.65625 0.28125 0.5972222222222222 0.267578125 0.5798611111111112 0.26171875 0.5868055555555556 0.26171875 0.6145833333333334
0 0.3125 0.7465277777777778 0.322265625 0.75 0.32421875 0.6875 0.310546875 0.6875 0.306640625 0.71875 0.3125 0.7465277777777778
0 0.498046875 0.7152777777777778 0.5 0.7291666666666666 0.51171875 0.7326388888888888 0.5 0.71875 0.51171875 0.6979166666666666 0.505859375 0.6875 0.4921875 0.6909722222222222 0.48828125 0.71875 0.498046875 0.7152777777777778
0 0.34375 0.8854166666666666 0.349609375 0.8229166666666666 0.34375 0.8125 0.33203125 0.8159722222222222 0.3359375 0.875 0.34375 0.8854166666666666
0 0.267578125 0.4201388888888889 0.26953125 0.3888888888888889 0.26171875 0.3888888888888889 0.259765625 0.40625 0.267578125 0.4201388888888889
0 0.25390625 0.6909722222222222 0.25390625 0.6493055555555556 0.236328125 0.6493055555555556 0.23828125 0.6875 0.25390625 0.6909722222222222
0 0.46875 0.6701388888888888 0.470252404296875 0.6594551284722222 0.458984375 0.6527777777777778 0.455078125 0.625 0.451171875 0.6493055555555556 0.4609375 0.65625 0.4609375 0.6701388888888888 0.46875 0.6701388888888888
0 0.48828125 0.84375 0.50390625 0.8923611111111112 0.517578125 0.84375 0.51171875 0.8402777777777778 0.51171875 0.8125 0.498046875 0.8090277777777778 0.48828125 0.8125 0.48828125 0.84375
0 0.37890625 0.6354166666666666 0.3671875 0.6527777777777778 0.38671875 0.625 0.38671875 0.6111111111111112 0.375 0.6076388888888888 0.369140625 0.6180555555555556 0.3671875 0.625 0.37890625 0.6354166666666666
0 0.412109375 0.9166666666666666 0.41796875 0.8888888888888888 0.41015625 0.8715277777777778 0.3984375 0.8715277777777778 0.3984375 0.9340277777777778 0.412109375 0.9166666666666666
0 0.244140625 0.3090277777777778 0.244140625 0.28125 0.236328125 0.2777777777777778 0.234375 0.3090277777777778 0.244140625 0.3090277777777778
0 0.46875 0.9930555555555556 0.48046875 0.9930555555555556 0.48046875 0.9791666666666666 0.4921875 0.9618055555555556 0.4921875 0.9166666666666666 0.486328125 0.90625 0.478515625 0.9097222222222222 0.45703125 0.9409722222222222 0.45703125 0.9722222222222222 0.46875 0.9930555555555556
0 0.404296875 0.3680555555555556 0.423828125 0.3680555555555556 0.421875 0.3298611111111111 0.40625 0.3298611111111111 0.400390625 0.3368055555555556 0.404296875 0.3680555555555556
0 0.46875 0.4930555555555556 0.486328125 0.4513888888888889 0.47265625 0.4479166666666667 0.462890625 0.4618055555555556 0.4609375 0.4791666666666667 0.46875 0.4930555555555556
0 0.31640625 0.9722222222222222 0.326171875 0.9548611111111112 0.32421875 0.9097222222222222 0.3046875 0.90625 0.3046875 0.96875 0.31640625 0.9722222222222222