0 0.24609375 0.3298611111111111 0.248046875 0.3090277777777778 0.23828125 0.3055555555555556 0.236328125 0.3298611111111111 0.24609375 0.3298611111111111
0 0.36328125 0.2604166666666667 0.369140625 0.2534722222222222 0.3671875 0.2326388888888889 0.361328125 0.2326388888888889 0.36328125 0.2604166666666667
0 0.41796875 0.5243055555555556 0.42578125 0.5138888888888888 0.4296875 0.4791666666666667 0.42578125 0.46875 0.41015625 0.46875 0.40625 0.5138888888888888 0.41796875 0.5243055555555556
0 0.6875 0.9930555555555556 0.701171875 0.9930555555555556 0.712890625 0.96875 0.73046875 0.9652777777777778 0.75 0.9375 0.767578125 0.9513888888888888 0.755859375 0.8888888888888888 0.736328125 0.8888888888888888 0.73046875 0.90625 0.697265625 0.90625 0.685546875 0.9201388888888888 0.67578125 0.9618055555555556 0.6875 0.9930555555555556
0 0.3671875 0.4791666666666667 0.369140625 0.4236111111111111 0.359375 0.4201388888888889 0.35546875 0.4652777777777778 0.3671875 0.4791666666666667
0 0.19140625 0.7013888888888888 0.19921875 0.6354166666666666 0.1953125 0.6180555555555556 0.1796875 0.6145833333333334 0.17578125 0.6527777777777778 0.19140625 0.7013888888888888
0 0.298828125 0.2604166666666667 0.296875 0.2326388888888889 0.29296875 0.25 0.298828125 0.2604166666666667
0 0.677734375 0.9548611111111112 0.701171875 0.9097222222222222 0.71875 0.90625 0.724609375 0.9166666666666666 0.7421875 0.8888888888888888 0.75 0.8888888888888888 0.755859375 0.8541666666666666 0.75 0.84375 0.724609375 0.84375 0.716796875 0.8263888888888888 0.701171875 0.8368055555555556 0.70703125 0.8472222222222222 0.705078125 0.8715277777777778 0.662109375 0.8784722222222222 0.662109375 0.9479166666666666 0.677734375 0.9548611111111112
0 0.26953125 0.2743055555555556 0.2734375 0.25 0.267578125 0.25 0.26953125 0.2743055555555556
0 0.326171875 0.5277777777777778 0.3359375 0.5277777777777778 0.33203125 0.4930555555555556 0.32421875 0.5 0.326171875 0.5277777777777778
0 0.1171875 0.9965277777777778 0.15625 0.9930555555555556 0.15625 0.9513888888888888 0.14453125 0.9097222222222222 0.134765625 0.9097222222222222 0.123046875 0.9305555555555556 0.119140625 0.9236111111111112 0.111328125 0.9375 0.1171875 0.9965277777777778
0 0.119140625 0.8888888888888888 0.11328125 0.9027777777777778 0.142578125 0.875 0.16015625 0.90625 0.158203125 0.8402777777777778 0.14453125 0.8402777777777778 0.142578125 0.8576388888888888 0.125 0.8368055555555556 0.11328125 0.8611111111111112 0.111328125 0.875 0.119140625 0.8888888888888888
0 0.55078125 0.7118055555555556 0.5625 0.7118055555555556 0.576171875 0.6875 0.591796875 0.6840277777777778 0.591796875 0.6736111111111112 0.57421875 0.65625 0.546875 0.65625 0.54296875 0.6979166666666666 0.55078125 0.7118055555555556
0 0.19921875 0.5833333333333334 0.205078125 0.625 0.2109375 0.6284722222222222 0.216796875 0.6076388888888888 0.216796875 0.5590277777777778 0.205078125 0.5416666666666666 0.19921875 0.5451388888888888 0.19921875 0.5833333333333334
0 0.1171875 0.9965277777777778 0.146484375 0.9965277777777778 0.14453125 0.9375 0.119140625 0.9340277777777778 0.11328125 0.9375 0.1171875 0.9965277777777778
0 0.490234375 0.5 0.517578125 0.5 0.517578125 0.4826388888888889 0.5078125 0.4756944444444444 0.50390625 0.4513888888888889 0.498046875 0.46875 0.474609375 0.46875 0.474609375 0.5138888888888888 0.490234375 0.5
0 0.39453125 0.4930555555555556 0.404296875 0.46875 0.404296875 0.4236111111111111 0.39453125 0.4201388888888889 0.384765625 0.4375 0.384765625 0.4791666666666667 0.39453125 0.4930555555555556
0 0.466796875 0.7777777777777778 0.484375 0.71875 0.48046875 0.7048611111111112 0.4609375 0.7118055555555556 0.45703125 0.7604166666666666 0.466796875 0.7777777777777778
0 0.45703125 0.6805555555555556 0.45703125 0.6493055555555556 0.47265625 0.6388888888888888 0.47265625 0.625 0.46484375 0.59375 0.4453125 0.6006944444444444 0.443359375 0.65625 0.45703125 0.6805555555555556
0 0.548828125 0.8854166666666666 0.560546875 0.8472222222222222 0.55078125 0.7986111111111112 0.53125 0.7951388888888888 0.525390625 0.8263888888888888 0.5234375 0.8541666666666666 0.548828125 0.8854166666666666
0 0.51953125 0.7951388888888888 0.5234375 0.7777777777777778 0.517578125 0.7673611111111112 0.51953125 0.7951388888888888
0 0.435546875 0.3680555555555556 0.435546875 0.3472222222222222 0.427734375 0.3368055555555556 0.4140625 0.3263888888888889 0.400390625 0.3368055555555556 0.40625 0.3715277777777778 0.435546875 0.3680555555555556
0 0.4765625 0.8263888888888888 0.46875 0.84375 0.4921875 0.9027777777777778 0.5 0.8854166666666666 0.498046875 0.8541666666666666 0.50390625 0.8263888888888888 0.498046875 0.8159722222222222 0.478515625 0.8229166666666666 0.46875 0.8055555555555556 0.466796875 0.8194444444444444 0.4765625 0.8263888888888888
0 0.322265625 0.3784722222222222 0.32421875 0.34375 0.314453125 0.3402777777777778 0.3125 0.3715277777777778 0.322265625 0.3784722222222222
0 0.685546875 0.8715277777777778 0.6796875 0.7951388888888888 0.671875 0.7638888888888888 0.66015625 0.7604166666666666 0.65625 0.8680555555555556 0.685546875 0.8715277777777778
0 0.642578125 0.8402777777777778 0.64453125 0.75 0.634765625 0.7430555555555556 0.625 0.7638888888888888 0.619140625 0.7951388888888888 0.642578125 0.8402777777777778