0 0.443359375 0.4618055555555556 0.447265625 0.4409722222222222 0.435546875 0.4340277777777778 0.431640625 0.4479166666666667 0.443359375 0.4618055555555556
0 0.40625 0.3784722222222222 0.412109375 0.3541666666666667 0.400390625 0.34375 0.3984375 0.3715277777777778 0.40625 0.3784722222222222
0 0.55078125 0.7118055555555556 0.5625 0.7118055555555556 0.58203125 0.6875 0.609375 0.6875 0.609375 0.6701388888888888 0.59375 0.6493055555555556 0.5859375 0.6493055555555556 0.583984375 0.6597222222222222 0.57421875 0.6493055555555556 0.546875 0.6527777777777778 0.54296875 0.6909722222222222 0.55078125 0.7118055555555556
0 0.6875 0.9930555555555556 0.705078125 0.9930555555555556 0.7109375 0.96875 0.73046875 0.9652777777777778 0.73828125 0.9513888888888888 0.7578125 0.9513888888888888 0.76171875 0.9618055555555556 0.767578125 0.9548611111111112 0.763671875 0.9131944444444444 0.75 0.8784722222222222 0.7421875 0.8784722222222222 0.7265625 0.90625 0.67578125 0.90625 0.673828125 0.9548611111111112 0.6875 0.9930555555555556
0 0.3359375 0.5555555555555556 0.341796875 0.5555555555555556 0.34375 0.5138888888888888 0.3359375 0.5138888888888888 0.3359375 0.5555555555555556
0 0.224609375 0.5902777777777778 0.21875 0.5416666666666666 0.20703125 0.5416666666666666 0.20703125 0.59375 0.224609375 0.5902777777777778
0 0.412109375 0.5625 0.421875 0.5659722222222222 0.41796875 0.5138888888888888 0.41015625 0.5173611111111112 0.40625 0.5451388888888888 0.412109375 0.5625
0 0.23828125 0.4930555555555556 0.248046875 0.4722222222222222 0.248046875 0.4513888888888889 0.2421875 0.4479166666666667 0.234375 0.4513888888888889 0.23828125 0.4930555555555556
0 0.662109375 0.9375 0.677734375 0.9583333333333334 0.6796875 0.9826388888888888 0.6875 0.9930555555555556 0.701171875 0.9930555555555556 0.712890625 0.96875 0.7421875 0.9513888888888888 0.767578125 0.9618055555555556 0.76953125 0.9375 0.76171875 0.90625 0.76953125 0.8888888888888888 0.76953125 0.8680555555555556 0.755859375 0.8298611111111112 0.734375 0.8576388888888888 0.7109375 0.8472222222222222 0.70703125 0.8576388888888888 0.71875 0.8715277777777778 0.705078125 0.8923611111111112 0.673828125 0.8923611111111112 0.673828125 0.9097222222222222 0.662109375 0.9375
0 0.3515625 0.2725694444444444 0.0078125 0.017361111111111112
0 0.306640625 0.3888888888888889 0.318359375 0.3854166666666667 0.31640625 0.3541666666666667 0.3046875 0.3576388888888889 0.306640625 0.3888888888888889
0 0.220703125 0.40625 0.224609375 0.3784722222222222 0.212890625 0.3611111111111111 0.2109375 0.3854166666666667 0.220703125 0.40625
0 0.484375 0.7534722222222222 0.48828125 0.6805555555555556 0.474609375 0.6736111111111112 0.47265625 0.7361111111111112 0.484375 0.7534722222222222
0 0.185546875 0.8680555555555556 0.1875 0.84375 0.171875 0.7986111111111112 0.162109375 0.7986111111111112 0.162109375 0.8576388888888888 0.171875 0.8923611111111112 0.185546875 0.8680555555555556
0 0.28515625 0.6493055555555556 0.291015625 0.6076388888888888 0.28515625 0.5798611111111112 0.275390625 0.5763888888888888 0.2734375 0.6180555555555556 0.28515625 0.6493055555555556
0 0.228515625 0.3055555555555556 0.248046875 0.2951388888888889 0.2421875 0.2777777777777778 0.23046875 0.2743055555555556 0.22265625 0.2777777777777778 0.228515625 0.3055555555555556
0 0.412109375 0.3680555555555556 0.427734375 0.3715277777777778 0.435546875 0.3576388888888889 0.42578125 0.3298611111111111 0.416015625 0.3298611111111111 0.40625 0.3368055555555556 0.412109375 0.3680555555555556
0 0.455078125 0.6527777777777778 0.466796875 0.6493055555555556 0.470703125 0.6076388888888888 0.455078125 0.6076388888888888 0.455078125 0.6527777777777778
0 0.505859375 0.5 0.517578125 0.5 0.517578125 0.4826388888888889 0.505859375 0.46875 0.5 0.46875 0.505859375 0.5
0 0.47265625 0.5 0.478515625 0.5138888888888888 0.4921875 0.4826388888888889 0.48828125 0.46875 0.47265625 0.46875 0.47265625 0.5
0 0.33203125 0.3125 0.33203125 0.2916666666666667 0.32421875 0.2847222222222222 0.322265625 0.3090277777777778 0.33203125 0.3125
0 0.662109375 0.9479166666666666 0.67578125 0.9513888888888888 0.6796875 0.9027777777777778 0.69921875 0.8923611111111112 0.705078125 0.9027777777777778 0.712890625 0.8923611111111112 0.728515625 0.8993055555555556 0.73828125 0.8576388888888888 0.728515625 0.8576388888888888 0.72265625 0.8298611111111112 0.7119140625 0.8298611111111112 0.705078125 0.84375 0.701171875 0.8298611111111112 0.708984375 0.875 0.69873046875 0.875 0.69140625 0.8923611111111112 0.6884765625 0.875 0.66015625 0.8819444444444444 0.65625 0.9201388888888888 0.662109375 0.9479166666666666
0 0.4296875 0.6840277777777778 0.447265625 0.6909722222222222 0.44921875 0.6493055555555556 0.4375 0.6493055555555556 0.4296875 0.6527777777777778 0.4296875 0.6840277777777778
0 0.53125 0.9965277777777778 0.5390625 0.9861111111111112 0.5419921875 0.9965277777777778 0.546875 0.9861111111111112 0.552734375 0.9965277777777778 0.55078125 0.9722222222222222 0.529296875 0.9826388888888888 0.53125 0.9965277777777778
0 0.51171875 0.9201388888888888 0.537109375 0.9027777777777778 0.529296875 0.8993055555555556 0.51171875 0.90625 0.51171875 0.9201388888888888