0 0.392578125 0.6354166666666666 0.39453125 0.59375 0.37890625 0.59375 0.37890625 0.6354166666666666 0.392578125 0.6354166666666666
0 0.38671875 0.4930555555555556 0.38671875 0.4618055555555556 0.37890625 0.4652777777777778 0.375 0.4791666666666667 0.38671875 0.4930555555555556
0 0.4375 0.6354166666666666 0.44140625 0.625 0.4296875 0.6076388888888888 0.44140625 0.59375 0.44140625 0.5659722222222222 0.423828125 0.5590277777777778 0.423828125 0.5902777777777778 0.4375 0.6354166666666666
0 0.41015625 0.5520833333333334 0.3984375 0.5625 0.408203125 0.5902777777777778 0.412109375 0.5555555555555556 0.41015625 0.5347222222222222 0.404296875 0.53125 0.3984375 0.5347222222222222 0.41015625 0.5520833333333334
0 0.685546875 0.9965277777777778 0.73046875 0.9930555555555556 0.728515625 0.9652777777777778 0.73828125 0.9409722222222222 0.732421875 0.9409722222222222 0.73046875 0.9583333333333334 0.71875 0.9409722222222222 0.697265625 0.9513888888888888 0.6875 0.96875 0.681640625 0.9826388888888888 0.685546875 0.9965277777777778
0 0.619140625 0.9930555555555556 0.66796875 0.9965277777777778 0.66796875 0.96875 0.65625 0.9722222222222222 0.6484375 0.9340277777777778 0.63671875 0.9375 0.63671875 0.9618055555555556 0.619140625 0.9930555555555556
0 0.474609375 0.5104166666666666 0.517578125 0.4965277777777778 0.517578125 0.4826388888888889 0.505859375 0.4618055555555556 0.478515625 0.4722222222222222 0.47265625 0.4826388888888889 0.474609375 0.5104166666666666
0 0.224609375 0.3923611111111111 0.21875 0.4027777777777778 0.224609375 0.40625 0.228515625 0.375 0.22265625 0.3715277777777778 0.21875 0.375 0.224609375 0.3923611111111111
0 0.3125 0.7013888888888888 0.322265625 0.7013888888888888 0.326171875 0.6597222222222222 0.306640625 0.65625 0.306640625 0.6875 0.3125 0.7013888888888888
0 0.361328125 0.59375 0.375 0.6041666666666666 0.373046875 0.5763888888888888 0.36328125 0.5625 0.37109375 0.5763888888888888 0.361328125 0.59375
0 0.38671875 0.9201388888888888 0.392578125 0.9340277777777778 0.40625 0.9097222222222222 0.40625 0.8576388888888888 0.404296875 0.84375 0.3984375 0.84375 0.384765625 0.8472222222222222 0.38671875 0.9201388888888888
0 0.423828125 0.3993055555555556 0.4296875 0.3993055555555556 0.4375 0.3888888888888889 0.4375 0.3680555555555556 0.42578125 0.3611111111111111 0.41796875 0.375 0.423828125 0.3993055555555556
0 0.41015625 0.7777777777777778 0.421875 0.7430555555555556 0.3984375 0.7430555555555556 0.40625 0.7013888888888888 0.421875 0.7118055555555556 0.416015625 0.6979166666666666 0.41796875 0.65625 0.3984375 0.6597222222222222 0.39453125 0.7361111111111112 0.41015625 0.7777777777777778
0 0.46875 0.8125 0.46875 0.78125 0.4609375 0.7673611111111112 0.44140625 0.78125 0.439453125 0.8090277777777778 0.46875 0.8125
0 0.36328125 0.7951388888888888 0.375 0.7951388888888888 0.373046875 0.7326388888888888 0.35546875 0.7326388888888888 0.36328125 0.7951388888888888
0 0.376953125 0.53125 0.384765625 0.5104166666666666 0.375 0.4965277777777778 0.3671875 0.5069444444444444 0.376953125 0.53125
0 0.34375 0.6388888888888888 0.353515625 0.59375 0.3359375 0.5902777777777778 0.3359375 0.6354166666666666 0.34375 0.6388888888888888
0 0.259765625 0.4965277777777778 0.26171875 0.4375 0.25 0.4375 0.25390625 0.4965277777777778 0.259765625 0.4965277777777778
0 0.34375 0.28125 0.341796875 0.2534722222222222 0.337890625 0.2777777777777778 0.34375 0.28125
0 0.53125 0.8888888888888888 0.54296875 0.90625 0.5546875 0.90625 0.55078125 0.8888888888888888 0.568359375 0.875 0.560546875 0.8263888888888888 0.541015625 0.8402777777777778 0.53515625 0.8125 0.5234375 0.8125 0.53125 0.8888888888888888
0 0.51953125 0.8402777777777778 0.53125 0.8055555555555556 0.529296875 0.7638888888888888 0.50390625 0.7673611111111112 0.5 0.8159722222222222 0.51953125 0.8402777777777778
0 0.54296875 0.9861111111111112 0.591796875 0.9965277777777778 0.59375 0.96875 0.5859375 0.9236111111111112 0.57421875 0.9201388888888888 0.5703125 0.9305555555555556 0.548828125 0.9097222222222222 0.537109375 0.9097222222222222 0.54296875 0.9861111111111112
0 0.46875 0.4930555555555556 0.486328125 0.4513888888888889 0.466796875 0.4513888888888889 0.4609375 0.4791666666666667 0.46875 0.4930555555555556
0 0.5 0.9513888888888888 0.5 0.9826388888888888 0.50390625 0.9965277777777778 0.537109375 0.9965277777777778 0.529296875 0.90625 0.517578125 0.9097222222222222 0.517578125 0.9305555555555556 0.5 0.9513888888888888
0 0.404296875 0.3680555555555556 0.423828125 0.3680555555555556 0.421875 0.3298611111111111 0.40625 0.3298611111111111 0.400390625 0.3368055555555556 0.404296875 0.3680555555555556
0 0.34375 0.8680555555555556 0.35546875 0.7847222222222222 0.33203125 0.7951388888888888 0.330078125 0.8576388888888888 0.34375 0.8680555555555556
0 0.474609375 0.6979166666666666 0.486328125 0.7048611111111112 0.4921875 0.6909722222222222 0.4921875 0.6493055555555556 0.47265625 0.6493055555555556 0.46875 0.65625 0.474609375 0.6979166666666666
0 0.443359375 0.9930555555555556 0.46875 0.9930555555555556 0.46875 0.90625 0.443359375 0.90625 0.4375 0.9201388888888888 0.443359375 0.9930555555555556
0 0.384765625 0.9930555555555556 0.376953125 0.9340277777777778 0.35546875 0.9375 0.349609375 0.9513888888888888 0.34375 0.9930555555555556 0.384765625 0.9930555555555556