0 0.306640625 0.375 0.310546875 0.3888888888888889 0.3203125 0.3888888888888889 0.322265625 0.3715277777777778 0.3125 0.3541666666666667 0.306640625 0.3576388888888889 0.306640625 0.375
0 0.349609375 0.4027777777777778 0.359375 0.4097222222222222 0.361328125 0.3923611111111111 0.35546875 0.3854166666666667 0.349609375 0.3888888888888889 0.349609375 0.4027777777777778
0 0.51171875 0.5104166666666666 0.517578125 0.4930555555555556 0.513671875 0.4791666666666667 0.48046875 0.4826388888888889 0.48046875 0.5173611111111112 0.51171875 0.5104166666666666
0 0.46875 0.4479166666666667 0.46875 0.3993055555555556 0.45703125 0.3923611111111111 0.455078125 0.4444444444444444 0.46875 0.4479166666666667
0 0.6796875 0.9826388888888888 0.693359375 0.9965277777777778 0.76171875 0.9930555555555556 0.76953125 0.9722222222222222 0.767578125 0.9340277777777778 0.755859375 0.9027777777777778 0.736328125 0.90625 0.728515625 0.9340277777777778 0.693359375 0.9375 0.681640625 0.9513888888888888 0.685546875 0.9652777777777778 0.6796875 0.9826388888888888
0 0.330078125 0.3854166666666667 0.33203125 0.3576388888888889 0.330078125 0.3472222222222222 0.32421875 0.3506944444444444 0.32421875 0.3854166666666667 0.330078125 0.3854166666666667
0 0.359375 0.4097222222222222 0.349609375 0.3958333333333333 0.361328125 0.3784722222222222 0.345703125 0.375 0.34375 0.3888888888888889 0.359375 0.4097222222222222
0 0.25390625 0.2638888888888889 0.25 0.2465277777777778 0.244140625 0.2465277777777778 0.236328125 0.2638888888888889 0.25390625 0.2638888888888889
0 0.388671875 0.3888888888888889 0.392578125 0.3576388888888889 0.37890625 0.3576388888888889 0.37890625 0.3854166666666667 0.388671875 0.3888888888888889
0 0.255859375 0.2986111111111111 0.2734375 0.2986111111111111 0.2734375 0.28125 0.255859375 0.28125 0.255859375 0.2986111111111111
0 0.47265625 0.5 0.478515625 0.5 0.482421875 0.4826388888888889 0.505859375 0.46875 0.4921875 0.4513888888888889 0.47265625 0.4513888888888889 0.466796875 0.4618055555555556 0.47265625 0.5
0 0.666015625 0.9513888888888888 0.677734375 0.9548611111111112 0.6875 0.9375 0.705078125 0.9340277777777778 0.724609375 0.9131944444444444 0.728515625 0.9201388888888888 0.7421875 0.8541666666666666 0.734375 0.8715277777777778 0.72265625 0.8402777777777778 0.70703125 0.8472222222222222 0.708984375 0.8715277777777778 0.66015625 0.8784722222222222 0.65625 0.9201388888888888 0.666015625 0.9513888888888888
0 0.70703125 0.8402777777777778 0.705078125 0.8263888888888888 0.701171875 0.8402777777777778 0.70703125 0.8402777777777778
0 0.546875 0.6979166666666666 0.5546875 0.7118055555555556 0.572265625 0.6909722222222222 0.61328125 0.6840277777777778 0.59375 0.6388888888888888 0.548828125 0.6493055555555556 0.54296875 0.65625 0.546875 0.6979166666666666
0 0.373046875 0.4027777777777778 0.375 0.375 0.3671875 0.3680555555555556 0.36328125 0.3923611111111111 0.373046875 0.4027777777777778
0 0.361328125 0.5034722222222222 0.37109375 0.5138888888888888 0.375 0.4861111111111111 0.3671875 0.46875 0.361328125 0.4722222222222222 0.361328125 0.5034722222222222
0 0.404296875 0.3611111111111111 0.4296875 0.3576388888888889 0.42578125 0.3368055555555556 0.40625 0.3368055555555556 0.400390625 0.3402777777777778 0.404296875 0.3611111111111111