0 0.35546875 0.3784722222222222 0.3671875 0.375 0.3671875 0.3472222222222222 0.359375 0.34375 0.349609375 0.3472222222222222 0.35546875 0.3784722222222222
0 0.697265625 0.9930555555555556 0.708984375 0.96875 0.7265625 0.9652777777777778 0.748046875 0.9375 0.75390625 0.8888888888888888 0.6796875 0.90625 0.6796875 0.9756944444444444 0.697265625 0.9930555555555556
0 0.671875 0.9548611111111112 0.69921875 0.90625 0.7109375 0.9166666666666666 0.734375 0.9097222222222222 0.767578125 0.9513888888888888 0.767578125 0.9375 0.75390625 0.9305555555555556 0.748046875 0.9097222222222222 0.76953125 0.8923611111111112 0.767578125 0.875 0.755859375 0.8680555555555556 0.7578125 0.84375 0.73046875 0.8541666666666666 0.7265625 0.8402777777777778 0.7109375 0.8298611111111112 0.70703125 0.8472222222222222 0.701171875 0.8298611111111112 0.708984375 0.8715277777777778 0.66796875 0.875 0.66015625 0.8854166666666666 0.65625 0.9305555555555556 0.671875 0.9548611111111112
0 0.373046875 0.4826388888888889 0.3671875 0.4513888888888889 0.35546875 0.4513888888888889 0.353515625 0.4826388888888889 0.373046875 0.4826388888888889
0 0.375 0.4722222222222222 0.388671875 0.4652777777777778 0.38671875 0.4340277777777778 0.375 0.4340277777777778 0.375 0.4722222222222222
0 0.302734375 0.3472222222222222 0.3046875 0.3229166666666667 0.296875 0.3125 0.29296875 0.3368055555555556 0.302734375 0.3472222222222222
0 0.48046875 0.8784722222222222 0.48828125 0.8784722222222222 0.494140625 0.8229166666666666 0.474609375 0.8229166666666666 0.46875 0.8472222222222222 0.48046875 0.8784722222222222
0 0.23046875 0.4548611111111111 0.236328125 0.4305555555555556 0.22265625 0.40625 0.21875 0.4479166666666667 0.23046875 0.4548611111111111
0 0.380859375 0.3784722222222222 0.380859375 0.3888888888888889 0.384765625 0.3680555555555556 0.37890625 0.3472222222222222 0.375 0.3784722222222222 0.380859375 0.3784722222222222
0 0.474609375 0.5104166666666666 0.51171875 0.5 0.517578125 0.4826388888888889 0.505859375 0.4618055555555556 0.48046875 0.46875 0.47265625 0.4826388888888889 0.474609375 0.5104166666666666
0 0.2421875 0.375 0.25 0.3888888888888889 0.25390625 0.3472222222222222 0.2421875 0.3472222222222222 0.2421875 0.375
0 0.22265625 0.3784722222222222 0.228515625 0.375 0.224609375 0.34375 0.216796875 0.34375 0.22265625 0.3784722222222222
0 0.41015625 0.5729166666666666 0.423828125 0.5590277777777778 0.423828125 0.5277777777777778 0.416015625 0.5138888888888888 0.40625 0.5243055555555556 0.41015625 0.5729166666666666
0 0.455078125 0.7152777777777778 0.46484375 0.7222222222222222 0.474609375 0.6875 0.47265625 0.6736111111111112 0.4609375 0.6736111111111112 0.451171875 0.6875 0.455078125 0.7152777777777778
0 0.66796875 0.9513888888888888 0.67578125 0.9513888888888888 0.6796875 0.90625 0.728515625 0.8888888888888888 0.73046875 0.8576388888888888 0.72265625 0.8541666666666666 0.724609375 0.84375 0.701171875 0.8298611111111112 0.708984375 0.8715277777777778 0.66796875 0.875 0.66015625 0.8854166666666666 0.65625 0.9305555555555556 0.66796875 0.9513888888888888
0 0.541015625 0.9965277777777778 0.57421875 0.9930555555555556 0.56640625 0.96875 0.54296875 0.9722222222222222 0.537109375 0.9826388888888888 0.541015625 0.9965277777777778
0 0.33203125 0.4548611111111111 0.3359375 0.4305555555555556 0.32421875 0.4166666666666667 0.322265625 0.4305555555555556 0.33203125 0.4548611111111111
0 0.4375 0.8125 0.4375 0.7638888888888888 0.421875 0.7604166666666666 0.41796875 0.8090277777777778 0.4375 0.8125
0 0.466796875 0.7222222222222222 0.474609375 0.7013888888888888 0.47265625 0.6736111111111112 0.451171875 0.6736111111111112 0.44921875 0.6597222222222222 0.455078125 0.7118055555555556 0.466796875 0.7222222222222222
0 0.443359375 0.6354166666666666 0.44921875 0.6388888888888888 0.44921875 0.625 0.443359375 0.625 0.443359375 0.6354166666666666
0 0.40625 0.3680555555555556 0.4296875 0.3576388888888889 0.423828125 0.3298611111111111 0.40625 0.3298611111111111 0.400390625 0.3402777777777778 0.40625 0.3680555555555556
0 0.505859375 0.8263888888888888 0.5234375 0.8263888888888888 0.529296875 0.7986111111111112 0.525390625 0.7604166666666666 0.51953125 0.7534722222222222 0.505859375 0.7638888888888888 0.5 0.8055555555555556 0.505859375 0.8263888888888888
0 0.46875 0.4930555555555556 0.486328125 0.4513888888888889 0.466796875 0.4513888888888889 0.462890625 0.4618055555555556 0.4609375 0.4791666666666667 0.46875 0.4930555555555556