0 0.423828125 0.6041666666666666 0.4296875 0.5590277777777778 0.412109375 0.5625 0.412109375 0.6041666666666666 0.423828125 0.6041666666666666
0 0.4296875 0.5347222222222222 0.4375 0.4965277777777778 0.4296875 0.4861111111111111 0.41796875 0.4965277777777778 0.4296875 0.5347222222222222
0 0.69921875 0.9930555555555556 0.7421875 0.9513888888888888 0.75 0.9236111111111112 0.75 0.8888888888888888 0.736328125 0.8888888888888888 0.73046875 0.9027777777777778 0.7109375 0.8993055555555556 0.685546875 0.9201388888888888 0.6796875 0.9791666666666666 0.69921875 0.9930555555555556
0 0.212890625 0.4826388888888889 0.224609375 0.4965277777777778 0.228515625 0.46875 0.21875 0.4548611111111111 0.212890625 0.4618055555555556 0.212890625 0.4826388888888889
0 0.37890625 0.4652777777777778 0.384765625 0.4479166666666667 0.384765625 0.4027777777777778 0.37890625 0.3888888888888889 0.369140625 0.3888888888888889 0.3671875 0.4201388888888889 0.37890625 0.4652777777777778
0 0.380859375 0.28125 0.380859375 0.2673611111111111 0.3671875 0.2534722222222222 0.361328125 0.28125 0.380859375 0.28125
0 0.662109375 0.9479166666666666 0.673828125 0.9548611111111112 0.70703125 0.90625 0.73828125 0.9027777777777778 0.748046875 0.9305555555555556 0.755859375 0.9305555555555556 0.76171875 0.9201388888888888 0.759765625 0.8923611111111112 0.76953125 0.8715277777777778 0.759765625 0.8506944444444444 0.76171875 0.8263888888888888 0.75 0.8263888888888888 0.73828125 0.8541666666666666 0.728515625 0.8541666666666666 0.72265625 0.8368055555555556 0.7109375 0.8298611111111112 0.70703125 0.8472222222222222 0.69921875 0.8298611111111112 0.692708984375 0.875 0.66796875 0.875 0.66015625 0.8854166666666666 0.65625 0.9201388888888888 0.662109375 0.9479166666666666
0 0.525390625 0.8229166666666666 0.54296875 0.8368055555555556 0.548828125 0.8125 0.546875 0.7777777777777778 0.5234375 0.78125 0.51953125 0.7986111111111112 0.525390625 0.8229166666666666
0 0.2109375 0.7430555555555556 0.21875 0.75 0.224609375 0.8229166666666666 0.236328125 0.8263888888888888 0.2421875 0.8159722222222222 0.23828125 0.7534722222222222 0.244140625 0.7291666666666666 0.224609375 0.7361111111111112 0.220703125 0.7465277777777778 0.2109375 0.7430555555555556
0 0.318359375 0.8090277777777778 0.341796875 0.8125 0.34375 0.7638888888888888 0.318359375 0.7534722222222222 0.3125 0.7743055555555556 0.318359375 0.8090277777777778
0 0.369140625 0.78125 0.375 0.7777777777777778 0.375 0.75 0.36328125 0.7118055555555556 0.35546875 0.7673611111111112 0.369140625 0.78125
0 0.3359375 0.5798611111111112 0.34375 0.5625 0.341796875 0.5416666666666666 0.326171875 0.5347222222222222 0.32421875 0.5763888888888888 0.3359375 0.5798611111111112
0 0.478515625 0.5138888888888888 0.48828125 0.5 0.517578125 0.5 0.517578125 0.4826388888888889 0.50390625 0.4652777777777778 0.474609375 0.4722222222222222 0.47265625 0.5 0.478515625 0.5138888888888888
0 0.359375 0.2916666666666667 0.357421875 0.2777777777777778 0.341796875 0.2777777777777778 0.341796875 0.2951388888888889 0.359375 0.2916666666666667
0 0.40625 0.5729166666666666 0.40625 0.53125 0.39453125 0.5277777777777778 0.392578125 0.5451388888888888 0.40625 0.5729166666666666
0 0.474609375 0.6666666666666666 0.48046875 0.625 0.462890625 0.625 0.4609375 0.6666666666666666 0.474609375 0.6666666666666666
0 0.4921875 0.78125 0.498046875 0.78125 0.505859375 0.7604166666666666 0.50390625 0.7291666666666666 0.4921875 0.7222222222222222 0.482421875 0.7326388888888888 0.48046875 0.7465277777777778 0.4921875 0.78125
0 0.41015625 0.46875 0.41015625 0.4236111111111111 0.39453125 0.40625 0.392578125 0.4583333333333333 0.41015625 0.46875
0 0.349609375 0.2534722222222222 0.337890625 0.2361111111111111 0.3359375 0.2534722222222222 0.349609375 0.2534722222222222
0 0.44921875 0.7465277777777778 0.451171875 0.7013888888888888 0.4375 0.6979166666666666 0.435546875 0.7361111111111112 0.44921875 0.7465277777777778
0 0.255859375 0.2326388888888889 0.267578125 0.2361111111111111 0.265625 0.21875 0.255859375 0.21875 0.255859375 0.2326388888888889
0 0.484375 0.9930555555555556 0.51953125 0.9965277777777778 0.517578125 0.9375 0.48828125 0.9375 0.48046875 0.9826388888888888 0.484375 0.9930555555555556
0 0.490234375 0.8663194444444444 0.00390625 0.010416666666666666
0 0.5234375 0.8541666666666666 0.521484375 0.84375 0.513671875 0.84375 0.51171875 0.8576388888888888 0.5234375 0.8541666666666666
0 0.44140625 0.3923611111111111 0.4375 0.3611111111111111 0.423828125 0.375 0.42578125 0.40625 0.44140625 0.3923611111111111
0 0.412109375 0.375 0.423828125 0.375 0.435546875 0.3576388888888889 0.423828125 0.3298611111111111 0.40234375 0.3402777777777778 0.404296875 0.3680555555555556 0.412109375 0.375
0 0.517578125 0.9965277777777778 0.517578125 0.9375 0.48828125 0.9409722222222222 0.486328125 0.9930555555555556 0.517578125 0.9965277777777778
0 0.5625 0.7118055555555556 0.57421875 0.6875 0.591796875 0.6805555555555556 0.58203125 0.65625 0.548828125 0.65625 0.55078125 0.7118055555555556 0.5625 0.7118055555555556
0 0.361328125 0.25 0.361328125 0.2361111111111111 0.35546875 0.2326388888888889 0.349609375 0.25 0.361328125 0.25