0 0.6796875 0.9618055555555556 0.685546875 0.9930555555555556 0.705078125 0.9930555555555556 0.7109375 0.96875 0.724609375 0.96875 0.7421875 0.9513888888888888 0.763671875 0.9618055555555556 0.767578125 0.9375 0.76171875 0.9305555555555556 0.76171875 0.90625 0.767578125 0.8923611111111112 0.767578125 0.8576388888888888 0.75390625 0.8298611111111112 0.73828125 0.8541666666666666 0.724609375 0.8576388888888888 0.72265625 0.875 0.7109375 0.8784722222222222 0.703125 0.8993055555555556 0.693359375 0.8923611111111112 0.673828125 0.9097222222222222 0.66796875 0.9409722222222222 0.6796875 0.9618055555555556
0 0.017578125 0.8055555555555556 0.017578125 0.7743055555555556 0.00390625 0.7534722222222222 0 0.8368055555555556 0.017578125 0.8055555555555556
0 0.375 0.5486111111111112 0.38671875 0.5347222222222222 0.380859375 0.5173611111111112 0.369140625 0.5243055555555556 0.3671875 0.5416666666666666 0.375 0.5486111111111112
0 0.44921875 0.5763888888888888 0.455078125 0.5486111111111112 0.44921875 0.53125 0.4375 0.53125 0.431640625 0.5729166666666666 0.44921875 0.5763888888888888
0 0.361328125 0.375 0.3671875 0.375 0.3671875 0.34375 0.359375 0.34375 0.361328125 0.375
0 0.30078125 0.3125 0.310546875 0.3055555555555556 0.310546875 0.2847222222222222 0.298828125 0.2847222222222222 0.30078125 0.3125
0 0.3359375 0.40625 0.3359375 0.3888888888888889 0.33203125 0.3784722222222222 0.32421875 0.3854166666666667 0.328125 0.4201388888888889 0.3359375 0.40625
0 0.474609375 0.5138888888888888 0.48828125 0.5 0.517578125 0.5 0.517578125 0.4826388888888889 0.5 0.4618055555555556 0.47265625 0.46875 0.474609375 0.5138888888888888
0 0.67578125 0.9513888888888888 0.68359375 0.9097222222222222 0.73046875 0.8993055555555556 0.744140625 0.8576388888888888 0.73046875 0.8576388888888888 0.72265625 0.8263888888888888 0.7109375 0.8263888888888888 0.69921875 0.8333333333333334 0.70703125 0.8472222222222222 0.703125 0.875 0.662109375 0.8784722222222222 0.662109375 0.9479166666666666 0.67578125 0.9513888888888888
0 0.5546875 0.7152777777777778 0.57421875 0.6909722222222222 0.609375 0.6875 0.60546875 0.65625 0.58984375 0.6388888888888888 0.580078125 0.65625 0.546875 0.6527777777777778 0.54296875 0.6909722222222222 0.5546875 0.7152777777777778
0 0.380859375 0.3888888888888889 0.392578125 0.3854166666666667 0.388671875 0.3576388888888889 0.380859375 0.3576388888888889 0.380859375 0.3888888888888889
0 0.404296875 0.3680555555555556 0.4296875 0.3715277777777778 0.4296875 0.34375 0.412109375 0.3298611111111111 0.400390625 0.3402777777777778 0.404296875 0.3680555555555556