0 0.6796875 0.9791666666666666 0.6875 0.9930555555555556 0.705078125 0.9930555555555556 0.7109375 0.9722222222222222 0.748046875 0.9479166666666666 0.75390625 0.8888888888888888 0.734375 0.8888888888888888 0.73046875 0.875 0.72265625 0.875 0.708984375 0.9027777777777778 0.681640625 0.9236111111111112 0.67578125 0.9548611111111112 0.6796875 0.9791666666666666
0 0.224609375 0.5763888888888888 0.228515625 0.53125 0.22265625 0.5138888888888888 0.212890625 0.5138888888888888 0.212890625 0.5590277777777778 0.224609375 0.5763888888888888
0 0.69921875 0.9409722222222222 0.69140625 0.9513888888888888 0.697265625 0.9548611111111112 0.6875 0.96875 0.69140625 0.9861111111111112 0.717779216796875 0.9559705798611111 0.69921875 0.9409722222222222
0 0.65625 0.9236111111111112 0.662109375 0.9479166666666666 0.67578125 0.9548611111111112 0.6796875 0.9722222222222222 0.681640625 0.9409722222222222 0.693359375 0.9236111111111112 0.69921875 0.9305555555555556 0.72265625 0.9201388888888888 0.72265625 0.9340277777777778 0.73046875 0.9375 0.73828125 0.90625 0.76171875 0.9201388888888888 0.767578125 0.8715277777777778 0.7578125 0.8368055555555556 0.724609375 0.84375 0.7109375 0.8298611111111112 0.701171875 0.8368055555555556 0.70703125 0.8472222222222222 0.703125 0.8715277777777778 0.666015625 0.875 0.66015625 0.8888888888888888 0.662109375 0.9166666666666666 0.65625 0.9236111111111112
0 0.490234375 0.5 0.517578125 0.4965277777777778 0.517578125 0.4826388888888889 0.50390625 0.4548611111111111 0.498046875 0.46875 0.474609375 0.4722222222222222 0.474609375 0.5138888888888888 0.490234375 0.5
0 0.23828125 0.3923611111111111 0.244140625 0.3854166666666667 0.244140625 0.3576388888888889 0.234375 0.3576388888888889 0.23828125 0.3923611111111111
0 0.39453125 0.4548611111111111 0.404296875 0.4513888888888889 0.404296875 0.4305555555555556 0.392578125 0.4305555555555556 0.39453125 0.4548611111111111
0 0.255859375 0.4861111111111111 0.26171875 0.4791666666666667 0.26171875 0.4409722222222222 0.25 0.4375 0.244140625 0.4513888888888889 0.255859375 0.4861111111111111
0 0.32421875 0.5 0.3359375 0.5 0.3359375 0.4548611111111111 0.318359375 0.4548611111111111 0.32421875 0.5
0 0.267578125 0.3368055555555556 0.2734375 0.34375 0.275390625 0.3263888888888889 0.26953125 0.3125 0.2734375 0.3229166666666667 0.267578125 0.3368055555555556
0 0.54296875 0.6979166666666666 0.55078125 0.7118055555555556 0.5625 0.7118055555555556 0.572265625 0.6909722222222222 0.587890625 0.6805555555555556 0.587890625 0.6701388888888888 0.57421875 0.65625 0.54296875 0.65625 0.54296875 0.6979166666666666
0 0.416015625 0.5729166666666666 0.423828125 0.5625 0.423828125 0.5347222222222222 0.41015625 0.5347222222222222 0.40625 0.5555555555555556 0.416015625 0.5729166666666666
0 0.474609375 0.71875 0.474609375 0.7326388888888888 0.48046875 0.7638888888888888 0.4921875 0.7638888888888888 0.509765625 0.6840277777777778 0.5 0.6840277777777778 0.505859375 0.6597222222222222 0.498046875 0.6493055555555556 0.48046875 0.6701388888888888 0.48046875 0.7152777777777778 0.474609375 0.71875
0 0.40625 0.3715277777777778 0.4296875 0.3715277777777778 0.435546875 0.3611111111111111 0.4296875 0.3368055555555556 0.40625 0.3298611111111111 0.400390625 0.3368055555555556 0.40625 0.3715277777777778
0 0.23828125 0.9305555555555556 0.25 0.9618055555555556 0.25 0.9826388888888888 0.259765625 0.9930555555555556 0.26953125 0.9097222222222222 0.263671875 0.8784722222222222 0.25 0.875 0.23828125 0.8888888888888888 0.23828125 0.9305555555555556
0 0.671875 0.8715277777777778 0.685546875 0.8680555555555556 0.6875 0.78125 0.6796875 0.7638888888888888 0.65625 0.7604166666666666 0.65625 0.8541666666666666 0.671875 0.8715277777777778
0 0.642578125 0.8298611111111112 0.642578125 0.75 0.626953125 0.7743055555555556 0.630859375 0.8263888888888888 0.642578125 0.8298611111111112