0 0.375 0.5 0.380859375 0.4930555555555556 0.380859375 0.4513888888888889 0.36328125 0.4375 0.361328125 0.4965277777777778 0.375 0.5
0 0.40625 0.3715277777777778 0.427734375 0.3715277777777778 0.4296875 0.3402777777777778 0.40625 0.3298611111111111 0.400390625 0.3368055555555556 0.40625 0.3715277777777778
0 0.6796875 0.9722222222222222 0.693359375 0.9930555555555556 0.712890625 0.96875 0.740234375 0.9548611111111112 0.75390625 0.9166666666666666 0.75390625 0.8888888888888888 0.75 0.8784722222222222 0.73828125 0.8888888888888888 0.734375 0.875 0.724609375 0.875 0.73046875 0.8854166666666666 0.724609375 0.8993055555555556 0.716796875 0.8923611111111112 0.7109375 0.90625 0.693359375 0.90625 0.6796875 0.9201388888888888 0.6796875 0.9722222222222222
0 0.34375 0.3854166666666667 0.353515625 0.3888888888888889 0.349609375 0.3472222222222222 0.34375 0.3472222222222222 0.34375 0.3854166666666667
0 0.32421875 0.4513888888888889 0.326171875 0.4826388888888889 0.34375 0.4791666666666667 0.34375 0.4409722222222222 0.337890625 0.4513888888888889 0.32421875 0.4513888888888889
0 0.23046875 0.9409722222222222 0.2421875 0.9930555555555556 0.255859375 0.9930555555555556 0.26171875 0.9618055555555556 0.259765625 0.9201388888888888 0.25 0.875 0.236328125 0.875 0.228515625 0.8888888888888888 0.23046875 0.9409722222222222
0 0.318359375 0.2604166666666667 0.31640625 0.2361111111111111 0.306640625 0.23958333333333334 0.3046875 0.2604166666666667 0.318359375 0.2604166666666667
0 0.34375 0.2847222222222222 0.34375 0.2604166666666667 0.3359375 0.2534722222222222 0.330078125 0.2847222222222222 0.34375 0.2847222222222222
0 0.296875 0.2638888888888889 0.298828125 0.2326388888888889 0.29296875 0.2326388888888889 0.296875 0.2638888888888889
0 0.3671875 0.2951388888888889 0.361328125 0.2673611111111111 0.3515625 0.2743055555555556 0.349609375 0.2951388888888889 0.3671875 0.2951388888888889
0 0.2734375 0.3090277777777778 0.28515625 0.3125 0.28515625 0.28125 0.279296875 0.28125 0.2734375 0.2847222222222222 0.2734375 0.3090277777777778
0 0.236328125 0.3090277777777778 0.25 0.3055555555555556 0.26171875 0.28125 0.236328125 0.2777777777777778 0.23046875 0.28125 0.236328125 0.3090277777777778
0 0.40234375 0.4861111111111111 0.40625 0.4826388888888889 0.3984375 0.4722222222222222 0.40625 0.4513888888888889 0.3984375 0.4548611111111111 0.39453125 0.46875 0.40234375 0.4861111111111111
0 0.66796875 0.9513888888888888 0.67578125 0.9513888888888888 0.68359375 0.9166666666666666 0.708984375 0.90625 0.7265625 0.875 0.748046875 0.875 0.755859375 0.8472222222222222 0.728515625 0.8541666666666666 0.705078125 0.8263888888888888 0.69921875 0.8368055555555556 0.712890625 0.8611111111111112 0.7109375 0.8715277777777778 0.66796875 0.875 0.66015625 0.8854166666666666 0.65625 0.9201388888888888 0.66796875 0.9513888888888888
0 0.517578125 0.4965277777777778 0.50390625 0.4513888888888889 0.474609375 0.4722222222222222 0.474609375 0.5104166666666666 0.517578125 0.4965277777777778