0 0.37890625 0.5555555555555556 0.39453125 0.5486111111111112 0.3984375 0.5 0.392578125 0.4930555555555556 0.375 0.5 0.37890625 0.5555555555555556
0 0.388671875 0.4548611111111111 0.3984375 0.4513888888888889 0.3984375 0.4340277777777778 0.392578125 0.4305555555555556 0.38671875 0.4340277777777778 0.388671875 0.4548611111111111
0 0.697265625 0.9930555555555556 0.712890625 0.96875 0.7421875 0.9513888888888888 0.75390625 0.8888888888888888 0.736328125 0.8888888888888888 0.724609375 0.875 0.708984375 0.9027777777777778 0.6796875 0.90625 0.6796875 0.9756944444444444 0.697265625 0.9930555555555556
0 0.22265625 0.6041666666666666 0.23046875 0.5625 0.216796875 0.5555555555555556 0.212890625 0.5763888888888888 0.22265625 0.6041666666666666
0 0.662109375 0.9375 0.69140625 0.9930555555555556 0.712890625 0.96875 0.734375 0.9618055555555556 0.748046875 0.9375 0.76171875 0.9375 0.763671875 0.9201388888888888 0.755859375 0.8993055555555556 0.767578125 0.8888888888888888 0.759765625 0.8263888888888888 0.744140625 0.8263888888888888 0.748046875 0.84375 0.728515625 0.8576388888888888 0.701171875 0.8298611111111112 0.7109375 0.8611111111111112 0.703125 0.875 0.666015625 0.8784722222222222 0.66015625 0.8888888888888888 0.662109375 0.9375
0 0.19921875 0.7743055555555556 0.205078125 0.7638888888888888 0.197265625 0.7222222222222222 0.1796875 0.7152777777777778 0.1796875 0.7777777777777778 0.19921875 0.7743055555555556
0 0.34765625 0.4201388888888889 0.345703125 0.3923611111111111 0.3359375 0.3888888888888889 0.33203125 0.4166666666666667 0.34765625 0.4201388888888889
0 0.25 0.6388888888888888 0.267578125 0.6493055555555556 0.267578125 0.5972222222222222 0.255859375 0.59375 0.248046875 0.6076388888888888 0.244140625 0.625 0.25 0.6388888888888888
0 0.2734375 0.5798611111111112 0.28125 0.5972222222222222 0.287109375 0.5902777777777778 0.287109375 0.5486111111111112 0.2734375 0.5486111111111112 0.2734375 0.5798611111111112
0 0.513671875 0.4965277777777778 0.50390625 0.4548611111111111 0.474609375 0.4722222222222222 0.474609375 0.5104166666666666 0.513671875 0.4965277777777778
0 0.361328125 0.4375 0.373046875 0.4340277777777778 0.369140625 0.4097222222222222 0.361328125 0.4097222222222222 0.361328125 0.4375
0 0.349609375 0.5416666666666666 0.35546875 0.5 0.34375 0.4722222222222222 0.341796875 0.5208333333333334 0.349609375 0.5416666666666666
0 0.67578125 0.9513888888888888 0.681640625 0.9097222222222222 0.724609375 0.8888888888888888 0.72265625 0.875 0.73046875 0.8541666666666666 0.740234375 0.8715277777777778 0.748046875 0.8680555555555556 0.75390625 0.8472222222222222 0.740234375 0.8541666666666666 0.701171875 0.8263888888888888 0.69921875 0.8402777777777778 0.70703125 0.8472222222222222 0.703125 0.8715277777777778 0.66796875 0.875 0.66015625 0.8854166666666666 0.65625 0.9201388888888888 0.67578125 0.9513888888888888
0 0.5546875 0.7118055555555556 0.5625 0.7118055555555556 0.591796875 0.6736111111111112 0.57421875 0.6527777777777778 0.546875 0.6597222222222222 0.54296875 0.6875 0.5546875 0.7118055555555556
0 0.361328125 0.4826388888888889 0.37109375 0.4826388888888889 0.375 0.46875 0.369140625 0.4375 0.361328125 0.4375 0.361328125 0.4826388888888889
0 0.318359375 0.7430555555555556 0.318359375 0.6597222222222222 0.30078125 0.6597222222222222 0.30078125 0.7152777777777778 0.318359375 0.7430555555555556
0 0.41015625 0.375 0.4375 0.3680555555555556 0.42578125 0.3368055555555556 0.40625 0.3298611111111111 0.400390625 0.3541666666666667 0.41015625 0.375
0 0.412109375 0.6979166666666666 0.4296875 0.7152777777777778 0.435546875 0.6909722222222222 0.431640625 0.65625 0.41796875 0.6597222222222222 0.41015625 0.6701388888888888 0.412109375 0.6979166666666666
0 0.380859375 0.3993055555555556 0.38671875 0.3715277777777778 0.37890625 0.3715277777777778 0.375 0.3888888888888889 0.380859375 0.3993055555555556
0 0.412109375 0.6875 0.4296875 0.7152777777777778 0.435546875 0.6840277777777778 0.431640625 0.6597222222222222 0.421875 0.6597222222222222 0.412109375 0.6736111111111112 0.412109375 0.6875