0 0.673828125 0.9548611111111112 0.681640625 0.9305555555555556 0.67578125 0.9131944444444444 0.693359375 0.8958333333333334 0.705078125 0.9027777777777778 0.7109375 0.875 0.66796875 0.875 0.66015625 0.8854166666666666 0.65625 0.9305555555555556 0.673828125 0.9548611111111112
0 0.70703125 0.8576388888888888 0.716796875 0.8611111111111112 0.712890625 0.875 0.75 0.875 0.755859375 0.8576388888888888 0.755859375 0.84375 0.73046875 0.8472222222222222 0.7109375 0.8298611111111112 0.69921875 0.8368055555555556 0.70703125 0.8576388888888888
0 0.375 0.3576388888888889 0.375 0.3298611111111111 0.36328125 0.3298611111111111 0.361328125 0.3576388888888889 0.375 0.3576388888888889
0 0.693359375 0.9930555555555556 0.705078125 0.9861111111111112 0.712890625 0.9652777777777778 0.73046875 0.9618055555555556 0.75 0.9305555555555556 0.75 0.8888888888888888 0.6796875 0.90625 0.6796875 0.9756944444444444 0.693359375 0.9930555555555556
0 0.46875 0.4930555555555556 0.486328125 0.4513888888888889 0.466796875 0.4513888888888889 0.462890625 0.4618055555555556 0.4609375 0.4791666666666667 0.46875 0.4930555555555556
0 0.23046875 0.4826388888888889 0.234375 0.4479166666666667 0.224609375 0.4409722222222222 0.224609375 0.4826388888888889 0.23046875 0.4826388888888889
0 0.201171875 0.625 0.2109375 0.6284722222222222 0.22265625 0.65625 0.224609375 0.6423611111111112 0.21484375 0.6319444444444444 0.224609375 0.6197916666666666 0.224609375 0.5972222222222222 0.20703125 0.59375 0.201171875 0.5972222222222222 0.201171875 0.625
0 0.3671875 0.5416666666666666 0.37890625 0.5347222222222222 0.375 0.5 0.3671875 0.5 0.3671875 0.5416666666666666
0 0.318359375 0.3090277777777778 0.3125 0.28125 0.30078125 0.28125 0.298828125 0.3090277777777778 0.318359375 0.3090277777777778
0 0.353515625 0.59375 0.361328125 0.59375 0.3671875 0.5763888888888888 0.361328125 0.5555555555555556 0.353515625 0.5555555555555556 0.349609375 0.5763888888888888 0.353515625 0.59375
0 0.416015625 0.7152777777777778 0.431640625 0.7222222222222222 0.4375 0.7152777777777778 0.435546875 0.6840277777777778 0.4296875 0.6666666666666666 0.421875 0.6666666666666666 0.412109375 0.6701388888888888 0.416015625 0.7152777777777778
0 0.48046875 0.7638888888888888 0.48828125 0.7361111111111112 0.484375 0.6979166666666666 0.474609375 0.6909722222222222 0.462890625 0.7013888888888888 0.462890625 0.75 0.48046875 0.7638888888888888
0 0.216796875 0.7465277777777778 0.21875 0.6388888888888888 0.201171875 0.6284722222222222 0.1953125 0.6423611111111112 0.2109375 0.75 0.216796875 0.7465277777777778
0 0.33203125 0.2986111111111111 0.349609375 0.2916666666666667 0.3359375 0.2743055555555556 0.330078125 0.2777777777777778 0.33203125 0.2986111111111111
0 0.34765625 0.53125 0.349609375 0.4826388888888889 0.337890625 0.4861111111111111 0.337890625 0.5243055555555556 0.34765625 0.53125
0 0.474609375 0.5104166666666666 0.517578125 0.4965277777777778 0.517578125 0.4826388888888889 0.505859375 0.4618055555555556 0.478515625 0.4722222222222222 0.47265625 0.4826388888888889 0.474609375 0.5104166666666666
0 0.375 0.6493055555555556 0.38671875 0.6666666666666666 0.39453125 0.6354166666666666 0.384765625 0.6111111111111112 0.375 0.6180555555555556 0.375 0.6493055555555556
0 0.447265625 0.6215277777777778 0.455078125 0.5763888888888888 0.44921875 0.5590277777777778 0.4375 0.5659722222222222 0.4375 0.6041666666666666 0.447265625 0.6215277777777778
0 0.396484375 0.5451388888888888 0.3984375 0.5 0.388671875 0.5 0.38671875 0.5451388888888888 0.396484375 0.5451388888888888
0 0.380859375 0.2638888888888889 0.380859375 0.24305555555555555 0.369140625 0.24305555555555555 0.3671875 0.2638888888888889 0.380859375 0.2638888888888889
0 0.236328125 0.5277777777777778 0.228515625 0.5138888888888888 0.236328125 0.4965277777777778 0.234375 0.4826388888888889 0.228515625 0.4826388888888889 0.224609375 0.5104166666666666 0.236328125 0.5277777777777778
0 0.34375 0.2534722222222222 0.3359375 0.2361111111111111 0.330078125 0.2604166666666667 0.34375 0.2534722222222222
0 0.41015625 0.6388888888888888 0.416015625 0.625 0.416015625 0.59375 0.400390625 0.59375 0.3984375 0.625 0.41015625 0.6388888888888888
0 0.412109375 0.5625 0.421875 0.5763888888888888 0.423828125 0.53125 0.416015625 0.53125 0.41015625 0.5416666666666666 0.412109375 0.5625
0 0.40625 0.3715277777777778 0.4296875 0.3576388888888889 0.423828125 0.3298611111111111 0.40625 0.3263888888888889 0.400390625 0.3368055555555556 0.40625 0.3715277777777778