0 0.35546875 0.5902777777777778 0.3671875 0.5902777777777778 0.369140625 0.5798611111111112 0.3671875 0.5451388888888888 0.361328125 0.5451388888888888 0.35546875 0.5486111111111112 0.35546875 0.5902777777777778
0 0.23046875 0.4305555555555556 0.236328125 0.3993055555555556 0.224609375 0.3923611111111111 0.22265625 0.4131944444444444 0.23046875 0.4305555555555556
0 0.259765625 0.5763888888888888 0.25390625 0.5555555555555556 0.26171875 0.5451388888888888 0.26171875 0.5173611111111112 0.25 0.5138888888888888 0.248046875 0.5416666666666666 0.259765625 0.5763888888888888
0 0.6796875 0.9756944444444444 0.693359375 0.9930555555555556 0.705078125 0.9861111111111112 0.712890625 0.9652777777777778 0.740234375 0.9513888888888888 0.75390625 0.9236111111111112 0.75390625 0.8888888888888888 0.71875 0.8888888888888888 0.708984375 0.90625 0.685546875 0.9027777777777778 0.6796875 0.90625 0.6796875 0.9756944444444444
0 0.17578125 0.6875 0.1796875 0.6423611111111112 0.171875 0.625 0.162109375 0.625 0.162109375 0.6701388888888888 0.17578125 0.6875
0 0.2421875 0.3368055555555556 0.248046875 0.3472222222222222 0.25390625 0.34375 0.25 0.3125 0.2421875 0.3125 0.2421875 0.3368055555555556
0 0.666015625 0.9513888888888888 0.673828125 0.9548611111111112 0.6796875 0.9479166666666666 0.681640625 0.90625 0.708984375 0.90625 0.7109375 0.8923611111111112 0.734375 0.8888888888888888 0.75 0.8541666666666666 0.7265625 0.8576388888888888 0.72265625 0.8402777777777778 0.70703125 0.8298611111111112 0.701171875 0.8402777777777778 0.69921875 0.8298611111111112 0.69140625 0.875 0.66796875 0.875 0.66015625 0.8854166666666666 0.65625 0.9236111111111112 0.666015625 0.9513888888888888
0 0.50390625 0.8680555555555556 0.51171875 0.8472222222222222 0.509765625 0.7951388888888888 0.486328125 0.8020833333333334 0.484375 0.8506944444444444 0.50390625 0.8680555555555556
0 0.23046875 0.4930555555555556 0.236328125 0.46875 0.234375 0.4548611111111111 0.224609375 0.4513888888888889 0.21875 0.4722222222222222 0.23046875 0.4930555555555556
0 0.224609375 0.65625 0.244140625 0.7013888888888888 0.2421875 0.6909722222222222 0.25 0.6875 0.25390625 0.6597222222222222 0.248046875 0.6354166666666666 0.224609375 0.6388888888888888 0.224609375 0.65625
0 0.517578125 0.4965277777777778 0.517578125 0.4826388888888889 0.505859375 0.4618055555555556 0.474609375 0.4722222222222222 0.474609375 0.5104166666666666 0.517578125 0.4965277777777778
0 0.248046875 0.46875 0.26171875 0.4722222222222222 0.26171875 0.4375 0.25 0.4236111111111111 0.244140625 0.4548611111111111 0.248046875 0.46875
0 0.22265625 0.6076388888888888 0.23046875 0.6076388888888888 0.236328125 0.5659722222222222 0.22265625 0.5625 0.21875 0.59375 0.22265625 0.6076388888888888
0 0.20703125 0.9930555555555556 0.2109375 0.96875 0.22265625 0.9513888888888888 0.22265625 0.9340277777777778 0.216796875 0.8993055555555556 0.19921875 0.90625 0.197265625 0.9479166666666666 0.20703125 0.9930555555555556
0 0.41015625 0.5763888888888888 0.41796875 0.5555555555555556 0.416015625 0.53125 0.41015625 0.53125 0.404296875 0.5347222222222222 0.41015625 0.5763888888888888
0 0.4609375 0.7152777777777778 0.4765625 0.6666666666666666 0.47265625 0.6597222222222222 0.484375 0.6493055555555556 0.474609375 0.6354166666666666 0.4609375 0.6631944444444444 0.4453125 0.6666666666666666 0.4375 0.65625 0.443359375 0.6979166666666666 0.4609375 0.7152777777777778
0 0.3984375 0.6215277777777778 0.41015625 0.6041666666666666 0.404296875 0.5729166666666666 0.39453125 0.5729166666666666 0.38671875 0.5902777777777778 0.3984375 0.6215277777777778
0 0.427734375 0.4027777777777778 0.4375 0.3715277777777778 0.421875 0.3680555555555556 0.41796875 0.375 0.427734375 0.4027777777777778
0 0.55078125 0.9826388888888888 0.5546875 0.9930555555555556 0.578125 0.9965277777777778 0.580078125 0.9583333333333334 0.591796875 0.9305555555555556 0.58203125 0.90625 0.560546875 0.9201388888888888 0.548828125 0.9513888888888888 0.55078125 0.9826388888888888
0 0.54296875 0.9201388888888888 0.54296875 0.9027777777777778 0.537109375 0.8993055555555556 0.537109375 0.9201388888888888 0.54296875 0.9201388888888888
0 0.578125 0.8940972222222222 0.00390625 0.010416666666666666
0 0.400390625 0.3576388888888889 0.40625 0.3715277777777778 0.423828125 0.3680555555555556 0.4296875 0.3472222222222222 0.421875 0.3298611111111111 0.40625 0.3263888888888889 0.3984375 0.3402777777777778 0.400390625 0.3576388888888889
0 0.46875 0.4930555555555556 0.484375 0.4513888888888889 0.462890625 0.4548611111111111 0.4609375 0.4756944444444444 0.46875 0.4930555555555556
0 0.224609375 0.7847222222222222 0.234375 0.8125 0.2421875 0.7951388888888888 0.236328125 0.7222222222222222 0.22265625 0.7222222222222222 0.224609375 0.7847222222222222