0 0.45703125 0.7638888888888888 0.47265625 0.7638888888888888 0.47265625 0.7118055555555556 0.455078125 0.7083333333333334 0.451171875 0.7430555555555556 0.45703125 0.7638888888888888
0 0.701171875 0.9965277777777778 0.767578125 0.9791666666666666 0.7734375 0.9479166666666666 0.76171875 0.9166666666666666 0.767578125 0.8854166666666666 0.73828125 0.8888888888888888 0.72265625 0.9201388888888888 0.701171875 0.9097222222222222 0.681640625 0.9409722222222222 0.6796875 0.9791666666666666 0.701171875 0.9965277777777778
0 0.666015625 0.9513888888888888 0.673828125 0.9548611111111112 0.69921875 0.9097222222222222 0.724609375 0.9166666666666666 0.73828125 0.8854166666666666 0.755859375 0.875 0.755859375 0.84375 0.728515625 0.8541666666666666 0.724609375 0.8402777777777778 0.705078125 0.8263888888888888 0.69921875 0.8298611111111112 0.7109375 0.8611111111111112 0.705078125 0.8715277777777778 0.666015625 0.875 0.66015625 0.8888888888888888 0.65625 0.9201388888888888 0.666015625 0.9513888888888888
0 0.21875 0.3854166666666667 0.224609375 0.3854166666666667 0.228515625 0.3611111111111111 0.216796875 0.34375 0.212890625 0.3611111111111111 0.21875 0.3854166666666667
0 0.2890625 0.4027777777777778 0.29296875 0.375 0.28515625 0.3680555555555556 0.28125 0.3888888888888889 0.2890625 0.4027777777777778
0 0.62890625 0.9930555555555556 0.623046875 0.9722222222222222 0.60546875 0.9722222222222222 0.59375 0.9930555555555556 0.62890625 0.9930555555555556
0 0.5859375 0.9791666666666666 0.591796875 0.9513888888888888 0.578125 0.9305555555555556 0.576171875 0.9652777777777778 0.5859375 0.9791666666666666
0 0.587890625 0.9201388888888888 0.59765625 0.8993055555555556 0.58203125 0.90625 0.580078125 0.9166666666666666 0.587890625 0.9201388888888888
0 0.150390625 0.9965277777777778 0.19140625 0.9965277777777778 0.19921875 0.9513888888888888 0.197265625 0.9201388888888888 0.185546875 0.9097222222222222 0.173828125 0.9097222222222222 0.166015625 0.9236111111111112 0.15625 0.9097222222222222 0.138671875 0.9201388888888888 0.138671875 0.9618055555555556 0.150390625 0.9965277777777778
0 0.255859375 0.7465277777777778 0.26171875 0.7326388888888888 0.26171875 0.6736111111111112 0.23828125 0.6736111111111112 0.2421875 0.7326388888888888 0.255859375 0.7465277777777778
0 0.474609375 0.5104166666666666 0.513671875 0.5 0.517578125 0.4826388888888889 0.505859375 0.4618055555555556 0.48046875 0.46875 0.47265625 0.4826388888888889 0.474609375 0.5104166666666666
0 0.2109375 0.5763888888888888 0.21875 0.5763888888888888 0.21875 0.5173611111111112 0.205078125 0.5173611111111112 0.201171875 0.5277777777777778 0.2109375 0.5763888888888888
0 0.4609375 0.6388888888888888 0.466796875 0.6423611111111112 0.474609375 0.6215277777777778 0.474609375 0.5972222222222222 0.4609375 0.5972222222222222 0.455078125 0.6076388888888888 0.4609375 0.6388888888888888
0 0.46875 0.4930555555555556 0.486328125 0.4513888888888889 0.466796875 0.4513888888888889 0.4609375 0.4791666666666667 0.46875 0.4930555555555556
0 0.486328125 0.6909722222222222 0.4921875 0.6909722222222222 0.5 0.71875 0.51171875 0.7326388888888888 0.51171875 0.6736111111111112 0.4921875 0.6701388888888888 0.486328125 0.6736111111111112 0.486328125 0.6909722222222222
0 0.4921875 0.8368055555555556 0.494140625 0.8125 0.509765625 0.7916666666666666 0.505859375 0.7673611111111112 0.517578125 0.7604166666666666 0.517578125 0.75 0.505859375 0.7361111111111112 0.498046875 0.7673611111111112 0.48046875 0.7673611111111112 0.48046875 0.8159722222222222 0.4921875 0.8368055555555556
0 0.41015625 0.375 0.4296875 0.3611111111111111 0.421875 0.3298611111111111 0.412109375 0.3298611111111111 0.400390625 0.34375 0.41015625 0.375
0 0.5625 0.9166666666666666 0.57421875 0.9166666666666666 0.57421875 0.8784722222222222 0.580078125 0.8715277777777778 0.576171875 0.8298611111111112 0.5625 0.8229166666666666 0.55078125 0.8368055555555556 0.5546875 0.8923611111111112 0.5625 0.9166666666666666