0 0.25 0.2986111111111111 0.244140625 0.3125 0.25390625 0.3125 0.25 0.28125 0.2421875 0.2847222222222222 0.25 0.2986111111111111
0 0.46875 0.4930555555555556 0.486328125 0.4513888888888889 0.462890625 0.4548611111111111 0.4609375 0.4791666666666667 0.46875 0.4930555555555556
0 0.712890625 0.8854166666666666 0.705078125 0.90625 0.6796875 0.90625 0.681640625 0.9826388888888888 0.693359375 0.9930555555555556 0.712890625 0.9652777777777778 0.7421875 0.9513888888888888 0.75 0.8888888888888888 0.732421875 0.8888888888888888 0.73046875 0.875 0.724609375 0.875 0.728515625 0.8888888888888888 0.712890625 0.8854166666666666
0 0.6953125 0.8923611111111112 0.705078125 0.9027777777777778 0.716796875 0.8784722222222222 0.7342881953125 0.871296295138889 0.72265625 0.8402777777777778 0.70703125 0.8298611111111112 0.701171875 0.8402777777777778 0.69921875 0.8298611111111112 0.697265625 0.875 0.666015625 0.875 0.66015625 0.8888888888888888 0.65625 0.9236111111111112 0.66796875 0.9513888888888888 0.67578125 0.9513888888888888 0.6796875 0.90625 0.6953125 0.8923611111111112
0 0.390625 0.9583333333333334 0.380859375 0.9722222222222222 0.380859375 0.9930555555555556 0.416015625 0.9965277777777778 0.41796875 0.9861111111111112 0.41015625 0.9756944444444444 0.412109375 0.9375 0.404296875 0.9548611111111112 0.3994140625 0.9375 0.396484375 0.9548611111111112 0.38671875 0.9375 0.380859375 0.9513888888888888 0.390625 0.9583333333333334
0 0.388671875 0.9166666666666666 0.37890625 0.8923611111111112 0.375 0.9305555555555556 0.388671875 0.9166666666666666
0 0.41796875 0.90625 0.41796875 0.8888888888888888 0.412109375 0.8888888888888888 0.40625 0.90625 0.41796875 0.90625
0 0.2734375 0.3298611111111111 0.275390625 0.3090277777777778 0.26953125 0.3055555555555556 0.267578125 0.3298611111111111 0.2734375 0.3298611111111111
0 0.228515625 0.4652777777777778 0.23046875 0.4201388888888889 0.22265625 0.4166666666666667 0.21875 0.4548611111111111 0.228515625 0.4652777777777778
0 0.3046875 0.25 0.302734375 0.22916666666666666 0.298828125 0.25 0.3046875 0.25
0 0.349609375 0.5104166666666666 0.361328125 0.5138888888888888 0.361328125 0.4826388888888889 0.349609375 0.4826388888888889 0.349609375 0.5104166666666666
0 0.16796875 0.6805555555555556 0.17578125 0.6840277777777778 0.1796875 0.6388888888888888 0.173828125 0.625 0.162109375 0.625 0.16015625 0.65625 0.16796875 0.6805555555555556
0 0.443359375 0.6527777777777778 0.451171875 0.7118055555555556 0.462890625 0.7291666666666666 0.46875 0.7118055555555556 0.46875 0.6597222222222222 0.474609375 0.6527777777777778 0.46875 0.6423611111111112 0.45703125 0.6493055555555556 0.447265625 0.625 0.451171875 0.6423611111111112 0.443359375 0.6527777777777778
0 0.255859375 0.4027777777777778 0.267578125 0.3888888888888889 0.26171875 0.3715277777777778 0.255859375 0.3715277777777778 0.255859375 0.4027777777777778
0 0.517578125 0.4965277777777778 0.517578125 0.4826388888888889 0.505859375 0.4618055555555556 0.474609375 0.4722222222222222 0.474609375 0.5104166666666666 0.517578125 0.4965277777777778
0 0.1796875 0.9965277777777778 0.205078125 0.9965277777777778 0.2109375 0.9479166666666666 0.19921875 0.9305555555555556 0.181640625 0.9375 0.1875 0.9826388888888888 0.1796875 0.9965277777777778
0 0.4375 0.5625 0.443359375 0.5451388888888888 0.44140625 0.5138888888888888 0.42578125 0.5243055555555556 0.42578125 0.5590277777777778 0.4375 0.5625
0 0.54296875 0.8923611111111112 0.54296875 0.9409722222222222 0.5546875 0.9548611111111112 0.572265625 0.9513888888888888 0.57421875 0.9409722222222222 0.568359375 0.8888888888888888 0.560546875 0.8888888888888888 0.556640625 0.8993055555555556 0.54296875 0.8923611111111112
0 0.517578125 0.8263888888888888 0.5234375 0.8090277777777778 0.5234375 0.7604166666666666 0.509765625 0.7708333333333334 0.505859375 0.8159722222222222 0.517578125 0.8263888888888888
0 0.466796875 0.9340277777777778 0.474609375 0.9201388888888888 0.46875 0.875 0.44921875 0.875 0.451171875 0.9340277777777778 0.466796875 0.9340277777777778
0 0.39453125 0.6076388888888888 0.41015625 0.6041666666666666 0.40625 0.5763888888888888 0.388671875 0.5763888888888888 0.39453125 0.6076388888888888
0 0.392578125 0.5138888888888888 0.41015625 0.5277777777777778 0.41015625 0.5034722222222222 0.3984375 0.5 0.3984375 0.5138888888888888 0.392578125 0.5138888888888888
0 0.5 0.9930555555555556 0.525390625 0.9930555555555556 0.5234375 0.9513888888888888 0.498046875 0.9513888888888888 0.494140625 0.9826388888888888 0.5 0.9930555555555556
0 0.40625 0.3715277777777778 0.4296875 0.3576388888888889 0.41796875 0.3263888888888889 0.404296875 0.3263888888888889 0.400390625 0.3576388888888889 0.40625 0.3715277777777778