0 0.5546875 0.7118055555555556 0.587890625 0.6805555555555556 0.587890625 0.6701388888888888 0.572265625 0.6527777777777778 0.546875 0.6597222222222222 0.54296875 0.6875 0.5546875 0.7118055555555556
0 0.6796875 0.90625 0.681640625 0.9826388888888888 0.69921875 0.9930555555555556 0.712890625 0.96875 0.728515625 0.9652777777777778 0.748046875 0.9375 0.75390625 0.8888888888888888 0.73046875 0.8888888888888888 0.7109375 0.90625 0.6796875 0.90625
0 0.46875 0.4930555555555556 0.48046875 0.4652777777777778 0.478515625 0.4479166666666667 0.486328125 0.4479166666666667 0.48046875 0.4409722222222222 0.462890625 0.4513888888888889 0.4609375 0.4756944444444444 0.46875 0.4930555555555556
0 0.373046875 0.5138888888888888 0.375 0.4722222222222222 0.359375 0.4722222222222222 0.359375 0.5138888888888888 0.373046875 0.5138888888888888
0 0.388671875 0.4618055555555556 0.388671875 0.4409722222222222 0.37890625 0.4375 0.37890625 0.4722222222222222 0.388671875 0.4618055555555556
0 0.1796875 0.8055555555555556 0.205078125 0.7916666666666666 0.205078125 0.7638888888888888 0.17578125 0.7604166666666666 0.173828125 0.7951388888888888 0.1796875 0.8055555555555556
0 0.447265625 0.8125 0.453125 0.8090277777777778 0.455078125 0.84375 0.47265625 0.8715277777777778 0.478515625 0.8680555555555556 0.478515625 0.7986111111111112 0.443359375 0.7986111111111112 0.447265625 0.8125
0 0.46875 0.7152777777777778 0.48046875 0.7222222222222222 0.48828125 0.6979166666666666 0.486328125 0.6597222222222222 0.46875 0.6597222222222222 0.4609375 0.6840277777777778 0.46875 0.7152777777777778
0 0.33203125 0.4513888888888889 0.3359375 0.40625 0.3203125 0.4027777777777778 0.318359375 0.4305555555555556 0.33203125 0.4513888888888889
0 0.51171875 0.5 0.517578125 0.4826388888888889 0.505859375 0.4618055555555556 0.474609375 0.4722222222222222 0.474609375 0.5104166666666666 0.51171875 0.5
0 0.44140625 0.5763888888888888 0.443359375 0.53125 0.4296875 0.53125 0.42578125 0.5659722222222222 0.44140625 0.5763888888888888
0 0.67578125 0.9513888888888888 0.67578125 0.9166666666666666 0.7265625 0.8923611111111112 0.728515625 0.8715277777777778 0.744140625 0.8541666666666666 0.724609375 0.8576388888888888 0.705078125 0.8263888888888888 0.69921875 0.8298611111111112 0.7109375 0.8611111111111112 0.705078125 0.8715277777777778 0.666015625 0.875 0.66015625 0.8888888888888888 0.65625 0.9201388888888888 0.67578125 0.9513888888888888
0 0.5234375 0.9027777777777778 0.53515625 0.9097222222222222 0.54296875 0.8854166666666666 0.54296875 0.8402777777777778 0.513671875 0.84375 0.51171875 0.875 0.5234375 0.9027777777777778
0 0.41015625 0.4930555555555556 0.416015625 0.4930555555555556 0.416015625 0.4652777777777778 0.40625 0.4652777777777778 0.41015625 0.4930555555555556
0 0.443359375 0.6493055555555556 0.458984375 0.6527777777777778 0.4609375 0.6076388888888888 0.451171875 0.6041666666666666 0.443359375 0.6076388888888888 0.443359375 0.6493055555555556
0 0.41015625 0.375 0.4375 0.3680555555555556 0.42578125 0.3368055555555556 0.41015625 0.3298611111111111 0.400390625 0.3402777777777778 0.41015625 0.375
0 0.224609375 0.9965277777777778 0.22265625 0.9618055555555556 0.203125 0.9305555555555556 0.1953125 0.9409722222222222 0.1875 0.9340277777777778 0.193359375 0.9201388888888888 0.185546875 0.9201388888888888 0.1875 0.9305555555555556 0.17578125 0.9409722222222222 0.17578125 0.9965277777777778 0.224609375 0.9965277777777778