0 0.375 0.4340277777777778 0.37890625 0.4166666666666667 0.375 0.4027777777777778 0.3671875 0.4027777777777778 0.36328125 0.4305555555555556 0.375 0.4340277777777778
0 0.380859375 0.3888888888888889 0.388671875 0.3854166666666667 0.388671875 0.3576388888888889 0.375 0.3576388888888889 0.380859375 0.3888888888888889
0 0.6796875 0.9826388888888888 0.685546875 0.9930555555555556 0.76953125 0.9861111111111112 0.763671875 0.9131944444444444 0.75 0.8888888888888888 0.720703125 0.9340277777777778 0.693359375 0.9375 0.681640625 0.9513888888888888 0.685546875 0.9652777777777778 0.6796875 0.9826388888888888
0 0.35546875 0.4340277777777778 0.359375 0.4027777777777778 0.34765625 0.3888888888888889 0.34375 0.4201388888888889 0.35546875 0.4340277777777778
0 0.255859375 0.22916666666666666 0.26171875 0.2326388888888889 0.26171875 0.21875 0.255859375 0.21875 0.255859375 0.22916666666666666
0 0.2265625 0.4340277777777778 0.23046875 0.3888888888888889 0.22265625 0.3888888888888889 0.21875 0.4097222222222222 0.2265625 0.4340277777777778
0 0.205078125 0.3541666666666667 0.2109375 0.3263888888888889 0.201171875 0.3263888888888889 0.205078125 0.3541666666666667
0 0.326171875 0.4375 0.330078125 0.4097222222222222 0.322265625 0.3923611111111111 0.31640625 0.3958333333333333 0.3125 0.40625 0.326171875 0.4375
0 0.26171875 0.4861111111111111 0.267578125 0.4791666666666667 0.267578125 0.4548611111111111 0.255859375 0.4375 0.255859375 0.4826388888888889 0.26171875 0.4861111111111111
0 0.32421875 0.4375 0.330078125 0.4305555555555556 0.33203125 0.3923611111111111 0.32421875 0.3784722222222222 0.314453125 0.3854166666666667 0.3125 0.4166666666666667 0.32421875 0.4375
0 0.236328125 0.4027777777777778 0.244140625 0.4166666666666667 0.248046875 0.3784722222222222 0.236328125 0.3784722222222222 0.236328125 0.4027777777777778
0 0.51171875 0.5138888888888888 0.517578125 0.5 0.513671875 0.4791666666666667 0.48046875 0.4826388888888889 0.48046875 0.5173611111111112 0.51171875 0.5138888888888888
0 0.30859375 0.3159722222222222 0.310546875 0.2986111111111111 0.298828125 0.2916666666666667 0.298828125 0.3125 0.30859375 0.3159722222222222
0 0.28125 0.2465277777777778 0.287109375 0.25 0.2890625 0.2326388888888889 0.28125 0.2326388888888889 0.28125 0.2465277777777778
0 0.263671875 0.3402777777777778 0.2734375 0.3368055555555556 0.2734375 0.3090277777777778 0.26171875 0.3090277777777778 0.263671875 0.3402777777777778
0 0.662109375 0.9479166666666666 0.677734375 0.9548611111111112 0.6875 0.9375 0.72265625 0.9236111111111112 0.7421875 0.875 0.7421875 0.8472222222222222 0.73046875 0.8541666666666666 0.72265625 0.8402777777777778 0.712890625 0.84375 0.705078125 0.8263888888888888 0.69921875 0.8402777777777778 0.70703125 0.8472222222222222 0.70703125 0.8680555555555556 0.671875 0.8715277777777778 0.66015625 0.8854166666666666 0.65625 0.9166666666666666 0.662109375 0.9479166666666666
0 0.546875 0.6979166666666666 0.5546875 0.7118055555555556 0.572265625 0.6909722222222222 0.6171875 0.6805555555555556 0.59375 0.6388888888888888 0.580078125 0.6493055555555556 0.548828125 0.6493055555555556 0.54296875 0.65625 0.546875 0.6979166666666666
0 0.39453125 0.5347222222222222 0.40625 0.5451388888888888 0.40625 0.4826388888888889 0.388671875 0.4826388888888889 0.38671875 0.5104166666666666 0.39453125 0.5347222222222222
0 0.4296875 0.3576388888888889 0.427734375 0.3368055555555556 0.404296875 0.3402777777777778 0.404296875 0.3611111111111111 0.4296875 0.3576388888888889
0 0.47265625 0.5 0.486328125 0.4826388888888889 0.50390625 0.4791666666666667 0.50390625 0.4618055555555556 0.4921875 0.4513888888888889 0.46875 0.4548611111111111 0.466796875 0.4826388888888889 0.47265625 0.5