0 0.361328125 0.3888888888888889 0.3671875 0.375 0.36328125 0.3576388888888889 0.35546875 0.3576388888888889 0.361328125 0.3888888888888889
0 0.693359375 0.9930555555555556 0.712890625 0.96875 0.734375 0.9618055555555556 0.75 0.9270833333333334 0.75 0.8854166666666666 0.7421875 0.8784722222222222 0.73828125 0.8888888888888888 0.734375 0.875 0.724609375 0.875 0.72265625 0.8888888888888888 0.7109375 0.8854166666666666 0.708984375 0.90625 0.6796875 0.90625 0.6796875 0.9756944444444444 0.693359375 0.9930555555555556
0 0.416015625 0.4930555555555556 0.41796875 0.4618055555555556 0.40625 0.4409722222222222 0.40625 0.4722222222222222 0.416015625 0.4930555555555556
0 0.1875 0.5625 0.19921875 0.59375 0.20703125 0.5590277777777778 0.203125 0.5451388888888888 0.193359375 0.5416666666666666 0.1875 0.5451388888888888 0.1875 0.5625
0 0.236328125 0.3958333333333333 0.244140625 0.3993055555555556 0.236328125 0.4131944444444444 0.2421875 0.4409722222222222 0.248046875 0.4166666666666667 0.244140625 0.3784722222222222 0.236328125 0.3784722222222222 0.236328125 0.3958333333333333
0 0.388671875 0.5416666666666666 0.404296875 0.5451388888888888 0.404296875 0.5104166666666666 0.392578125 0.4965277777777778 0.384765625 0.5104166666666666 0.388671875 0.5416666666666666
0 0.2109375 0.40625 0.22265625 0.4097222222222222 0.22265625 0.375 0.2109375 0.375 0.2109375 0.40625
0 0.662109375 0.9409722222222222 0.693359375 0.9930555555555556 0.7109375 0.96875 0.7421875 0.9513888888888888 0.755859375 0.9201388888888888 0.74609375 0.8541666666666666 0.75 0.8472222222222222 0.72265625 0.8576388888888888 0.71875 0.8506944444444444 0.724609375 0.84375 0.70703125 0.8472222222222222 0.70703125 0.8298611111111112 0.69921875 0.8368055555555556 0.7109375 0.8715277777777778 0.66796875 0.875 0.66015625 0.8854166666666666 0.65625 0.9201388888888888 0.662109375 0.9409722222222222
0 0.4375 0.8125 0.44921875 0.8541666666666666 0.4609375 0.78125 0.455078125 0.7638888888888888 0.443359375 0.7638888888888888 0.4375 0.7777777777777778 0.4375 0.8125
0 0.22265625 0.9513888888888888 0.21875 0.9409722222222222 0.212890625 0.9409722222222222 0.22265625 0.9513888888888888
0 0.228515625 0.9930555555555556 0.26171875 0.9930555555555556 0.26171875 0.9305555555555556 0.251953125 0.9479166666666666 0.23828125 0.9479166666666666 0.224609375 0.96875 0.228515625 0.9930555555555556
0 0.34375 0.8125 0.3515625 0.8090277777777778 0.361328125 0.8229166666666666 0.361328125 0.7534722222222222 0.353515625 0.7534722222222222 0.34375 0.7638888888888888 0.34375 0.8125
0 0.25 0.2951388888888889 0.259765625 0.2951388888888889 0.255859375 0.2638888888888889 0.25 0.2638888888888889 0.25 0.2951388888888889
0 0.236328125 0.4097222222222222 0.244140625 0.4097222222222222 0.244140625 0.3784722222222222 0.236328125 0.3784722222222222 0.236328125 0.4097222222222222
0 0.375 0.4375 0.38671875 0.4479166666666667 0.392578125 0.4236111111111111 0.380859375 0.3993055555555556 0.375 0.4027777777777778 0.375 0.4375
0 0.40234375 0.3715277777777778 0.4296875 0.3680555555555556 0.4296875 0.34375 0.419921875 0.3263888888888889 0.3984375 0.3263888888888889 0.40234375 0.3715277777777778
0 0.337890625 0.5451388888888888 0.34375 0.5347222222222222 0.34375 0.5 0.337890625 0.4861111111111111 0.326171875 0.4861111111111111 0.330078125 0.5416666666666666 0.337890625 0.5451388888888888
0 0.46875 0.96875 0.47265625 0.9930555555555556 0.505859375 0.9930555555555556 0.51171875 0.9618055555555556 0.501953125 0.9236111111111112 0.486328125 0.9166666666666666 0.474609375 0.9340277777777778 0.474609375 0.9652777777777778 0.46875 0.96875
0 0.474609375 0.5104166666666666 0.513671875 0.4965277777777778 0.513671875 0.4826388888888889 0.5 0.4548611111111111 0.474609375 0.4722222222222222 0.46875 0.4930555555555556 0.474609375 0.5104166666666666
0 0.380859375 0.8125 0.39453125 0.8055555555555556 0.388671875 0.78125 0.404296875 0.7743055555555556 0.40234375 0.75 0.396484375 0.7743055555555556 0.384765625 0.7534722222222222 0.37890625 0.78125 0.380859375 0.8125
0 0.4375 0.5625 0.435546875 0.5138888888888888 0.421875 0.5104166666666666 0.41796875 0.5729166666666666 0.4375 0.5625
0 0.46875 0.4930555555555556 0.486328125 0.4513888888888889 0.462890625 0.4548611111111111 0.4609375 0.4791666666666667 0.46875 0.4930555555555556
0 0.416015625 0.7430555555555556 0.431640625 0.7013888888888888 0.431640625 0.6840277777777778 0.4296875 0.6736111111111112 0.41015625 0.6875 0.40625 0.7326388888888888 0.416015625 0.7430555555555556
0 0.34375 0.4826388888888889 0.35546875 0.4791666666666667 0.3515625 0.4513888888888889 0.337890625 0.4513888888888889 0.34375 0.4826388888888889