0 0.392578125 0.5625 0.392578125 0.53125 0.380859375 0.53125 0.380859375 0.5625 0.392578125 0.5625
0 0.326171875 0.8854166666666666 0.359375 0.9375 0.36328125 0.8888888888888888 0.34765625 0.8368055555555556 0.34765625 0.8680555555555556 0.326171875 0.8854166666666666
0 0.322265625 0.875 0.31640625 0.8576388888888888 0.31640625 0.8125 0.3046875 0.8263888888888888 0.30078125 0.8715277777777778 0.322265625 0.875
0 0.400390625 0.4513888888888889 0.412109375 0.4513888888888889 0.412109375 0.4201388888888889 0.40625 0.40625 0.3984375 0.4201388888888889 0.400390625 0.4513888888888889
0 0.41796875 0.5451388888888888 0.41796875 0.5 0.40625 0.5 0.404296875 0.5416666666666666 0.41796875 0.5451388888888888
0 0.359375 0.5173611111111112 0.373046875 0.5 0.373046875 0.4722222222222222 0.3671875 0.46875 0.35546875 0.4791666666666667 0.359375 0.5173611111111112
0 0.6796875 0.90625 0.6796875 0.9791666666666666 0.69921875 0.9930555555555556 0.712890625 0.96875 0.740234375 0.9513888888888888 0.75390625 0.9236111111111112 0.75390625 0.8888888888888888 0.73046875 0.8888888888888888 0.708984375 0.90625 0.6796875 0.90625
0 0.3125 0.4027777777777778 0.32421875 0.3993055555555556 0.32421875 0.3715277777777778 0.3125 0.3715277777777778 0.3125 0.4027777777777778
0 0.236328125 0.3784722222222222 0.236328125 0.34375 0.23046875 0.3402777777777778 0.228515625 0.3715277777777778 0.236328125 0.3784722222222222
0 0.40625 0.6388888888888888 0.423828125 0.6493055555555556 0.423828125 0.59375 0.412109375 0.5972222222222222 0.40625 0.6076388888888888 0.40625 0.6388888888888888
0 0.34765625 0.53125 0.349609375 0.4861111111111111 0.337890625 0.4861111111111111 0.3359375 0.5277777777777778 0.34765625 0.53125
0 0.130859375 0.9305555555555556 0.142578125 0.9722222222222222 0.138671875 0.9930555555555556 0.142578125 0.9861111111111112 0.16015625 0.9965277777777778 0.173828125 0.9826388888888888 0.17578125 0.9270833333333334 0.1875 0.9097222222222222 0.19140625 0.8402777777777778 0.1875 0.8159722222222222 0.13671875 0.8263888888888888 0.130859375 0.8472222222222222 0.130859375 0.9305555555555556
0 0.25 0.4826388888888889 0.255859375 0.4826388888888889 0.259765625 0.4548611111111111 0.248046875 0.4375 0.244140625 0.4548611111111111 0.25 0.4826388888888889
0 0.23046875 0.8298611111111112 0.236328125 0.8715277777777778 0.2421875 0.8715277777777778 0.244140625 0.8472222222222222 0.255859375 0.8298611111111112 0.25390625 0.7534722222222222 0.228515625 0.7638888888888888 0.224609375 0.7743055555555556 0.23046875 0.8298611111111112
0 0.517578125 0.4965277777777778 0.517578125 0.4826388888888889 0.50390625 0.4548611111111111 0.474609375 0.4722222222222222 0.474609375 0.5104166666666666 0.517578125 0.4965277777777778
0 0.17578125 0.6805555555555556 0.17578125 0.625 0.162109375 0.625 0.16015625 0.6527777777777778 0.17578125 0.6805555555555556
0 0.13671875 0.9513888888888888 0.142578125 0.9930555555555556 0.158203125 0.9965277777777778 0.173828125 0.9618055555555556 0.171875 0.9201388888888888 0.1640625 0.90625 0.150390625 0.9097222222222222 0.13671875 0.9201388888888888 0.13671875 0.9513888888888888
0 0.4921875 0.7986111111111112 0.5 0.78125 0.5 0.7361111111111112 0.47265625 0.7465277777777778 0.46875 0.78125 0.4921875 0.7986111111111112
0 0.5546875 0.9791666666666666 0.5625 0.9548611111111112 0.560546875 0.90625 0.541015625 0.9027777777777778 0.53125 0.9201388888888888 0.529296875 0.9513888888888888 0.5546875 0.9791666666666666
0 0.41015625 0.3715277777777778 0.423828125 0.3680555555555556 0.4296875 0.3576388888888889 0.42578125 0.3402777777777778 0.41796875 0.3263888888888889 0.40625 0.3263888888888889 0.400390625 0.3576388888888889 0.41015625 0.3715277777777778
0 0.46875 0.4930555555555556 0.486328125 0.4513888888888889 0.462890625 0.4548611111111111 0.4609375 0.4791666666666667 0.46875 0.4930555555555556
0 0.671875 0.9548611111111112 0.6796875 0.9479166666666666 0.681640625 0.9097222222222222 0.69140625 0.9166666666666666 0.697265625 0.9027777777777778 0.708984375 0.90625 0.712890625 0.8923611111111112 0.728515625 0.8923611111111112 0.73046875 0.875 0.7421875 0.8576388888888888 0.72265625 0.8576388888888888 0.7109375 0.84375 0.708984375 0.8715277777777778 0.666015625 0.875 0.66015625 0.8888888888888888 0.65625 0.9201388888888888 0.671875 0.9548611111111112
0 0.705078125 0.84375 0.7109375 0.8402777777777778 0.705078125 0.8263888888888888 0.69921875 0.8298611111111112 0.705078125 0.84375