0 0.373046875 0.5763888888888888 0.375 0.5555555555555556 0.361328125 0.5451388888888888 0.361328125 0.5763888888888888 0.373046875 0.5763888888888888
0 0.2421875 0.46875 0.248046875 0.4305555555555556 0.236328125 0.4236111111111111 0.23046875 0.4409722222222222 0.2421875 0.46875
0 0.392578125 0.4375 0.392578125 0.4097222222222222 0.380859375 0.40625 0.380859375 0.4409722222222222 0.392578125 0.4375
0 0.31640625 0.2916666666666667 0.3125 0.2743055555555556 0.298828125 0.2708333333333333 0.296875 0.2951388888888889 0.31640625 0.2916666666666667
0 0.73046875 0.8576388888888888 0.734375 0.875 0.72265625 0.8888888888888888 0.70703125 0.8923611111111112 0.705078125 0.9027777777777778 0.67578125 0.90625 0.681640625 0.9305555555555556 0.67578125 0.9618055555555556 0.685546875 0.9930555555555556 0.705078125 0.9930555555555556 0.712890625 0.9722222222222222 0.748046875 0.9479166666666666 0.765625 0.9583333333333334 0.76953125 0.8576388888888888 0.767578125 0.84375 0.75 0.8368055555555556 0.740234375 0.8576388888888888 0.73046875 0.8576388888888888
0 0.236328125 0.2638888888888889 0.251953125 0.2673611111111111 0.25 0.2465277777777778 0.2421875 0.2465277777777778 0.236328125 0.25 0.236328125 0.2638888888888889
0 0.099609375 0.7326388888888888 0.10546875 0.71875 0.126953125 0.71875 0.13671875 0.6875 0.13671875 0.65625 0.119140625 0.6666666666666666 0.099609375 0.65625 0.09375 0.6701388888888888 0.087890625 0.7326388888888888 0.099609375 0.7326388888888888
0 0.447265625 0.625 0.44921875 0.5798611111111112 0.4375 0.5798611111111112 0.4296875 0.6145833333333334 0.447265625 0.625
0 0.322265625 0.4618055555555556 0.33203125 0.4826388888888889 0.341796875 0.4618055555555556 0.337890625 0.4479166666666667 0.330078125 0.4479166666666667 0.322265625 0.4513888888888889 0.322265625 0.4618055555555556
0 0.26171875 0.5451388888888888 0.263671875 0.5069444444444444 0.25 0.5034722222222222 0.248046875 0.5277777777777778 0.26171875 0.5451388888888888
0 0.28125 0.5 0.29296875 0.5 0.29296875 0.4548611111111111 0.287109375 0.4513888888888889 0.279296875 0.4548611111111111 0.28125 0.5
0 0.48828125 0.5 0.517578125 0.5 0.517578125 0.4826388888888889 0.50390625 0.4618055555555556 0.474609375 0.46875 0.474609375 0.5138888888888888 0.48828125 0.5
0 0.267578125 0.4513888888888889 0.2734375 0.4513888888888889 0.2734375 0.4201388888888889 0.263671875 0.4201388888888889 0.267578125 0.4513888888888889
0 0.65625 0.9340277777777778 0.67578125 0.9548611111111112 0.681640625 0.9270833333333334 0.697265625 0.90625 0.732421875 0.9027777777777778 0.73828125 0.8888888888888888 0.75 0.8854166666666666 0.75390625 0.8576388888888888 0.748046875 0.84375 0.720703125 0.84375 0.705078125 0.8298611111111112 0.69921875 0.8368055555555556 0.70703125 0.8472222222222222 0.708984375 0.8715277777777778 0.66015625 0.8819444444444444 0.662109375 0.9131944444444444 0.65625 0.9340277777777778
0 0.54296875 0.6979166666666666 0.5546875 0.7152777777777778 0.58203125 0.6840277777777778 0.591796875 0.6840277777777778 0.591796875 0.6701388888888888 0.578125 0.65625 0.55078125 0.65625 0.54296875 0.6701388888888888 0.54296875 0.6979166666666666
0 0.349609375 0.4201388888888889 0.353515625 0.4409722222222222 0.365234375 0.4340277777777778 0.375 0.4027777777777778 0.375 0.3888888888888889 0.35546875 0.3854166666666667 0.361328125 0.3993055555555556 0.349609375 0.4201388888888889
0 0.40625 0.3715277777777778 0.4296875 0.3715277777777778 0.423828125 0.3368055555555556 0.40625 0.3368055555555556 0.400390625 0.34375 0.40625 0.3715277777777778
0 0.263671875 0.6666666666666666 0.26953125 0.6423611111111112 0.267578125 0.6076388888888888 0.25390625 0.6041666666666666 0.25 0.625 0.263671875 0.6666666666666666