0 0.21875 0.6493055555555556 0.21875 0.6111111111111112 0.197265625 0.5798611111111112 0.2109375 0.5659722222222222 0.205078125 0.5486111111111112 0.197265625 0.5486111111111112 0.193359375 0.5763888888888888 0.21875 0.6493055555555556
0 0.5546875 0.7118055555555556 0.587890625 0.6805555555555556 0.576171875 0.65625 0.546875 0.6597222222222222 0.54296875 0.6875 0.5546875 0.7118055555555556
0 0.697265625 0.9930555555555556 0.748046875 0.9375 0.75390625 0.8888888888888888 0.7421875 0.8784722222222222 0.740234375 0.8888888888888888 0.7109375 0.8888888888888888 0.705078125 0.9027777777777778 0.6796875 0.9027777777777778 0.6796875 0.9756944444444444 0.697265625 0.9930555555555556
0 0.474609375 0.5104166666666666 0.513671875 0.4965277777777778 0.50390625 0.4618055555555556 0.474609375 0.4722222222222222 0.46875 0.4826388888888889 0.474609375 0.5104166666666666
0 0.28125 0.9930555555555556 0.291015625 0.9826388888888888 0.294921875 0.9965277777777778 0.31640625 0.9930555555555556 0.3125 0.9722222222222222 0.298828125 0.9722222222222222 0.28125 0.9826388888888888 0.28125 0.9930555555555556
0 0.20703125 0.75 0.216796875 0.6736111111111112 0.208984375 0.65625 0.197265625 0.65625 0.193359375 0.7013888888888888 0.20703125 0.75
0 0.2109375 0.5555555555555556 0.224609375 0.5763888888888888 0.224609375 0.53125 0.21875 0.5138888888888888 0.2109375 0.5138888888888888 0.2109375 0.5555555555555556
0 0.361328125 0.6111111111111112 0.36328125 0.5659722222222222 0.35546875 0.5625 0.35546875 0.6076388888888888 0.361328125 0.6111111111111112
0 0.224609375 0.4513888888888889 0.234375 0.4409722222222222 0.228515625 0.4027777777777778 0.21875 0.40625 0.224609375 0.4513888888888889
0 0.236328125 0.4861111111111111 0.25 0.46875 0.248046875 0.4513888888888889 0.236328125 0.4513888888888889 0.236328125 0.4861111111111111
0 0.38671875 0.5451388888888888 0.38671875 0.5104166666666666 0.37890625 0.5104166666666666 0.375 0.5451388888888888 0.38671875 0.5451388888888888
0 0.662109375 0.9375 0.693359375 0.9930555555555556 0.748046875 0.9375 0.76171875 0.9479166666666666 0.767578125 0.9375 0.755859375 0.8854166666666666 0.76171875 0.8784722222222222 0.755859375 0.8645833333333334 0.759765625 0.8576388888888888 0.748046875 0.84375 0.759765625 0.8263888888888888 0.740234375 0.8541666666666666 0.728515625 0.8576388888888888 0.720703125 0.8506944444444444 0.72265625 0.8402777777777778 0.708984375 0.84375 0.70703125 0.8298611111111112 0.701171875 0.8298611111111112 0.70703125 0.8472222222222222 0.705078125 0.875 0.666015625 0.8784722222222222 0.66015625 0.8888888888888888 0.662109375 0.9375
0 0.26171875 0.9236111111111112 0.275390625 0.9375 0.275390625 0.9513888888888888 0.267578125 0.9513888888888888 0.2734375 0.96875 0.287109375 0.8888888888888888 0.283203125 0.8541666666666666 0.267578125 0.8576388888888888 0.259765625 0.8888888888888888 0.26171875 0.9236111111111112
0 0.66796875 0.9479166666666666 0.67578125 0.9479166666666666 0.677734375 0.90625 0.69140625 0.8923611111111112 0.705078125 0.9027777777777778 0.712890625 0.8888888888888888 0.73046875 0.8888888888888888 0.732421875 0.875 0.75 0.8680555555555556 0.755859375 0.8472222222222222 0.728515625 0.8541666666666666 0.705078125 0.8263888888888888 0.69921875 0.8298611111111112 0.708984375 0.8576388888888888 0.705078125 0.8715277777777778 0.66796875 0.875 0.66015625 0.8854166666666666 0.65625 0.9201388888888888 0.66796875 0.9479166666666666
0 0.517578125 0.8402777777777778 0.529296875 0.8125 0.5234375 0.7743055555555556 0.517578125 0.7638888888888888 0.50390625 0.7708333333333334 0.5 0.8125 0.517578125 0.8402777777777778
0 0.341796875 0.6388888888888888 0.353515625 0.6388888888888888 0.353515625 0.5972222222222222 0.3359375 0.5972222222222222 0.33203125 0.625 0.341796875 0.6388888888888888
0 0.216796875 0.8298611111111112 0.21875 0.8576388888888888 0.228515625 0.8715277777777778 0.234375 0.8541666666666666 0.236328125 0.7743055555555556 0.212890625 0.7777777777777778 0.2109375 0.8229166666666666 0.216796875 0.8298611111111112
0 0.35546875 0.4930555555555556 0.361328125 0.5 0.369140625 0.4930555555555556 0.365234375 0.4652777777777778 0.35546875 0.4652777777777778 0.35546875 0.4930555555555556
0 0.38671875 0.4236111111111111 0.3984375 0.4166666666666667 0.39453125 0.3923611111111111 0.384765625 0.3923611111111111 0.38671875 0.4236111111111111
0 0.197265625 0.9409722222222222 0.19921875 0.9930555555555556 0.228515625 0.9930555555555556 0.22265625 0.9097222222222222 0.19921875 0.9097222222222222 0.19140625 0.9340277777777778 0.197265625 0.9409722222222222
0 0.431640625 0.53125 0.41796875 0.5451388888888888 0.4296875 0.5486111111111112 0.435546875 0.5243055555555556 0.423828125 0.5104166666666666 0.41796875 0.5138888888888888 0.431640625 0.53125
0 0.478515625 0.7152777777777778 0.48046875 0.6597222222222222 0.4609375 0.6666666666666666 0.45703125 0.7118055555555556 0.478515625 0.7152777777777778
0 0.41796875 0.6388888888888888 0.416015625 0.59375 0.400390625 0.59375 0.39453125 0.6076388888888888 0.39453125 0.6493055555555556 0.41796875 0.6388888888888888
0 0.41015625 0.375 0.4375 0.3680555555555556 0.42578125 0.3368055555555556 0.404296875 0.3368055555555556 0.400390625 0.34375 0.41015625 0.375
0 0.5546875 0.9513888888888888 0.5546875 0.9930555555555556 0.60546875 0.9965277777777778 0.599609375 0.9479166666666666 0.59375 0.9479166666666666 0.5625 0.9618055555555556 0.5546875 0.9513888888888888
0 0.5625 0.90625 0.55078125 0.8993055555555556 0.552734375 0.9375 0.5625 0.90625
0 0.5546875 0.8732638888888888 0.01171875 0.003472222222222222