0 0.380859375 0.75 0.392578125 0.7638888888888888 0.392578125 0.7222222222222222 0.375 0.7222222222222222 0.380859375 0.75
0 0.361328125 0.8576388888888888 0.38671875 0.8680555555555556 0.392578125 0.8229166666666666 0.384765625 0.7951388888888888 0.3671875 0.8020833333333334 0.35546875 0.84375 0.361328125 0.8576388888888888
0 0.4296875 0.5798611111111112 0.439453125 0.5798611111111112 0.443359375 0.53125 0.42578125 0.53125 0.423828125 0.5659722222222222 0.4296875 0.5798611111111112
0 0.46875 0.78125 0.48046875 0.7847222222222222 0.486328125 0.7743055555555556 0.484375 0.7326388888888888 0.46875 0.7361111111111112 0.462890625 0.75 0.4609375 0.7638888888888888 0.46875 0.78125
0 0.6796875 0.9756944444444444 0.69921875 0.9930555555555556 0.7109375 0.96875 0.7421875 0.9479166666666666 0.75 0.9305555555555556 0.75390625 0.8888888888888888 0.6875 0.9027777777777778 0.6796875 0.90625 0.6796875 0.9756944444444444
0 0.185546875 0.6527777777777778 0.19140625 0.6701388888888888 0.205078125 0.6701388888888888 0.19921875 0.6041666666666666 0.1875 0.5972222222222222 0.181640625 0.6076388888888888 0.185546875 0.6527777777777778
0 0.30078125 0.5555555555555556 0.310546875 0.5451388888888888 0.3046875 0.5104166666666666 0.298828125 0.5104166666666666 0.30078125 0.5555555555555556
0 0.22265625 0.4791666666666667 0.228515625 0.4861111111111111 0.23828125 0.4722222222222222 0.23828125 0.4548611111111111 0.23046875 0.4479166666666667 0.22265625 0.4513888888888889 0.22265625 0.4791666666666667
0 0.3359375 0.7777777777777778 0.34375 0.7777777777777778 0.349609375 0.7638888888888888 0.34765625 0.6909722222222222 0.3359375 0.6909722222222222 0.326171875 0.7048611111111112 0.326171875 0.7361111111111112 0.3359375 0.7777777777777778
0 0.677734375 0.90625 0.705078125 0.9027777777777778 0.7265625 0.875 0.73046875 0.8888888888888888 0.728515625 0.8715277777777778 0.7421875 0.8680555555555556 0.748046875 0.8541666666666666 0.724609375 0.8576388888888888 0.72265625 0.84375 0.70703125 0.8298611111111112 0.701976103515625 0.8388480381944444 0.7109375 0.8680555555555556 0.697265625 0.8923611111111112 0.690755859375 0.875 0.666015625 0.875 0.66015625 0.8888888888888888 0.65625 0.9201388888888888 0.66796875 0.9513888888888888 0.67578125 0.9513888888888888 0.677734375 0.90625
0 0.330078125 0.6527777777777778 0.33203125 0.625 0.322265625 0.6215277777777778 0.318359375 0.65625 0.330078125 0.6527777777777778
0 0.4296875 0.8368055555555556 0.4375 0.8368055555555556 0.443359375 0.8159722222222222 0.44140625 0.78125 0.4375 0.7673611111111112 0.421875 0.7777777777777778 0.41796875 0.8125 0.4296875 0.8368055555555556
0 0.21875 0.8055555555555556 0.224609375 0.8472222222222222 0.232421875 0.8472222222222222 0.23828125 0.8159722222222222 0.236328125 0.7534722222222222 0.22265625 0.7534722222222222 0.205078125 0.7743055555555556 0.21875 0.8055555555555556
0 0.248046875 0.4826388888888889 0.255859375 0.5 0.26171875 0.4930555555555556 0.26171875 0.4513888888888889 0.248046875 0.4513888888888889 0.248046875 0.4826388888888889
0 0.2421875 0.7152777777777778 0.25 0.6979166666666666 0.25 0.6527777777777778 0.244140625 0.6388888888888888 0.234375 0.6388888888888888 0.23046875 0.6701388888888888 0.2421875 0.7152777777777778
0 0.474609375 0.5104166666666666 0.517578125 0.4965277777777778 0.517578125 0.4826388888888889 0.51171875 0.4826388888888889 0.505859375 0.4618055555555556 0.478515625 0.4722222222222222 0.47265625 0.4826388888888889 0.474609375 0.5104166666666666
0 0.466796875 0.6180555555555556 0.466796875 0.5625 0.451171875 0.5555555555555556 0.44921875 0.59375 0.466796875 0.6180555555555556
0 0.28125 0.4930555555555556 0.287109375 0.4513888888888889 0.283203125 0.4375 0.2734375 0.4375 0.26953125 0.46875 0.28125 0.4930555555555556
0 0.26171875 0.6215277777777778 0.2734375 0.65625 0.28125 0.6284722222222222 0.28125 0.5902777777777778 0.279296875 0.5798611111111112 0.267578125 0.5763888888888888 0.26171875 0.5868055555555556 0.26171875 0.6215277777777778
0 0.2421875 0.5763888888888888 0.248046875 0.5625 0.248046875 0.53125 0.234375 0.5243055555555556 0.23046875 0.5486111111111112 0.2421875 0.5763888888888888
0 0.44140625 0.6666666666666666 0.44140625 0.6076388888888888 0.42578125 0.6111111111111112 0.42578125 0.6701388888888888 0.44140625 0.6666666666666666
0 0.353515625 0.28125 0.35546875 0.2638888888888889 0.33984375 0.2604166666666667 0.3359375 0.28125 0.353515625 0.28125
0 0.400390625 0.7152777777777778 0.412109375 0.7291666666666666 0.41796875 0.7152777777777778 0.4296875 0.7118055555555556 0.4296875 0.6840277777777778 0.423828125 0.6666666666666666 0.40625 0.6736111111111112 0.40625 0.7048611111111112 0.400390625 0.7152777777777778
0 0.48046875 0.7847222222222222 0.486328125 0.7743055555555556 0.486328125 0.7430555555555556 0.48046875 0.7326388888888888 0.47265625 0.7361111111111112 0.46875 0.7777777777777778 0.48046875 0.7847222222222222
0 0.28125 0.3715277777777778 0.28125 0.3576388888888889 0.267578125 0.34375 0.26171875 0.3715277777777778 0.28125 0.3715277777777778
0 0.2421875 0.40625 0.25 0.3993055555555556 0.248046875 0.3611111111111111 0.2421875 0.3611111111111111 0.2421875 0.40625
0 0.41015625 0.46875 0.41796875 0.4652777777777778 0.41796875 0.4340277777777778 0.412109375 0.4340277777777778 0.404296875 0.4375 0.41015625 0.46875
0 0.423828125 0.3680555555555556 0.421875 0.3298611111111111 0.404296875 0.3298611111111111 0.404296875 0.3680555555555556 0.423828125 0.3680555555555556
0 0.2109375 0.9965277777777778 0.234375 0.9965277777777778 0.23828125 0.9201388888888888 0.216796875 0.9097222222222222 0.20703125 0.9236111111111112 0.205078125 0.9756944444444444 0.2109375 0.9965277777777778
0 0.39453125 0.96875 0.39453125 0.9930555555555556 0.4296875 0.9930555555555556 0.44140625 0.96875 0.443359375 0.9513888888888888 0.4296875 0.9236111111111112 0.412109375 0.9236111111111112 0.40625 0.9375 0.40625 0.9513888888888888 0.39453125 0.96875
0 0.46875 0.4930555555555556 0.484375 0.4513888888888889 0.462890625 0.4548611111111111 0.4609375 0.4826388888888889 0.46875 0.4930555555555556