0 0.35546875 0.7326388888888888 0.3671875 0.6388888888888888 0.349609375 0.6388888888888888 0.34765625 0.7326388888888888 0.35546875 0.7326388888888888
0 0.423828125 0.53125 0.4296875 0.5416666666666666 0.435546875 0.5416666666666666 0.435546875 0.5 0.423828125 0.5 0.423828125 0.53125
0 0.244140625 0.3888888888888889 0.25 0.375 0.23828125 0.3611111111111111 0.23046875 0.375 0.244140625 0.3888888888888889
0 0.5546875 0.7118055555555556 0.587890625 0.6805555555555556 0.578125 0.65625 0.548828125 0.65625 0.54296875 0.6875 0.5546875 0.7118055555555556
0 0.6796875 0.9097222222222222 0.681640625 0.9791666666666666 0.697265625 0.9930555555555556 0.712890625 0.96875 0.7421875 0.9513888888888888 0.75 0.9375 0.75390625 0.8923611111111112 0.7421875 0.875 0.724609375 0.8993055555555556 0.6796875 0.9097222222222222
0 0.2109375 0.5659722222222222 0.21875 0.5902777777777778 0.228515625 0.5659722222222222 0.228515625 0.5347222222222222 0.22265625 0.5277777777777778 0.2109375 0.5277777777777778 0.2109375 0.5659722222222222
0 0.267578125 0.3888888888888889 0.267578125 0.3784722222222222 0.2734375 0.3784722222222222 0.2734375 0.34375 0.26171875 0.34375 0.267578125 0.3888888888888889
0 0.33203125 0.5625 0.337890625 0.5625 0.330078125 0.5451388888888888 0.34375 0.5277777777777778 0.34375 0.4791666666666667 0.330078125 0.4826388888888889 0.326171875 0.5416666666666666 0.33203125 0.5625
0 0.66796875 0.9548611111111112 0.673828125 0.9548611111111112 0.6953125 0.9097222222222222 0.724609375 0.9097222222222222 0.736328125 0.8993055555555556 0.736328125 0.8784722222222222 0.748046875 0.875 0.755859375 0.8611111111111112 0.755859375 0.84375 0.728515625 0.8541666666666666 0.72265625 0.8368055555555556 0.705078125 0.8263888888888888 0.69921875 0.8368055555555556 0.7109375 0.8715277777777778 0.66796875 0.875 0.66015625 0.8854166666666666 0.65625 0.9201388888888888 0.66796875 0.9548611111111112
0 0.2734375 0.8194444444444444 0.28125 0.8576388888888888 0.29296875 0.8576388888888888 0.298828125 0.8541666666666666 0.298828125 0.78125 0.28515625 0.7743055555555556 0.2734375 0.7847222222222222 0.2734375 0.8194444444444444
0 0.4296875 0.7152777777777778 0.451171875 0.7361111111111112 0.451171875 0.6909722222222222 0.435546875 0.6736111111111112 0.4296875 0.6805555555555556 0.4296875 0.7152777777777778
0 0.32421875 0.2916666666666667 0.32421875 0.2638888888888889 0.3125 0.2673611111111111 0.310546875 0.2916666666666667 0.32421875 0.2916666666666667
0 0.33203125 0.2951388888888889 0.3359375 0.2673611111111111 0.330078125 0.2673611111111111 0.33203125 0.2951388888888889
0 0.3046875 0.2916666666666667 0.298828125 0.2638888888888889 0.296875 0.2881944444444444 0.3046875 0.2916666666666667
0 0.267578125 0.6875 0.2734375 0.6805555555555556 0.2734375 0.625 0.255859375 0.6215277777777778 0.25390625 0.6597222222222222 0.267578125 0.6875
0 0.513671875 0.5 0.517578125 0.4826388888888889 0.505859375 0.4618055555555556 0.474609375 0.4722222222222222 0.474609375 0.5104166666666666 0.513671875 0.5
0 0.19921875 0.6875 0.203125 0.6701388888888888 0.2109375 0.6840277777777778 0.20703125 0.625 0.193359375 0.6111111111111112 0.19140625 0.6666666666666666 0.19921875 0.6875
0 0.384765625 0.59375 0.392578125 0.5625 0.388671875 0.5451388888888888 0.37890625 0.5451388888888888 0.375 0.5763888888888888 0.384765625 0.59375
0 0.361328125 0.2847222222222222 0.361328125 0.2638888888888889 0.353515625 0.2638888888888889 0.349609375 0.2777777777777778 0.361328125 0.2847222222222222
0 0.23046875 0.6284722222222222 0.23828125 0.6597222222222222 0.244140625 0.6597222222222222 0.25 0.6493055555555556 0.25 0.6076388888888888 0.248046875 0.5972222222222222 0.236328125 0.5972222222222222 0.23046875 0.6041666666666666 0.23046875 0.6284722222222222
0 0.421875 0.6076388888888888 0.42578125 0.6180555555555556 0.4296875 0.5798611111111112 0.41015625 0.5729166666666666 0.40625 0.6076388888888888 0.421875 0.6076388888888888
0 0.404296875 0.3645833333333333 0.412109375 0.375 0.435546875 0.3680555555555556 0.4296875 0.3368055555555556 0.412109375 0.3298611111111111 0.400390625 0.3368055555555556 0.404296875 0.3645833333333333
0 0.40625 0.7986111111111112 0.4296875 0.84375 0.4375 0.8263888888888888 0.4375 0.7743055555555556 0.435546875 0.7638888888888888 0.423828125 0.7638888888888888 0.40625 0.7743055555555556 0.40625 0.7986111111111112
0 0.404296875 0.7534722222222222 0.400390625 0.7291666666666666 0.39453125 0.7326388888888888 0.392578125 0.7430555555555556 0.404296875 0.7534722222222222
0 0.47265625 0.6527777777777778 0.474609375 0.6076388888888888 0.466796875 0.6041666666666666 0.45703125 0.6180555555555556 0.455078125 0.6493055555555556 0.47265625 0.6527777777777778
0 0.37890625 0.28125 0.380859375 0.2604166666666667 0.375 0.2534722222222222 0.369140625 0.2743055555555556 0.37890625 0.28125
0 0.20703125 0.8125 0.21875 0.7847222222222222 0.22265625 0.7430555555555556 0.216796875 0.7222222222222222 0.22265625 0.7118055555555556 0.193359375 0.7291666666666666 0.20703125 0.8125
0 0.267578125 0.5763888888888888 0.26953125 0.53125 0.259765625 0.5243055555555556 0.255859375 0.5625 0.267578125 0.5763888888888888
0 0.23046875 0.9305555555555556 0.2421875 0.9097222222222222 0.2421875 0.84375 0.21875 0.84375 0.21875 0.8993055555555556 0.23046875 0.9305555555555556