0 0.37109375 0.8715277777777778 0.37890625 0.8611111111111112 0.37890625 0.8159722222222222 0.359375 0.8159722222222222 0.359375 0.8645833333333334 0.37109375 0.8715277777777778
0 0.22265625 0.375 0.21484375 0.34375 0.224609375 0.34375 0.216796875 0.3368055555555556 0.212890625 0.3472222222222222 0.22265625 0.375
0 0.67578125 0.9548611111111112 0.6875 0.9861111111111112 0.705078125 0.9861111111111112 0.712890625 0.9652777777777778 0.7265625 0.9652777777777778 0.75390625 0.9305555555555556 0.75 0.8888888888888888 0.6796875 0.90625 0.681640625 0.9340277777777778 0.67578125 0.9548611111111112
0 0.67578125 0.9513888888888888 0.681640625 0.9340277777777778 0.6796875 0.9097222222222222 0.693359375 0.8923611111111112 0.697265625 0.9027777777777778 0.7265625 0.8923611111111112 0.75 0.8541666666666666 0.728515625 0.8541666666666666 0.701171875 0.8263888888888888 0.69921875 0.8402777777777778 0.70703125 0.8576388888888888 0.703125 0.8715277777777778 0.66796875 0.875 0.66015625 0.8854166666666666 0.65625 0.9340277777777778 0.67578125 0.9513888888888888
0 0.26171875 0.4236111111111111 0.267578125 0.3888888888888889 0.255859375 0.3784722222222222 0.25390625 0.4027777777777778 0.26171875 0.4236111111111111
0 0.337890625 0.6666666666666666 0.353515625 0.6666666666666666 0.349609375 0.625 0.33203125 0.625 0.337890625 0.6666666666666666
0 0.3671875 0.6388888888888888 0.37890625 0.6388888888888888 0.375 0.59375 0.361328125 0.59375 0.3671875 0.6388888888888888
0 0.66015625 0.9340277777777778 0.6796875 0.9652777777777778 0.681640625 0.9826388888888888 0.703125 0.9861111111111112 0.712890625 0.9652777777777778 0.73046875 0.9618055555555556 0.75390625 0.9340277777777778 0.75390625 0.8888888888888888 0.7421875 0.8715277777777778 0.748046875 0.8541666666666666 0.72265625 0.8576388888888888 0.72265625 0.84375 0.701171875 0.8298611111111112 0.708984375 0.8715277777777778 0.666015625 0.8784722222222222 0.66015625 0.8888888888888888 0.66015625 0.9340277777777778
0 0.236328125 0.3020833333333333 0.248046875 0.3125 0.25 0.2951388888888889 0.244140625 0.28125 0.236328125 0.28125 0.236328125 0.3020833333333333
0 0.1796875 0.6840277777777778 0.17578125 0.625 0.162109375 0.625 0.162109375 0.6701388888888888 0.1796875 0.6840277777777778
0 0.5546875 0.875 0.56640625 0.9027777777777778 0.57421875 0.9930555555555556 0.615234375 0.9965277777777778 0.61328125 0.9618055555555556 0.6015625 0.9444444444444444 0.60546875 0.9375 0.591796875 0.9479166666666666 0.58203125 0.9375 0.580078125 0.9201388888888888 0.568359375 0.9097222222222222 0.57421875 0.8784722222222222 0.560546875 0.8576388888888888 0.5546875 0.8541666666666666 0.5546875 0.875
0 0.212890625 0.7291666666666666 0.224609375 0.7152777777777778 0.23046875 0.6527777777777778 0.224609375 0.6493055555555556 0.205078125 0.65625 0.212890625 0.7291666666666666
0 0.23046875 0.5555555555555556 0.2421875 0.5625 0.2421875 0.5138888888888888 0.228515625 0.5138888888888888 0.224609375 0.5277777777777778 0.23046875 0.5555555555555556
0 0.212890625 0.5 0.21875 0.5 0.21875 0.4513888888888889 0.2109375 0.4513888888888889 0.212890625 0.5
0 0.517578125 0.4965277777777778 0.517578125 0.4826388888888889 0.50390625 0.4548611111111111 0.474609375 0.4722222222222222 0.474609375 0.5104166666666666 0.517578125 0.4965277777777778
0 0.23828125 0.3854166666666667 0.248046875 0.375 0.248046875 0.3472222222222222 0.236328125 0.3472222222222222 0.23828125 0.3854166666666667
0 0.572265625 0.9513888888888888 0.57421875 0.9930555555555556 0.6171875 0.9930555555555556 0.611328125 0.9548611111111112 0.6015625 0.9444444444444444 0.599609375 0.9479166666666666 0.58203125 0.9409722222222222 0.572265625 0.9513888888888888
0 0.576171875 0.9375 0.578125 0.9201388888888888 0.568359375 0.90625 0.576171875 0.9375
0 0.56640625 0.8993055555555556 0.57421875 0.8854166666666666 0.568359375 0.8784722222222222 0.5625 0.8854166666666666 0.56640625 0.8993055555555556
0 0.50390625 0.8923611111111112 0.509765625 0.9236111111111112 0.505859375 0.9513888888888888 0.533203125 0.9479166666666666 0.541015625 0.9166666666666666 0.53125 0.8993055555555556 0.51171875 0.9027777777777778 0.50390625 0.8923611111111112
0 0.5 0.8715277777777778 0.505859375 0.8715277777777778 0.5078125 0.8576388888888888 0.5 0.8576388888888888 0.5 0.8715277777777778
0 0.5 0.9930555555555556 0.505859375 0.9861111111111112 0.51171875 0.9965277777777778 0.5234375 0.9826388888888888 0.52734375 0.9965277777777778 0.53125 0.9861111111111112 0.5234375 0.9652777777777778 0.54296875 0.9166666666666666 0.53125 0.90625 0.521484375 0.9201388888888888 0.509765625 0.9201388888888888 0.5 0.9479166666666666 0.5 0.9930555555555556
0 0.40625 0.3715277777777778 0.423828125 0.3680555555555556 0.421875 0.3298611111111111 0.404296875 0.3298611111111111 0.400390625 0.3576388888888889 0.40625 0.3715277777777778
0 0.509765625 0.7916666666666666 0.517578125 0.7638888888888888 0.513671875 0.7326388888888888 0.4921875 0.7291666666666666 0.4921875 0.78125 0.509765625 0.7916666666666666
0 0.248046875 0.8472222222222222 0.255859375 0.8229166666666666 0.255859375 0.7638888888888888 0.248046875 0.75 0.236328125 0.7569444444444444 0.236328125 0.8194444444444444 0.248046875 0.8472222222222222
0 0.466796875 0.4930555555555556 0.486328125 0.4548611111111111 0.4765625 0.4722222222222222 0.46875 0.4513888888888889 0.4609375 0.4652777777777778 0.466796875 0.4930555555555556
0 0.443359375 0.9652777777777778 0.455078125 0.96875 0.44140625 0.9548611111111112 0.4375 0.9375 0.45703125 0.9340277777777778 0.455078125 0.9027777777777778 0.44921875 0.8993055555555556 0.4296875 0.9201388888888888 0.443359375 0.9652777777777778