0 0.35546875 0.6284722222222222 0.376953125 0.6388888888888888 0.37890625 0.6076388888888888 0.373046875 0.6041666666666666 0.35546875 0.6076388888888888 0.35546875 0.6284722222222222
0 0.41796875 0.4791666666666667 0.41796875 0.4513888888888889 0.40625 0.4513888888888889 0.40625 0.4930555555555556 0.41796875 0.4791666666666667
0 0.6796875 0.9791666666666666 0.6875 0.9930555555555556 0.791015625 0.9930555555555556 0.787109375 0.9548611111111112 0.763671875 0.9166666666666666 0.76953125 0.8888888888888888 0.7421875 0.8888888888888888 0.724609375 0.9201388888888888 0.7109375 0.9097222222222222 0.693359375 0.9201388888888888 0.6796875 0.9513888888888888 0.6796875 0.9791666666666666
0 0.46875 0.4930555555555556 0.486328125 0.4513888888888889 0.462890625 0.4548611111111111 0.4609375 0.4791666666666667 0.46875 0.4930555555555556
0 0.3671875 0.5659722222222222 0.3828125 0.5972222222222222 0.38671875 0.5798611111111112 0.380859375 0.5486111111111112 0.3671875 0.5486111111111112 0.3671875 0.5659722222222222
0 0.6962890625 0.9583333333333334 0.005859375 0.006944444444444444
0 0.6640625 0.9479166666666666 0.6796875 0.9722222222222222 0.6875 0.9583333333333334 0.693359375 0.9722222222222222 0.69921875 0.9201388888888888 0.7421875 0.9201388888888888 0.7421875 0.9027777777777778 0.755859375 0.8784722222222222 0.755859375 0.8472222222222222 0.728515625 0.8541666666666666 0.72265625 0.8402777777777778 0.701171875 0.8298611111111112 0.7109375 0.8576388888888888 0.708984375 0.8715277777777778 0.66796875 0.875 0.66015625 0.8854166666666666 0.65625 0.9097222222222222 0.6640625 0.9479166666666666
0 0.244140625 0.4166666666666667 0.25390625 0.3888888888888889 0.248046875 0.3611111111111111 0.2421875 0.3611111111111111 0.244140625 0.4166666666666667
0 0.205078125 0.5694444444444444 0.212890625 0.6111111111111112 0.21875 0.59375 0.21875 0.5416666666666666 0.2109375 0.53125 0.205078125 0.5416666666666666 0.205078125 0.5694444444444444
0 0.326171875 0.7604166666666666 0.341796875 0.7673611111111112 0.349609375 0.7222222222222222 0.330078125 0.71875 0.32421875 0.7222222222222222 0.326171875 0.7604166666666666
0 0.421875 0.7951388888888888 0.421875 0.7430555555555556 0.416015625 0.7361111111111112 0.3984375 0.7465277777777778 0.3984375 0.7916666666666666 0.421875 0.7951388888888888
0 0.4375 0.7430555555555556 0.451171875 0.75 0.45703125 0.7326388888888888 0.455078125 0.6840277777777778 0.447265625 0.6805555555555556 0.4375 0.7013888888888888 0.431640625 0.71875 0.4375 0.7430555555555556
0 0.244140625 0.5625 0.25390625 0.5625 0.255859375 0.5486111111111112 0.255859375 0.5138888888888888 0.25 0.5138888888888888 0.23828125 0.5277777777777778 0.244140625 0.5625
0 0.29296875 0.3368055555555556 0.298828125 0.3368055555555556 0.291015625 0.3229166666666667 0.298828125 0.3125 0.291015625 0.2986111111111111 0.287109375 0.3159722222222222 0.29296875 0.3368055555555556
0 0.330078125 0.5763888888888888 0.33203125 0.5347222222222222 0.318359375 0.5347222222222222 0.318359375 0.5798611111111112 0.330078125 0.5763888888888888
0 0.474609375 0.5104166666666666 0.517578125 0.4965277777777778 0.517578125 0.4826388888888889 0.5 0.4548611111111111 0.478515625 0.4722222222222222 0.47265625 0.4826388888888889 0.474609375 0.5104166666666666
0 0.40625 0.3715277777777778 0.42578125 0.3576388888888889 0.421875 0.3298611111111111 0.400390625 0.3263888888888889 0.3984375 0.3506944444444444 0.40625 0.3715277777777778
0 0.267578125 0.5277777777777778 0.2734375 0.5416666666666666 0.279296875 0.5416666666666666 0.28515625 0.5138888888888888 0.279296875 0.4826388888888889 0.267578125 0.4826388888888889 0.267578125 0.5277777777777778
0 0.224609375 0.46875 0.236328125 0.4791666666666667 0.23828125 0.4444444444444444 0.23046875 0.4375 0.224609375 0.4409722222222222 0.224609375 0.46875
0 0.525390625 0.9826388888888888 0.529296875 0.9965277777777778 0.5546875 0.9930555555555556 0.55078125 0.96875 0.53125 0.96875 0.517578125 0.9965277777777778 0.525390625 0.9826388888888888
0 0.517578125 0.9618055555555556 0.5234375 0.9548611111111112 0.5234375 0.9340277777777778 0.529296875 0.9409722222222222 0.546875 0.9305555555555556 0.541015625 0.9201388888888888 0.51953125 0.9305555555555556 0.5115184296875 0.8963675208333333 0.50390625 0.9166666666666666 0.505859375 0.9340277777777778 0.51953125 0.9409722222222222 0.51171875 0.9548611111111112 0.517578125 0.9618055555555556
0 0.50390625 0.875 0.51171875 0.8576388888888888 0.505859375 0.8125 0.48046875 0.8229166666666666 0.478515625 0.8715277777777778 0.50390625 0.875
0 0.486328125 0.7222222222222222 0.498046875 0.6875 0.4921875 0.6701388888888888 0.478515625 0.6666666666666666 0.474609375 0.71875 0.486328125 0.7222222222222222
0 0.4609375 0.6180555555555556 0.46875 0.6180555555555556 0.46875 0.5763888888888888 0.45703125 0.5763888888888888 0.45703125 0.6041666666666666 0.4609375 0.6180555555555556
0 0.375 0.7361111111111112 0.375 0.6875 0.361328125 0.6840277777777778 0.35546875 0.7291666666666666 0.375 0.7361111111111112