0 0.4375 0.8263888888888888 0.44140625 0.78125 0.435546875 0.7638888888888888 0.423828125 0.7638888888888888 0.423828125 0.8090277777777778 0.4375 0.8263888888888888
0 0.46875 0.4930555555555556 0.486328125 0.4513888888888889 0.462890625 0.4583333333333333 0.4609375 0.4791666666666667 0.46875 0.4930555555555556
0 0.541015625 0.8298611111111112 0.5546875 0.90625 0.56640625 0.9097222222222222 0.576171875 0.8611111111111112 0.568359375 0.8298611111111112 0.544921875 0.8263888888888888 0.537109375 0.8055555555555556 0.54296875 0.7847222222222222 0.53125 0.7777777777777778 0.5234375 0.7881944444444444 0.541015625 0.8298611111111112
0 0.7109375 0.8888888888888888 0.7109375 0.90625 0.6796875 0.90625 0.681640625 0.9826388888888888 0.69921875 0.9930555555555556 0.7109375 0.96875 0.7265625 0.9652777777777778 0.748046875 0.9375 0.75390625 0.8888888888888888 0.736328125 0.8888888888888888 0.732421875 0.875 0.724609375 0.875 0.73046875 0.8854166666666666 0.7109375 0.8888888888888888
0 0.474609375 0.5104166666666666 0.517578125 0.4965277777777778 0.517578125 0.4826388888888889 0.505859375 0.4618055555555556 0.478515625 0.4722222222222222 0.47265625 0.4826388888888889 0.474609375 0.5104166666666666
0 0.37890625 0.9027777777777778 0.37890625 0.9166666666666666 0.38671875 0.90625 0.400390625 0.9131944444444444 0.392578125 0.9409722222222222 0.3984375 0.9791666666666666 0.392578125 0.9895833333333334 0.400390625 0.9930555555555556 0.412109375 0.9409722222222222 0.39453125 0.8888888888888888 0.384765625 0.90625 0.37890625 0.9027777777777778
0 0.375 0.8888888888888888 0.373046875 0.8715277777777778 0.3671875 0.875 0.375 0.8888888888888888
0 0.20703125 0.5451388888888888 0.21875 0.5451388888888888 0.216796875 0.4861111111111111 0.205078125 0.4861111111111111 0.201171875 0.5138888888888888 0.20703125 0.5451388888888888
0 0.380859375 0.7638888888888888 0.39453125 0.75 0.392578125 0.7291666666666666 0.380859375 0.7291666666666666 0.380859375 0.7638888888888888
0 0.40625 0.7118055555555556 0.4296875 0.7048611111111112 0.42578125 0.6701388888888888 0.412109375 0.6701388888888888 0.40625 0.6736111111111112 0.40625 0.7118055555555556
0 0.25 0.3576388888888889 0.25 0.3229166666666667 0.23828125 0.3229166666666667 0.2421875 0.3576388888888889 0.25 0.3576388888888889
0 0.16015625 0.7152777777777778 0.171875 0.7152777777777778 0.16796875 0.75 0.1796875 0.7916666666666666 0.185546875 0.7916666666666666 0.17578125 0.7743055555555556 0.19140625 0.75 0.1875 0.7083333333333334 0.19921875 0.7013888888888888 0.19140625 0.7013888888888888 0.19921875 0.6840277777777778 0.193359375 0.6805555555555556 0.177734375 0.7118055555555556 0.16015625 0.7152777777777778
0 0.673828125 0.9548611111111112 0.6796875 0.9479166666666666 0.681640625 0.90625 0.705078125 0.90625 0.712890625 0.8854166666666666 0.72265625 0.8888888888888888 0.72265625 0.875 0.763671875 0.875 0.755859375 0.8680555555555556 0.759765625 0.8541666666666666 0.75390625 0.84375 0.73046875 0.8472222222222222 0.705078125 0.8263888888888888 0.69921875 0.8368055555555556 0.70703125 0.8472222222222222 0.708984375 0.8715277777777778 0.666015625 0.875 0.66015625 0.8888888888888888 0.65625 0.9340277777777778 0.673828125 0.9548611111111112
0 0.46875 0.8576388888888888 0.486328125 0.8784722222222222 0.486328125 0.84375 0.48046875 0.8402777777777778 0.466796875 0.84375 0.46875 0.8576388888888888
0 0.224609375 0.9097222222222222 0.23828125 0.9652777777777778 0.244140625 0.96875 0.25390625 0.9236111111111112 0.25 0.8611111111111112 0.234375 0.8472222222222222 0.224609375 0.8576388888888888 0.224609375 0.9097222222222222
0 0.37890625 0.8159722222222222 0.380859375 0.7847222222222222 0.361328125 0.78125 0.36328125 0.84375 0.37890625 0.8159722222222222
0 0.234375 0.4513888888888889 0.23828125 0.4097222222222222 0.224609375 0.4027777777777778 0.224609375 0.4409722222222222 0.234375 0.4513888888888889
0 0.328125 0.65625 0.33203125 0.625 0.322265625 0.6215277777777778 0.318359375 0.65625 0.328125 0.65625
0 0.298828125 0.5451388888888888 0.310546875 0.5590277777777778 0.3125 0.5243055555555556 0.3046875 0.5104166666666666 0.298828125 0.5104166666666666 0.298828125 0.5451388888888888
0 0.197265625 0.65625 0.205078125 0.6388888888888888 0.201171875 0.59375 0.197265625 0.5798611111111112 0.1875 0.5798611111111112 0.1875 0.6354166666666666 0.197265625 0.65625
0 0.3359375 0.7777777777777778 0.34375 0.7777777777777778 0.34765625 0.6979166666666666 0.326171875 0.7048611111111112 0.326171875 0.7361111111111112 0.3359375 0.7777777777777778
0 0.392578125 0.6215277777777778 0.392578125 0.59375 0.380859375 0.59375 0.380859375 0.625 0.392578125 0.6215277777777778
0 0.41015625 0.8715277777777778 0.423828125 0.8472222222222222 0.41796875 0.8125 0.3984375 0.8125 0.41015625 0.8715277777777778
0 0.509765625 0.8923611111111112 0.51953125 0.9131944444444444 0.51171875 0.9375 0.517578125 0.9618055555555556 0.5234375 0.9548611111111112 0.5234375 0.9305555555555556 0.537109375 0.9270833333333334 0.54296875 0.9618055555555556 0.5546875 0.96875 0.548828125 0.9201388888888888 0.525390625 0.9166666666666666 0.51953125 0.8923611111111112 0.51953125 0.9027777777777778 0.509765625 0.8923611111111112
0 0.509765625 0.8611111111111112 0.517578125 0.8576388888888888 0.517578125 0.84375 0.51171875 0.8402777777777778 0.505859375 0.84375 0.509765625 0.8611111111111112
0 0.439453125 0.3923611111111111 0.4375 0.3611111111111111 0.42578125 0.3611111111111111 0.423828125 0.3993055555555556 0.439453125 0.3923611111111111
0 0.48828125 0.8125 0.50390625 0.84375 0.517578125 0.8125 0.509765625 0.7743055555555556 0.48828125 0.7743055555555556 0.48828125 0.8125
0 0.400390625 0.3576388888888889 0.40625 0.3715277777777778 0.419921875 0.3715277777777778 0.42578125 0.34375 0.412109375 0.3298611111111111 0.400390625 0.3402777777777778 0.400390625 0.3576388888888889
0 0.48046875 0.6875 0.4921875 0.6805555555555556 0.498046875 0.65625 0.486328125 0.6354166666666666 0.474609375 0.6388888888888888 0.48046875 0.6875
0 0.484375 0.9965277777777778 0.484375 0.9513888888888888 0.474609375 0.9375 0.45703125 0.9409722222222222 0.447265625 0.90625 0.447265625 0.9930555555555556 0.484375 0.9965277777777778
0 0.4375 0.8888888888888888 0.44921875 0.8715277777777778 0.4375 0.875 0.4375 0.8888888888888888