0 0.6796875 0.9791666666666666 0.697265625 0.9930555555555556 0.708984375 0.96875 0.7265625 0.9652777777777778 0.748046875 0.9375 0.75390625 0.8888888888888888 0.6875 0.9027777777777778 0.6796875 0.90625 0.6796875 0.9791666666666666
0 0.392578125 0.7777777777777778 0.400390625 0.7534722222222222 0.3984375 0.7326388888888888 0.39453125 0.71875 0.380859375 0.71875 0.380859375 0.7604166666666666 0.392578125 0.7777777777777778
0 0.685546875 0.8993055555555556 0.673828125 0.8888888888888888 0.6796875 0.8993055555555556 0.673828125 0.9201388888888888 0.67578125 0.9618055555555556 0.69140625 0.9930555555555556 0.712890625 0.9652777777777778 0.73046875 0.9618055555555556 0.75 0.9305555555555556 0.76171875 0.9375 0.75390625 0.875 0.759765625 0.8541666666666666 0.755859375 0.8402777777777778 0.734375 0.8576388888888888 0.720703125 0.8576388888888888 0.7109375 0.84375 0.708984375 0.8888888888888888 0.685546875 0.8993055555555556
0 0.373046875 0.3611111111111111 0.373046875 0.3402777777777778 0.36328125 0.3368055555555556 0.361328125 0.3576388888888889 0.373046875 0.3611111111111111
0 0.392578125 0.6493055555555556 0.388671875 0.6076388888888888 0.375 0.6111111111111112 0.369140625 0.6354166666666666 0.392578125 0.6493055555555556
0 0.38671875 0.4375 0.39453125 0.4270833333333333 0.392578125 0.3993055555555556 0.380859375 0.3993055555555556 0.38671875 0.4375
0 0.35546875 0.5451388888888888 0.36328125 0.5381944444444444 0.361328125 0.5034722222222222 0.349609375 0.5104166666666666 0.35546875 0.5451388888888888
0 0.341796875 0.5 0.34375 0.4618055555555556 0.33203125 0.4618055555555556 0.33203125 0.4930555555555556 0.341796875 0.5
0 0.517578125 0.4965277777777778 0.517578125 0.4826388888888889 0.505859375 0.4618055555555556 0.474609375 0.4722222222222222 0.474609375 0.5104166666666666 0.517578125 0.4965277777777778
0 0.330078125 0.4513888888888889 0.3359375 0.4236111111111111 0.32421875 0.40625 0.322265625 0.4375 0.330078125 0.4513888888888889
0 0.408203125 0.5 0.412109375 0.4965277777777778 0.404296875 0.4861111111111111 0.412109375 0.46875 0.404296875 0.46875 0.400390625 0.4826388888888889 0.408203125 0.5
0 0.66796875 0.9548611111111112 0.673828125 0.9548611111111112 0.681640625 0.9340277777777778 0.681640625 0.90625 0.728515625 0.8888888888888888 0.728515625 0.875 0.73828125 0.875 0.734375 0.8541666666666666 0.75 0.8541666666666666 0.724609375 0.8402777777777778 0.70703125 0.8472222222222222 0.70703125 0.8298611111111112 0.701171875 0.8298611111111112 0.70703125 0.8680555555555556 0.693359375 0.8958333333333334 0.685546875 0.9027777777777778 0.688150390625 0.875 0.66015625 0.8819444444444444 0.65625 0.9236111111111112 0.66796875 0.9548611111111112
0 0.455078125 0.6388888888888888 0.4609375 0.625 0.4609375 0.59375 0.443359375 0.5972222222222222 0.443359375 0.6284722222222222 0.455078125 0.6388888888888888
0 0.3984375 0.6041666666666666 0.3984375 0.5590277777777778 0.39453125 0.5486111111111112 0.38671875 0.5555555555555556 0.38671875 0.5868055555555556 0.3984375 0.6041666666666666
0 0.40625 0.3715277777777778 0.4296875 0.3576388888888889 0.421875 0.3263888888888889 0.40625 0.3263888888888889 0.400390625 0.3368055555555556 0.40625 0.3715277777777778
0 0.46875 0.4930555555555556 0.486328125 0.4513888888888889 0.462890625 0.4548611111111111 0.4609375 0.4756944444444444 0.46875 0.4930555555555556