0 0.46875 0.78125 0.486328125 0.8090277777777778 0.4921875 0.7638888888888888 0.48046875 0.7361111111111112 0.46875 0.75 0.46875 0.78125
0 0.46875 0.4930555555555556 0.486328125 0.4513888888888889 0.462890625 0.4548611111111111 0.4609375 0.4756944444444444 0.46875 0.4930555555555556
0 0.66796875 0.9548611111111112 0.677734375 0.9548611111111112 0.69921875 0.9097222222222222 0.724609375 0.9166666666666666 0.740234375 0.8888888888888888 0.75 0.8854166666666666 0.755859375 0.84375 0.724609375 0.8541666666666666 0.72265625 0.8402777777777778 0.701171875 0.8298611111111112 0.70703125 0.8541666666666666 0.716796875 0.8611111111111112 0.71484375 0.8715277777777778 0.66796875 0.875 0.66015625 0.8854166666666666 0.65625 0.9201388888888888 0.66796875 0.9548611111111112
0 0.69140625 0.9930555555555556 0.79296875 0.9930555555555556 0.79296875 0.96875 0.78125 0.9375 0.763671875 0.9166666666666666 0.767578125 0.8888888888888888 0.7421875 0.8888888888888888 0.7265625 0.9201388888888888 0.705078125 0.9097222222222222 0.681640625 0.9479166666666666 0.6796875 0.9756944444444444 0.69140625 0.9930555555555556
0 0.40625 0.6041666666666666 0.40625 0.5590277777777778 0.388671875 0.5625 0.38671875 0.6041666666666666 0.40625 0.6041666666666666
0 0.40625 0.4513888888888889 0.412109375 0.4166666666666667 0.400390625 0.4166666666666667 0.3984375 0.4479166666666667 0.40625 0.4513888888888889
0 0.330078125 0.5798611111111112 0.34375 0.5902777777777778 0.34765625 0.5625 0.34375 0.5486111111111112 0.33203125 0.5451388888888888 0.34375 0.5590277777777778 0.330078125 0.5798611111111112
0 0.474609375 0.5104166666666666 0.513671875 0.5 0.505859375 0.4618055555555556 0.48046875 0.46875 0.47265625 0.4826388888888889 0.474609375 0.5104166666666666
0 0.4609375 0.59375 0.466796875 0.5659722222222222 0.44921875 0.5659722222222222 0.451171875 0.5902777777777778 0.4609375 0.59375
0 0.51171875 0.8645833333333334 0.53125 0.8784722222222222 0.53125 0.9027777777777778 0.54296875 0.9236111111111112 0.537109375 0.9722222222222222 0.54296875 0.9930555555555556 0.5546875 0.9930555555555556 0.5625 0.9652777777777778 0.55078125 0.9166666666666666 0.5546875 0.8576388888888888 0.53515625 0.8159722222222222 0.53125 0.8402777777777778 0.51171875 0.8645833333333334
0 0.505859375 0.8125 0.513671875 0.8472222222222222 0.529296875 0.8402777777777778 0.529296875 0.8194444444444444 0.541015625 0.8125 0.53515625 0.7430555555555556 0.53125 0.7361111111111112 0.517578125 0.75 0.51171875 0.8055555555555556 0.505859375 0.8125
0 0.44140625 0.5451388888888888 0.447265625 0.5277777777777778 0.443359375 0.5034722222222222 0.431640625 0.5 0.4296875 0.5416666666666666 0.44140625 0.5451388888888888
0 0.40625 0.3680555555555556 0.42578125 0.3611111111111111 0.421875 0.3298611111111111 0.40625 0.3263888888888889 0.400390625 0.3368055555555556 0.3984375 0.3576388888888889 0.40625 0.3680555555555556