0 0.404296875 0.6388888888888888 0.40625 0.5972222222222222 0.392578125 0.5902777777777778 0.392578125 0.6354166666666666 0.404296875 0.6388888888888888
0 0.2109375 0.5138888888888888 0.216796875 0.5243055555555556 0.23046875 0.5 0.224609375 0.4826388888888889 0.2109375 0.4826388888888889 0.2109375 0.5138888888888888
0 0.255859375 0.2743055555555556 0.25 0.2743055555555556 0.25390625 0.2951388888888889 0.255859375 0.2743055555555556
0 0.517578125 0.90625 0.537109375 0.9236111111111112 0.548828125 0.9027777777777778 0.548828125 0.8541666666666666 0.54296875 0.84375 0.529296875 0.8472222222222222 0.51171875 0.875 0.517578125 0.90625
0 0.505859375 0.8263888888888888 0.51171875 0.7916666666666666 0.505859375 0.7847222222222222 0.5 0.7951388888888888 0.498046875 0.8229166666666666 0.505859375 0.8263888888888888
0 0.541015625 0.78125 0.537109375 0.7743055555555556 0.53515625 0.8055555555555556 0.541015625 0.78125
0 0.7109375 0.8854166666666666 0.705078125 0.90625 0.6796875 0.90625 0.681640625 0.9826388888888888 0.697265625 0.9930555555555556 0.708984375 0.96875 0.73046875 0.9618055555555556 0.75 0.9305555555555556 0.75390625 0.8888888888888888 0.728515625 0.8854166666666666 0.73046875 0.875 0.724609375 0.875 0.7265625 0.8888888888888888 0.7109375 0.8854166666666666
0 0.326171875 0.5 0.34375 0.4826388888888889 0.34375 0.4513888888888889 0.330078125 0.4513888888888889 0.32421875 0.4618055555555556 0.326171875 0.5
0 0.46875 0.4930555555555556 0.486328125 0.4513888888888889 0.466796875 0.4513888888888889 0.4609375 0.4791666666666667 0.46875 0.4930555555555556
0 0.349609375 0.6354166666666666 0.359375 0.6284722222222222 0.369140625 0.6388888888888888 0.369140625 0.59375 0.35546875 0.5902777777777778 0.349609375 0.59375 0.349609375 0.6354166666666666
0 0.173828125 0.6840277777777778 0.1796875 0.6354166666666666 0.17578125 0.625 0.16015625 0.625 0.15625 0.6597222222222222 0.173828125 0.6840277777777778
0 0.23046875 0.2951388888888889 0.2421875 0.3055555555555556 0.23828125 0.2777777777777778 0.23046875 0.28125 0.23046875 0.2951388888888889
0 0.673828125 0.9548611111111112 0.681640625 0.9340277777777778 0.67578125 0.9131944444444444 0.6796875 0.90625 0.693359375 0.8923611111111112 0.705078125 0.9027777777777778 0.71875 0.8784722222222222 0.7421875 0.8680555555555556 0.744140625 0.8541666666666666 0.728515625 0.8576388888888888 0.724609375 0.84375 0.70703125 0.8298611111111112 0.701171875 0.8402777777777778 0.69921875 0.8298611111111112 0.697265625 0.875 0.666015625 0.875 0.66015625 0.8888888888888888 0.65625 0.9305555555555556 0.673828125 0.9548611111111112
0 0.427734375 0.8090277777777778 0.4375 0.7916666666666666 0.443359375 0.75 0.435546875 0.7326388888888888 0.416015625 0.7326388888888888 0.416015625 0.7916666666666666 0.427734375 0.8090277777777778
0 0.29296875 0.3402777777777778 0.298828125 0.3125 0.287109375 0.3125 0.29296875 0.3402777777777778
0 0.361328125 0.5138888888888888 0.37890625 0.5034722222222222 0.380859375 0.4861111111111111 0.3671875 0.4722222222222222 0.361328125 0.4791666666666667 0.361328125 0.5138888888888888
0 0.234375 0.5798611111111112 0.23828125 0.5416666666666666 0.236328125 0.53125 0.224609375 0.5277777777777778 0.224609375 0.5763888888888888 0.234375 0.5798611111111112
0 0.474609375 0.5104166666666666 0.517578125 0.4965277777777778 0.517578125 0.4826388888888889 0.505859375 0.4618055555555556 0.478515625 0.4722222222222222 0.47265625 0.4826388888888889 0.474609375 0.5104166666666666
0 0.486328125 0.9930555555555556 0.517578125 0.9965277777777778 0.5234375 0.9861111111111112 0.5234375 0.96875 0.513671875 0.9513888888888888 0.4921875 0.9513888888888888 0.486328125 0.9618055555555556 0.486328125 0.9930555555555556
0 0.44140625 0.6111111111111112 0.44921875 0.59375 0.447265625 0.5625 0.4296875 0.5625 0.42578125 0.59375 0.44140625 0.6111111111111112
0 0.259765625 0.34375 0.267578125 0.3125 0.255859375 0.3090277777777778 0.25390625 0.3333333333333333 0.259765625 0.34375
0 0.40625 0.5451388888888888 0.416015625 0.5347222222222222 0.421875 0.5 0.3984375 0.5 0.40625 0.5451388888888888
0 0.4501953125 0.9357638888888888 0.001953125 0.003472222222222222
0 0.44921875 0.9930555555555556 0.447265625 0.9513888888888888 0.431640625 0.9340277777777778 0.421875 0.9409722222222222 0.423828125 0.9548611111111112 0.40625 0.9375 0.412109375 0.9965277777777778 0.44921875 0.9930555555555556
0 0.423828125 0.3993055555555556 0.4296875 0.3993055555555556 0.4375 0.3888888888888889 0.4375 0.3680555555555556 0.42578125 0.3611111111111111 0.41796875 0.3784722222222222 0.423828125 0.3993055555555556
0 0.51953125 0.90625 0.541015625 0.9201388888888888 0.548828125 0.9027777777777778 0.546875 0.8576388888888888 0.54296875 0.8472222222222222 0.5234375 0.8576388888888888 0.513671875 0.875 0.51953125 0.90625
0 0.349609375 0.46875 0.361328125 0.4618055555555556 0.361328125 0.4236111111111111 0.349609375 0.4340277777777778 0.349609375 0.46875
0 0.5234375 0.9930555555555556 0.5234375 0.96875 0.513671875 0.9409722222222222 0.509765625 0.9513888888888888 0.48828125 0.9513888888888888 0.486328125 0.9930555555555556 0.5234375 0.9930555555555556
0 0.486328125 0.875 0.484375 0.8680555555555556 0.48046875 0.875 0.486328125 0.875
0 0.44921875 0.6909722222222222 0.4609375 0.7152777777777778 0.46875 0.6805555555555556 0.462890625 0.65625 0.45703125 0.65625 0.44921875 0.6597222222222222 0.44921875 0.6909722222222222
0 0.404296875 0.3680555555555556 0.423828125 0.3680555555555556 0.423828125 0.3298611111111111 0.40625 0.3263888888888889 0.400390625 0.3368055555555556 0.404296875 0.3680555555555556
0 0.1796875 0.7951388888888888 0.1875 0.7951388888888888 0.197265625 0.7604166666666666 0.197265625 0.71875 0.193359375 0.7013888888888888 0.173828125 0.7083333333333334 0.173828125 0.7743055555555556 0.1796875 0.7951388888888888
0 0.392578125 0.875 0.400390625 0.84375 0.3984375 0.8090277777777778 0.392578125 0.7986111111111112 0.375 0.8229166666666666 0.373046875 0.8576388888888888 0.392578125 0.875