0 0.275390625 0.3923611111111111 0.28125 0.3923611111111111 0.279296875 0.3611111111111111 0.2734375 0.3611111111111111 0.275390625 0.3923611111111111
0 0.322265625 0.3055555555555556 0.322265625 0.28125 0.31640625 0.2777777777777778 0.3125 0.3090277777777778 0.322265625 0.3055555555555556
0 0.6875 0.9930555555555556 0.701171875 0.9930555555555556 0.7109375 0.9722222222222222 0.734375 0.9652777777777778 0.744140625 0.9513888888888888 0.7578125 0.9513888888888888 0.76171875 0.9618055555555556 0.76953125 0.9548611111111112 0.76171875 0.8888888888888888 0.7421875 0.8541666666666666 0.73046875 0.8576388888888888 0.728515625 0.875 0.70703125 0.8888888888888888 0.705078125 0.8993055555555556 0.693359375 0.8923611111111112 0.673828125 0.9097222222222222 0.66796875 0.9375 0.6875 0.9930555555555556
0 0.35546875 0.2951388888888889 0.35546875 0.2777777777777778 0.34765625 0.2708333333333333 0.34765625 0.2951388888888889 0.35546875 0.2951388888888889
0 0.2421875 0.3055555555555556 0.25390625 0.3055555555555556 0.26171875 0.28125 0.248046875 0.2743055555555556 0.240234375 0.2847222222222222 0.236328125 0.2951388888888889 0.2421875 0.3055555555555556
0 0.34375 0.4791666666666667 0.359375 0.4791666666666667 0.359375 0.4548611111111111 0.353515625 0.4479166666666667 0.34375 0.4513888888888889 0.34375 0.4791666666666667
0 0.40625 0.4826388888888889 0.41796875 0.4965277777777778 0.41796875 0.46875 0.412109375 0.4652777777777778 0.40625 0.46875 0.40625 0.4826388888888889
0 0.23046875 0.4375 0.23828125 0.4305555555555556 0.236328125 0.40625 0.228515625 0.40625 0.23046875 0.4375
0 0.267578125 0.4236111111111111 0.2734375 0.3888888888888889 0.263671875 0.3888888888888889 0.26171875 0.4097222222222222 0.267578125 0.4236111111111111
0 0.478515625 0.5138888888888888 0.48828125 0.5 0.517578125 0.5 0.505859375 0.4513888888888889 0.474609375 0.4722222222222222 0.47265625 0.5 0.478515625 0.5138888888888888
0 0.330078125 0.3159722222222222 0.330078125 0.2951388888888889 0.32421875 0.2951388888888889 0.322265625 0.3125 0.330078125 0.3159722222222222
0 0.244140625 0.4201388888888889 0.248046875 0.3888888888888889 0.23828125 0.3854166666666667 0.236328125 0.4097222222222222 0.244140625 0.4201388888888889
0 0.375 0.4236111111111111 0.3671875 0.4201388888888889 0.36328125 0.4305555555555556 0.37155330859375 0.45077614236111113 0.37890625 0.4409722222222222 0.375 0.4236111111111111
0 0.68359375 0.90625 0.73046875 0.8923611111111112 0.73046875 0.875 0.7421875 0.8576388888888888 0.728515625 0.8576388888888888 0.71875 0.8263888888888888 0.70703125 0.8472222222222222 0.7020970390625 0.8413742673611111 0.70703125 0.8611111111111112 0.703125 0.875 0.66015625 0.8819444444444444 0.65625 0.9201388888888888 0.662109375 0.9479166666666666 0.673828125 0.9548611111111112 0.6796875 0.9479166666666666 0.68359375 0.90625
0 0.5546875 0.7152777777777778 0.57421875 0.6909722222222222 0.609375 0.6875 0.609375 0.6701388888888888 0.591796875 0.6388888888888888 0.580078125 0.6388888888888888 0.578125 0.6527777777777778 0.546875 0.6527777777777778 0.54296875 0.6909722222222222 0.5546875 0.7152777777777778
0 0.380859375 0.4791666666666667 0.392578125 0.4791666666666667 0.392578125 0.4513888888888889 0.380859375 0.4513888888888889 0.380859375 0.4791666666666667
0 0.40625 0.3680555555555556 0.4375 0.3680555555555556 0.421875 0.3298611111111111 0.40625 0.3298611111111111 0.400390625 0.3402777777777778 0.40625 0.3680555555555556
0 0.466796875 0.4930555555555556 0.484375 0.4548611111111111 0.484375 0.4409722222222222 0.466796875 0.4375 0.455078125 0.4548611111111111 0.451171875 0.4826388888888889 0.466796875 0.4930555555555556