0 0.474609375 0.8541666666666666 0.486328125 0.7743055555555556 0.462890625 0.78125 0.4609375 0.8368055555555556 0.474609375 0.8541666666666666
0 0.412109375 0.90625 0.412109375 0.9305555555555556 0.435546875 0.9513888888888888 0.443359375 0.9340277777777778 0.443359375 0.8784722222222222 0.423828125 0.8576388888888888 0.3984375 0.875 0.412109375 0.90625
0 0.39453125 0.8263888888888888 0.3984375 0.8125 0.38671875 0.8125 0.384765625 0.8263888888888888 0.39453125 0.8263888888888888
0 0.23046875 0.4375 0.236328125 0.4375 0.23828125 0.3993055555555556 0.23046875 0.3923611111111111 0.224609375 0.4097222222222222 0.23046875 0.4375
0 0.697265625 0.9930555555555556 0.708984375 0.96875 0.7265625 0.9652777777777778 0.748046875 0.9375 0.75390625 0.8888888888888888 0.7109375 0.8888888888888888 0.708984375 0.8993055555555556 0.693359375 0.8923611111111112 0.6796875 0.90625 0.6796875 0.9791666666666666 0.697265625 0.9930555555555556
0 0.66796875 0.9513888888888888 0.67578125 0.9513888888888888 0.677734375 0.90625 0.69140625 0.8923611111111112 0.705078125 0.8993055555555556 0.728515625 0.8888888888888888 0.73046875 0.875 0.73828125 0.875 0.728515625 0.8541666666666666 0.75 0.8541666666666666 0.7265625 0.8506944444444444 0.705078125 0.8263888888888888 0.69921875 0.8402777777777778 0.70703125 0.8472222222222222 0.7109375 0.8715277777777778 0.66796875 0.875 0.66015625 0.8854166666666666 0.65625 0.9201388888888888 0.66796875 0.9513888888888888
0 0.388671875 0.9965277777777778 0.40625 0.9965277777777778 0.40625 0.9618055555555556 0.400390625 0.9513888888888888 0.3828125 0.9618055555555556 0.380859375 0.9791666666666666 0.388671875 0.9965277777777778
0 0.34375 0.6111111111111112 0.349609375 0.6527777777777778 0.35546875 0.6527777777777778 0.361328125 0.5798611111111112 0.349609375 0.5625 0.337890625 0.5729166666666666 0.3359375 0.6006944444444444 0.34375 0.6111111111111112
0 0.390625 0.6388888888888888 0.392578125 0.59375 0.375 0.5972222222222222 0.373046875 0.6354166666666666 0.390625 0.6388888888888888
0 0.173828125 0.6840277777777778 0.1796875 0.6736111111111112 0.1796875 0.6388888888888888 0.173828125 0.625 0.162109375 0.625 0.162109375 0.6666666666666666 0.173828125 0.6840277777777778
0 0.2734375 0.3298611111111111 0.2734375 0.3055555555555556 0.267578125 0.2916666666666667 0.26171875 0.2986111111111111 0.26171875 0.3263888888888889 0.2734375 0.3298611111111111
0 0.318359375 0.7951388888888888 0.330078125 0.8229166666666666 0.341796875 0.8090277777777778 0.341796875 0.7638888888888888 0.318359375 0.7638888888888888 0.318359375 0.7951388888888888
0 0.404296875 0.875 0.412109375 0.8993055555555556 0.412109375 0.9305555555555556 0.435546875 0.9513888888888888 0.443359375 0.9201388888888888 0.44140625 0.875 0.423828125 0.8576388888888888 0.416015625 0.8784722222222222 0.404296875 0.875
0 0.248046875 0.6354166666666666 0.255859375 0.6666666666666666 0.271484375 0.6875 0.263671875 0.6076388888888888 0.248046875 0.6076388888888888 0.248046875 0.6354166666666666
0 0.330078125 0.3125 0.330078125 0.2916666666666667 0.322265625 0.2916666666666667 0.318359375 0.3090277777777778 0.330078125 0.3125
0 0.353515625 0.46875 0.34765625 0.4375 0.337890625 0.4375 0.3359375 0.46875 0.353515625 0.46875
0 0.248046875 0.3888888888888889 0.25390625 0.375 0.25 0.3541666666666667 0.2421875 0.3541666666666667 0.248046875 0.3888888888888889
0 0.517578125 0.4965277777777778 0.517578125 0.4826388888888889 0.505859375 0.4618055555555556 0.4765625 0.4756944444444444 0.474609375 0.5104166666666666 0.517578125 0.4965277777777778
0 0.28125 0.3888888888888889 0.287109375 0.3854166666666667 0.287109375 0.3576388888888889 0.2734375 0.3576388888888889 0.28125 0.3888888888888889
0 0.25 0.46875 0.255859375 0.4513888888888889 0.25390625 0.4201388888888889 0.244140625 0.4201388888888889 0.23828125 0.4375 0.25 0.46875
0 0.224609375 0.5243055555555556 0.236328125 0.5555555555555556 0.2421875 0.5034722222222222 0.23046875 0.4965277777777778 0.224609375 0.5034722222222222 0.224609375 0.5243055555555556
0 0.392578125 0.5138888888888888 0.400390625 0.5138888888888888 0.40625 0.4965277777777778 0.3984375 0.4826388888888889 0.392578125 0.4861111111111111 0.392578125 0.5138888888888888
0 0.40625 0.59375 0.41015625 0.5625 0.39453125 0.5590277777777778 0.39453125 0.59375 0.40625 0.59375
0 0.609375 0.9930555555555556 0.603515625 0.9340277777777778 0.59375 0.9236111111111112 0.576171875 0.9409722222222222 0.576171875 0.9965277777777778 0.609375 0.9930555555555556
0 0.541015625 0.8715277777777778 0.55078125 0.8923611111111112 0.5546875 0.8263888888888888 0.53125 0.8263888888888888 0.529296875 0.8680555555555556 0.541015625 0.8715277777777778
0 0.326171875 0.25 0.326171875 0.2326388888888889 0.318359375 0.22916666666666666 0.318359375 0.25 0.326171875 0.25
0 0.443359375 0.7013888888888888 0.44140625 0.6388888888888888 0.42578125 0.6388888888888888 0.4296875 0.6875 0.443359375 0.7013888888888888
0 0.423828125 0.3993055555555556 0.4296875 0.3993055555555556 0.4375 0.3888888888888889 0.4375 0.3680555555555556 0.42578125 0.3611111111111111 0.41796875 0.3784722222222222 0.423828125 0.3993055555555556
0 0.494140625 0.9201388888888888 0.51171875 0.9305555555555556 0.517578125 0.90625 0.51171875 0.8576388888888888 0.48828125 0.8680555555555556 0.486328125 0.9027777777777778 0.494140625 0.9201388888888888
0 0.40625 0.3715277777777778 0.4296875 0.3611111111111111 0.421875 0.3298611111111111 0.40625 0.3298611111111111 0.400390625 0.3368055555555556 0.40625 0.3715277777777778
0 0.484375 0.7118055555555556 0.486328125 0.7291666666666666 0.494140625 0.7291666666666666 0.498046875 0.6840277777777778 0.474609375 0.6875 0.47265625 0.7013888888888888 0.484375 0.7118055555555556
0 0.37890625 0.2743055555555556 0.373046875 0.2604166666666667 0.373046875 0.2916666666666667 0.37890625 0.2743055555555556
0 0.46875 0.4930555555555556 0.486328125 0.4513888888888889 0.462890625 0.4583333333333333 0.4609375 0.4791666666666667 0.46875 0.4930555555555556
0 0.484375 0.9930555555555556 0.484375 0.9513888888888888 0.455078125 0.9548611111111112 0.44921875 0.9930555555555556 0.484375 0.9930555555555556
0 0.32421875 0.4479166666666667 0.326171875 0.4375 0.31640625 0.4236111111111111 0.326171875 0.4097222222222222 0.31640625 0.3993055555555556 0.3125 0.4201388888888889 0.32421875 0.4479166666666667
0 0.337890625 0.2534722222222222 0.34765625 0.25 0.341796875 0.2326388888888889 0.3359375 0.2326388888888889 0.337890625 0.2534722222222222
0 0.318359375 0.96875 0.330078125 0.9375 0.32421875 0.8923611111111112 0.30078125 0.8854166666666666 0.298828125 0.9513888888888888 0.318359375 0.96875