0 0.5546875 0.7152777777777778 0.57421875 0.6909722222222222 0.609375 0.6875 0.609375 0.6701388888888888 0.59375 0.6493055555555556 0.546875 0.6527777777777778 0.54296875 0.6909722222222222 0.5546875 0.7152777777777778
0 0.6875 0.9930555555555556 0.701171875 0.9930555555555556 0.712890625 0.96875 0.728515625 0.96875 0.7421875 0.9513888888888888 0.7578125 0.9513888888888888 0.76171875 0.9618055555555556 0.76953125 0.9513888888888888 0.76171875 0.90625 0.748046875 0.875 0.7265625 0.90625 0.67578125 0.90625 0.673828125 0.9548611111111112 0.6875 0.9930555555555556
0 0.32421875 0.3263888888888889 0.3359375 0.3263888888888889 0.330078125 0.3055555555555556 0.318359375 0.3055555555555556 0.32421875 0.3263888888888889
0 0.373046875 0.6041666666666666 0.37890625 0.5902777777777778 0.375 0.5486111111111112 0.36328125 0.5590277777777778 0.361328125 0.5902777777777778 0.373046875 0.6041666666666666
0 0.3984375 0.5659722222222222 0.40625 0.5277777777777778 0.400390625 0.5173611111111112 0.388671875 0.5243055555555556 0.38671875 0.5451388888888888 0.3984375 0.5659722222222222
0 0.6611328125 0.9131944444444444 0.001953125 0.013888888888888888
0 0.662109375 0.9409722222222222 0.6796875 0.9618055555555556 0.6796875 0.9826388888888888 0.6875 0.9930555555555556 0.701171875 0.9930555555555556 0.7109375 0.9722222222222222 0.734375 0.9652777777777778 0.744140625 0.9513888888888888 0.767578125 0.9618055555555556 0.76953125 0.9375 0.76171875 0.9131944444444444 0.767578125 0.8611111111111112 0.75390625 0.8576388888888888 0.7578125 0.8368055555555556 0.736328125 0.8576388888888888 0.70703125 0.8541666666666666 0.71875 0.8715277777777778 0.705078125 0.8923611111111112 0.681640625 0.8993055555555556 0.673828125 0.8888888888888888 0.673828125 0.9097222222222222 0.662109375 0.9409722222222222
0 0.451171875 0.4861111111111111 0.443359375 0.4965277777777778 0.46875 0.4861111111111111 0.4609375 0.4618055555555556 0.44921875 0.4513888888888889 0.443359375 0.4722222222222222 0.451171875 0.4861111111111111
0 0.51953125 0.84375 0.541015625 0.8680555555555556 0.55078125 0.8402777777777778 0.548828125 0.8090277777777778 0.544921875 0.7951388888888888 0.529296875 0.7951388888888888 0.517578125 0.8125 0.51953125 0.84375
0 0.51171875 0.78125 0.509765625 0.7361111111111112 0.505859375 0.78125 0.51171875 0.78125
0 0.29296875 0.3090277777777778 0.29296875 0.2881944444444444 0.28515625 0.28125 0.28125 0.2951388888888889 0.29296875 0.3090277777777778
0 0.3984375 0.4513888888888889 0.3984375 0.40625 0.392578125 0.40625 0.388671875 0.4375 0.3984375 0.4513888888888889
0 0.38671875 0.4791666666666667 0.388671875 0.4722222222222222 0.37890625 0.4618055555555556 0.388671875 0.4479166666666667 0.380859375 0.4375 0.375 0.4548611111111111 0.38671875 0.4791666666666667
0 0.373046875 0.3715277777777778 0.36328125 0.3715277777777778 0.3671875 0.4027777777777778 0.373046875 0.3715277777777778
0 0.29296875 0.5138888888888888 0.3125 0.53125 0.3125 0.4861111111111111 0.298828125 0.4861111111111111 0.29296875 0.4930555555555556 0.29296875 0.5138888888888888
0 0.2109375 0.6076388888888888 0.21875 0.6284722222222222 0.23046875 0.6041666666666666 0.2265625 0.5763888888888888 0.2109375 0.5763888888888888 0.2109375 0.6076388888888888
0 0.4375 0.6180555555555556 0.443359375 0.59375 0.44140625 0.5659722222222222 0.42578125 0.5659722222222222 0.423828125 0.59375 0.4375 0.6180555555555556
0 0.662109375 0.9479166666666666 0.67578125 0.9513888888888888 0.677734375 0.90625 0.69140625 0.8923611111111112 0.701171875 0.9027777777777778 0.724609375 0.8923611111111112 0.736328125 0.8576388888888888 0.724609375 0.8472222222222222 0.72265625 0.8298611111111112 0.7109375 0.8298611111111112 0.703125 0.84375 0.69921875 0.8298611111111112 0.685546875 0.8784722222222222 0.66015625 0.8819444444444444 0.65625 0.9201388888888888 0.662109375 0.9479166666666666
0 0.45703125 0.65625 0.46875 0.6701388888888888 0.478515625 0.6493055555555556 0.47265625 0.6215277777777778 0.455078125 0.6215277777777778 0.45703125 0.65625
0 0.40625 0.3680555555555556 0.435546875 0.3715277777777778 0.435546875 0.3472222222222222 0.421875 0.3298611111111111 0.404296875 0.3298611111111111 0.3984375 0.34375 0.40625 0.3680555555555556
0 0.23046875 0.71875 0.2421875 0.7638888888888888 0.248046875 0.7638888888888888 0.25390625 0.7326388888888888 0.25 0.6805555555555556 0.236328125 0.6805555555555556 0.23046875 0.6840277777777778 0.23046875 0.71875
0 0.478515625 0.5138888888888888 0.48828125 0.5 0.517578125 0.5 0.517578125 0.4826388888888889 0.50390625 0.4548611111111111 0.48046875 0.46875 0.47265625 0.4826388888888889 0.478515625 0.5138888888888888
0 0.26953125 0.8055555555555556 0.287109375 0.8715277777777778 0.296875 0.8229166666666666 0.298828125 0.7951388888888888 0.29296875 0.7777777777777778 0.298828125 0.7638888888888888 0.2734375 0.7638888888888888 0.267578125 0.7777777777777778 0.26953125 0.8055555555555556