0 0.39453125 0.6597222222222222 0.39453125 0.7013888888888888 0.419921875 0.7013888888888888 0.41796875 0.6388888888888888 0.40625 0.6388888888888888 0.404296875 0.6527777777777778 0.39453125 0.6597222222222222
0 0.21875 0.3541666666666667 0.23046875 0.3888888888888889 0.236328125 0.3576388888888889 0.224609375 0.3263888888888889 0.21875 0.3263888888888889 0.21875 0.3541666666666667
0 0.7109375 0.8854166666666666 0.708984375 0.90625 0.6796875 0.90625 0.6796875 0.9791666666666666 0.69140625 0.9930555555555556 0.69921875 0.9930555555555556 0.712890625 0.96875 0.734375 0.9618055555555556 0.748046875 0.9375 0.75390625 0.8888888888888888 0.73828125 0.8888888888888888 0.734375 0.875 0.724609375 0.875 0.712890625 0.8923611111111112 0.7109375 0.8854166666666666
0 0.66796875 0.9513888888888888 0.677734375 0.9513888888888888 0.6796875 0.90625 0.705078125 0.90625 0.712890625 0.8888888888888888 0.724609375 0.8888888888888888 0.7265625 0.875 0.748046875 0.875 0.755859375 0.84375 0.728515625 0.8541666666666666 0.72265625 0.8402777777777778 0.70703125 0.8298611111111112 0.701171875 0.8402777777777778 0.69921875 0.8298611111111112 0.697265625 0.875 0.66796875 0.875 0.66015625 0.8854166666666666 0.65625 0.9236111111111112 0.66796875 0.9513888888888888
0 0.33984375 0.2986111111111111 0.34375 0.2777777777777778 0.326171875 0.2673611111111111 0.32421875 0.2916666666666667 0.33984375 0.2986111111111111
0 0.2734375 0.3159722222222222 0.283203125 0.3263888888888889 0.28125 0.2951388888888889 0.2734375 0.2951388888888889 0.2734375 0.3159722222222222
0 0.1796875 0.9965277777777778 0.20703125 0.9930555555555556 0.205078125 0.9409722222222222 0.19921875 0.9409722222222222 0.173828125 0.9513888888888888 0.1796875 0.9965277777777778
0 0.31640625 0.3055555555555556 0.322265625 0.3055555555555556 0.32421875 0.28125 0.3125 0.28125 0.31640625 0.3055555555555556
0 0.353515625 0.5972222222222222 0.3671875 0.5868055555555556 0.369140625 0.5659722222222222 0.353515625 0.5451388888888888 0.369140625 0.5347222222222222 0.35546875 0.5347222222222222 0.349609375 0.5486111111111112 0.353515625 0.5972222222222222
0 0.474609375 0.5104166666666666 0.517578125 0.4965277777777778 0.517578125 0.4826388888888889 0.5 0.4548611111111111 0.48046875 0.46875 0.47265625 0.4826388888888889 0.474609375 0.5104166666666666
0 0.30078125 0.3159722222222222 0.3046875 0.2916666666666667 0.296875 0.28125 0.29296875 0.3090277777777778 0.30078125 0.3159722222222222
0 0.38671875 0.6215277777777778 0.3984375 0.59375 0.3984375 0.5625 0.384765625 0.5625 0.380859375 0.5729166666666666 0.375 0.6076388888888888 0.38671875 0.6215277777777778
0 0.22265625 0.59375 0.224609375 0.5625 0.21875 0.5416666666666666 0.20703125 0.5416666666666666 0.2109375 0.5902777777777778 0.22265625 0.59375
0 0.388671875 0.5034722222222222 0.3984375 0.5 0.39453125 0.4722222222222222 0.38671875 0.4722222222222222 0.388671875 0.5034722222222222
0 0.46875 0.4930555555555556 0.486328125 0.4548611111111111 0.46875 0.4513888888888889 0.462890625 0.4618055555555556 0.46875 0.4930555555555556
0 0.4921875 0.8541666666666666 0.4921875 0.875 0.505859375 0.8854166666666666 0.513671875 0.8715277777777778 0.509765625 0.8125 0.498046875 0.7847222222222222 0.484375 0.8020833333333334 0.478515625 0.8368055555555556 0.4921875 0.8541666666666666
0 0.484375 0.7638888888888888 0.478515625 0.7604166666666666 0.474609375 0.7638888888888888 0.484375 0.7638888888888888
0 0.40625 0.3715277777777778 0.4375 0.3715277777777778 0.44140625 0.3611111111111111 0.439453125 0.3402777777777778 0.404296875 0.3368055555555556 0.400390625 0.3541666666666667 0.40625 0.3715277777777778
0 0.4765625 0.9375 0.47265625 0.9166666666666666 0.4609375 0.9097222222222222 0.462890625 0.9305555555555556 0.48046875 0.9479166666666666 0.474609375 0.9513888888888888 0.478515625 0.9791666666666666 0.47265625 0.9930555555555556 0.50390625 0.9930555555555556 0.509765625 0.9375 0.5 0.9305555555555556 0.498046875 0.90625 0.509765625 0.90625 0.498046875 0.8784722222222222 0.5 0.9027777777777778 0.4765625 0.9375
0 0.44921875 0.6319444444444444 0.46484375 0.6388888888888888 0.47265625 0.625 0.46875 0.5868055555555556 0.462890625 0.5763888888888888 0.455078125 0.5798611111111112 0.44921875 0.59375 0.44921875 0.6319444444444444
0 0.220703125 0.7673611111111112 0.23046875 0.8055555555555556 0.248046875 0.7951388888888888 0.255859375 0.7013888888888888 0.21875 0.7013888888888888 0.2109375 0.7152777777777778 0.20703125 0.75 0.220703125 0.7673611111111112
0 0.48046875 0.9965277777777778 0.5 0.9930555555555556 0.501953125 0.9548611111111112 0.484375 0.9513888888888888 0.478515625 0.9618055555555556 0.48046875 0.9965277777777778