0 0.380859375 0.7638888888888888 0.392578125 0.7638888888888888 0.39453125 0.7326388888888888 0.38671875 0.7291666666666666 0.380859375 0.7326388888888888 0.380859375 0.7638888888888888
0 0.435546875 0.8263888888888888 0.44140625 0.8125 0.44140625 0.78125 0.435546875 0.7638888888888888 0.421875 0.7638888888888888 0.41796875 0.7916666666666666 0.435546875 0.8263888888888888
0 0.22265625 0.3993055555555556 0.224609375 0.3888888888888889 0.216796875 0.3784722222222222 0.224609375 0.3576388888888889 0.216796875 0.3576388888888889 0.212890625 0.375 0.22265625 0.3993055555555556
0 0.529296875 0.9930555555555556 0.5546875 0.9965277777777778 0.548828125 0.9236111111111112 0.517578125 0.9236111111111112 0.513671875 0.9479166666666666 0.529296875 0.9930555555555556
0 0.552734375 0.859375 0.00390625 0.003472222222222222
0 0.681640625 0.9270833333333334 0.6796875 0.9756944444444444 0.69921875 0.9930555555555556 0.712890625 0.9652777777777778 0.7265625 0.9652777777777778 0.748046875 0.9375 0.75390625 0.8888888888888888 0.75 0.8784722222222222 0.736328125 0.8888888888888888 0.724609375 0.875 0.724609375 0.8888888888888888 0.7109375 0.8888888888888888 0.7109375 0.9027777777777778 0.681640625 0.9027777777777778 0.67578125 0.9097222222222222 0.681640625 0.9270833333333334
0 0.474609375 0.5104166666666666 0.517578125 0.4965277777777778 0.517578125 0.4826388888888889 0.505859375 0.4618055555555556 0.48046875 0.46875 0.47265625 0.4826388888888889 0.474609375 0.5104166666666666
0 0.66796875 0.9513888888888888 0.67578125 0.9513888888888888 0.677734375 0.90625 0.69140625 0.8958333333333334 0.705078125 0.9027777777777778 0.712890625 0.875 0.740234375 0.8715277777777778 0.75 0.8576388888888888 0.728515625 0.8576388888888888 0.724609375 0.8402777777777778 0.705078125 0.8263888888888888 0.69921875 0.8402777777777778 0.7109375 0.8680555555555556 0.701171875 0.8715277777777778 0.697265625 0.8923611111111112 0.688150390625 0.875 0.666015625 0.875 0.66015625 0.8888888888888888 0.65625 0.9236111111111112 0.66796875 0.9513888888888888
0 0.392578125 0.9444444444444444 0.39453125 0.9652777777777778 0.408203125 0.9548611111111112 0.41015625 0.9375 0.400390625 0.9027777777777778 0.39453125 0.8923611111111112 0.380859375 0.9027777777777778 0.37890625 0.9166666666666666 0.392578125 0.9444444444444444
0 0.328125 0.65625 0.33203125 0.625 0.322265625 0.6215277777777778 0.318359375 0.65625 0.328125 0.65625
0 0.193359375 0.6076388888888888 0.205078125 0.6215277777777778 0.2109375 0.6180555555555556 0.212890625 0.5763888888888888 0.208984375 0.5625 0.19921875 0.5590277777777778 0.193359375 0.5625 0.193359375 0.6076388888888888
0 0.15625 0.96875 0.162109375 0.96875 0.173828125 0.9201388888888888 0.173828125 0.8993055555555556 0.162109375 0.8854166666666666 0.16796875 0.84375 0.1484375 0.8472222222222222 0.1484375 0.9340277777777778 0.15625 0.96875
0 0.3125 0.4479166666666667 0.322265625 0.4652777777777778 0.32421875 0.4201388888888889 0.3125 0.4201388888888889 0.3125 0.4479166666666667
0 0.66015625 0.9340277777777778 0.693359375 0.9930555555555556 0.705078125 0.9861111111111112 0.712890625 0.9652777777777778 0.7265625 0.9652777777777778 0.751953125 0.9340277777777778 0.767578125 0.9513888888888888 0.755859375 0.9027777777777778 0.7578125 0.8819444444444444 0.767578125 0.8854166666666666 0.759765625 0.8819444444444444 0.755859375 0.84375 0.72265625 0.8576388888888888 0.72265625 0.8402777777777778 0.708984375 0.8402777777777778 0.705078125 0.8298611111111112 0.701171875 0.8368055555555556 0.712890625 0.8680555555555556 0.708984375 0.875 0.66796875 0.875 0.66015625 0.8888888888888888 0.66015625 0.9340277777777778
0 0.3359375 0.7743055555555556 0.34375 0.7777777777777778 0.349609375 0.6875 0.341796875 0.6701388888888888 0.330078125 0.6701388888888888 0.32421875 0.7256944444444444 0.3359375 0.7743055555555556
0 0.142578125 0.9027777777777778 0.15625 0.96875 0.162109375 0.96875 0.173828125 0.9236111111111112 0.17578125 0.8402777777777778 0.150390625 0.84375 0.142578125 0.8576388888888888 0.142578125 0.9027777777777778
0 0.3671875 0.8402777777777778 0.37890625 0.8159722222222222 0.380859375 0.7847222222222222 0.375 0.7743055555555556 0.359375 0.7847222222222222 0.35546875 0.8125 0.3671875 0.8402777777777778
0 0.2421875 0.4375 0.2421875 0.3923611111111111 0.236328125 0.3854166666666667 0.2265625 0.3993055555555556 0.236328125 0.4479166666666667 0.2421875 0.4375
0 0.298828125 0.5451388888888888 0.3046875 0.5625 0.3125 0.5555555555555556 0.31640625 0.5104166666666666 0.30078125 0.5104166666666666 0.3125 0.5243055555555556 0.298828125 0.5451388888888888
0 0.421875 0.3888888888888889 0.439453125 0.3888888888888889 0.4375 0.3541666666666667 0.42578125 0.3576388888888889 0.41796875 0.3680555555555556 0.421875 0.3888888888888889
0 0.22265625 0.5 0.224609375 0.4548611111111111 0.212890625 0.4479166666666667 0.2109375 0.4722222222222222 0.22265625 0.5
0 0.4296875 0.7013888888888888 0.42578125 0.6701388888888888 0.40625 0.6736111111111112 0.40625 0.7118055555555556 0.4296875 0.7013888888888888
0 0.3984375 0.8298611111111112 0.40625 0.84375 0.40625 0.875 0.412109375 0.875 0.423828125 0.8576388888888888 0.423828125 0.84375 0.416015625 0.8125 0.404296875 0.8125 0.3984375 0.8159722222222222 0.3984375 0.8298611111111112
0 0.529296875 0.9930555555555556 0.5546875 0.9965277777777778 0.548828125 0.9236111111111112 0.51953125 0.9236111111111112 0.517578125 0.9652777777777778 0.529296875 0.9930555555555556
0 0.48828125 0.7916666666666666 0.50390625 0.8472222222222222 0.517578125 0.8125 0.505859375 0.7673611111111112 0.48828125 0.7673611111111112 0.48828125 0.7916666666666666
0 0.400390625 0.3576388888888889 0.40625 0.3715277777777778 0.416015625 0.3715277777777778 0.42578125 0.3576388888888889 0.42578125 0.34375 0.41796875 0.3263888888888889 0.40625 0.3298611111111111 0.400390625 0.3368055555555556 0.400390625 0.3576388888888889
0 0.451171875 0.9930555555555556 0.484375 0.9965277777777778 0.486328125 0.9618055555555556 0.48046875 0.9409722222222222 0.45703125 0.9375 0.44921875 0.9618055555555556 0.451171875 0.9930555555555556
0 0.4375 0.8854166666666666 0.44140625 0.8888888888888888 0.443359375 0.875 0.4375 0.875 0.4375 0.8854166666666666
0 0.46875 0.4930555555555556 0.486328125 0.4513888888888889 0.466796875 0.4513888888888889 0.4609375 0.4826388888888889 0.46875 0.4930555555555556
0 0.37890625 0.9201388888888888 0.392578125 0.9444444444444444 0.39453125 0.9652777777777778 0.404296875 0.9618055555555556 0.41015625 0.9513888888888888 0.404296875 0.9097222222222222 0.3984375 0.8888888888888888 0.38671875 0.8923611111111112 0.37890625 0.8993055555555556 0.37890625 0.9201388888888888
0 0.369140625 0.8854166666666666 0.373046875 0.8680555555555556 0.3671875 0.8680555555555556 0.369140625 0.8854166666666666