0 0.37890625 0.5347222222222222 0.38671875 0.5416666666666666 0.392578125 0.5104166666666666 0.38671875 0.4861111111111111 0.380859375 0.4861111111111111 0.375 0.5034722222222222 0.37890625 0.5347222222222222
0 0.69140625 0.9930555555555556 0.791015625 0.9930555555555556 0.79296875 0.96875 0.767578125 0.9166666666666666 0.767578125 0.8888888888888888 0.7421875 0.8888888888888888 0.7265625 0.9201388888888888 0.69921875 0.9166666666666666 0.681640625 0.9513888888888888 0.6796875 0.9722222222222222 0.69140625 0.9930555555555556
0 0.341796875 0.4861111111111111 0.349609375 0.46875 0.349609375 0.4375 0.3359375 0.4236111111111111 0.33203125 0.46875 0.341796875 0.4861111111111111
0 0.423828125 0.9965277777777778 0.42578125 0.9201388888888888 0.400390625 0.9236111111111112 0.400390625 0.9791666666666666 0.423828125 0.9965277777777778
0 0.224609375 0.4027777777777778 0.236328125 0.4166666666666667 0.23828125 0.3888888888888889 0.23046875 0.375 0.224609375 0.3784722222222222 0.224609375 0.4027777777777778
0 0.26171875 0.5763888888888888 0.267578125 0.5277777777777778 0.26171875 0.5173611111111112 0.25 0.5243055555555556 0.25 0.5625 0.26171875 0.5763888888888888
0 0.369140625 0.6493055555555556 0.384765625 0.6527777777777778 0.38671875 0.6041666666666666 0.375 0.5972222222222222 0.3671875 0.6111111111111112 0.369140625 0.6493055555555556
0 0.361328125 0.2777777777777778 0.380859375 0.28125 0.375 0.2604166666666667 0.361328125 0.2638888888888889 0.361328125 0.2777777777777778
0 0.267578125 0.3125 0.28125 0.3125 0.28515625 0.2916666666666667 0.26953125 0.28125 0.263671875 0.2916666666666667 0.267578125 0.3125
0 0.4296875 0.7013888888888888 0.447265625 0.7013888888888888 0.447265625 0.625 0.4296875 0.625 0.42578125 0.6875 0.4296875 0.7013888888888888
0 0.66796875 0.9548611111111112 0.67578125 0.9548611111111112 0.69921875 0.9097222222222222 0.72265625 0.9097222222222222 0.73046875 0.8923611111111112 0.75 0.8854166666666666 0.759765625 0.8402777777777778 0.73046875 0.8472222222222222 0.705078125 0.8263888888888888 0.69921875 0.8298611111111112 0.7109375 0.8611111111111112 0.705078125 0.8715277777777778 0.66796875 0.875 0.66015625 0.8854166666666666 0.65625 0.9201388888888888 0.66796875 0.9548611111111112
0 0.412109375 0.9930555555555556 0.423828125 0.9965277777777778 0.423828125 0.9201388888888888 0.400390625 0.9305555555555556 0.3984375 0.96875 0.412109375 0.9930555555555556
0 0.185546875 0.7638888888888888 0.19921875 0.8263888888888888 0.212890625 0.8472222222222222 0.224609375 0.8159722222222222 0.23046875 0.7430555555555556 0.2421875 0.71875 0.2109375 0.7118055555555556 0.181640625 0.7222222222222222 0.17578125 0.75 0.185546875 0.7638888888888888
0 0.236328125 0.3055555555555556 0.255859375 0.3055555555555556 0.255859375 0.28125 0.244140625 0.2743055555555556 0.234375 0.28125 0.236328125 0.3055555555555556
0 0.349609375 0.5972222222222222 0.361328125 0.5902777777777778 0.361328125 0.5243055555555556 0.35546875 0.5173611111111112 0.349609375 0.5243055555555556 0.349609375 0.5972222222222222
0 0.236328125 0.6423611111111112 0.2421875 0.6388888888888888 0.248046875 0.5868055555555556 0.2421875 0.5763888888888888 0.228515625 0.5798611111111112 0.224609375 0.6180555555555556 0.236328125 0.6423611111111112
0 0.3984375 0.3506944444444444 0.412109375 0.375 0.4296875 0.3472222222222222 0.419921875 0.3263888888888889 0.3984375 0.3263888888888889 0.3984375 0.3506944444444444
0 0.513671875 0.5 0.517578125 0.4826388888888889 0.5 0.4548611111111111 0.474609375 0.4722222222222222 0.474609375 0.5104166666666666 0.513671875 0.5
0 0.306640625 0.2951388888888889 0.326171875 0.2916666666666667 0.318359375 0.2673611111111111 0.3046875 0.2777777777777778 0.306640625 0.2951388888888889
0 0.423828125 0.5243055555555556 0.423828125 0.4861111111111111 0.412109375 0.4930555555555556 0.412109375 0.5243055555555556 0.423828125 0.5243055555555556
0 0.3359375 0.2986111111111111 0.353515625 0.2951388888888889 0.3515625 0.2708333333333333 0.34375 0.2673611111111111 0.3359375 0.2743055555555556 0.3359375 0.2986111111111111
0 0.494140625 0.84375 0.501953125 0.8472222222222222 0.51171875 0.8263888888888888 0.52734375 0.8402777777777778 0.525390625 0.7951388888888888 0.50390625 0.7951388888888888 0.4921875 0.8229166666666666 0.494140625 0.84375
0 0.505859375 0.9965277777777778 0.53515625 0.9965277777777778 0.529296875 0.9409722222222222 0.51171875 0.9375 0.50390625 0.9722222222222222 0.505859375 0.9965277777777778
0 0.3671875 0.4826388888888889 0.3671875 0.4375 0.359375 0.4409722222222222 0.35546875 0.46875 0.3671875 0.4826388888888889
0 0.3984375 0.3506944444444444 0.4296875 0.3993055555555556 0.44140625 0.375 0.423828125 0.3298611111111111 0.3984375 0.3298611111111111 0.3984375 0.3506944444444444
0 0.48828125 0.8888888888888888 0.48828125 0.9513888888888888 0.505859375 0.9618055555555556 0.5 0.96875 0.5 0.9930555555555556 0.53515625 0.9965277777777778 0.541015625 0.9861111111111112 0.53125 0.96875 0.53125 0.90625 0.525390625 0.9166666666666666 0.48828125 0.8680555555555556 0.48046875 0.8680555555555556 0.48828125 0.8888888888888888