0 0.286675 0.799986 0.039851 0.150547
0 0.421171 0.768991 0.039851 0.154974
0 0.230635 0.846478 0.047323 0.172686
0 0.466002 0.608482 0.029888 0.108482
0 0.201993 0.635049 0.032379 0.121766
0 0.220050 0.542064 0.028643 0.090771
0 0.264882 0.535423 0.023661 0.086343
0 0.267372 0.632835 0.031133 0.108482
0 0.242009 0.611711 0.030441 0.110696
0 0.356247 0.635755 0.032379 0.118076
0 0.439269 0.685937 0.037360 0.153498
0 0.357908 0.388534 0.110419 0.137263
0 0.379494 0.533177 0.127024 0.152023
0 0.270320 0.359753 0.014944 0.047230
0 0.241677 0.376726 0.019095 0.039851
0 0.210544 0.743499 0.031548 0.132835